   0.0000000e+00   1.1333812e+02
   1.0000000e+00   8.7246790e+00
   2.0000000e+00   8.7111101e+00
   3.0000000e+00   8.6969233e+00
   4.0000000e+00   8.6820068e+00
   5.0000000e+00   8.6663666e+00
   6.0000000e+00   8.6500072e+00
   7.0000000e+00   8.6329317e+00
   8.0000000e+00   8.6151457e+00
   9.0000000e+00   8.5966558e+00
   1.0000000e+01   8.5774670e+00
   1.1000000e+01   8.5575857e+00
   1.2000000e+01   8.5370197e+00
   1.3000000e+01   8.5157747e+00
   1.4000000e+01   8.4938574e+00
   1.5000000e+01   8.4712753e+00
   1.6000000e+01   8.4480381e+00
   1.7000000e+01   8.4241533e+00
   1.8000000e+01   8.3996286e+00
   1.9000000e+01   8.3744755e+00
   2.0000000e+01   8.3487005e+00
   2.1000000e+01   8.3223143e+00
   2.2000000e+01   8.2953262e+00
   2.3000000e+01   8.2677469e+00
   2.4000000e+01   8.2395868e+00
   2.5000000e+01   8.2108555e+00
   2.6000000e+01   8.1815643e+00
   2.7000000e+01   8.1517258e+00
   2.8000000e+01   8.1213484e+00
   2.9000000e+01   8.0904446e+00
   3.0000000e+01   8.0590267e+00
   3.1000000e+01   8.0263186e+00
   3.2000000e+01   7.9930916e+00
   3.3000000e+01   7.9593587e+00
   3.4000000e+01   7.9251332e+00
   3.5000000e+01   7.8904271e+00
   3.6000000e+01   7.8552542e+00
   3.7000000e+01   7.8196278e+00
   3.8000000e+01   7.7835608e+00
   3.9000000e+01   7.7470665e+00
   4.0000000e+01   7.7101593e+00
   4.1000000e+01   7.6728516e+00
   4.2000000e+01   7.6351581e+00
   4.3000000e+01   7.5970917e+00
   4.4000000e+01   7.5586662e+00
   4.5000000e+01   7.5198956e+00
   4.6000000e+01   7.4807940e+00
   4.7000000e+01   7.4413743e+00
   4.8000000e+01   7.4016514e+00
   4.9000000e+01   7.3616376e+00
   5.0000000e+01   7.3213482e+00
   5.1000000e+01   7.2807956e+00
   5.2000000e+01   7.2399940e+00
   5.3000000e+01   7.1989574e+00
   5.4000000e+01   7.1576986e+00
   5.5000000e+01   7.1162314e+00
   5.6000000e+01   7.0745687e+00
   5.7000000e+01   7.0327244e+00
   5.8000000e+01   6.9907117e+00
   5.9000000e+01   6.9485435e+00
   6.0000000e+01   6.9062328e+00
   6.1000000e+01   6.8638263e+00
   6.2000000e+01   6.8213062e+00
   6.3000000e+01   6.7786865e+00
   6.4000000e+01   6.7359786e+00
   6.5000000e+01   6.6931953e+00
   6.6000000e+01   6.6503482e+00
   6.7000000e+01   6.6074505e+00
   6.8000000e+01   6.5645127e+00
   6.9000000e+01   6.5215478e+00
   7.0000000e+01   6.4785681e+00
   7.1000000e+01   6.4355841e+00
   7.2000000e+01   6.3926072e+00
   7.3000000e+01   6.3496485e+00
   7.4000000e+01   6.3067193e+00
   7.5000000e+01   6.2638297e+00
   7.6000000e+01   6.2209911e+00
   7.7000000e+01   6.1782136e+00
   7.8000000e+01   6.1355071e+00
   7.9000000e+01   6.0928822e+00
   8.0000000e+01   6.0503483e+00
   8.1000000e+01   6.0079150e+00
   8.2000000e+01   5.9655924e+00
   8.3000000e+01   5.9233885e+00
   8.4000000e+01   5.8813138e+00
   8.5000000e+01   5.8393764e+00
   8.6000000e+01   5.7975850e+00
   8.7000000e+01   5.7559485e+00
   8.8000000e+01   5.7144752e+00
   8.9000000e+01   5.6731753e+00
   9.0000000e+01   5.6320543e+00
   9.1000000e+01   5.5929327e+00
   9.2000000e+01   5.5540290e+00
   9.3000000e+01   5.5153508e+00
   9.4000000e+01   5.4769049e+00
   9.5000000e+01   5.4386983e+00
   9.6000000e+01   5.4007378e+00
   9.7000000e+01   5.3630300e+00
   9.8000000e+01   5.3255811e+00
   9.9000000e+01   5.2883978e+00
   1.0000000e+02   5.2514853e+00
   1.0100000e+02   5.2148499e+00
   1.0200000e+02   5.1784973e+00
   1.0300000e+02   5.1424332e+00
   1.0400000e+02   5.1066618e+00
   1.0500000e+02   5.0711899e+00
   1.0600000e+02   5.0360208e+00
   1.0700000e+02   5.0011611e+00
   1.0800000e+02   4.9666138e+00
   1.0900000e+02   4.9323850e+00
   1.1000000e+02   4.8984771e+00
   1.1100000e+02   4.8648963e+00
   1.1200000e+02   4.8316450e+00
   1.1300000e+02   4.7987280e+00
   1.1400000e+02   4.7661490e+00
   1.1500000e+02   4.7339115e+00
   1.1600000e+02   4.7020187e+00
   1.1700000e+02   4.6704741e+00
   1.1800000e+02   4.6392813e+00
   1.1900000e+02   4.6084428e+00
   1.2000000e+02   4.5779614e+00
   1.2100000e+02   4.5511842e+00
   1.2200000e+02   4.5247865e+00
   1.2300000e+02   4.4987702e+00
   1.2400000e+02   4.4731374e+00
   1.2500000e+02   4.4478903e+00
   1.2600000e+02   4.4230299e+00
   1.2700000e+02   4.3985577e+00
   1.2800000e+02   4.3744760e+00
   1.2900000e+02   4.3507853e+00
   1.3000000e+02   4.3274875e+00
   1.3100000e+02   4.3045840e+00
   1.3200000e+02   4.2820754e+00
   1.3300000e+02   4.2599635e+00
   1.3400000e+02   4.2382483e+00
   1.3500000e+02   4.2169318e+00
   1.3600000e+02   4.1960144e+00
   1.3700000e+02   4.1754971e+00
   1.3800000e+02   4.1553807e+00
   1.3900000e+02   4.1356654e+00
   1.4000000e+02   4.1163526e+00
   1.4100000e+02   4.0974422e+00
   1.4200000e+02   4.0789351e+00
   1.4300000e+02   4.0608325e+00
   1.4400000e+02   4.0431328e+00
   1.4500000e+02   4.0258384e+00
   1.4600000e+02   4.0089488e+00
   1.4700000e+02   3.9924638e+00
   1.4800000e+02   3.9763842e+00
   1.4900000e+02   3.9607105e+00
   1.5000000e+02   3.9454420e+00
   1.5100000e+02   3.9331110e+00
   1.5200000e+02   3.9211915e+00
   1.5300000e+02   3.9096837e+00
   1.5400000e+02   3.8985875e+00
   1.5500000e+02   3.8879042e+00
   1.5600000e+02   3.8776331e+00
   1.5700000e+02   3.8677733e+00
   1.5800000e+02   3.8583252e+00
   1.5900000e+02   3.8492882e+00
   1.6000000e+02   3.8406622e+00
   1.6100000e+02   3.8324475e+00
   1.6200000e+02   3.8246462e+00
   1.6300000e+02   3.8172584e+00
   1.6400000e+02   3.8102820e+00
   1.6500000e+02   3.8037176e+00
   1.6600000e+02   3.7975643e+00
   1.6700000e+02   3.7918224e+00
   1.6800000e+02   3.7864916e+00
   1.6900000e+02   3.7815714e+00
   1.7000000e+02   3.7770619e+00
   1.7100000e+02   3.7729659e+00
   1.7200000e+02   3.7692795e+00
   1.7300000e+02   3.7660019e+00
   1.7400000e+02   3.7631330e+00
   1.7500000e+02   3.7606719e+00
   1.7600000e+02   3.7586181e+00
   1.7700000e+02   3.7569711e+00
   1.7800000e+02   3.7557299e+00
   1.7900000e+02   3.7548945e+00
   1.8000000e+02   3.7544637e+00
   1.8100000e+02   3.7558093e+00
   1.8200000e+02   3.7575593e+00
   1.8300000e+02   3.7597129e+00
   1.8400000e+02   3.7622688e+00
   1.8500000e+02   3.7652268e+00
   1.8600000e+02   3.7685857e+00
   1.8700000e+02   3.7723448e+00
   1.8800000e+02   3.7765033e+00
   1.8900000e+02   3.7810605e+00
   1.9000000e+02   3.7860150e+00
   1.9100000e+02   3.7913661e+00
   1.9200000e+02   3.7971132e+00
   1.9300000e+02   3.8032551e+00
   1.9400000e+02   3.8097906e+00
   1.9500000e+02   3.8167193e+00
   1.9600000e+02   3.8240395e+00
   1.9700000e+02   3.8317502e+00
   1.9800000e+02   3.8398507e+00
   1.9900000e+02   3.8483396e+00
   2.0000000e+02   3.8572159e+00
   2.0100000e+02   3.8664782e+00
   2.0200000e+02   3.8761256e+00
   2.0300000e+02   3.8861566e+00
   2.0400000e+02   3.8965700e+00
   2.0500000e+02   3.9073646e+00
   2.0600000e+02   3.9185390e+00
   2.0700000e+02   3.9300916e+00
   2.0800000e+02   3.9420211e+00
   2.0900000e+02   3.9543262e+00
   2.1000000e+02   3.9670053e+00
   2.1100000e+02   3.9804268e+00
   2.1200000e+02   3.9942241e+00
   2.1300000e+02   4.0083957e+00
   2.1400000e+02   4.0229397e+00
   2.1500000e+02   4.0378547e+00
   2.1600000e+02   4.0531392e+00
   2.1700000e+02   4.0687919e+00
   2.1800000e+02   4.0848117e+00
   2.1900000e+02   4.1011949e+00
   2.2000000e+02   4.1179414e+00
   2.2100000e+02   4.1350479e+00
   2.2200000e+02   4.1525130e+00
   2.2300000e+02   4.1703348e+00
   2.2400000e+02   4.1885104e+00
   2.2500000e+02   4.2070384e+00
   2.2600000e+02   4.2259164e+00
   2.2700000e+02   4.2451415e+00
   2.2800000e+02   4.2647123e+00
   2.2900000e+02   4.2846255e+00
   2.3000000e+02   4.3048787e+00
   2.3100000e+02   4.3254695e+00
   2.3200000e+02   4.3463950e+00
   2.3300000e+02   4.3676524e+00
   2.3400000e+02   4.3892388e+00
   2.3500000e+02   4.4111514e+00
   2.3600000e+02   4.4333868e+00
   2.3700000e+02   4.4559422e+00
   2.3800000e+02   4.4788141e+00
   2.3900000e+02   4.5019999e+00
   2.4000000e+02   4.5254951e+00
   2.4100000e+02   4.5489607e+00
   2.4200000e+02   4.5727286e+00
   2.4300000e+02   4.5967951e+00
   2.4400000e+02   4.6211557e+00
   2.4500000e+02   4.6458073e+00
   2.4600000e+02   4.6707444e+00
   2.4700000e+02   4.6959643e+00
   2.4800000e+02   4.7214613e+00
   2.4900000e+02   4.7472320e+00
   2.5000000e+02   4.7732711e+00
   2.5100000e+02   4.7995739e+00
   2.5200000e+02   4.8261356e+00
   2.5300000e+02   4.8529520e+00
   2.5400000e+02   4.8800168e+00
   2.5500000e+02   4.9073253e+00
   2.5600000e+02   4.9348722e+00
   2.5700000e+02   4.9626522e+00
   2.5800000e+02   4.9906592e+00
   2.5900000e+02   5.0188880e+00
   2.6000000e+02   5.0473323e+00
   2.6100000e+02   5.0759859e+00
   2.6200000e+02   5.1048436e+00
   2.6300000e+02   5.1338983e+00
   2.6400000e+02   5.1631436e+00
   2.6500000e+02   5.1925731e+00
   2.6600000e+02   5.2221799e+00
   2.6700000e+02   5.2519574e+00
   2.6800000e+02   5.2818985e+00
   2.6900000e+02   5.3119960e+00
   2.7000000e+02   5.3422422e+00
   2.7100000e+02   5.3706970e+00
   2.7200000e+02   5.3992801e+00
   2.7300000e+02   5.4279847e+00
   2.7400000e+02   5.4568019e+00
   2.7500000e+02   5.4857254e+00
   2.7600000e+02   5.5147462e+00
   2.7700000e+02   5.5438561e+00
   2.7800000e+02   5.5730472e+00
   2.7900000e+02   5.6023102e+00
   2.8000000e+02   5.6316366e+00
   2.8100000e+02   5.6610179e+00
   2.8200000e+02   5.6904454e+00
   2.8300000e+02   5.7199101e+00
   2.8400000e+02   5.7494020e+00
   2.8500000e+02   5.7789125e+00
   2.8600000e+02   5.8084316e+00
   2.8700000e+02   5.8379507e+00
   2.8800000e+02   5.8674598e+00
   2.8900000e+02   5.8969483e+00
   2.9000000e+02   5.9264073e+00
   2.9100000e+02   5.9558263e+00
   2.9200000e+02   5.9851952e+00
   2.9300000e+02   6.0145035e+00
   2.9400000e+02   6.0437417e+00
   2.9500000e+02   6.0728989e+00
   2.9600000e+02   6.1019645e+00
   2.9700000e+02   6.1309276e+00
   2.9800000e+02   6.1597781e+00
   2.9900000e+02   6.1885052e+00
   3.0000000e+02   6.2170978e+00
   3.0100000e+02   6.2422652e+00
   3.0200000e+02   6.2672582e+00
   3.0300000e+02   6.2920647e+00
   3.0400000e+02   6.3166742e+00
   3.0500000e+02   6.3410764e+00
   3.0600000e+02   6.3652601e+00
   3.0700000e+02   6.3892140e+00
   3.0800000e+02   6.4129276e+00
   3.0900000e+02   6.4363899e+00
   3.1000000e+02   6.4595904e+00
   3.1100000e+02   6.4825172e+00
   3.1200000e+02   6.5051599e+00
   3.1300000e+02   6.5275078e+00
   3.1400000e+02   6.5495501e+00
   3.1500000e+02   6.5712757e+00
   3.1600000e+02   6.5926743e+00
   3.1700000e+02   6.6137347e+00
   3.1800000e+02   6.6344471e+00
   3.1900000e+02   6.6548009e+00
   3.2000000e+02   6.6747847e+00
   3.2100000e+02   6.6943898e+00
   3.2200000e+02   6.7136045e+00
   3.2300000e+02   6.7324195e+00
   3.2400000e+02   6.7508249e+00
   3.2500000e+02   6.7688103e+00
   3.2600000e+02   6.7863669e+00
   3.2700000e+02   6.8034844e+00
   3.2800000e+02   6.8201542e+00
   3.2900000e+02   6.8363667e+00
   3.3000000e+02   6.8521132e+00
   3.3100000e+02   6.8632083e+00
   3.3200000e+02   6.8738022e+00
   3.3300000e+02   6.8838863e+00
   3.3400000e+02   6.8934541e+00
   3.3500000e+02   6.9024973e+00
   3.3600000e+02   6.9110093e+00
   3.3700000e+02   6.9189830e+00
   3.3800000e+02   6.9264121e+00
   3.3900000e+02   6.9332891e+00
   3.4000000e+02   6.9396091e+00
   3.4100000e+02   6.9453659e+00
   3.4200000e+02   6.9505544e+00
   3.4300000e+02   6.9551678e+00
   3.4400000e+02   6.9592028e+00
   3.4500000e+02   6.9626546e+00
   3.4600000e+02   6.9655180e+00
   3.4700000e+02   6.9677896e+00
   3.4800000e+02   6.9694657e+00
   3.4900000e+02   6.9705439e+00
   3.5000000e+02   6.9710193e+00
   3.5100000e+02   6.9708905e+00
   3.5200000e+02   6.9701557e+00
   3.5300000e+02   6.9688110e+00
   3.5400000e+02   6.9668570e+00
   3.5500000e+02   6.9642911e+00
   3.5600000e+02   6.9611125e+00
   3.5700000e+02   6.9573207e+00
   3.5800000e+02   6.9529161e+00
   3.5900000e+02   6.9478979e+00
   2.6219766e-08   6.9422674e+00
