   0.0000000e+00   4.9298062e+03
   1.0000000e+00   1.6370725e+04
   2.0000000e+00   1.6371098e+04
   3.0000000e+00   1.6372076e+04
   4.0000000e+00   1.6373778e+04
   5.0000000e+00   1.6376200e+04
   6.0000000e+00   1.6379344e+04
   7.0000000e+00   1.6383207e+04
   8.0000000e+00   1.6387791e+04
   9.0000000e+00   1.6393092e+04
   1.0000000e+01   1.6399105e+04
   1.1000000e+01   1.6405838e+04
   1.2000000e+01   1.6413279e+04
   1.3000000e+01   1.6421434e+04
   1.4000000e+01   1.6430293e+04
   1.5000000e+01   1.6439859e+04
   1.6000000e+01   1.6450127e+04
   1.7000000e+01   1.6461094e+04
   1.8000000e+01   1.6472758e+04
   1.9000000e+01   1.6485113e+04
   2.0000000e+01   1.6498156e+04
   2.1000000e+01   1.6511885e+04
   2.2000000e+01   1.6526295e+04
   2.3000000e+01   1.6541379e+04
   2.4000000e+01   1.6557133e+04
   2.5000000e+01   1.6573557e+04
   2.6000000e+01   1.6590643e+04
   2.7000000e+01   1.6608383e+04
   2.8000000e+01   1.6626777e+04
   2.9000000e+01   1.6645816e+04
   3.0000000e+01   1.6665496e+04
   3.1000000e+01   1.6686047e+04
   3.2000000e+01   1.6707223e+04
   3.3000000e+01   1.6729020e+04
   3.4000000e+01   1.6751428e+04
   3.5000000e+01   1.6774441e+04
   3.6000000e+01   1.6798057e+04
   3.7000000e+01   1.6822260e+04
   3.8000000e+01   1.6847051e+04
   3.9000000e+01   1.6872416e+04
   4.0000000e+01   1.6898354e+04
   4.1000000e+01   1.6924852e+04
   4.2000000e+01   1.6951904e+04
   4.3000000e+01   1.6979502e+04
   4.4000000e+01   1.7007641e+04
   4.5000000e+01   1.7036305e+04
   4.6000000e+01   1.7065492e+04
   4.7000000e+01   1.7095189e+04
   4.8000000e+01   1.7125391e+04
   4.9000000e+01   1.7156086e+04
   5.0000000e+01   1.7187264e+04
   5.1000000e+01   1.7218920e+04
   5.2000000e+01   1.7251039e+04
   5.3000000e+01   1.7283613e+04
   5.4000000e+01   1.7316635e+04
   5.5000000e+01   1.7350094e+04
   5.6000000e+01   1.7383977e+04
   5.7000000e+01   1.7418277e+04
   5.8000000e+01   1.7452980e+04
   5.9000000e+01   1.7488080e+04
   6.0000000e+01   1.7523563e+04
   6.1000000e+01   1.7559520e+04
   6.2000000e+01   1.7595842e+04
   6.3000000e+01   1.7632514e+04
   6.4000000e+01   1.7669525e+04
   6.5000000e+01   1.7706869e+04
   6.6000000e+01   1.7744527e+04
   6.7000000e+01   1.7782492e+04
   6.8000000e+01   1.7820752e+04
   6.9000000e+01   1.7859295e+04
   7.0000000e+01   1.7898107e+04
   7.1000000e+01   1.7937180e+04
   7.2000000e+01   1.7976498e+04
   7.3000000e+01   1.8016051e+04
   7.4000000e+01   1.8055828e+04
   7.5000000e+01   1.8095814e+04
   7.6000000e+01   1.8136000e+04
   7.7000000e+01   1.8176371e+04
   7.8000000e+01   1.8216916e+04
   7.9000000e+01   1.8257621e+04
   8.0000000e+01   1.8298477e+04
   8.1000000e+01   1.8339467e+04
   8.2000000e+01   1.8380582e+04
   8.3000000e+01   1.8421809e+04
   8.4000000e+01   1.8463131e+04
   8.5000000e+01   1.8504539e+04
   8.6000000e+01   1.8546021e+04
   8.7000000e+01   1.8587563e+04
   8.8000000e+01   1.8629150e+04
   8.9000000e+01   1.8670770e+04
   9.0000000e+01   1.8712410e+04
   9.1000000e+01   1.8754100e+04
   9.2000000e+01   1.8795783e+04
   9.3000000e+01   1.8837449e+04
   9.4000000e+01   1.8879084e+04
   9.5000000e+01   1.8920674e+04
   9.6000000e+01   1.8962207e+04
   9.7000000e+01   1.9003670e+04
   9.8000000e+01   1.9045049e+04
   9.9000000e+01   1.9086332e+04
   1.0000000e+02   1.9127510e+04
   1.0100000e+02   1.9168563e+04
   1.0200000e+02   1.9209482e+04
   1.0300000e+02   1.9250256e+04
   1.0400000e+02   1.9290871e+04
   1.0500000e+02   1.9331313e+04
   1.0600000e+02   1.9371570e+04
   1.0700000e+02   1.9411631e+04
   1.0800000e+02   1.9451484e+04
   1.0900000e+02   1.9491113e+04
   1.1000000e+02   1.9530510e+04
   1.1100000e+02   1.9569660e+04
   1.1200000e+02   1.9608551e+04
   1.1300000e+02   1.9647174e+04
   1.1400000e+02   1.9685512e+04
   1.1500000e+02   1.9723555e+04
   1.1600000e+02   1.9761293e+04
   1.1700000e+02   1.9798715e+04
   1.1800000e+02   1.9835805e+04
   1.1900000e+02   1.9872553e+04
   1.2000000e+02   1.9908949e+04
   1.2100000e+02   1.9945037e+04
   1.2200000e+02   1.9980754e+04
   1.2300000e+02   2.0016090e+04
   1.2400000e+02   2.0051033e+04
   1.2500000e+02   2.0085570e+04
   1.2600000e+02   2.0119693e+04
   1.2700000e+02   2.0153393e+04
   1.2800000e+02   2.0186654e+04
   1.2900000e+02   2.0219471e+04
   1.3000000e+02   2.0251830e+04
   1.3100000e+02   2.0283723e+04
   1.3200000e+02   2.0315137e+04
   1.3300000e+02   2.0346064e+04
   1.3400000e+02   2.0376496e+04
   1.3500000e+02   2.0406422e+04
   1.3600000e+02   2.0435832e+04
   1.3700000e+02   2.0464715e+04
   1.3800000e+02   2.0493068e+04
   1.3900000e+02   2.0520875e+04
   1.4000000e+02   2.0548133e+04
   1.4100000e+02   2.0574830e+04
   1.4200000e+02   2.0600957e+04
   1.4300000e+02   2.0626512e+04
   1.4400000e+02   2.0651479e+04
   1.4500000e+02   2.0675854e+04
   1.4600000e+02   2.0699629e+04
   1.4700000e+02   2.0722795e+04
   1.4800000e+02   2.0745348e+04
   1.4900000e+02   2.0767275e+04
   1.5000000e+02   2.0788576e+04
   1.5100000e+02   2.0809324e+04
   1.5200000e+02   2.0829430e+04
   1.5300000e+02   2.0848887e+04
   1.5400000e+02   2.0867689e+04
   1.5500000e+02   2.0885830e+04
   1.5600000e+02   2.0903303e+04
   1.5700000e+02   2.0920105e+04
   1.5800000e+02   2.0936232e+04
   1.5900000e+02   2.0951678e+04
   1.6000000e+02   2.0966438e+04
   1.6100000e+02   2.0980508e+04
   1.6200000e+02   2.0993875e+04
   1.6300000e+02   2.1006537e+04
   1.6400000e+02   2.1018496e+04
   1.6500000e+02   2.1029746e+04
   1.6600000e+02   2.1040287e+04
   1.6700000e+02   2.1050107e+04
   1.6800000e+02   2.1059213e+04
   1.6900000e+02   2.1067598e+04
   1.7000000e+02   2.1075254e+04
   1.7100000e+02   2.1082182e+04
   1.7200000e+02   2.1088381e+04
   1.7300000e+02   2.1093850e+04
   1.7400000e+02   2.1098590e+04
   1.7500000e+02   2.1102598e+04
   1.7600000e+02   2.1105871e+04
   1.7700000e+02   2.1108410e+04
   1.7800000e+02   2.1110213e+04
   1.7900000e+02   2.1111281e+04
   1.8000000e+02   2.1111611e+04
   1.8100000e+02   2.1111207e+04
   1.8200000e+02   2.1110068e+04
   1.8300000e+02   2.1108195e+04
   1.8400000e+02   2.1105586e+04
   1.8500000e+02   2.1102246e+04
   1.8600000e+02   2.1098172e+04
   1.8700000e+02   2.1093369e+04
   1.8800000e+02   2.1087834e+04
   1.8900000e+02   2.1081572e+04
   1.9000000e+02   2.1074584e+04
   1.9100000e+02   2.1066871e+04
   1.9200000e+02   2.1058438e+04
   1.9300000e+02   2.1049285e+04
   1.9400000e+02   2.1039414e+04
   1.9500000e+02   2.1028832e+04
   1.9600000e+02   2.1017537e+04
   1.9700000e+02   2.1005537e+04
   1.9800000e+02   2.0992834e+04
   1.9900000e+02   2.0979432e+04
   2.0000000e+02   2.0965332e+04
   2.0100000e+02   2.0950543e+04
   2.0200000e+02   2.0935068e+04
   2.0300000e+02   2.0918912e+04
   2.0400000e+02   2.0902078e+04
   2.0500000e+02   2.0884574e+04
   2.0600000e+02   2.0866402e+04
   2.0700000e+02   2.0847570e+04
   2.0800000e+02   2.0828086e+04
   2.0900000e+02   2.0807949e+04
   2.1000000e+02   2.0787174e+04
   2.1100000e+02   2.0765588e+04
   2.1200000e+02   2.0743373e+04
   2.1300000e+02   2.0720533e+04
   2.1400000e+02   2.0697078e+04
   2.1500000e+02   2.0673014e+04
   2.1600000e+02   2.0648346e+04
   2.1700000e+02   2.0623086e+04
   2.1800000e+02   2.0597234e+04
   2.1900000e+02   2.0570807e+04
   2.2000000e+02   2.0543807e+04
   2.2100000e+02   2.0516246e+04
   2.2200000e+02   2.0488131e+04
   2.2300000e+02   2.0459471e+04
   2.2400000e+02   2.0430275e+04
   2.2500000e+02   2.0400551e+04
   2.2600000e+02   2.0370309e+04
   2.2700000e+02   2.0339557e+04
   2.2800000e+02   2.0308307e+04
   2.2900000e+02   2.0276566e+04
   2.3000000e+02   2.0244346e+04
   2.3100000e+02   2.0211656e+04
   2.3200000e+02   2.0178504e+04
   2.3300000e+02   2.0144904e+04
   2.3400000e+02   2.0110863e+04
   2.3500000e+02   2.0076393e+04
   2.3600000e+02   2.0041504e+04
   2.3700000e+02   2.0006207e+04
   2.3800000e+02   1.9970516e+04
   2.3900000e+02   1.9934434e+04
   2.4000000e+02   1.9897980e+04
   2.4100000e+02   1.9860865e+04
   2.4200000e+02   1.9823400e+04
   2.4300000e+02   1.9785596e+04
   2.4400000e+02   1.9747461e+04
   2.4500000e+02   1.9709008e+04
   2.4600000e+02   1.9670250e+04
   2.4700000e+02   1.9631199e+04
   2.4800000e+02   1.9591867e+04
   2.4900000e+02   1.9552266e+04
   2.5000000e+02   1.9512404e+04
   2.5100000e+02   1.9472299e+04
   2.5200000e+02   1.9431961e+04
   2.5300000e+02   1.9391400e+04
   2.5400000e+02   1.9350631e+04
   2.5500000e+02   1.9309666e+04
   2.5600000e+02   1.9268518e+04
   2.5700000e+02   1.9227197e+04
   2.5800000e+02   1.9185719e+04
   2.5900000e+02   1.9144092e+04
   2.6000000e+02   1.9102334e+04
   2.6100000e+02   1.9060453e+04
   2.6200000e+02   1.9018467e+04
   2.6300000e+02   1.8976383e+04
   2.6400000e+02   1.8934219e+04
   2.6500000e+02   1.8891982e+04
   2.6600000e+02   1.8849691e+04
   2.6700000e+02   1.8807355e+04
   2.6800000e+02   1.8764988e+04
   2.6900000e+02   1.8722604e+04
   2.7000000e+02   1.8680213e+04
   2.7100000e+02   1.8637504e+04
   2.7200000e+02   1.8594816e+04
   2.7300000e+02   1.8552158e+04
   2.7400000e+02   1.8509545e+04
   2.7500000e+02   1.8466990e+04
   2.7600000e+02   1.8424506e+04
   2.7700000e+02   1.8382104e+04
   2.7800000e+02   1.8339801e+04
   2.7900000e+02   1.8297604e+04
   2.8000000e+02   1.8255529e+04
   2.8100000e+02   1.8213588e+04
   2.8200000e+02   1.8171793e+04
   2.8300000e+02   1.8130158e+04
   2.8400000e+02   1.8088695e+04
   2.8500000e+02   1.8047416e+04
   2.8600000e+02   1.8006334e+04
   2.8700000e+02   1.7965463e+04
   2.8800000e+02   1.7924811e+04
   2.8900000e+02   1.7884393e+04
   2.9000000e+02   1.7844219e+04
   2.9100000e+02   1.7804303e+04
   2.9200000e+02   1.7764658e+04
   2.9300000e+02   1.7725293e+04
   2.9400000e+02   1.7686223e+04
   2.9500000e+02   1.7647455e+04
   2.9600000e+02   1.7609006e+04
   2.9700000e+02   1.7570885e+04
   2.9800000e+02   1.7533102e+04
   2.9900000e+02   1.7495672e+04
   3.0000000e+02   1.7458602e+04
   3.0100000e+02   1.7421750e+04
   3.0200000e+02   1.7385279e+04
   3.0300000e+02   1.7349203e+04
   3.0400000e+02   1.7313529e+04
   3.0500000e+02   1.7278270e+04
   3.0600000e+02   1.7243436e+04
   3.0700000e+02   1.7209037e+04
   3.0800000e+02   1.7175084e+04
   3.0900000e+02   1.7141586e+04
   3.1000000e+02   1.7108553e+04
   3.1100000e+02   1.7075996e+04
   3.1200000e+02   1.7043922e+04
   3.1300000e+02   1.7012344e+04
   3.1400000e+02   1.6981268e+04
   3.1500000e+02   1.6950705e+04
   3.1600000e+02   1.6920666e+04
   3.1700000e+02   1.6891156e+04
   3.1800000e+02   1.6862184e+04
   3.1900000e+02   1.6833760e+04
   3.2000000e+02   1.6805895e+04
   3.2100000e+02   1.6778592e+04
   3.2200000e+02   1.6751861e+04
   3.2300000e+02   1.6725711e+04
   3.2400000e+02   1.6700148e+04
   3.2500000e+02   1.6675180e+04
   3.2600000e+02   1.6650814e+04
   3.2700000e+02   1.6627061e+04
   3.2800000e+02   1.6603922e+04
   3.2900000e+02   1.6581408e+04
   3.3000000e+02   1.6559523e+04
   3.3100000e+02   1.6538254e+04
   3.3200000e+02   1.6517627e+04
   3.3300000e+02   1.6497648e+04
   3.3400000e+02   1.6478320e+04
   3.3500000e+02   1.6459652e+04
   3.3600000e+02   1.6441650e+04
   3.3700000e+02   1.6424316e+04
   3.3800000e+02   1.6407656e+04
   3.3900000e+02   1.6391678e+04
   3.4000000e+02   1.6376383e+04
   3.4100000e+02   1.6361774e+04
   3.4200000e+02   1.6347860e+04
   3.4300000e+02   1.6334643e+04
   3.4400000e+02   1.6322125e+04
   3.4500000e+02   1.6310313e+04
   3.4600000e+02   1.6299207e+04
   3.4700000e+02   1.6288813e+04
   3.4800000e+02   1.6279131e+04
   3.4900000e+02   1.6270167e+04
   3.5000000e+02   1.6261921e+04
   3.5100000e+02   1.6254396e+04
   3.5200000e+02   1.6247596e+04
   3.5300000e+02   1.6241521e+04
   3.5400000e+02   1.6236172e+04
   3.5500000e+02   1.6231552e+04
   3.5600000e+02   1.6227662e+04
   3.5700000e+02   1.6224503e+04
   3.5800000e+02   1.6222075e+04
   3.5900000e+02   1.6220380e+04
   2.6219766e-08   1.6219417e+04
