   0.0000000e+00   7.3132042e+01
   1.0000000e+00   3.8464840e+01
   2.0000000e+00   3.8394676e+01
   3.0000000e+00   3.8308807e+01
   4.0000000e+00   3.8217468e+01
   5.0000000e+00   3.8120697e+01
   6.0000000e+00   3.8018528e+01
   7.0000000e+00   3.7910980e+01
   8.0000000e+00   3.7798088e+01
   9.0000000e+00   3.7679874e+01
   1.0000000e+01   3.7556389e+01
   1.1000000e+01   3.7427670e+01
   1.2000000e+01   3.7293770e+01
   1.3000000e+01   3.7154736e+01
   1.4000000e+01   3.7010628e+01
   1.5000000e+01   3.6861492e+01
   1.6000000e+01   3.6707378e+01
   1.7000000e+01   3.6548347e+01
   1.8000000e+01   3.6384457e+01
   1.9000000e+01   3.6215778e+01
   2.0000000e+01   3.6042374e+01
   2.1000000e+01   3.5864300e+01
   2.2000000e+01   3.5681641e+01
   2.3000000e+01   3.5494488e+01
   2.4000000e+01   3.5302906e+01
   2.5000000e+01   3.5106995e+01
   2.6000000e+01   3.4906830e+01
   2.7000000e+01   3.4702518e+01
   2.8000000e+01   3.4494156e+01
   2.9000000e+01   3.4281837e+01
   3.0000000e+01   3.4065659e+01
   3.1000000e+01   3.3839890e+01
   3.2000000e+01   3.3610405e+01
   3.3000000e+01   3.3377319e+01
   3.4000000e+01   3.3140732e+01
   3.5000000e+01   3.2900761e+01
   3.6000000e+01   3.2657520e+01
   3.7000000e+01   3.2411133e+01
   3.8000000e+01   3.2161716e+01
   3.9000000e+01   3.1909397e+01
   4.0000000e+01   3.1654295e+01
   4.1000000e+01   3.1396532e+01
   4.2000000e+01   3.1136242e+01
   4.3000000e+01   3.0873545e+01
   4.4000000e+01   3.0608564e+01
   4.5000000e+01   3.0341434e+01
   4.6000000e+01   3.0072285e+01
   4.7000000e+01   2.9801243e+01
   4.8000000e+01   2.9528435e+01
   4.9000000e+01   2.9253988e+01
   5.0000000e+01   2.8978037e+01
   5.1000000e+01   2.8700706e+01
   5.2000000e+01   2.8422129e+01
   5.3000000e+01   2.8142435e+01
   5.4000000e+01   2.7861752e+01
   5.5000000e+01   2.7580210e+01
   5.6000000e+01   2.7297932e+01
   5.7000000e+01   2.7015045e+01
   5.8000000e+01   2.6731674e+01
   5.9000000e+01   2.6447943e+01
   6.0000000e+01   2.6163973e+01
   6.1000000e+01   2.5877348e+01
   6.2000000e+01   2.5590618e+01
   6.3000000e+01   2.5303907e+01
   6.4000000e+01   2.5017338e+01
   6.5000000e+01   2.4731018e+01
   6.6000000e+01   2.4445065e+01
   6.7000000e+01   2.4159588e+01
   6.8000000e+01   2.3874697e+01
   6.9000000e+01   2.3590504e+01
   7.0000000e+01   2.3307108e+01
   7.1000000e+01   2.3024612e+01
   7.2000000e+01   2.2743116e+01
   7.3000000e+01   2.2462717e+01
   7.4000000e+01   2.2183514e+01
   7.5000000e+01   2.1905594e+01
   7.6000000e+01   2.1629053e+01
   7.7000000e+01   2.1353971e+01
   7.8000000e+01   2.1080439e+01
   7.9000000e+01   2.0808531e+01
   8.0000000e+01   2.0538328e+01
   8.1000000e+01   2.0269907e+01
   8.2000000e+01   2.0003342e+01
   8.3000000e+01   1.9738699e+01
   8.4000000e+01   1.9476055e+01
   8.5000000e+01   1.9215467e+01
   8.6000000e+01   1.8957005e+01
   8.7000000e+01   1.8700722e+01
   8.8000000e+01   1.8446676e+01
   8.9000000e+01   1.8194923e+01
   9.0000000e+01   1.7945515e+01
   9.1000000e+01   1.7693066e+01
   9.2000000e+01   1.7442934e+01
   9.3000000e+01   1.7195169e+01
   9.4000000e+01   1.6949814e+01
   9.5000000e+01   1.6706913e+01
   9.6000000e+01   1.6466499e+01
   9.7000000e+01   1.6228617e+01
   9.8000000e+01   1.5993298e+01
   9.9000000e+01   1.5760572e+01
   1.0000000e+02   1.5530474e+01
   1.0100000e+02   1.5302998e+01
   1.0200000e+02   1.5078151e+01
   1.0300000e+02   1.4855993e+01
   1.0400000e+02   1.4636549e+01
   1.0500000e+02   1.4419835e+01
   1.0600000e+02   1.4205871e+01
   1.0700000e+02   1.3994652e+01
   1.0800000e+02   1.3786214e+01
   1.0900000e+02   1.3580569e+01
   1.1000000e+02   1.3377732e+01
   1.1100000e+02   1.3177709e+01
   1.1200000e+02   1.2980508e+01
   1.1300000e+02   1.2786132e+01
   1.1400000e+02   1.2594592e+01
   1.1500000e+02   1.2405887e+01
   1.1600000e+02   1.2220020e+01
   1.1700000e+02   1.2036993e+01
   1.1800000e+02   1.1856802e+01
   1.1900000e+02   1.1679451e+01
   1.2000000e+02   1.1504934e+01
   1.2100000e+02   1.1347056e+01
   1.2200000e+02   1.1192050e+01
   1.2300000e+02   1.1039908e+01
   1.2400000e+02   1.0890626e+01
   1.2500000e+02   1.0744199e+01
   1.2600000e+02   1.0600621e+01
   1.2700000e+02   1.0459886e+01
   1.2800000e+02   1.0321982e+01
   1.2900000e+02   1.0186904e+01
   1.3000000e+02   1.0054643e+01
   1.3100000e+02   9.9251881e+00
   1.3200000e+02   9.7985315e+00
   1.3300000e+02   9.6746635e+00
   1.3400000e+02   9.5535736e+00
   1.3500000e+02   9.4352503e+00
   1.3600000e+02   9.3196812e+00
   1.3700000e+02   9.2068577e+00
   1.3800000e+02   9.0967665e+00
   1.3900000e+02   8.9893980e+00
   1.4000000e+02   8.8847370e+00
   1.4100000e+02   8.7827759e+00
   1.4200000e+02   8.6834965e+00
   1.4300000e+02   8.5868492e+00
   1.4400000e+02   8.4928522e+00
   1.4500000e+02   8.4014921e+00
   1.4600000e+02   8.3127537e+00
   1.4700000e+02   8.2266245e+00
   1.4800000e+02   8.1430902e+00
   1.4900000e+02   8.0621376e+00
   1.5000000e+02   7.9837503e+00
   1.5100000e+02   7.9413819e+00
   1.5200000e+02   7.9016147e+00
   1.5300000e+02   7.8644004e+00
   1.5400000e+02   7.8297362e+00
   1.5500000e+02   7.7976418e+00
   1.5600000e+02   7.7681074e+00
   1.5700000e+02   7.7411180e+00
   1.5800000e+02   7.7166686e+00
   1.5900000e+02   7.6947451e+00
   1.6000000e+02   7.6753373e+00
   1.6100000e+02   7.6584358e+00
   1.6200000e+02   7.6440291e+00
   1.6300000e+02   7.6321096e+00
   1.6400000e+02   7.6226659e+00
   1.6500000e+02   7.6156878e+00
   1.6600000e+02   7.6111684e+00
   1.6700000e+02   7.6090970e+00
   1.6800000e+02   7.6094661e+00
   1.6900000e+02   7.6122656e+00
   1.7000000e+02   7.6174874e+00
   1.7100000e+02   7.6251249e+00
   1.7200000e+02   7.6351690e+00
   1.7300000e+02   7.6476121e+00
   1.7400000e+02   7.6624465e+00
   1.7500000e+02   7.6796646e+00
   1.7600000e+02   7.6992593e+00
   1.7700000e+02   7.7212257e+00
   1.7800000e+02   7.7455540e+00
   1.7900000e+02   7.7722397e+00
   1.8000000e+02   7.8012757e+00
   1.8100000e+02   7.8588271e+00
   1.8200000e+02   7.9184756e+00
   1.8300000e+02   7.9804626e+00
   1.8400000e+02   8.0447845e+00
   1.8500000e+02   8.1114407e+00
   1.8600000e+02   8.1804276e+00
   1.8700000e+02   8.2517452e+00
   1.8800000e+02   8.3253908e+00
   1.8900000e+02   8.4013634e+00
   1.9000000e+02   8.4796629e+00
   1.9100000e+02   8.5602884e+00
   1.9200000e+02   8.6432390e+00
   1.9300000e+02   8.7285156e+00
   1.9400000e+02   8.8161163e+00
   1.9500000e+02   8.9060402e+00
   1.9600000e+02   8.9982862e+00
   1.9700000e+02   9.0928555e+00
   1.9800000e+02   9.1897478e+00
   1.9900000e+02   9.2889633e+00
   2.0000000e+02   9.3905010e+00
   2.0100000e+02   9.4943619e+00
   2.0200000e+02   9.6005440e+00
   2.0300000e+02   9.7090492e+00
   2.0400000e+02   9.8198767e+00
   2.0500000e+02   9.9330263e+00
   2.0600000e+02   1.0048498e+01
   2.0700000e+02   1.0166290e+01
   2.0800000e+02   1.0286404e+01
   2.0900000e+02   1.0408837e+01
   2.1000000e+02   1.0533591e+01
   2.1100000e+02   1.0682477e+01
   2.1200000e+02   1.0833994e+01
   2.1300000e+02   1.0988150e+01
   2.1400000e+02   1.1144945e+01
   2.1500000e+02   1.1304385e+01
   2.1600000e+02   1.1466472e+01
   2.1700000e+02   1.1631206e+01
   2.1800000e+02   1.1798591e+01
   2.1900000e+02   1.1968629e+01
   2.2000000e+02   1.2141321e+01
   2.2100000e+02   1.2316670e+01
   2.2200000e+02   1.2494675e+01
   2.2300000e+02   1.2675336e+01
   2.2400000e+02   1.2858653e+01
   2.2500000e+02   1.3044625e+01
   2.2600000e+02   1.3233252e+01
   2.2700000e+02   1.3424530e+01
   2.2800000e+02   1.3618458e+01
   2.2900000e+02   1.3815031e+01
   2.3000000e+02   1.4014248e+01
   2.3100000e+02   1.4216102e+01
   2.3200000e+02   1.4420588e+01
   2.3300000e+02   1.4627702e+01
   2.3400000e+02   1.4837434e+01
   2.3500000e+02   1.5049779e+01
   2.3600000e+02   1.5264725e+01
   2.3700000e+02   1.5482263e+01
   2.3800000e+02   1.5702383e+01
   2.3900000e+02   1.5925074e+01
   2.4000000e+02   1.6150320e+01
   2.4100000e+02   1.6360441e+01
   2.4200000e+02   1.6572937e+01
   2.4300000e+02   1.6787790e+01
   2.4400000e+02   1.7004986e+01
   2.4500000e+02   1.7224504e+01
   2.4600000e+02   1.7446325e+01
   2.4700000e+02   1.7670431e+01
   2.4800000e+02   1.7896797e+01
   2.4900000e+02   1.8125404e+01
   2.5000000e+02   1.8356222e+01
   2.5100000e+02   1.8589231e+01
   2.5200000e+02   1.8824398e+01
   2.5300000e+02   1.9061699e+01
   2.5400000e+02   1.9301102e+01
   2.5500000e+02   1.9542576e+01
   2.5600000e+02   1.9786083e+01
   2.5700000e+02   2.0031595e+01
   2.5800000e+02   2.0279070e+01
   2.5900000e+02   2.0528471e+01
   2.6000000e+02   2.0779760e+01
   2.6100000e+02   2.1032890e+01
   2.6200000e+02   2.1287827e+01
   2.6300000e+02   2.1544514e+01
   2.6400000e+02   2.1802910e+01
   2.6500000e+02   2.2062965e+01
   2.6600000e+02   2.2324629e+01
   2.6700000e+02   2.2587847e+01
   2.6800000e+02   2.2852566e+01
   2.6900000e+02   2.3118727e+01
   2.7000000e+02   2.3386272e+01
   2.7100000e+02   2.3634893e+01
   2.7200000e+02   2.3884624e+01
   2.7300000e+02   2.4135406e+01
   2.7400000e+02   2.4387175e+01
   2.7500000e+02   2.4639862e+01
   2.7600000e+02   2.4893400e+01
   2.7700000e+02   2.5147718e+01
   2.7800000e+02   2.5402746e+01
   2.7900000e+02   2.5658409e+01
   2.8000000e+02   2.5914633e+01
   2.8100000e+02   2.6171339e+01
   2.8200000e+02   2.6428450e+01
   2.8300000e+02   2.6685884e+01
   2.8400000e+02   2.6943560e+01
   2.8500000e+02   2.7201391e+01
   2.8600000e+02   2.7459293e+01
   2.8700000e+02   2.7717182e+01
   2.8800000e+02   2.7974962e+01
   2.8900000e+02   2.8232550e+01
   2.9000000e+02   2.8489847e+01
   2.9100000e+02   2.8746763e+01
   2.9200000e+02   2.9003204e+01
   2.9300000e+02   2.9259075e+01
   2.9400000e+02   2.9514275e+01
   2.9500000e+02   2.9768707e+01
   2.9600000e+02   3.0022272e+01
   2.9700000e+02   3.0274868e+01
   2.9800000e+02   3.0526394e+01
   2.9900000e+02   3.0776749e+01
   3.0000000e+02   3.1025826e+01
   3.0100000e+02   3.1251081e+01
   3.0200000e+02   3.1474728e+01
   3.0300000e+02   3.1696661e+01
   3.0400000e+02   3.1916780e+01
   3.0500000e+02   3.2134975e+01
   3.0600000e+02   3.2351151e+01
   3.0700000e+02   3.2565197e+01
   3.0800000e+02   3.2777012e+01
   3.0900000e+02   3.2986485e+01
   3.1000000e+02   3.3193520e+01
   3.1100000e+02   3.3398003e+01
   3.1200000e+02   3.3599838e+01
   3.1300000e+02   3.3798912e+01
   3.1400000e+02   3.3995132e+01
   3.1500000e+02   3.4188381e+01
   3.1600000e+02   3.4378571e+01
   3.1700000e+02   3.4565586e+01
   3.1800000e+02   3.4749332e+01
   3.1900000e+02   3.4929710e+01
   3.2000000e+02   3.5106613e+01
   3.2100000e+02   3.5279945e+01
   3.2200000e+02   3.5449612e+01
   3.2300000e+02   3.5615505e+01
   3.2400000e+02   3.5777546e+01
   3.2500000e+02   3.5935631e+01
   3.2600000e+02   3.6089664e+01
   3.2700000e+02   3.6239567e+01
   3.2800000e+02   3.6385235e+01
   3.2900000e+02   3.6526588e+01
   3.3000000e+02   3.6663544e+01
   3.3100000e+02   3.6767433e+01
   3.3200000e+02   3.6866650e+01
   3.3300000e+02   3.6961117e+01
   3.3400000e+02   3.7050755e+01
   3.3500000e+02   3.7135494e+01
   3.3600000e+02   3.7215267e+01
   3.3700000e+02   3.7290001e+01
   3.3800000e+02   3.7359627e+01
   3.3900000e+02   3.7424084e+01
   3.4000000e+02   3.7483307e+01
   3.4100000e+02   3.7537247e+01
   3.4200000e+02   3.7585835e+01
   3.4300000e+02   3.7629032e+01
   3.4400000e+02   3.7666775e+01
   3.4500000e+02   3.7699024e+01
   3.4600000e+02   3.7725731e+01
   3.4700000e+02   3.7746857e+01
   3.4800000e+02   3.7762367e+01
   3.4900000e+02   3.7772217e+01
   3.5000000e+02   3.7776382e+01
   3.5100000e+02   3.7774834e+01
   3.5200000e+02   3.7767548e+01
   3.5300000e+02   3.7754501e+01
   3.5400000e+02   3.7735676e+01
   3.5500000e+02   3.7711056e+01
   3.5600000e+02   3.7680630e+01
   3.5700000e+02   3.7644398e+01
   3.5800000e+02   3.7602348e+01
   3.5900000e+02   3.7554485e+01
   7.1133672e-07   3.7500809e+01
   1.0000007e+00   3.7415726e+01
   2.0000007e+00   3.7324783e+01
   3.0000007e+00   3.7228001e+01
   4.0000010e+00   3.7125393e+01
   5.0000010e+00   3.7016998e+01
   6.0000010e+00   3.6902836e+01
   7.0000010e+00   3.6782944e+01
   8.0000010e+00   3.6657356e+01
   9.0000010e+00   3.6526123e+01
   1.0000001e+01   3.6389278e+01
   1.1000001e+01   3.6246880e+01
   1.2000001e+01   3.6098984e+01
   1.3000001e+01   3.5945641e+01
   1.4000001e+01   3.5786919e+01
   1.5000001e+01   3.5622883e+01
   1.6000000e+01   3.5453594e+01
   1.7000000e+01   3.5279144e+01
   1.8000000e+01   3.5099598e+01
   1.9000000e+01   3.4915035e+01
   2.0000000e+01   3.4725552e+01
   2.1000000e+01   3.4531231e+01
   2.2000000e+01   3.4332165e+01
   2.3000000e+01   3.4128452e+01
   2.4000000e+01   3.3920193e+01
   2.5000000e+01   3.3707485e+01
   2.6000000e+01   3.3490440e+01
   2.7000000e+01   3.3269165e+01
   2.8000000e+01   3.3043777e+01
   2.9000000e+01   3.2814388e+01
   3.0000000e+01   3.2581112e+01
   3.1000000e+01   3.2331852e+01
   3.2000000e+01   3.2078934e+01
   3.3000000e+01   3.1822491e+01
   3.4000000e+01   3.1562651e+01
   3.5000000e+01   3.1299547e+01
   3.6000000e+01   3.1033316e+01
   3.7000000e+01   3.0764093e+01
   3.8000000e+01   3.0492016e+01
   3.9000000e+01   3.0217224e+01
   4.0000000e+01   2.9939861e+01
   4.1000000e+01   2.9660065e+01
   4.2000000e+01   2.9377983e+01
   4.3000000e+01   2.9093756e+01
   4.4000000e+01   2.8807529e+01
   4.5000000e+01   2.8519445e+01
   4.6000000e+01   2.8229654e+01
   4.7000000e+01   2.7938295e+01
   4.8000000e+01   2.7645514e+01
   4.9000000e+01   2.7351456e+01
   5.0000000e+01   2.7056263e+01
   5.1000000e+01   2.6760077e+01
   5.2000000e+01   2.6463043e+01
   5.3000000e+01   2.6165300e+01
   5.4000000e+01   2.5866987e+01
   5.5000000e+01   2.5568241e+01
   5.6000000e+01   2.5269199e+01
   5.7000000e+01   2.4969999e+01
   5.8000000e+01   2.4670771e+01
   5.9000000e+01   2.4371643e+01
   6.0000000e+01   2.4072748e+01
   6.1000000e+01   2.3761129e+01
   6.2000000e+01   2.3450018e+01
   6.3000000e+01   2.3139540e+01
   6.4000000e+01   2.2829817e+01
   6.5000000e+01   2.2520969e+01
   6.6000000e+01   2.2213112e+01
   6.7000000e+01   2.1906363e+01
   6.8000000e+01   2.1600828e+01
   6.9000000e+01   2.1296621e+01
   7.0000000e+01   2.0993839e+01
   7.1000000e+01   2.0692591e+01
   7.2000000e+01   2.0392973e+01
   7.3000000e+01   2.0095078e+01
   7.4000000e+01   1.9799000e+01
   7.5000000e+01   1.9504826e+01
   7.6000000e+01   1.9212641e+01
   7.7000000e+01   1.8922527e+01
   7.8000000e+01   1.8634563e+01
   7.9000000e+01   1.8348827e+01
   8.0000000e+01   1.8065386e+01
   8.1000000e+01   1.7784311e+01
   8.2000000e+01   1.7505667e+01
   8.3000000e+01   1.7229519e+01
   8.4000000e+01   1.6955921e+01
   8.5000000e+01   1.6684931e+01
   8.6000000e+01   1.6416603e+01
   8.7000000e+01   1.6150984e+01
   8.8000000e+01   1.5888124e+01
   8.9000000e+01   1.5628066e+01
   9.0000000e+01   1.5370849e+01
   9.1000000e+01   1.5092867e+01
   9.2000000e+01   1.4817890e+01
   9.3000000e+01   1.4545954e+01
   9.4000000e+01   1.4277093e+01
   9.5000000e+01   1.4011333e+01
   9.6000000e+01   1.3748705e+01
   9.7000000e+01   1.3489229e+01
   9.8000000e+01   1.3232929e+01
   9.9000000e+01   1.2979824e+01
   1.0000000e+02   1.2729932e+01
   1.0100000e+02   1.2483265e+01
   1.0200000e+02   1.2239838e+01
   1.0300000e+02   1.1999659e+01
   1.0400000e+02   1.1762734e+01
   1.0500000e+02   1.1529075e+01
   1.0600000e+02   1.1298680e+01
   1.0700000e+02   1.1071555e+01
   1.0800000e+02   1.0847698e+01
   1.0900000e+02   1.0627110e+01
   1.1000000e+02   1.0409848e+01
   1.1100000e+02   1.0195880e+01
   1.1200000e+02   9.9851751e+00
   1.1300000e+02   9.7777281e+00
   1.1400000e+02   9.5735312e+00
   1.1500000e+02   9.3725710e+00
   1.1600000e+02   9.1748409e+00
   1.1700000e+02   8.9803247e+00
   1.1800000e+02   8.7890129e+00
   1.1900000e+02   8.6008902e+00
   1.2000000e+02   8.4159422e+00
   1.2100000e+02   8.2690868e+00
   1.2200000e+02   8.1250849e+00
   1.2300000e+02   7.9839234e+00
   1.2400000e+02   7.8455892e+00
   1.2500000e+02   7.7100697e+00
   1.2600000e+02   7.5773492e+00
   1.2700000e+02   7.4474163e+00
   1.2800000e+02   7.3202534e+00
   1.2900000e+02   7.1958461e+00
   1.3000000e+02   7.0741787e+00
   1.3100000e+02   6.9552360e+00
   1.3200000e+02   6.8389997e+00
   1.3300000e+02   6.7254562e+00
   1.3400000e+02   6.6145864e+00
   1.3500000e+02   6.5063744e+00
   1.3600000e+02   6.4008031e+00
   1.3700000e+02   6.2978530e+00
   1.3800000e+02   6.1975098e+00
   1.3900000e+02   6.0997524e+00
   1.4000000e+02   6.0045667e+00
   1.4100000e+02   5.9119325e+00
   1.4200000e+02   5.8218327e+00
   1.4300000e+02   5.7342496e+00
   1.4400000e+02   5.6491652e+00
   1.4500000e+02   5.5665607e+00
   1.4600000e+02   5.4864216e+00
   1.4700000e+02   5.4087257e+00
   1.4800000e+02   5.3334575e+00
   1.4900000e+02   5.2605996e+00
   1.5000000e+02   5.1901331e+00
   1.5100000e+02   5.1676149e+00
   1.5200000e+02   5.1473746e+00
   1.5300000e+02   5.1294036e+00
   1.5400000e+02   5.1136913e+00
   1.5500000e+02   5.1002321e+00
   1.5600000e+02   5.0890160e+00
   1.5700000e+02   5.0800333e+00
   1.5800000e+02   5.0732780e+00
   1.5900000e+02   5.0687408e+00
   1.6000000e+02   5.0664139e+00
   1.6100000e+02   5.0662894e+00
   1.6200000e+02   5.0683608e+00
   1.6300000e+02   5.0726209e+00
   1.6400000e+02   5.0790615e+00
   1.6500000e+02   5.0876770e+00
   1.6600000e+02   5.0984612e+00
   1.6700000e+02   5.1114058e+00
   1.6800000e+02   5.1265063e+00
   1.6900000e+02   5.1437554e+00
   1.7000000e+02   5.1631489e+00
   1.7100000e+02   5.1846795e+00
   1.7200000e+02   5.2083426e+00
   1.7300000e+02   5.2341332e+00
   1.7400000e+02   5.2620463e+00
   1.7500000e+02   5.2920775e+00
   1.7600000e+02   5.3242216e+00
   1.7700000e+02   5.3584738e+00
   1.7800000e+02   5.3948307e+00
   1.7900000e+02   5.4332657e+00
   1.8000000e+02   5.4738441e+00
   1.8100000e+02   5.5599360e+00
   1.8200000e+02   5.6482449e+00
   1.8300000e+02   5.7387762e+00
   1.8400000e+02   5.8315330e+00
   1.8500000e+02   5.9265218e+00
   1.8600000e+02   6.0237474e+00
   1.8700000e+02   6.1232138e+00
   1.8800000e+02   6.2249279e+00
   1.8900000e+02   6.3288937e+00
   1.9000000e+02   6.4351172e+00
   1.9100000e+02   6.5436049e+00
   1.9200000e+02   6.6536598e+00
   1.9300000e+02   6.7659388e+00
   1.9400000e+02   6.8805680e+00
   1.9500000e+02   6.9975553e+00
   1.9600000e+02   7.1169114e+00
   1.9700000e+02   7.2386475e+00
   1.9800000e+02   7.3627739e+00
   1.9900000e+02   7.4893007e+00
   2.0000000e+02   7.6182413e+00
   2.0100000e+02   7.7496033e+00
   2.0200000e+02   7.8833985e+00
   2.0300000e+02   8.0196400e+00
   2.0400000e+02   8.1583376e+00
   2.0500000e+02   8.2995005e+00
   2.0600000e+02   8.4431429e+00
   2.0700000e+02   8.5892744e+00
   2.0800000e+02   8.7379065e+00
   2.0900000e+02   8.8890486e+00
   2.1000000e+02   9.0427141e+00
   2.1100000e+02   9.2141724e+00
   2.1200000e+02   9.3880053e+00
   2.1300000e+02   9.5642242e+00
   2.1400000e+02   9.7428322e+00
   2.1500000e+02   9.9238377e+00
   2.1600000e+02   1.0107249e+01
   2.1700000e+02   1.0293069e+01
   2.1800000e+02   1.0481304e+01
   2.1900000e+02   1.0671960e+01
   2.2000000e+02   1.0865040e+01
   2.2100000e+02   1.1060550e+01
   2.2200000e+02   1.1258493e+01
   2.2300000e+02   1.1458872e+01
   2.2400000e+02   1.1661689e+01
   2.2500000e+02   1.1866946e+01
   2.2600000e+02   1.2074644e+01
   2.2700000e+02   1.2284784e+01
   2.2800000e+02   1.2497366e+01
   2.2900000e+02   1.2712387e+01
   2.3000000e+02   1.2929849e+01
   2.3100000e+02   1.3149745e+01
   2.3200000e+02   1.3372075e+01
   2.3300000e+02   1.3596832e+01
   2.3400000e+02   1.3824013e+01
   2.3500000e+02   1.4053610e+01
   2.3600000e+02   1.4285617e+01
   2.3700000e+02   1.4520023e+01
   2.3800000e+02   1.4756821e+01
   2.3900000e+02   1.4995999e+01
   2.4000000e+02   1.5237546e+01
   2.4100000e+02   1.5461495e+01
   2.4200000e+02   1.5687760e+01
   2.4300000e+02   1.5916328e+01
   2.4400000e+02   1.6147184e+01
   2.4500000e+02   1.6380310e+01
   2.4600000e+02   1.6615686e+01
   2.4700000e+02   1.6853298e+01
   2.4800000e+02   1.7093121e+01
   2.4900000e+02   1.7335133e+01
   2.5000000e+02   1.7579311e+01
   2.5100000e+02   1.7825630e+01
   2.5200000e+02   1.8074066e+01
   2.5300000e+02   1.8324587e+01
   2.5400000e+02   1.8577166e+01
   2.5500000e+02   1.8831766e+01
   2.5600000e+02   1.9088364e+01
   2.5700000e+02   1.9346914e+01
   2.5800000e+02   1.9607388e+01
   2.5900000e+02   1.9869743e+01
   2.6000000e+02   2.0133942e+01
   2.6100000e+02   2.0399939e+01
   2.6200000e+02   2.0667694e+01
   2.6300000e+02   2.0937159e+01
   2.6400000e+02   2.1208288e+01
   2.6500000e+02   2.1481031e+01
   2.6600000e+02   2.1755335e+01
   2.6700000e+02   2.2031147e+01
   2.6800000e+02   2.2308413e+01
   2.6900000e+02   2.2587072e+01
   2.7000000e+02   2.2867071e+01
   2.7100000e+02   2.3123617e+01
   2.7200000e+02   2.3381256e+01
   2.7300000e+02   2.3639925e+01
   2.7400000e+02   2.3899555e+01
   2.7500000e+02   2.4160086e+01
   2.7600000e+02   2.4421442e+01
   2.7700000e+02   2.4683556e+01
   2.7800000e+02   2.4946354e+01
   2.7900000e+02   2.5209761e+01
   2.8000000e+02   2.5473701e+01
   2.8100000e+02   2.5738096e+01
   2.8200000e+02   2.6002869e+01
   2.8300000e+02   2.6267933e+01
   2.8400000e+02   2.6533207e+01
   2.8500000e+02   2.6798605e+01
   2.8600000e+02   2.7064043e+01
   2.8700000e+02   2.7329426e+01
   2.8800000e+02   2.7594669e+01
   2.8900000e+02   2.7859678e+01
   2.9000000e+02   2.8124361e+01
   2.9100000e+02   2.8388624e+01
   2.9200000e+02   2.8652367e+01
   2.9300000e+02   2.8915493e+01
   2.9400000e+02   2.9177906e+01
   2.9500000e+02   2.9439505e+01
   2.9600000e+02   2.9700186e+01
   2.9700000e+02   2.9959848e+01
   2.9800000e+02   3.0218390e+01
   2.9900000e+02   3.0475702e+01
   3.0000000e+02   3.0731686e+01
   3.0100000e+02   3.0961773e+01
   3.0200000e+02   3.1190218e+01
   3.0300000e+02   3.1416914e+01
   3.0400000e+02   3.1641754e+01
   3.0500000e+02   3.1864637e+01
   3.0600000e+02   3.2085453e+01
   3.0700000e+02   3.2304096e+01
   3.0800000e+02   3.2520466e+01
   3.0900000e+02   3.2734444e+01
   3.1000000e+02   3.2945938e+01
   3.1100000e+02   3.3154831e+01
   3.1200000e+02   3.3361023e+01
   3.1300000e+02   3.3564404e+01
   3.1400000e+02   3.3764870e+01
   3.1500000e+02   3.3962318e+01
   3.1600000e+02   3.4156643e+01
   3.1700000e+02   3.4347740e+01
   3.1800000e+02   3.4535503e+01
   3.1900000e+02   3.4719833e+01
   3.2000000e+02   3.4900631e+01
   3.2100000e+02   3.5077793e+01
   3.2200000e+02   3.5251217e+01
   3.2300000e+02   3.5420795e+01
   3.2400000e+02   3.5586426e+01
   3.2500000e+02   3.5748039e+01
   3.2600000e+02   3.5905537e+01
   3.2700000e+02   3.6058819e+01
   3.2800000e+02   3.6207802e+01
   3.2900000e+02   3.6352390e+01
   3.3000000e+02   3.6492508e+01
   3.3100000e+02   3.6598007e+01
   3.3200000e+02   3.6698765e+01
   3.3300000e+02   3.6794712e+01
   3.3400000e+02   3.6885765e+01
   3.3500000e+02   3.6971859e+01
   3.3600000e+02   3.7052910e+01
   3.3700000e+02   3.7128853e+01
   3.3800000e+02   3.7199623e+01
   3.3900000e+02   3.7265152e+01
   3.4000000e+02   3.7325378e+01
   3.4100000e+02   3.7380249e+01
   3.4200000e+02   3.7429699e+01
   3.4300000e+02   3.7473679e+01
   3.4400000e+02   3.7512135e+01
   3.4500000e+02   3.7545025e+01
   3.4600000e+02   3.7572296e+01
   3.4700000e+02   3.7593914e+01
   3.4800000e+02   3.7609837e+01
   3.4900000e+02   3.7620026e+01
   3.5000000e+02   3.7624458e+01
   3.5100000e+02   3.7623100e+01
   3.5200000e+02   3.7615929e+01
   3.5300000e+02   3.7602909e+01
   3.5400000e+02   3.7584019e+01
   3.5500000e+02   3.7559261e+01
   3.5600000e+02   3.7528622e+01
   3.5700000e+02   3.7492100e+01
   3.5800000e+02   3.7449684e+01
   3.5900000e+02   3.7401386e+01
   1.4226848e-06   3.7347202e+01
