   0.0000000e+00   3.6797255e-01
   1.0000000e+00   3.2575893e-01
   2.0000000e+00   3.2587039e-01
   3.0000000e+00   3.2631105e-01
   4.0000000e+00   3.2675287e-01
   5.0000000e+00   3.2719517e-01
   6.0000000e+00   3.2763794e-01
   7.0000000e+00   3.2808122e-01
   8.0000000e+00   3.2852504e-01
   9.0000000e+00   3.2896951e-01
   1.0000000e+01   3.2941464e-01
   1.1000000e+01   3.2986048e-01
   1.2000000e+01   3.3030730e-01
   1.3000000e+01   3.3075511e-01
   1.4000000e+01   3.3120376e-01
   1.5000000e+01   3.3165368e-01
   1.6000000e+01   3.3210498e-01
   1.7000000e+01   3.3255741e-01
   1.8000000e+01   3.3301100e-01
   1.9000000e+01   3.3346555e-01
   2.0000000e+01   3.3392116e-01
   2.1000000e+01   3.3437762e-01
   2.2000000e+01   3.3483461e-01
   2.3000000e+01   3.3529213e-01
   2.4000000e+01   3.3575013e-01
   2.5000000e+01   3.3620864e-01
   2.6000000e+01   3.3666763e-01
   2.7000000e+01   3.3712706e-01
   2.8000000e+01   3.3758709e-01
   2.9000000e+01   3.3804774e-01
   3.0000000e+01   3.3850902e-01
   3.1000000e+01   3.3913055e-01
   3.2000000e+01   3.3975351e-01
   3.3000000e+01   3.4037790e-01
   3.4000000e+01   3.4100366e-01
   3.5000000e+01   3.4163076e-01
   3.6000000e+01   3.4225914e-01
   3.7000000e+01   3.4288880e-01
   3.8000000e+01   3.4351972e-01
   3.9000000e+01   3.4415197e-01
   4.0000000e+01   3.4478554e-01
   4.1000000e+01   3.4542045e-01
   4.2000000e+01   3.4605661e-01
   4.3000000e+01   3.4669405e-01
   4.4000000e+01   3.4733275e-01
   4.5000000e+01   3.4797275e-01
   4.6000000e+01   3.4861395e-01
   4.7000000e+01   3.4925646e-01
   4.8000000e+01   3.4990031e-01
   4.9000000e+01   3.5054532e-01
   5.0000000e+01   3.5119155e-01
   5.1000000e+01   3.5183892e-01
   5.2000000e+01   3.5248750e-01
   5.3000000e+01   3.5313722e-01
   5.4000000e+01   3.5378814e-01
   5.5000000e+01   3.5444027e-01
   5.6000000e+01   3.5509357e-01
   5.7000000e+01   3.5574803e-01
   5.8000000e+01   3.5640368e-01
   5.9000000e+01   3.5706046e-01
   6.0000000e+01   3.5771844e-01
   6.1000000e+01   3.5842383e-01
   6.2000000e+01   3.5913277e-01
   6.3000000e+01   3.5984516e-01
   6.4000000e+01   3.6056104e-01
   6.5000000e+01   3.6128032e-01
   6.6000000e+01   3.6200294e-01
   6.7000000e+01   3.6272886e-01
   6.8000000e+01   3.6345807e-01
   6.9000000e+01   3.6419058e-01
   7.0000000e+01   3.6492628e-01
   7.1000000e+01   3.6566520e-01
   7.2000000e+01   3.6640733e-01
   7.3000000e+01   3.6715260e-01
   7.4000000e+01   3.6790109e-01
   7.5000000e+01   3.6865267e-01
   7.6000000e+01   3.6940733e-01
   7.7000000e+01   3.7016505e-01
   7.8000000e+01   3.7092575e-01
   7.9000000e+01   3.7168941e-01
   8.0000000e+01   3.7245604e-01
   8.1000000e+01   3.7322554e-01
   8.2000000e+01   3.7399796e-01
   8.3000000e+01   3.7477320e-01
   8.4000000e+01   3.7555128e-01
   8.5000000e+01   3.7633216e-01
   8.6000000e+01   3.7711588e-01
   8.7000000e+01   3.7790239e-01
   8.8000000e+01   3.7869164e-01
   8.9000000e+01   3.7948358e-01
   9.0000000e+01   3.8027823e-01
   9.1000000e+01   3.8115668e-01
   9.2000000e+01   3.8204068e-01
   9.3000000e+01   3.8293016e-01
   9.4000000e+01   3.8382512e-01
   9.5000000e+01   3.8472542e-01
   9.6000000e+01   3.8563105e-01
   9.7000000e+01   3.8654199e-01
   9.8000000e+01   3.8745815e-01
   9.9000000e+01   3.8837942e-01
   1.0000000e+02   3.8930583e-01
   1.0100000e+02   3.9023882e-01
   1.0200000e+02   3.9117938e-01
   1.0300000e+02   3.9212549e-01
   1.0400000e+02   3.9307711e-01
   1.0500000e+02   3.9403421e-01
   1.0600000e+02   3.9499667e-01
   1.0700000e+02   3.9596555e-01
   1.0800000e+02   3.9693972e-01
   1.0900000e+02   3.9791891e-01
   1.1000000e+02   3.9890310e-01
   1.1100000e+02   3.9989221e-01
   1.1200000e+02   4.0088621e-01
   1.1300000e+02   4.0188503e-01
   1.1400000e+02   4.0288860e-01
   1.1500000e+02   4.0389690e-01
   1.1600000e+02   4.0490985e-01
   1.1700000e+02   4.0592745e-01
   1.1800000e+02   4.0694958e-01
   1.1900000e+02   4.0797627e-01
   1.2000000e+02   4.0900743e-01
   1.2100000e+02   4.0952250e-01
   1.2200000e+02   4.1003808e-01
   1.2300000e+02   4.1055408e-01
   1.2400000e+02   4.1107044e-01
   1.2500000e+02   4.1158700e-01
   1.2600000e+02   4.1210380e-01
   1.2700000e+02   4.1262063e-01
   1.2800000e+02   4.1313753e-01
   1.2900000e+02   4.1365430e-01
   1.3000000e+02   4.1417089e-01
   1.3100000e+02   4.1468719e-01
   1.3200000e+02   4.1520303e-01
   1.3300000e+02   4.1571835e-01
   1.3400000e+02   4.1623303e-01
   1.3500000e+02   4.1674694e-01
   1.3600000e+02   4.1725993e-01
   1.3700000e+02   4.1777185e-01
   1.3800000e+02   4.1828257e-01
   1.3900000e+02   4.1879192e-01
   1.4000000e+02   4.1929972e-01
   1.4100000e+02   4.1980582e-01
   1.4200000e+02   4.2031002e-01
   1.4300000e+02   4.2081553e-01
   1.4400000e+02   4.2132026e-01
   1.4500000e+02   4.2182428e-01
   1.4600000e+02   4.2232758e-01
   1.4700000e+02   4.2283010e-01
   1.4800000e+02   4.2333189e-01
   1.4900000e+02   4.2383295e-01
   1.5000000e+02   4.2433330e-01
   1.5100000e+02   4.2416558e-01
   1.5200000e+02   4.2399848e-01
   1.5300000e+02   4.2383444e-01
   1.5400000e+02   4.2367300e-01
   1.5500000e+02   4.2351183e-01
   1.5600000e+02   4.2335090e-01
   1.5700000e+02   4.2319024e-01
   1.5800000e+02   4.2302981e-01
   1.5900000e+02   4.2286962e-01
   1.6000000e+02   4.2270973e-01
   1.6100000e+02   4.2255008e-01
   1.6200000e+02   4.2239070e-01
   1.6300000e+02   4.2223155e-01
   1.6400000e+02   4.2207268e-01
   1.6500000e+02   4.2191407e-01
   1.6600000e+02   4.2175576e-01
   1.6700000e+02   4.2159769e-01
   1.6800000e+02   4.2143995e-01
   1.6900000e+02   4.2128241e-01
   1.7000000e+02   4.2112517e-01
   1.7100000e+02   4.2096823e-01
   1.7200000e+02   4.2081156e-01
   1.7300000e+02   4.2065519e-01
   1.7400000e+02   4.2049906e-01
   1.7500000e+02   4.2034328e-01
   1.7600000e+02   4.2018783e-01
   1.7700000e+02   4.2003259e-01
   1.7800000e+02   4.1987765e-01
   1.7900000e+02   4.1972303e-01
   1.8000000e+02   4.1956872e-01
   1.8100000e+02   4.1891804e-01
   1.8200000e+02   4.1828811e-01
   1.8300000e+02   4.1765922e-01
   1.8400000e+02   4.1703168e-01
   1.8500000e+02   4.1640538e-01
   1.8600000e+02   4.1578025e-01
   1.8700000e+02   4.1515633e-01
   1.8800000e+02   4.1453359e-01
   1.8900000e+02   4.1391197e-01
   1.9000000e+02   4.1329142e-01
   1.9100000e+02   4.1267201e-01
   1.9200000e+02   4.1205361e-01
   1.9300000e+02   4.1143626e-01
   1.9400000e+02   4.1081989e-01
   1.9500000e+02   4.1020447e-01
   1.9600000e+02   4.0959004e-01
   1.9700000e+02   4.0897653e-01
   1.9800000e+02   4.0836394e-01
   1.9900000e+02   4.0775222e-01
   2.0000000e+02   4.0714136e-01
   2.0100000e+02   4.0653133e-01
   2.0200000e+02   4.0592211e-01
   2.0300000e+02   4.0531373e-01
   2.0400000e+02   4.0470612e-01
   2.0500000e+02   4.0409929e-01
   2.0600000e+02   4.0349314e-01
   2.0700000e+02   4.0288779e-01
   2.0800000e+02   4.0228310e-01
   2.0900000e+02   4.0167910e-01
   2.1000000e+02   4.0107581e-01
   2.1100000e+02   3.9956003e-01
   2.1200000e+02   3.9804256e-01
   2.1300000e+02   3.9652339e-01
   2.1400000e+02   3.9500254e-01
   2.1500000e+02   3.9348009e-01
   2.1600000e+02   3.9195600e-01
   2.1700000e+02   3.9043033e-01
   2.1800000e+02   3.8890311e-01
   2.1900000e+02   3.8737434e-01
   2.2000000e+02   3.8584408e-01
   2.2100000e+02   3.8431230e-01
   2.2200000e+02   3.8277909e-01
   2.2300000e+02   3.8124442e-01
   2.2400000e+02   3.7970835e-01
   2.2500000e+02   3.7817085e-01
   2.2600000e+02   3.7663198e-01
   2.2700000e+02   3.7509176e-01
   2.2800000e+02   3.7355021e-01
   2.2900000e+02   3.7200734e-01
   2.3000000e+02   3.7046319e-01
   2.3100000e+02   3.6891776e-01
   2.3200000e+02   3.6737108e-01
   2.3300000e+02   3.6582318e-01
   2.3400000e+02   3.6427408e-01
   2.3500000e+02   3.6272374e-01
   2.3600000e+02   3.6117229e-01
   2.3700000e+02   3.5961965e-01
   2.3800000e+02   3.5806587e-01
   2.3900000e+02   3.5651100e-01
   2.4000000e+02   3.5495502e-01
   2.4100000e+02   3.5362116e-01
   2.4200000e+02   3.5228732e-01
   2.4300000e+02   3.5095346e-01
   2.4400000e+02   3.4961963e-01
   2.4500000e+02   3.4828579e-01
   2.4600000e+02   3.4695193e-01
   2.4700000e+02   3.4561813e-01
   2.4800000e+02   3.4428430e-01
   2.4900000e+02   3.4295046e-01
   2.5000000e+02   3.4161663e-01
   2.5100000e+02   3.4028283e-01
   2.5200000e+02   3.3894905e-01
   2.5300000e+02   3.3761525e-01
   2.5400000e+02   3.3628145e-01
   2.5500000e+02   3.3494768e-01
   2.5600000e+02   3.3361393e-01
   2.5700000e+02   3.3228019e-01
   2.5800000e+02   3.3094648e-01
   2.5900000e+02   3.2961276e-01
   2.6000000e+02   3.2827908e-01
   2.6100000e+02   3.2694539e-01
   2.6200000e+02   3.2561174e-01
   2.6300000e+02   3.2427815e-01
   2.6400000e+02   3.2294455e-01
   2.6500000e+02   3.2161096e-01
   2.6600000e+02   3.2027739e-01
   2.6700000e+02   3.1894389e-01
   2.6800000e+02   3.1761038e-01
   2.6900000e+02   3.1627691e-01
   2.7000000e+02   3.1494346e-01
   2.7100000e+02   3.1400236e-01
   2.7200000e+02   3.1306168e-01
   2.7300000e+02   3.1212133e-01
   2.7400000e+02   3.1118134e-01
   2.7500000e+02   3.1024170e-01
   2.7600000e+02   3.0930245e-01
   2.7700000e+02   3.0836350e-01
   2.7800000e+02   3.0742493e-01
   2.7900000e+02   3.0648670e-01
   2.8000000e+02   3.0554882e-01
   2.8100000e+02   3.0461127e-01
   2.8200000e+02   3.0367407e-01
   2.8300000e+02   3.0273721e-01
   2.8400000e+02   3.0180070e-01
   2.8500000e+02   3.0086449e-01
   2.8600000e+02   2.9992864e-01
   2.8700000e+02   2.9899308e-01
   2.8800000e+02   2.9805788e-01
   2.8900000e+02   2.9712296e-01
   2.9000000e+02   2.9618841e-01
   2.9100000e+02   2.9525417e-01
   2.9200000e+02   2.9432023e-01
   2.9300000e+02   2.9338658e-01
   2.9400000e+02   2.9245329e-01
   2.9500000e+02   2.9152027e-01
   2.9600000e+02   2.9058754e-01
   2.9700000e+02   2.8965515e-01
   2.9800000e+02   2.8872305e-01
   2.9900000e+02   2.8779125e-01
   3.0000000e+02   2.8685975e-01
   3.0100000e+02   2.8640166e-01
   3.0200000e+02   2.8594384e-01
   3.0300000e+02   2.8548628e-01
   3.0400000e+02   2.8502899e-01
   3.0500000e+02   2.8457195e-01
   3.0600000e+02   2.8411520e-01
   3.0700000e+02   2.8365865e-01
   3.0800000e+02   2.8320241e-01
   3.0900000e+02   2.8274640e-01
   3.1000000e+02   2.8229067e-01
   3.1100000e+02   2.8183514e-01
   3.1200000e+02   2.8137991e-01
   3.1300000e+02   2.8092489e-01
   3.1400000e+02   2.8047013e-01
   3.1500000e+02   2.8001562e-01
   3.1600000e+02   2.7956137e-01
   3.1700000e+02   2.7910730e-01
   3.1800000e+02   2.7865353e-01
   3.1900000e+02   2.7820000e-01
   3.2000000e+02   2.7774668e-01
   3.2100000e+02   2.7729359e-01
   3.2200000e+02   2.7684075e-01
   3.2300000e+02   2.7638814e-01
   3.2400000e+02   2.7593574e-01
   3.2500000e+02   2.7548361e-01
   3.2600000e+02   2.7503169e-01
   3.2700000e+02   2.7458000e-01
   3.2800000e+02   2.7412850e-01
   3.2900000e+02   2.7367726e-01
   3.3000000e+02   2.7322623e-01
   3.3100000e+02   2.7337226e-01
   3.3200000e+02   2.7351847e-01
   3.3300000e+02   2.7366474e-01
   3.3400000e+02   2.7381119e-01
   3.3500000e+02   2.7395773e-01
   3.3600000e+02   2.7410436e-01
   3.3700000e+02   2.7425110e-01
   3.3800000e+02   2.7439800e-01
   3.3900000e+02   2.7454498e-01
   3.4000000e+02   2.7469209e-01
   3.4100000e+02   2.7483931e-01
   3.4200000e+02   2.7498665e-01
   3.4300000e+02   2.7513409e-01
   3.4400000e+02   2.7528164e-01
   3.4500000e+02   2.7542931e-01
   3.4600000e+02   2.7557707e-01
   3.4700000e+02   2.7572492e-01
   3.4800000e+02   2.7587292e-01
   3.4900000e+02   2.7602100e-01
   3.5000000e+02   2.7616921e-01
   3.5100000e+02   2.7631751e-01
   3.5200000e+02   2.7646592e-01
   3.5300000e+02   2.7661443e-01
   3.5400000e+02   2.7676305e-01
   3.5500000e+02   2.7691177e-01
   3.5600000e+02   2.7706060e-01
   3.5700000e+02   2.7720952e-01
   3.5800000e+02   2.7735853e-01
   3.5900000e+02   2.7750766e-01
   7.1133672e-07   2.7765688e-01
   1.0000007e+00   2.7830306e-01
   2.0000007e+00   2.7894929e-01
   3.0000007e+00   2.7959555e-01
   4.0000010e+00   2.8024185e-01
   5.0000010e+00   2.8088823e-01
   6.0000010e+00   2.8153458e-01
   7.0000010e+00   2.8218102e-01
   8.0000010e+00   2.8282753e-01
   9.0000010e+00   2.8347403e-01
   1.0000001e+01   2.8412059e-01
   1.1000001e+01   2.8476718e-01
   1.2000001e+01   2.8541386e-01
   1.3000001e+01   2.8606054e-01
   1.4000001e+01   2.8670728e-01
   1.5000001e+01   2.8735405e-01
   1.6000000e+01   2.8800085e-01
   1.7000000e+01   2.8864771e-01
   1.8000000e+01   2.8929460e-01
   1.9000000e+01   2.8994155e-01
   2.0000000e+01   2.9058853e-01
   2.1000000e+01   2.9123554e-01
   2.2000000e+01   2.9188263e-01
   2.3000000e+01   2.9252970e-01
   2.4000000e+01   2.9317686e-01
   2.5000000e+01   2.9382408e-01
   2.6000000e+01   2.9447126e-01
   2.7000000e+01   2.9511854e-01
   2.8000000e+01   2.9576585e-01
   2.9000000e+01   2.9641324e-01
   3.0000000e+01   2.9706061e-01
   3.1000000e+01   2.9791197e-01
   3.2000000e+01   2.9876348e-01
   3.3000000e+01   2.9961503e-01
   3.4000000e+01   3.0046669e-01
   3.5000000e+01   3.0131844e-01
   3.6000000e+01   3.0217028e-01
   3.7000000e+01   3.0302221e-01
   3.8000000e+01   3.0387422e-01
   3.9000000e+01   3.0472636e-01
   4.0000000e+01   3.0557856e-01
   4.1000000e+01   3.0643085e-01
   4.2000000e+01   3.0728322e-01
   4.3000000e+01   3.0813572e-01
   4.4000000e+01   3.0898824e-01
   4.5000000e+01   3.0984089e-01
   4.6000000e+01   3.1069359e-01
   4.7000000e+01   3.1154639e-01
   4.8000000e+01   3.1239927e-01
   4.9000000e+01   3.1325224e-01
   5.0000000e+01   3.1410530e-01
   5.1000000e+01   3.1495845e-01
   5.2000000e+01   3.1581166e-01
   5.3000000e+01   3.1666499e-01
   5.4000000e+01   3.1751841e-01
   5.5000000e+01   3.1837189e-01
   5.6000000e+01   3.1922546e-01
   5.7000000e+01   3.2007915e-01
   5.8000000e+01   3.2093289e-01
   5.9000000e+01   3.2178670e-01
   6.0000000e+01   3.2264063e-01
   6.1000000e+01   3.2370281e-01
   6.2000000e+01   3.2476535e-01
   6.3000000e+01   3.2582822e-01
   6.4000000e+01   3.2689142e-01
   6.5000000e+01   3.2795495e-01
   6.6000000e+01   3.2901883e-01
   6.7000000e+01   3.3008301e-01
   6.8000000e+01   3.3114749e-01
   6.9000000e+01   3.3221233e-01
   7.0000000e+01   3.3327743e-01
   7.1000000e+01   3.3434290e-01
   7.2000000e+01   3.3540866e-01
   7.3000000e+01   3.3647472e-01
   7.4000000e+01   3.3754113e-01
   7.5000000e+01   3.3860782e-01
   7.6000000e+01   3.3967480e-01
   7.7000000e+01   3.4074208e-01
   7.8000000e+01   3.4180966e-01
   7.9000000e+01   3.4287754e-01
   8.0000000e+01   3.4394571e-01
   8.1000000e+01   3.4501418e-01
   8.2000000e+01   3.4608293e-01
   8.3000000e+01   3.4715196e-01
   8.4000000e+01   3.4822130e-01
   8.5000000e+01   3.4929091e-01
   8.6000000e+01   3.5036078e-01
   8.7000000e+01   3.5143095e-01
   8.8000000e+01   3.5250139e-01
   8.9000000e+01   3.5357213e-01
   9.0000000e+01   3.5464314e-01
   9.1000000e+01   3.5602361e-01
   9.2000000e+01   3.5740474e-01
   9.3000000e+01   3.5878649e-01
   9.4000000e+01   3.6016884e-01
   9.5000000e+01   3.6155188e-01
   9.6000000e+01   3.6293548e-01
   9.7000000e+01   3.6431977e-01
   9.8000000e+01   3.6570463e-01
   9.9000000e+01   3.6709017e-01
   1.0000000e+02   3.6847630e-01
   1.0100000e+02   3.6986309e-01
   1.0200000e+02   3.7125048e-01
   1.0300000e+02   3.7263846e-01
   1.0400000e+02   3.7402710e-01
   1.0500000e+02   3.7541637e-01
   1.0600000e+02   3.7680623e-01
   1.0700000e+02   3.7819672e-01
   1.0800000e+02   3.7958777e-01
   1.0900000e+02   3.8097948e-01
   1.1000000e+02   3.8236752e-01
   1.1100000e+02   3.8375399e-01
   1.1200000e+02   3.8514045e-01
   1.1300000e+02   3.8652697e-01
   1.1400000e+02   3.8791353e-01
   1.1500000e+02   3.8930008e-01
   1.1600000e+02   3.9068669e-01
   1.1700000e+02   3.9207330e-01
   1.1800000e+02   3.9345995e-01
   1.1900000e+02   3.9484665e-01
   1.2000000e+02   3.9623338e-01
   1.2100000e+02   3.9689770e-01
   1.2200000e+02   3.9756435e-01
   1.2300000e+02   3.9823329e-01
   1.2400000e+02   3.9890447e-01
   1.2500000e+02   3.9957795e-01
   1.2600000e+02   4.0025362e-01
   1.2700000e+02   4.0093160e-01
   1.2800000e+02   4.0161175e-01
   1.2900000e+02   4.0229413e-01
   1.3000000e+02   4.0297872e-01
   1.3100000e+02   4.0366548e-01
   1.3200000e+02   4.0435442e-01
   1.3300000e+02   4.0504551e-01
   1.3400000e+02   4.0573877e-01
   1.3500000e+02   4.0643418e-01
   1.3600000e+02   4.0713173e-01
   1.3700000e+02   4.0783137e-01
   1.3800000e+02   4.0853316e-01
   1.3900000e+02   4.0923703e-01
   1.4000000e+02   4.0994298e-01
   1.4100000e+02   4.1065106e-01
   1.4200000e+02   4.1136113e-01
   1.4300000e+02   4.1207331e-01
   1.4400000e+02   4.1278753e-01
   1.4500000e+02   4.1350377e-01
   1.4600000e+02   4.1422203e-01
   1.4700000e+02   4.1494232e-01
   1.4800000e+02   4.1566464e-01
   1.4900000e+02   4.1638893e-01
   1.5000000e+02   4.1711521e-01
   1.5100000e+02   4.1709140e-01
   1.5200000e+02   4.1706741e-01
   1.5300000e+02   4.1704336e-01
   1.5400000e+02   4.1701913e-01
   1.5500000e+02   4.1699478e-01
   1.5600000e+02   4.1697031e-01
   1.5700000e+02   4.1694576e-01
   1.5800000e+02   4.1692102e-01
   1.5900000e+02   4.1689619e-01
   1.6000000e+02   4.1687122e-01
   1.6100000e+02   4.1684613e-01
   1.6200000e+02   4.1682091e-01
   1.6300000e+02   4.1679558e-01
   1.6400000e+02   4.1677013e-01
   1.6500000e+02   4.1674453e-01
   1.6600000e+02   4.1671881e-01
   1.6700000e+02   4.1669297e-01
   1.6800000e+02   4.1666701e-01
   1.6900000e+02   4.1664091e-01
   1.7000000e+02   4.1661474e-01
   1.7100000e+02   4.1658840e-01
   1.7200000e+02   4.1656193e-01
   1.7300000e+02   4.1653538e-01
   1.7400000e+02   4.1650867e-01
   1.7500000e+02   4.1648188e-01
   1.7600000e+02   4.1645494e-01
   1.7700000e+02   4.1642788e-01
   1.7800000e+02   4.1640067e-01
   1.7900000e+02   4.1637513e-01
   1.8000000e+02   4.1634598e-01
   1.8100000e+02   4.1546652e-01
   1.8200000e+02   4.1458526e-01
   1.8300000e+02   4.1370222e-01
   1.8400000e+02   4.1281745e-01
   1.8500000e+02   4.1193092e-01
   1.8600000e+02   4.1104260e-01
   1.8700000e+02   4.1015255e-01
   1.8800000e+02   4.0926075e-01
   1.8900000e+02   4.0836725e-01
   1.9000000e+02   4.0747201e-01
   1.9100000e+02   4.0657502e-01
   1.9200000e+02   4.0572694e-01
   1.9300000e+02   4.0487942e-01
   1.9400000e+02   4.0402389e-01
   1.9500000e+02   4.0316042e-01
   1.9600000e+02   4.0228897e-01
   1.9700000e+02   4.0140939e-01
   1.9800000e+02   4.0052173e-01
   1.9900000e+02   3.9962587e-01
   2.0000000e+02   3.9872181e-01
   2.0100000e+02   3.9780945e-01
   2.0200000e+02   3.9688873e-01
   2.0300000e+02   3.9595968e-01
   2.0400000e+02   3.9502209e-01
   2.0500000e+02   3.9407608e-01
   2.0600000e+02   3.9312145e-01
   2.0700000e+02   3.9215821e-01
   2.0800000e+02   3.9118633e-01
   2.0900000e+02   3.9020574e-01
   2.1000000e+02   3.8921630e-01
   2.1100000e+02   3.8775802e-01
   2.1200000e+02   3.8629985e-01
   2.1300000e+02   3.8484183e-01
   2.1400000e+02   3.8338396e-01
   2.1500000e+02   3.8192624e-01
   2.1600000e+02   3.8046867e-01
   2.1700000e+02   3.7901118e-01
   2.1800000e+02   3.7755388e-01
   2.1900000e+02   3.7609673e-01
   2.2000000e+02   3.7463972e-01
   2.2100000e+02   3.7318280e-01
   2.2200000e+02   3.7172607e-01
   2.2300000e+02   3.7026945e-01
   2.2400000e+02   3.6881295e-01
   2.2500000e+02   3.6735663e-01
   2.2600000e+02   3.6590040e-01
   2.2700000e+02   3.6444435e-01
   2.2800000e+02   3.6298838e-01
   2.2900000e+02   3.6153260e-01
   2.3000000e+02   3.6007690e-01
   2.3100000e+02   3.5862136e-01
   2.3200000e+02   3.5716593e-01
   2.3300000e+02   3.5571066e-01
   2.3400000e+02   3.5425550e-01
   2.3500000e+02   3.5280046e-01
   2.3600000e+02   3.5134554e-01
   2.3700000e+02   3.4989077e-01
   2.3800000e+02   3.4843612e-01
   2.3900000e+02   3.4698159e-01
   2.4000000e+02   3.4552720e-01
   2.4100000e+02   3.4420887e-01
   2.4200000e+02   3.4289053e-01
   2.4300000e+02   3.4157214e-01
   2.4400000e+02   3.4025371e-01
   2.4500000e+02   3.3893523e-01
   2.4600000e+02   3.3761668e-01
   2.4700000e+02   3.3629808e-01
   2.4800000e+02   3.3497944e-01
   2.4900000e+02   3.3366075e-01
   2.5000000e+02   3.3234203e-01
   2.5100000e+02   3.3102325e-01
   2.5200000e+02   3.2970440e-01
   2.5300000e+02   3.2838553e-01
   2.5400000e+02   3.2706660e-01
   2.5500000e+02   3.2574761e-01
   2.5600000e+02   3.2442859e-01
   2.5700000e+02   3.2310954e-01
   2.5800000e+02   3.2179043e-01
   2.5900000e+02   3.2047126e-01
   2.6000000e+02   3.1915203e-01
   2.6100000e+02   3.1783277e-01
   2.6200000e+02   3.1651348e-01
   2.6300000e+02   3.1519413e-01
   2.6400000e+02   3.1387472e-01
   2.6500000e+02   3.1255528e-01
   2.6600000e+02   3.1123576e-01
   2.6700000e+02   3.0991623e-01
   2.6800000e+02   3.0859667e-01
   2.6900000e+02   3.0727702e-01
   2.7000000e+02   3.0595735e-01
   2.7100000e+02   3.0506131e-01
   2.7200000e+02   3.0416533e-01
   2.7300000e+02   3.0326939e-01
   2.7400000e+02   3.0237344e-01
   2.7500000e+02   3.0147758e-01
   2.7600000e+02   3.0058172e-01
   2.7700000e+02   2.9968593e-01
   2.7800000e+02   2.9879013e-01
   2.7900000e+02   2.9789436e-01
   2.8000000e+02   2.9699865e-01
   2.8100000e+02   2.9610297e-01
   2.8200000e+02   2.9520732e-01
   2.8300000e+02   2.9431170e-01
   2.8400000e+02   2.9341614e-01
   2.8500000e+02   2.9252058e-01
   2.8600000e+02   2.9162505e-01
   2.8700000e+02   2.9072958e-01
   2.8800000e+02   2.8983411e-01
   2.8900000e+02   2.8893870e-01
   2.9000000e+02   2.8804329e-01
   2.9100000e+02   2.8714797e-01
   2.9200000e+02   2.8625262e-01
   2.9300000e+02   2.8535736e-01
   2.9400000e+02   2.8446206e-01
   2.9500000e+02   2.8356683e-01
   2.9600000e+02   2.8267166e-01
   2.9700000e+02   2.8177646e-01
   2.9800000e+02   2.8088135e-01
   2.9900000e+02   2.7998623e-01
   3.0000000e+02   2.7909118e-01
   3.0100000e+02   2.7866814e-01
   3.0200000e+02   2.7824515e-01
   3.0300000e+02   2.7782217e-01
   3.0400000e+02   2.7739924e-01
   3.0500000e+02   2.7697629e-01
   3.0600000e+02   2.7655339e-01
   3.0700000e+02   2.7613053e-01
   3.0800000e+02   2.7570769e-01
   3.0900000e+02   2.7528489e-01
   3.1000000e+02   2.7486208e-01
   3.1100000e+02   2.7443933e-01
   3.1200000e+02   2.7401659e-01
   3.1300000e+02   2.7359390e-01
   3.1400000e+02   2.7317122e-01
   3.1500000e+02   2.7274856e-01
   3.1600000e+02   2.7232590e-01
   3.1700000e+02   2.7190331e-01
   3.1800000e+02   2.7148071e-01
   3.1900000e+02   2.7105814e-01
   3.2000000e+02   2.7063560e-01
   3.2100000e+02   2.7021310e-01
   3.2200000e+02   2.6979062e-01
   3.2300000e+02   2.6936814e-01
   3.2400000e+02   2.6894569e-01
   3.2500000e+02   2.6852328e-01
   3.2600000e+02   2.6810089e-01
   3.2700000e+02   2.6767853e-01
   3.2800000e+02   2.6725620e-01
   3.2900000e+02   2.6683387e-01
   3.3000000e+02   2.6641157e-01
   3.3100000e+02   2.6657745e-01
   3.3200000e+02   2.6674333e-01
   3.3300000e+02   2.6690921e-01
   3.3400000e+02   2.6707509e-01
   3.3500000e+02   2.6724094e-01
   3.3600000e+02   2.6740682e-01
   3.3700000e+02   2.6757264e-01
   3.3800000e+02   2.6773852e-01
   3.3900000e+02   2.6790434e-01
   3.4000000e+02   2.6807019e-01
   3.4100000e+02   2.6823604e-01
   3.4200000e+02   2.6840186e-01
   3.4300000e+02   2.6856768e-01
   3.4400000e+02   2.6873347e-01
   3.4500000e+02   2.6889932e-01
   3.4600000e+02   2.6906511e-01
   3.4700000e+02   2.6923090e-01
   3.4800000e+02   2.6939672e-01
   3.4900000e+02   2.6956248e-01
   3.5000000e+02   2.6972827e-01
   3.5100000e+02   2.6989406e-01
   3.5200000e+02   2.7005982e-01
   3.5300000e+02   2.7022558e-01
   3.5400000e+02   2.7039137e-01
   3.5500000e+02   2.7055711e-01
   3.5600000e+02   2.7072284e-01
   3.5700000e+02   2.7088860e-01
   3.5800000e+02   2.7105430e-01
   3.5900000e+02   2.7122006e-01
   1.4226848e-06   2.7138579e-01
