   0.0000000e+00   6.9952914e-03
   1.0000000e+00   6.9952914e-03
   2.0000000e+00   7.0009790e-03
   3.0000000e+00   7.0011443e-03
   4.0000000e+00   7.0012901e-03
   5.0000000e+00   7.0014205e-03
   6.0000000e+00   7.0015364e-03
   7.0000000e+00   7.0016379e-03
   8.0000000e+00   7.0017260e-03
   9.0000000e+00   7.0018009e-03
   1.0000000e+01   7.0018633e-03
   1.1000000e+01   7.0019141e-03
   1.2000000e+01   7.0019532e-03
   1.3000000e+01   7.0019816e-03
   1.4000000e+01   7.0019998e-03
   1.5000000e+01   7.0020072e-03
   1.6000000e+01   7.0020063e-03
   1.7000000e+01   7.0019960e-03
   1.8000000e+01   7.0019774e-03
   1.9000000e+01   7.0019509e-03
   2.0000000e+01   7.0019169e-03
   2.1000000e+01   7.0018754e-03
   2.2000000e+01   7.0015830e-03
   2.3000000e+01   7.0011890e-03
   2.4000000e+01   7.0007644e-03
   2.5000000e+01   7.0003089e-03
   2.6000000e+01   6.9998251e-03
   2.7000000e+01   6.9993129e-03
   2.8000000e+01   6.9987727e-03
   2.9000000e+01   6.9982060e-03
   3.0000000e+01   6.9976137e-03
   3.1000000e+01   7.0045376e-03
   3.2000000e+01   7.0114052e-03
   3.3000000e+01   7.0182183e-03
   3.4000000e+01   7.0249769e-03
   3.5000000e+01   7.0316829e-03
   3.6000000e+01   7.0383372e-03
   3.7000000e+01   7.0449407e-03
   3.8000000e+01   7.0514944e-03
   3.9000000e+01   7.0579746e-03
   4.0000000e+01   7.0641516e-03
   4.1000000e+01   7.0703123e-03
   4.2000000e+01   7.0764576e-03
   4.3000000e+01   7.0825890e-03
   4.4000000e+01   7.0887059e-03
   4.5000000e+01   7.0948089e-03
   4.6000000e+01   7.1008992e-03
   4.7000000e+01   7.1069770e-03
   4.8000000e+01   7.1130437e-03
   4.9000000e+01   7.1190977e-03
   5.0000000e+01   7.1251416e-03
   5.1000000e+01   7.1311751e-03
   5.2000000e+01   7.1371989e-03
   5.3000000e+01   7.1432129e-03
   5.4000000e+01   7.1492181e-03
   5.5000000e+01   7.1552149e-03
   5.6000000e+01   7.1612038e-03
   5.7000000e+01   7.1671847e-03
   5.8000000e+01   7.1731587e-03
   5.9000000e+01   7.1791266e-03
   6.0000000e+01   7.1850875e-03
   6.1000000e+01   7.1942126e-03
   6.2000000e+01   7.2033233e-03
   6.3000000e+01   7.2124191e-03
   6.4000000e+01   7.2215013e-03
   6.5000000e+01   7.2305701e-03
   6.6000000e+01   7.2396263e-03
   6.7000000e+01   7.2486699e-03
   6.8000000e+01   7.2577018e-03
   6.9000000e+01   7.2667222e-03
   7.0000000e+01   7.2757318e-03
   7.1000000e+01   7.2847311e-03
   7.2000000e+01   7.2937198e-03
   7.3000000e+01   7.3026996e-03
   7.4000000e+01   7.3116696e-03
   7.5000000e+01   7.3206318e-03
   7.6000000e+01   7.3295846e-03
   7.7000000e+01   7.3385299e-03
   7.8000000e+01   7.3474683e-03
   7.9000000e+01   7.3563983e-03
   8.0000000e+01   7.3653222e-03
   8.1000000e+01   7.3742401e-03
   8.2000000e+01   7.3831514e-03
   8.3000000e+01   7.3920577e-03
   8.4000000e+01   7.4009434e-03
   8.5000000e+01   7.4098185e-03
   8.6000000e+01   7.4186986e-03
   8.7000000e+01   7.4275834e-03
   8.8000000e+01   7.4364739e-03
   8.9000000e+01   7.4453698e-03
   9.0000000e+01   7.4542710e-03
   9.1000000e+01   7.4626147e-03
   9.2000000e+01   7.4709691e-03
   9.3000000e+01   7.4793352e-03
   9.4000000e+01   7.4877115e-03
   9.5000000e+01   7.4960990e-03
   9.6000000e+01   7.5044972e-03
   9.7000000e+01   7.5129075e-03
   9.8000000e+01   7.5213285e-03
   9.9000000e+01   7.5297607e-03
   1.0000000e+02   7.5382041e-03
   1.0100000e+02   7.5466591e-03
   1.0200000e+02   7.5551253e-03
   1.0300000e+02   7.5636026e-03
   1.0400000e+02   7.5720917e-03
   1.0500000e+02   7.5805918e-03
   1.0600000e+02   7.5891037e-03
   1.0700000e+02   7.5976271e-03
   1.0800000e+02   7.6061622e-03
   1.0900000e+02   7.6147085e-03
   1.1000000e+02   7.6232664e-03
   1.1100000e+02   7.6318365e-03
   1.1200000e+02   7.6404181e-03
   1.1300000e+02   7.6490110e-03
   1.1400000e+02   7.6576159e-03
   1.1500000e+02   7.6662330e-03
   1.1600000e+02   7.6748608e-03
   1.1700000e+02   7.6835006e-03
   1.1800000e+02   7.6921526e-03
   1.1900000e+02   7.7008158e-03
   1.2000000e+02   7.7094915e-03
   1.2100000e+02   7.7155493e-03
   1.2200000e+02   7.7216467e-03
   1.2300000e+02   7.7277827e-03
   1.2400000e+02   7.7339578e-03
   1.2500000e+02   7.7401716e-03
   1.2600000e+02   7.7464231e-03
   1.2700000e+02   7.7527114e-03
   1.2800000e+02   7.7590370e-03
   1.2900000e+02   7.7653998e-03
   1.3000000e+02   7.7717975e-03
   1.3100000e+02   7.7782315e-03
   1.3200000e+02   7.7847010e-03
   1.3300000e+02   7.7912048e-03
   1.3400000e+02   7.7977437e-03
   1.3500000e+02   7.8043165e-03
   1.3600000e+02   7.8109228e-03
   1.3700000e+02   7.8175627e-03
   1.3800000e+02   7.8242347e-03
   1.3900000e+02   7.8309402e-03
   1.4000000e+02   7.8376774e-03
   1.4100000e+02   7.8444462e-03
   1.4200000e+02   7.8512458e-03
   1.4300000e+02   7.8580780e-03
   1.4400000e+02   7.8649400e-03
   1.4500000e+02   7.8718327e-03
   1.4600000e+02   7.8787543e-03
   1.4700000e+02   7.8857066e-03
   1.4800000e+02   7.8926878e-03
   1.4900000e+02   7.8996979e-03
   1.5000000e+02   7.9067368e-03
   1.5100000e+02   7.9095531e-03
   1.5200000e+02   7.9124095e-03
   1.5300000e+02   7.9153068e-03
   1.5400000e+02   7.9182433e-03
   1.5500000e+02   7.9212179e-03
   1.5600000e+02   7.9242326e-03
   1.5700000e+02   7.9272836e-03
   1.5800000e+02   7.9303728e-03
   1.5900000e+02   7.9334993e-03
   1.6000000e+02   7.9366621e-03
   1.6100000e+02   7.9398612e-03
   1.6200000e+02   7.9430956e-03
   1.6300000e+02   7.9463655e-03
   1.6400000e+02   7.9496698e-03
   1.6500000e+02   7.9530086e-03
   1.6600000e+02   7.9563819e-03
   1.6700000e+02   7.9597877e-03
   1.6800000e+02   7.9632271e-03
   1.6900000e+02   7.9666981e-03
   1.7000000e+02   7.9702027e-03
   1.7100000e+02   7.9737380e-03
   1.7200000e+02   7.9771876e-03
   1.7300000e+02   7.9806754e-03
   1.7400000e+02   7.9842312e-03
   1.7500000e+02   7.9878522e-03
   1.7600000e+02   7.9915393e-03
   1.7700000e+02   7.9949936e-03
   1.7800000e+02   7.9983473e-03
   1.7900000e+02   8.0017364e-03
   1.8000000e+02   8.0051599e-03
   1.8100000e+02   8.0029098e-03
   1.8200000e+02   8.0007296e-03
   1.8300000e+02   7.9986174e-03
   1.8400000e+02   7.9965722e-03
   1.8500000e+02   7.9945941e-03
   1.8600000e+02   7.9926802e-03
   1.8700000e+02   7.9908315e-03
   1.8800000e+02   7.9890471e-03
   1.8900000e+02   7.9873251e-03
   1.9000000e+02   7.9856645e-03
   1.9100000e+02   7.9840655e-03
   1.9200000e+02   7.9824673e-03
   1.9300000e+02   7.9807425e-03
   1.9400000e+02   7.9791080e-03
   1.9500000e+02   7.9775620e-03
   1.9600000e+02   7.9761045e-03
   1.9700000e+02   7.9747327e-03
   1.9800000e+02   7.9734474e-03
   1.9900000e+02   7.9722460e-03
   2.0000000e+02   7.9711275e-03
   2.0100000e+02   7.9700900e-03
   2.0200000e+02   7.9691336e-03
   2.0300000e+02   7.9682572e-03
   2.0400000e+02   7.9674581e-03
   2.0500000e+02   7.9667363e-03
   2.0600000e+02   7.9660919e-03
   2.0700000e+02   7.9655210e-03
   2.0800000e+02   7.9650236e-03
   2.0900000e+02   7.9645999e-03
   2.1000000e+02   7.9642488e-03
   2.1100000e+02   7.9566715e-03
   2.1200000e+02   7.9491185e-03
   2.1300000e+02   7.9415897e-03
   2.1400000e+02   7.9340842e-03
   2.1500000e+02   7.9266019e-03
   2.1600000e+02   7.9191430e-03
   2.1700000e+02   7.9117073e-03
   2.1800000e+02   7.9042939e-03
   2.1900000e+02   7.8969030e-03
   2.2000000e+02   7.8895343e-03
   2.2100000e+02   7.8821862e-03
   2.2200000e+02   7.8748614e-03
   2.2300000e+02   7.8675570e-03
   2.2400000e+02   7.8602731e-03
   2.2500000e+02   7.8530107e-03
   2.2600000e+02   7.8457687e-03
   2.2700000e+02   7.8385472e-03
   2.2800000e+02   7.8313453e-03
   2.2900000e+02   7.8241639e-03
   2.3000000e+02   7.8170020e-03
   2.3100000e+02   7.8098592e-03
   2.3200000e+02   7.8027355e-03
   2.3300000e+02   7.7956310e-03
   2.3400000e+02   7.7885459e-03
   2.3500000e+02   7.7814790e-03
   2.3600000e+02   7.7744303e-03
   2.3700000e+02   7.7673998e-03
   2.3800000e+02   7.7603874e-03
   2.3900000e+02   7.7533922e-03
   2.4000000e+02   7.7464157e-03
   2.4100000e+02   7.7333460e-03
   2.4200000e+02   7.7202949e-03
   2.4300000e+02   7.7072619e-03
   2.4400000e+02   7.6942472e-03
   2.4500000e+02   7.6812501e-03
   2.4600000e+02   7.6682703e-03
   2.4700000e+02   7.6553081e-03
   2.4800000e+02   7.6423637e-03
   2.4900000e+02   7.6294360e-03
   2.5000000e+02   7.6165251e-03
   2.5100000e+02   7.6036304e-03
   2.5200000e+02   7.5907535e-03
   2.5300000e+02   7.5778919e-03
   2.5400000e+02   7.5650471e-03
   2.5500000e+02   7.5522182e-03
   2.5600000e+02   7.5394050e-03
   2.5700000e+02   7.5266077e-03
   2.5800000e+02   7.5138262e-03
   2.5900000e+02   7.5010592e-03
   2.6000000e+02   7.4883080e-03
   2.6100000e+02   7.4755726e-03
   2.6200000e+02   7.4628512e-03
   2.6300000e+02   7.4501452e-03
   2.6400000e+02   7.4374536e-03
   2.6500000e+02   7.4247764e-03
   2.6600000e+02   7.4121137e-03
   2.6700000e+02   7.3994650e-03
   2.6800000e+02   7.3868306e-03
   2.6900000e+02   7.3742103e-03
   2.7000000e+02   7.3616034e-03
   2.7100000e+02   7.3457551e-03
   2.7200000e+02   7.3299152e-03
   2.7300000e+02   7.3140850e-03
   2.7400000e+02   7.2982633e-03
   2.7500000e+02   7.2824508e-03
   2.7600000e+02   7.2666467e-03
   2.7700000e+02   7.2508515e-03
   2.7800000e+02   7.2350651e-03
   2.7900000e+02   7.2192871e-03
   2.8000000e+02   7.2035179e-03
   2.8100000e+02   7.1877567e-03
   2.8200000e+02   7.1720043e-03
   2.8300000e+02   7.1562598e-03
   2.8400000e+02   7.1405238e-03
   2.8500000e+02   7.1247960e-03
   2.8600000e+02   7.1090758e-03
   2.8700000e+02   7.0933639e-03
   2.8800000e+02   7.0776599e-03
   2.8900000e+02   7.0619639e-03
   2.9000000e+02   7.0462753e-03
   2.9100000e+02   7.0305951e-03
   2.9200000e+02   7.0149219e-03
   2.9300000e+02   6.9992566e-03
   2.9400000e+02   6.9835992e-03
   2.9500000e+02   6.9679483e-03
   2.9600000e+02   6.9523053e-03
   2.9700000e+02   6.9366698e-03
   2.9800000e+02   6.9210413e-03
   2.9900000e+02   6.9054202e-03
   3.0000000e+02   6.8898066e-03
   3.0100000e+02   6.8760747e-03
   3.0200000e+02   6.8623489e-03
   3.0300000e+02   6.8486291e-03
   3.0400000e+02   6.8349149e-03
   3.0500000e+02   6.8212063e-03
   3.0600000e+02   6.8075038e-03
   3.0700000e+02   6.7938068e-03
   3.0800000e+02   6.7801150e-03
   3.0900000e+02   6.7664292e-03
   3.1000000e+02   6.7527490e-03
   3.1100000e+02   6.7390744e-03
   3.1200000e+02   6.7254049e-03
   3.1300000e+02   6.7117405e-03
   3.1400000e+02   6.6980822e-03
   3.1500000e+02   6.6844281e-03
   3.1600000e+02   6.6707805e-03
   3.1700000e+02   6.6571371e-03
   3.1800000e+02   6.6434992e-03
   3.1900000e+02   6.6298665e-03
   3.2000000e+02   6.6162390e-03
   3.2100000e+02   6.6026165e-03
   3.2200000e+02   6.5889992e-03
   3.2300000e+02   6.5753865e-03
   3.2400000e+02   6.5617790e-03
   3.2500000e+02   6.5481761e-03
   3.2600000e+02   6.5345783e-03
   3.2700000e+02   6.5209852e-03
   3.2800000e+02   6.5073967e-03
   3.2900000e+02   6.4938129e-03
   3.3000000e+02   6.4802342e-03
   3.3100000e+02   6.4731720e-03
   3.3200000e+02   6.4661116e-03
   3.3300000e+02   6.4590522e-03
   3.3400000e+02   6.4519937e-03
   3.3500000e+02   6.4449366e-03
   3.3600000e+02   6.4378805e-03
   3.3700000e+02   6.4308252e-03
   3.3800000e+02   6.4237714e-03
   3.3900000e+02   6.4167185e-03
   3.4000000e+02   6.4096674e-03
   3.4100000e+02   6.4026169e-03
   3.4200000e+02   6.3955672e-03
   3.4300000e+02   6.3885185e-03
   3.4400000e+02   6.3814716e-03
   3.4500000e+02   6.3744253e-03
   3.4600000e+02   6.3673803e-03
   3.4700000e+02   6.3603357e-03
   3.4800000e+02   6.3532926e-03
   3.4900000e+02   6.3462504e-03
   3.5000000e+02   6.3392092e-03
   3.5100000e+02   6.3321688e-03
   3.5200000e+02   6.3251299e-03
   3.5300000e+02   6.3180914e-03
   3.5400000e+02   6.3110543e-03
   3.5500000e+02   6.3040182e-03
   3.5600000e+02   6.2969830e-03
   3.5700000e+02   6.2899487e-03
   3.5800000e+02   6.2829154e-03
   3.5900000e+02   6.2758825e-03
   2.6219766e-08   6.2688515e-03
