   0.0000000e+00   0.0000000e+00
   1.0000000e+00   9.2317678e-05
   2.0000000e+00   8.7922812e-04
   3.0000000e+00   1.6697223e-03
   4.0000000e+00   2.4634229e-03
   5.0000000e+00   3.2602733e-03
   6.0000000e+00   4.0602162e-03
   7.0000000e+00   4.8631937e-03
   8.0000000e+00   5.6691505e-03
   9.0000000e+00   6.4780312e-03
   1.0000000e+01   7.2897775e-03
   1.1000000e+01   8.1043411e-03
   1.2000000e+01   8.9216689e-03
   1.3000000e+01   9.7417086e-03
   1.4000000e+01   1.0564407e-02
   1.5000000e+01   1.1389717e-02
   1.6000000e+01   1.2217592e-02
   1.7000000e+01   1.3047981e-02
   1.8000000e+01   1.3880841e-02
   1.9000000e+01   1.4716127e-02
   2.0000000e+01   1.5553786e-02
   2.1000000e+01   1.6393775e-02
   2.2000000e+01   1.7236046e-02
   2.3000000e+01   1.8080557e-02
   2.4000000e+01   1.8927263e-02
   2.5000000e+01   1.9776115e-02
   2.6000000e+01   2.0627074e-02
   2.7000000e+01   2.1480093e-02
   2.8000000e+01   2.2335133e-02
   2.9000000e+01   2.3192151e-02
   3.0000000e+01   2.4051106e-02
   3.1000000e+01   2.4949795e-02
   3.2000000e+01   2.5852561e-02
   3.3000000e+01   2.6759334e-02
   3.4000000e+01   2.7670050e-02
   3.5000000e+01   2.8584639e-02
   3.6000000e+01   2.9503034e-02
   3.7000000e+01   3.0425176e-02
   3.8000000e+01   3.1351000e-02
   3.9000000e+01   3.2280445e-02
   4.0000000e+01   3.3213452e-02
   4.1000000e+01   3.4149960e-02
   4.2000000e+01   3.5089914e-02
   4.3000000e+01   3.6033243e-02
   4.4000000e+01   3.6979899e-02
   4.5000000e+01   3.7929814e-02
   4.6000000e+01   3.8882941e-02
   4.7000000e+01   3.9839219e-02
   4.8000000e+01   4.0798590e-02
   4.9000000e+01   4.1761003e-02
   5.0000000e+01   4.2726390e-02
   5.1000000e+01   4.3694708e-02
   5.2000000e+01   4.4665903e-02
   5.3000000e+01   4.5639921e-02
   5.4000000e+01   4.6616711e-02
   5.5000000e+01   4.7596220e-02
   5.6000000e+01   4.8578408e-02
   5.7000000e+01   4.9563214e-02
   5.8000000e+01   5.0550591e-02
   5.9000000e+01   5.1540494e-02
   6.0000000e+01   5.2532863e-02
   6.1000000e+01   5.3519737e-02
   6.2000000e+01   5.4508734e-02
   6.3000000e+01   5.5499796e-02
   6.4000000e+01   5.6492887e-02
   6.5000000e+01   5.7487957e-02
   6.6000000e+01   5.8484953e-02
   6.7000000e+01   5.9483845e-02
   6.8000000e+01   6.0484577e-02
   6.9000000e+01   6.1487123e-02
   7.0000000e+01   6.2491421e-02
   7.1000000e+01   6.3497424e-02
   7.2000000e+01   6.4505093e-02
   7.3000000e+01   6.5514363e-02
   7.4000000e+01   6.6525221e-02
   7.5000000e+01   6.7537591e-02
   7.6000000e+01   6.8551458e-02
   7.7000000e+01   6.9566764e-02
   7.8000000e+01   7.0583463e-02
   7.9000000e+01   7.1601517e-02
   8.0000000e+01   7.2620891e-02
   8.1000000e+01   7.3641546e-02
   8.2000000e+01   7.4663430e-02
   8.3000000e+01   7.5686507e-02
   8.4000000e+01   7.6710746e-02
   8.5000000e+01   7.7736102e-02
   8.6000000e+01   7.8762546e-02
   8.7000000e+01   7.9790033e-02
   8.8000000e+01   8.0818534e-02
   8.9000000e+01   8.1848010e-02
   9.0000000e+01   8.2878403e-02
   9.1000000e+01   8.3772279e-02
   9.2000000e+01   8.4664680e-02
   9.3000000e+01   8.5555568e-02
   9.4000000e+01   8.6444892e-02
   9.5000000e+01   8.7332614e-02
   9.6000000e+01   8.8218682e-02
   9.7000000e+01   8.9103058e-02
   9.8000000e+01   8.9985706e-02
   9.9000000e+01   9.0866588e-02
   1.0000000e+02   9.1745652e-02
   1.0100000e+02   9.2622869e-02
   1.0200000e+02   9.3498200e-02
   1.0300000e+02   9.4371602e-02
   1.0400000e+02   9.5243044e-02
   1.0500000e+02   9.6112482e-02
   1.0600000e+02   9.6979894e-02
   1.0700000e+02   9.7845234e-02
   1.0800000e+02   9.8708473e-02
   1.0900000e+02   9.9569581e-02
   1.1000000e+02   1.0042853e-01
   1.1100000e+02   1.0128527e-01
   1.1200000e+02   1.0213980e-01
   1.1300000e+02   1.0299207e-01
   1.1400000e+02   1.0384205e-01
   1.1500000e+02   1.0468971e-01
   1.1600000e+02   1.0553505e-01
   1.1700000e+02   1.0637801e-01
   1.1800000e+02   1.0721858e-01
   1.1900000e+02   1.0805673e-01
   1.2000000e+02   1.0889245e-01
   1.2100000e+02   1.0945617e-01
   1.2200000e+02   1.1001486e-01
   1.2300000e+02   1.1056857e-01
   1.2400000e+02   1.1111732e-01
   1.2500000e+02   1.1166117e-01
   1.2600000e+02   1.1220015e-01
   1.2700000e+02   1.1273431e-01
   1.2800000e+02   1.1326367e-01
   1.2900000e+02   1.1378829e-01
   1.3000000e+02   1.1430821e-01
   1.3100000e+02   1.1482345e-01
   1.3200000e+02   1.1533406e-01
   1.3300000e+02   1.1584007e-01
   1.3400000e+02   1.1634153e-01
   1.3500000e+02   1.1683847e-01
   1.3600000e+02   1.1733093e-01
   1.3700000e+02   1.1781894e-01
   1.3800000e+02   1.1830256e-01
   1.3900000e+02   1.1878180e-01
   1.4000000e+02   1.1925670e-01
   1.4100000e+02   1.1972730e-01
   1.4200000e+02   1.2019365e-01
   1.4300000e+02   1.2065575e-01
   1.4400000e+02   1.2111367e-01
   1.4500000e+02   1.2156744e-01
   1.4600000e+02   1.2201706e-01
   1.4700000e+02   1.2246261e-01
   1.4800000e+02   1.2290409e-01
   1.4900000e+02   1.2334155e-01
   1.5000000e+02   1.2377502e-01
   1.5100000e+02   1.2398953e-01
   1.5200000e+02   1.2419920e-01
   1.5300000e+02   1.2440407e-01
   1.5400000e+02   1.2460418e-01
   1.5500000e+02   1.2479959e-01
   1.5600000e+02   1.2499032e-01
   1.5700000e+02   1.2517640e-01
   1.5800000e+02   1.2535790e-01
   1.5900000e+02   1.2553485e-01
   1.6000000e+02   1.2570730e-01
   1.6100000e+02   1.2587526e-01
   1.6200000e+02   1.2603883e-01
   1.6300000e+02   1.2619798e-01
   1.6400000e+02   1.2635270e-01
   1.6500000e+02   1.2650305e-01
   1.6600000e+02   1.2664905e-01
   1.6700000e+02   1.2679072e-01
   1.6800000e+02   1.2692809e-01
   1.6900000e+02   1.2706117e-01
   1.7000000e+02   1.2719002e-01
   1.7100000e+02   1.2731464e-01
   1.7200000e+02   1.2743504e-01
   1.7300000e+02   1.2755126e-01
   1.7400000e+02   1.2766330e-01
   1.7500000e+02   1.2777126e-01
   1.7600000e+02   1.2787515e-01
   1.7700000e+02   1.2797502e-01
   1.7800000e+02   1.2807089e-01
   1.7900000e+02   1.2816283e-01
   1.8000000e+02   1.2825090e-01
   1.8100000e+02   1.2821849e-01
   1.8200000e+02   1.2818214e-01
   1.8300000e+02   1.2814189e-01
   1.8400000e+02   1.2809780e-01
   1.8500000e+02   1.2804991e-01
   1.8600000e+02   1.2799829e-01
   1.8700000e+02   1.2794298e-01
   1.8800000e+02   1.2788403e-01
   1.8900000e+02   1.2782149e-01
   1.9000000e+02   1.2775542e-01
   1.9100000e+02   1.2768587e-01
   1.9200000e+02   1.2761290e-01
   1.9300000e+02   1.2753652e-01
   1.9400000e+02   1.2745680e-01
   1.9500000e+02   1.2737378e-01
   1.9600000e+02   1.2728752e-01
   1.9700000e+02   1.2719806e-01
   1.9800000e+02   1.2710544e-01
   1.9900000e+02   1.2700970e-01
   2.0000000e+02   1.2691090e-01
   2.0100000e+02   1.2680908e-01
   2.0200000e+02   1.2670426e-01
   2.0300000e+02   1.2659653e-01
   2.0400000e+02   1.2648587e-01
   2.0500000e+02   1.2637237e-01
   2.0600000e+02   1.2625605e-01
   2.0700000e+02   1.2613696e-01
   2.0800000e+02   1.2601513e-01
   2.0900000e+02   1.2589060e-01
   2.1000000e+02   1.2576340e-01
   2.1100000e+02   1.2561008e-01
   2.1200000e+02   1.2545390e-01
   2.1300000e+02   1.2529488e-01
   2.1400000e+02   1.2513307e-01
   2.1500000e+02   1.2496848e-01
   2.1600000e+02   1.2480112e-01
   2.1700000e+02   1.2463105e-01
   2.1800000e+02   1.2445828e-01
   2.1900000e+02   1.2428282e-01
   2.2000000e+02   1.2410471e-01
   2.2100000e+02   1.2392396e-01
   2.2200000e+02   1.2374061e-01
   2.2300000e+02   1.2355469e-01
   2.2400000e+02   1.2336621e-01
   2.2500000e+02   1.2317520e-01
   2.2600000e+02   1.2298170e-01
   2.2700000e+02   1.2278570e-01
   2.2800000e+02   1.2258726e-01
   2.2900000e+02   1.2238638e-01
   2.3000000e+02   1.2218310e-01
   2.3100000e+02   1.2197743e-01
   2.3200000e+02   1.2176941e-01
   2.3300000e+02   1.2155905e-01
   2.3400000e+02   1.2134638e-01
   2.3500000e+02   1.2113141e-01
   2.3600000e+02   1.2091417e-01
   2.3700000e+02   1.2069468e-01
   2.3800000e+02   1.2047298e-01
   2.3900000e+02   1.2024906e-01
   2.4000000e+02   1.2002297e-01
   2.4100000e+02   1.1983483e-01
   2.4200000e+02   1.1964452e-01
   2.4300000e+02   1.1945203e-01
   2.4400000e+02   1.1925741e-01
   2.4500000e+02   1.1906067e-01
   2.4600000e+02   1.1886185e-01
   2.4700000e+02   1.1866096e-01
   2.4800000e+02   1.1845804e-01
   2.4900000e+02   1.1825310e-01
   2.5000000e+02   1.1804617e-01
   2.5100000e+02   1.1783728e-01
   2.5200000e+02   1.1762645e-01
   2.5300000e+02   1.1741370e-01
   2.5400000e+02   1.1719906e-01
   2.5500000e+02   1.1698253e-01
   2.5600000e+02   1.1676417e-01
   2.5700000e+02   1.1654398e-01
   2.5800000e+02   1.1632197e-01
   2.5900000e+02   1.1609820e-01
   2.6000000e+02   1.1587265e-01
   2.6100000e+02   1.1564538e-01
   2.6200000e+02   1.1541637e-01
   2.6300000e+02   1.1518568e-01
   2.6400000e+02   1.1495329e-01
   2.6500000e+02   1.1471926e-01
   2.6600000e+02   1.1448359e-01
   2.6700000e+02   1.1424630e-01
   2.6800000e+02   1.1400742e-01
   2.6900000e+02   1.1376696e-01
   2.7000000e+02   1.1352494e-01
   2.7100000e+02   1.1344147e-01
   2.7200000e+02   1.1335632e-01
   2.7300000e+02   1.1326951e-01
   2.7400000e+02   1.1318103e-01
   2.7500000e+02   1.1309092e-01
   2.7600000e+02   1.1299919e-01
   2.7700000e+02   1.1290583e-01
   2.7800000e+02   1.1281087e-01
   2.7900000e+02   1.1271431e-01
   2.8000000e+02   1.1261617e-01
   2.8100000e+02   1.1251647e-01
   2.8200000e+02   1.1241521e-01
   2.8300000e+02   1.1231241e-01
   2.8400000e+02   1.1220807e-01
   2.8500000e+02   1.1210221e-01
   2.8600000e+02   1.1199483e-01
   2.8700000e+02   1.1188596e-01
   2.8800000e+02   1.1177561e-01
   2.8900000e+02   1.1166378e-01
   2.9000000e+02   1.1155048e-01
   2.9100000e+02   1.1143573e-01
   2.9200000e+02   1.1131954e-01
   2.9300000e+02   1.1120191e-01
   2.9400000e+02   1.1108287e-01
   2.9500000e+02   1.1096241e-01
   2.9600000e+02   1.1084056e-01
   2.9700000e+02   1.1071731e-01
   2.9800000e+02   1.1059269e-01
   2.9900000e+02   1.1046670e-01
   3.0000000e+02   1.1033935e-01
   3.0100000e+02   1.1044608e-01
   3.0200000e+02   1.1055189e-01
   3.0300000e+02   1.1065681e-01
   3.0400000e+02   1.1076082e-01
   3.0500000e+02   1.1086392e-01
   3.0600000e+02   1.1096615e-01
   3.0700000e+02   1.1106748e-01
   3.0800000e+02   1.1116794e-01
   3.0900000e+02   1.1126751e-01
   3.1000000e+02   1.1136623e-01
   3.1100000e+02   1.1146408e-01
   3.1200000e+02   1.1156107e-01
   3.1300000e+02   1.1165721e-01
   3.1400000e+02   1.1175249e-01
   3.1500000e+02   1.1184693e-01
   3.1600000e+02   1.1194053e-01
   3.1700000e+02   1.1203329e-01
   3.1800000e+02   1.1212523e-01
   3.1900000e+02   1.1221634e-01
   3.2000000e+02   1.1230662e-01
   3.2100000e+02   1.1239611e-01
   3.2200000e+02   1.1248477e-01
   3.2300000e+02   1.1257262e-01
   3.2400000e+02   1.1265968e-01
   3.2500000e+02   1.1274593e-01
   3.2600000e+02   1.1283140e-01
   3.2700000e+02   1.1291608e-01
   3.2800000e+02   1.1299998e-01
   3.2900000e+02   1.1308309e-01
   3.3000000e+02   1.1316545e-01
   3.3100000e+02   1.1352199e-01
   3.3200000e+02   1.1387829e-01
   3.3300000e+02   1.1423434e-01
   3.3400000e+02   1.1459014e-01
   3.3500000e+02   1.1494569e-01
   3.3600000e+02   1.1530101e-01
   3.3700000e+02   1.1565607e-01
   3.3800000e+02   1.1601090e-01
   3.3900000e+02   1.1636547e-01
   3.4000000e+02   1.1671980e-01
   3.4100000e+02   1.1707389e-01
   3.4200000e+02   1.1742774e-01
   3.4300000e+02   1.1778134e-01
   3.4400000e+02   1.1813470e-01
   3.4500000e+02   1.1848781e-01
   3.4600000e+02   1.1884068e-01
   3.4700000e+02   1.1919332e-01
   3.4800000e+02   1.1954570e-01
   3.4900000e+02   1.1989785e-01
   3.5000000e+02   1.2024976e-01
   3.5100000e+02   1.2060142e-01
   3.5200000e+02   1.2095285e-01
   3.5300000e+02   1.2130405e-01
   3.5400000e+02   1.2165499e-01
   3.5500000e+02   1.2200571e-01
   3.5600000e+02   1.2235619e-01
   3.5700000e+02   1.2270643e-01
   3.5800000e+02   1.2305643e-01
   3.5900000e+02   1.2340619e-01
   2.6219766e-08   1.2375573e-01
