   0.0000000e+00   1.4094983e-03
   1.0000000e+00   1.1616452e-02
   2.0000000e+00   1.1628079e-02
   3.0000000e+00   1.1632245e-02
   4.0000000e+00   1.1636361e-02
   5.0000000e+00   1.1640430e-02
   6.0000000e+00   1.1644457e-02
   7.0000000e+00   1.1648438e-02
   8.0000000e+00   1.1652375e-02
   9.0000000e+00   1.1656269e-02
   1.0000000e+01   1.1660121e-02
   1.1000000e+01   1.1663932e-02
   1.2000000e+01   1.1667703e-02
   1.3000000e+01   1.1671432e-02
   1.4000000e+01   1.1675164e-02
   1.5000000e+01   1.1678891e-02
   1.6000000e+01   1.1682589e-02
   1.7000000e+01   1.1686257e-02
   1.8000000e+01   1.1689899e-02
   1.9000000e+01   1.1693511e-02
   2.0000000e+01   1.1697097e-02
   2.1000000e+01   1.1700656e-02
   2.2000000e+01   1.1704189e-02
   2.3000000e+01   1.1707696e-02
   2.4000000e+01   1.1711177e-02
   2.5000000e+01   1.1714634e-02
   2.6000000e+01   1.1718068e-02
   2.7000000e+01   1.1721477e-02
   2.8000000e+01   1.1724863e-02
   2.9000000e+01   1.1728225e-02
   3.0000000e+01   1.1731566e-02
   3.1000000e+01   1.1750826e-02
   3.2000000e+01   1.1770020e-02
   3.3000000e+01   1.1789149e-02
   3.4000000e+01   1.1808214e-02
   3.5000000e+01   1.1827214e-02
   3.6000000e+01   1.1846151e-02
   3.7000000e+01   1.1865027e-02
   3.8000000e+01   1.1883841e-02
   3.9000000e+01   1.1902594e-02
   4.0000000e+01   1.1921288e-02
   4.1000000e+01   1.1939923e-02
   4.2000000e+01   1.1958499e-02
   4.3000000e+01   1.1977017e-02
   4.4000000e+01   1.1995479e-02
   4.5000000e+01   1.2013885e-02
   4.6000000e+01   1.2032235e-02
   4.7000000e+01   1.2050530e-02
   4.8000000e+01   1.2068772e-02
   4.9000000e+01   1.2086960e-02
   5.0000000e+01   1.2105095e-02
   5.1000000e+01   1.2123180e-02
   5.2000000e+01   1.2141212e-02
   5.3000000e+01   1.2159195e-02
   5.4000000e+01   1.2177126e-02
   5.5000000e+01   1.2195010e-02
   5.6000000e+01   1.2212845e-02
   5.7000000e+01   1.2230632e-02
   5.8000000e+01   1.2248372e-02
   5.9000000e+01   1.2266065e-02
   6.0000000e+01   1.2283712e-02
   6.1000000e+01   1.2306692e-02
   6.2000000e+01   1.2329632e-02
   6.3000000e+01   1.2352536e-02
   6.4000000e+01   1.2375399e-02
   6.5000000e+01   1.2398227e-02
   6.6000000e+01   1.2421018e-02
   6.7000000e+01   1.2443779e-02
   6.8000000e+01   1.2466517e-02
   6.9000000e+01   1.2489215e-02
   7.0000000e+01   1.2511782e-02
   7.1000000e+01   1.2534293e-02
   7.2000000e+01   1.2556751e-02
   7.3000000e+01   1.2579155e-02
   7.4000000e+01   1.2601506e-02
   7.5000000e+01   1.2623806e-02
   7.6000000e+01   1.2646053e-02
   7.7000000e+01   1.2668250e-02
   7.8000000e+01   1.2690396e-02
   7.9000000e+01   1.2712494e-02
   8.0000000e+01   1.2734542e-02
   8.1000000e+01   1.2756541e-02
   8.2000000e+01   1.2778494e-02
   8.3000000e+01   1.2800399e-02
   8.4000000e+01   1.2822258e-02
   8.5000000e+01   1.2844073e-02
   8.6000000e+01   1.2865840e-02
   8.7000000e+01   1.2887565e-02
   8.8000000e+01   1.2909221e-02
   8.9000000e+01   1.2930647e-02
   9.0000000e+01   1.2952019e-02
   9.1000000e+01   1.2968737e-02
   9.2000000e+01   1.2985282e-02
   9.3000000e+01   1.3001625e-02
   9.4000000e+01   1.3017777e-02
   9.5000000e+01   1.3033741e-02
   9.6000000e+01   1.3049519e-02
   9.7000000e+01   1.3065113e-02
   9.8000000e+01   1.3080524e-02
   9.9000000e+01   1.3095758e-02
   1.0000000e+02   1.3110813e-02
   1.0100000e+02   1.3125692e-02
   1.0200000e+02   1.3140400e-02
   1.0300000e+02   1.3154936e-02
   1.0400000e+02   1.3169304e-02
   1.0500000e+02   1.3183504e-02
   1.0600000e+02   1.3197539e-02
   1.0700000e+02   1.3211413e-02
   1.0800000e+02   1.3225126e-02
   1.0900000e+02   1.3238679e-02
   1.1000000e+02   1.3252077e-02
   1.1100000e+02   1.3265318e-02
   1.1200000e+02   1.3278408e-02
   1.1300000e+02   1.3291347e-02
   1.1400000e+02   1.3304137e-02
   1.1500000e+02   1.3316779e-02
   1.1600000e+02   1.3329277e-02
   1.1700000e+02   1.3341631e-02
   1.1800000e+02   1.3353843e-02
   1.1900000e+02   1.3365917e-02
   1.2000000e+02   1.3377853e-02
   1.2100000e+02   1.3380427e-02
   1.2200000e+02   1.3383071e-02
   1.2300000e+02   1.3385786e-02
   1.2400000e+02   1.3388570e-02
   1.2500000e+02   1.3391424e-02
   1.2600000e+02   1.3394346e-02
   1.2700000e+02   1.3397335e-02
   1.2800000e+02   1.3400392e-02
   1.2900000e+02   1.3403515e-02
   1.3000000e+02   1.3406705e-02
   1.3100000e+02   1.3409961e-02
   1.3200000e+02   1.3413282e-02
   1.3300000e+02   1.3416667e-02
   1.3400000e+02   1.3420117e-02
   1.3500000e+02   1.3423630e-02
   1.3600000e+02   1.3427206e-02
   1.3700000e+02   1.3430845e-02
   1.3800000e+02   1.3434545e-02
   1.3900000e+02   1.3438309e-02
   1.4000000e+02   1.3442132e-02
   1.4100000e+02   1.3446016e-02
   1.4200000e+02   1.3449960e-02
   1.4300000e+02   1.3453964e-02
   1.4400000e+02   1.3458028e-02
   1.4500000e+02   1.3462150e-02
   1.4600000e+02   1.3466329e-02
   1.4700000e+02   1.3470567e-02
   1.4800000e+02   1.3474862e-02
   1.4900000e+02   1.3479213e-02
   1.5000000e+02   1.3483622e-02
   1.5100000e+02   1.3483392e-02
   1.5200000e+02   1.3483227e-02
   1.5300000e+02   1.3483128e-02
   1.5400000e+02   1.3483093e-02
   1.5500000e+02   1.3482936e-02
   1.5600000e+02   1.3482844e-02
   1.5700000e+02   1.3482833e-02
   1.5800000e+02   1.3482902e-02
   1.5900000e+02   1.3483051e-02
   1.6000000e+02   1.3483278e-02
   1.6100000e+02   1.3483582e-02
   1.6200000e+02   1.3483619e-02
   1.6300000e+02   1.3483484e-02
   1.6400000e+02   1.3483343e-02
   1.6500000e+02   1.3483194e-02
   1.6600000e+02   1.3483040e-02
   1.6700000e+02   1.3482881e-02
   1.6800000e+02   1.3482716e-02
   1.6900000e+02   1.3482546e-02
   1.7000000e+02   1.3482356e-02
   1.7100000e+02   1.3481786e-02
   1.7200000e+02   1.3481300e-02
   1.7300000e+02   1.3480901e-02
   1.7400000e+02   1.3480586e-02
   1.7500000e+02   1.3480355e-02
   1.7600000e+02   1.3480207e-02
   1.7700000e+02   1.3480141e-02
   1.7800000e+02   1.3480156e-02
   1.7900000e+02   1.3480251e-02
   1.8000000e+02   1.3480426e-02
   1.8100000e+02   1.3475835e-02
   1.8200000e+02   1.3471417e-02
   1.8300000e+02   1.3467171e-02
   1.8400000e+02   1.3463092e-02
   1.8500000e+02   1.3459180e-02
   1.8600000e+02   1.3455435e-02
   1.8700000e+02   1.3451852e-02
   1.8800000e+02   1.3448431e-02
   1.8900000e+02   1.3445171e-02
   1.9000000e+02   1.3442068e-02
   1.9100000e+02   1.3439123e-02
   1.9200000e+02   1.3436333e-02
   1.9300000e+02   1.3433696e-02
   1.9400000e+02   1.3431211e-02
   1.9500000e+02   1.3428876e-02
   1.9600000e+02   1.3426690e-02
   1.9700000e+02   1.3424651e-02
   1.9800000e+02   1.3422757e-02
   1.9900000e+02   1.3421007e-02
   2.0000000e+02   1.3419399e-02
   2.0100000e+02   1.3417932e-02
   2.0200000e+02   1.3416605e-02
   2.0300000e+02   1.3415415e-02
   2.0400000e+02   1.3414362e-02
   2.0500000e+02   1.3413443e-02
   2.0600000e+02   1.3412658e-02
   2.0700000e+02   1.3412005e-02
   2.0800000e+02   1.3411483e-02
   2.0900000e+02   1.3411089e-02
   2.1000000e+02   1.3410823e-02
   2.1100000e+02   1.3400024e-02
   2.1200000e+02   1.3389280e-02
   2.1300000e+02   1.3378593e-02
   2.1400000e+02   1.3367964e-02
   2.1500000e+02   1.3357389e-02
   2.1600000e+02   1.3346870e-02
   2.1700000e+02   1.3336399e-02
   2.1800000e+02   1.3325879e-02
   2.1900000e+02   1.3315423e-02
   2.2000000e+02   1.3305033e-02
   2.2100000e+02   1.3294704e-02
   2.2200000e+02   1.3284438e-02
   2.2300000e+02   1.3274236e-02
   2.2400000e+02   1.3264094e-02
   2.2500000e+02   1.3254014e-02
   2.2600000e+02   1.3243995e-02
   2.2700000e+02   1.3234034e-02
   2.2800000e+02   1.3224134e-02
   2.2900000e+02   1.3214292e-02
   2.3000000e+02   1.3204509e-02
   2.3100000e+02   1.3194785e-02
   2.3200000e+02   1.3185116e-02
   2.3300000e+02   1.3175506e-02
   2.3400000e+02   1.3165952e-02
   2.3500000e+02   1.3156453e-02
   2.3600000e+02   1.3147010e-02
   2.3700000e+02   1.3137621e-02
   2.3800000e+02   1.3128287e-02
   2.3900000e+02   1.3119007e-02
   2.4000000e+02   1.3109780e-02
   2.4100000e+02   1.3085763e-02
   2.4200000e+02   1.3061848e-02
   2.4300000e+02   1.3038035e-02
   2.4400000e+02   1.3014324e-02
   2.4500000e+02   1.2990712e-02
   2.4600000e+02   1.2967199e-02
   2.4700000e+02   1.2943785e-02
   2.4800000e+02   1.2920468e-02
   2.4900000e+02   1.2897247e-02
   2.5000000e+02   1.2874123e-02
   2.5100000e+02   1.2851092e-02
   2.5200000e+02   1.2828156e-02
   2.5300000e+02   1.2805314e-02
   2.5400000e+02   1.2782563e-02
   2.5500000e+02   1.2759904e-02
   2.5600000e+02   1.2737337e-02
   2.5700000e+02   1.2714859e-02
   2.5800000e+02   1.2692470e-02
   2.5900000e+02   1.2670170e-02
   2.6000000e+02   1.2647958e-02
   2.6100000e+02   1.2625832e-02
   2.6200000e+02   1.2603792e-02
   2.6300000e+02   1.2581838e-02
   2.6400000e+02   1.2559969e-02
   2.6500000e+02   1.2538183e-02
   2.6600000e+02   1.2516481e-02
   2.6700000e+02   1.2494862e-02
   2.6800000e+02   1.2473323e-02
   2.6900000e+02   1.2451867e-02
   2.7000000e+02   1.2430491e-02
   2.7100000e+02   1.2398642e-02
   2.7200000e+02   1.2366827e-02
   2.7300000e+02   1.2335046e-02
   2.7400000e+02   1.2303297e-02
   2.7500000e+02   1.2271584e-02
   2.7600000e+02   1.2239902e-02
   2.7700000e+02   1.2208253e-02
   2.7800000e+02   1.2176637e-02
   2.7900000e+02   1.2145052e-02
   2.8000000e+02   1.2113500e-02
   2.8100000e+02   1.2081980e-02
   2.8200000e+02   1.2050492e-02
   2.8300000e+02   1.2019034e-02
   2.8400000e+02   1.1987607e-02
   2.8500000e+02   1.1956212e-02
   2.8600000e+02   1.1924847e-02
   2.8700000e+02   1.1893513e-02
   2.8800000e+02   1.1862209e-02
   2.8900000e+02   1.1830934e-02
   2.9000000e+02   1.1799690e-02
   2.9100000e+02   1.1768475e-02
   2.9200000e+02   1.1737291e-02
   2.9300000e+02   1.1706134e-02
   2.9400000e+02   1.1675007e-02
   2.9500000e+02   1.1643908e-02
   2.9600000e+02   1.1612839e-02
   2.9700000e+02   1.1581796e-02
   2.9800000e+02   1.1550783e-02
   2.9900000e+02   1.1519797e-02
   3.0000000e+02   1.1488839e-02
   3.0100000e+02   1.1461609e-02
   3.0200000e+02   1.1434393e-02
   3.0300000e+02   1.1407190e-02
   3.0400000e+02   1.1380001e-02
   3.0500000e+02   1.1352824e-02
   3.0600000e+02   1.1325662e-02
   3.0700000e+02   1.1298512e-02
   3.0800000e+02   1.1271376e-02
   3.0900000e+02   1.1244252e-02
   3.1000000e+02   1.1217143e-02
   3.1100000e+02   1.1190046e-02
   3.1200000e+02   1.1162962e-02
   3.1300000e+02   1.1135890e-02
   3.1400000e+02   1.1108832e-02
   3.1500000e+02   1.1081785e-02
   3.1600000e+02   1.1054752e-02
   3.1700000e+02   1.1027731e-02
   3.1800000e+02   1.1000723e-02
   3.1900000e+02   1.0973726e-02
   3.2000000e+02   1.0946742e-02
   3.2100000e+02   1.0919770e-02
   3.2200000e+02   1.0892813e-02
   3.2300000e+02   1.0865870e-02
   3.2400000e+02   1.0838939e-02
   3.2500000e+02   1.0812020e-02
   3.2600000e+02   1.0785113e-02
   3.2700000e+02   1.0758218e-02
   3.2800000e+02   1.0731336e-02
   3.2900000e+02   1.0704465e-02
   3.3000000e+02   1.0677607e-02
   3.3100000e+02   1.0665013e-02
   3.3200000e+02   1.0652423e-02
   3.3300000e+02   1.0639837e-02
   3.3400000e+02   1.0627256e-02
   3.3500000e+02   1.0614677e-02
   3.3600000e+02   1.0602103e-02
   3.3700000e+02   1.0589531e-02
   3.3800000e+02   1.0576964e-02
   3.3900000e+02   1.0564401e-02
   3.4000000e+02   1.0551840e-02
   3.4100000e+02   1.0539285e-02
   3.4200000e+02   1.0526732e-02
   3.4300000e+02   1.0514183e-02
   3.4400000e+02   1.0501638e-02
   3.4500000e+02   1.0489096e-02
   3.4600000e+02   1.0476558e-02
   3.4700000e+02   1.0464023e-02
   3.4800000e+02   1.0451493e-02
   3.4900000e+02   1.0438966e-02
   3.5000000e+02   1.0426441e-02
   3.5100000e+02   1.0413922e-02
   3.5200000e+02   1.0401405e-02
   3.5300000e+02   1.0388892e-02
   3.5400000e+02   1.0376383e-02
   3.5500000e+02   1.0363877e-02
   3.5600000e+02   1.0351375e-02
   3.5700000e+02   1.0338875e-02
   3.5800000e+02   1.0326380e-02
   3.5900000e+02   1.0313888e-02
   2.6219766e-08   1.0301400e-02
