   0.0000000e+00   1.0894645e+02
   1.0000000e+00   2.0956148e+01
   2.0000000e+00   2.0872293e+01
   3.0000000e+00   2.0787886e+01
   4.0000000e+00   2.0702341e+01
   5.0000000e+00   2.0615623e+01
   6.0000000e+00   2.0527817e+01
   7.0000000e+00   2.0438828e+01
   8.0000000e+00   2.0348688e+01
   9.0000000e+00   2.0257463e+01
   1.0000000e+01   2.0165159e+01
   1.1000000e+01   2.0071985e+01
   1.2000000e+01   1.9977962e+01
   1.3000000e+01   1.9883009e+01
   1.4000000e+01   1.9787149e+01
   1.5000000e+01   1.9690413e+01
   1.6000000e+01   1.9592621e+01
   1.7000000e+01   1.9493435e+01
   1.8000000e+01   1.9393232e+01
   1.9000000e+01   1.9292280e+01
   2.0000000e+01   1.9190319e+01
   2.1000000e+01   1.9087126e+01
   2.2000000e+01   1.8982643e+01
   2.3000000e+01   1.8876612e+01
   2.4000000e+01   1.8769831e+01
   2.5000000e+01   1.8662392e+01
   2.6000000e+01   1.8554832e+01
   2.7000000e+01   1.8446913e+01
   2.8000000e+01   1.8338810e+01
   2.9000000e+01   1.8230473e+01
   3.0000000e+01   1.8121971e+01
   3.1000000e+01   1.8004662e+01
   3.2000000e+01   1.7884809e+01
   3.3000000e+01   1.7764112e+01
   3.4000000e+01   1.7642612e+01
   3.5000000e+01   1.7520121e+01
   3.6000000e+01   1.7396566e+01
   3.7000000e+01   1.7272242e+01
   3.8000000e+01   1.7146832e+01
   3.9000000e+01   1.7020201e+01
   4.0000000e+01   1.6892382e+01
   4.1000000e+01   1.6765156e+01
   4.2000000e+01   1.6639187e+01
   4.3000000e+01   1.6512383e+01
   4.4000000e+01   1.6385389e+01
   4.5000000e+01   1.6257586e+01
   4.6000000e+01   1.6128616e+01
   4.7000000e+01   1.5998414e+01
   4.8000000e+01   1.5867095e+01
   4.9000000e+01   1.5732619e+01
   5.0000000e+01   1.5590648e+01
   5.1000000e+01   1.5446520e+01
   5.2000000e+01   1.5300114e+01
   5.3000000e+01   1.5135461e+01
   5.4000000e+01   1.4957020e+01
   5.5000000e+01   1.4775787e+01
   5.6000000e+01   1.4591813e+01
   5.7000000e+01   1.4410096e+01
   5.8000000e+01   1.4225727e+01
   5.9000000e+01   1.4038766e+01
   6.0000000e+01   1.3846218e+01
   6.1000000e+01   1.3620231e+01
   6.2000000e+01   1.3397230e+01
   6.3000000e+01   1.3176109e+01
   6.4000000e+01   1.2957392e+01
   6.5000000e+01   1.2734681e+01
   6.6000000e+01   1.2516909e+01
   6.7000000e+01   1.2304788e+01
   6.8000000e+01   1.2098349e+01
   6.9000000e+01   1.1893806e+01
   7.0000000e+01   1.1691614e+01
   7.1000000e+01   1.1492926e+01
   7.2000000e+01   1.1297315e+01
   7.3000000e+01   1.1106096e+01
   7.4000000e+01   1.0918374e+01
   7.5000000e+01   1.0731342e+01
   7.6000000e+01   1.0540711e+01
   7.7000000e+01   1.0351535e+01
   7.8000000e+01   1.0163030e+01
   7.9000000e+01   9.9753361e+00
   8.0000000e+01   9.7890072e+00
   8.1000000e+01   9.6040363e+00
   8.2000000e+01   9.4129114e+00
   8.3000000e+01   9.2245960e+00
   8.4000000e+01   9.0397720e+00
   8.5000000e+01   8.8583984e+00
   8.6000000e+01   8.6804924e+00
   8.7000000e+01   8.5059042e+00
   8.8000000e+01   8.3351011e+00
   8.9000000e+01   8.1674414e+00
   9.0000000e+01   8.0035725e+00
   9.1000000e+01   7.8952746e+00
   9.2000000e+01   7.7909846e+00
   9.3000000e+01   7.6905737e+00
   9.4000000e+01   7.5938573e+00
   9.5000000e+01   7.5006652e+00
   9.6000000e+01   7.4110084e+00
   9.7000000e+01   7.3253174e+00
   9.8000000e+01   7.2425127e+00
   9.9000000e+01   7.1625128e+00
   1.0000000e+02   7.0852380e+00
   1.0100000e+02   7.0106010e+00
   1.0200000e+02   6.9385219e+00
   1.0300000e+02   6.8689699e+00
   1.0400000e+02   6.8018880e+00
   1.0500000e+02   6.7371421e+00
   1.0600000e+02   6.6745634e+00
   1.0700000e+02   6.6143951e+00
   1.0800000e+02   6.5565848e+00
   1.0900000e+02   6.5010853e+00
   1.1000000e+02   6.4478478e+00
   1.1100000e+02   6.3968287e+00
   1.1200000e+02   6.3479900e+00
   1.1300000e+02   6.3012900e+00
   1.1400000e+02   6.2565136e+00
   1.1500000e+02   6.2132988e+00
   1.1600000e+02   6.1725078e+00
   1.1700000e+02   6.1340179e+00
   1.1800000e+02   6.0977001e+00
   1.1900000e+02   6.0634322e+00
   1.2000000e+02   6.0310988e+00
   1.2100000e+02   6.0189929e+00
   1.2200000e+02   6.0072112e+00
   1.2300000e+02   5.9957433e+00
   1.2400000e+02   5.9845767e+00
   1.2500000e+02   5.9737024e+00
   1.2600000e+02   5.9631081e+00
   1.2700000e+02   5.9527831e+00
   1.2800000e+02   5.9427190e+00
   1.2900000e+02   5.9329100e+00
   1.3000000e+02   5.9233484e+00
   1.3100000e+02   5.9140263e+00
   1.3200000e+02   5.9049368e+00
   1.3300000e+02   5.8960729e+00
   1.3400000e+02   5.8874288e+00
   1.3500000e+02   5.8789997e+00
   1.3600000e+02   5.8707848e+00
   1.3700000e+02   5.8627787e+00
   1.3800000e+02   5.8549757e+00
   1.3900000e+02   5.8473749e+00
   1.4000000e+02   5.8399711e+00
   1.4100000e+02   5.8327632e+00
   1.4200000e+02   5.8257508e+00
   1.4300000e+02   5.8189330e+00
   1.4400000e+02   5.8123083e+00
   1.4500000e+02   5.8058753e+00
   1.4600000e+02   5.7996330e+00
   1.4700000e+02   5.7935786e+00
   1.4800000e+02   5.7877116e+00
   1.4900000e+02   5.7820306e+00
   1.5000000e+02   5.7765350e+00
   1.5100000e+02   5.7811265e+00
   1.5200000e+02   5.7859187e+00
   1.5300000e+02   5.7909136e+00
   1.5400000e+02   5.7961092e+00
   1.5500000e+02   5.8015046e+00
   1.5600000e+02   5.8071008e+00
   1.5700000e+02   5.8129010e+00
   1.5800000e+02   5.8189049e+00
   1.5900000e+02   5.8251100e+00
   1.6000000e+02   5.8315182e+00
   1.6100000e+02   5.8381295e+00
   1.6200000e+02   5.8449459e+00
   1.6300000e+02   5.8519669e+00
   1.6400000e+02   5.8591928e+00
   1.6500000e+02   5.8666229e+00
   1.6600000e+02   5.8742576e+00
   1.6700000e+02   5.8820982e+00
   1.6800000e+02   5.8901448e+00
   1.6900000e+02   5.8983974e+00
   1.7000000e+02   5.9068575e+00
   1.7100000e+02   5.9155250e+00
   1.7200000e+02   5.9243999e+00
   1.7300000e+02   5.9334836e+00
   1.7400000e+02   5.9427752e+00
   1.7500000e+02   5.9522758e+00
   1.7600000e+02   5.9619870e+00
   1.7700000e+02   5.9719100e+00
   1.7800000e+02   5.9820452e+00
   1.7900000e+02   5.9923935e+00
   1.8000000e+02   6.0029569e+00
   1.8100000e+02   6.0173335e+00
   1.8200000e+02   6.0319281e+00
   1.8300000e+02   6.0467434e+00
   1.8400000e+02   6.0617828e+00
   1.8500000e+02   6.0770478e+00
   1.8600000e+02   6.0925436e+00
   1.8700000e+02   6.1082721e+00
   1.8800000e+02   6.1242342e+00
   1.8900000e+02   6.1404309e+00
   1.9000000e+02   6.1568651e+00
   1.9100000e+02   6.1735387e+00
   1.9200000e+02   6.1904550e+00
   1.9300000e+02   6.2076154e+00
   1.9400000e+02   6.2250223e+00
   1.9500000e+02   6.2426763e+00
   1.9600000e+02   6.2605786e+00
   1.9700000e+02   6.2787309e+00
   1.9800000e+02   6.2971349e+00
   1.9900000e+02   6.3157930e+00
   2.0000000e+02   6.3347068e+00
   2.0100000e+02   6.3538771e+00
   2.0200000e+02   6.3733058e+00
   2.0300000e+02   6.3929944e+00
   2.0400000e+02   6.4129434e+00
   2.0500000e+02   6.4331551e+00
   2.0600000e+02   6.4536295e+00
   2.0700000e+02   6.4743676e+00
   2.0800000e+02   6.4953718e+00
   2.0900000e+02   6.5166416e+00
   2.1000000e+02   6.5381794e+00
   2.1100000e+02   6.5699649e+00
   2.1200000e+02   6.6015854e+00
   2.1300000e+02   6.6330585e+00
   2.1400000e+02   6.6644011e+00
   2.1500000e+02   6.6956301e+00
   2.1600000e+02   6.7267604e+00
   2.1700000e+02   6.7578077e+00
   2.1800000e+02   6.7887859e+00
   2.1900000e+02   6.8197093e+00
   2.2000000e+02   6.8505926e+00
   2.2100000e+02   6.8814492e+00
   2.2200000e+02   6.9122915e+00
   2.2300000e+02   6.9431310e+00
   2.2400000e+02   6.9739776e+00
   2.2500000e+02   7.0048413e+00
   2.2600000e+02   7.0357327e+00
   2.2700000e+02   7.0666614e+00
   2.2800000e+02   7.0976372e+00
   2.2900000e+02   7.1286702e+00
   2.3000000e+02   7.1597676e+00
   2.3100000e+02   7.1909404e+00
   2.3200000e+02   7.2221951e+00
   2.3300000e+02   7.2535405e+00
   2.3400000e+02   7.2849832e+00
   2.3500000e+02   7.3165278e+00
   2.3600000e+02   7.3481793e+00
   2.3700000e+02   7.3799410e+00
   2.3800000e+02   7.4118195e+00
   2.3900000e+02   7.4438195e+00
   2.4000000e+02   7.4759455e+00
   2.4100000e+02   7.5570021e+00
   2.4200000e+02   7.6383429e+00
   2.4300000e+02   7.7199621e+00
   2.4400000e+02   7.8017573e+00
   2.4500000e+02   7.8831544e+00
   2.4600000e+02   7.9649282e+00
   2.4700000e+02   8.0470877e+00
   2.4800000e+02   8.1296129e+00
   2.4900000e+02   8.2124853e+00
   2.5000000e+02   8.2956839e+00
   2.5100000e+02   8.3791904e+00
   2.5200000e+02   8.4629879e+00
   2.5300000e+02   8.5470619e+00
   2.5400000e+02   8.6313982e+00
   2.5500000e+02   8.7159834e+00
   2.5600000e+02   8.8008022e+00
   2.5700000e+02   8.8858433e+00
   2.5800000e+02   8.9710951e+00
   2.5900000e+02   9.0565434e+00
   2.6000000e+02   9.1421795e+00
   2.6100000e+02   9.2279921e+00
   2.6200000e+02   9.3139696e+00
   2.6300000e+02   9.4000988e+00
   2.6400000e+02   9.4863691e+00
   2.6500000e+02   9.5727701e+00
   2.6600000e+02   9.6592903e+00
   2.6700000e+02   9.7459183e+00
   2.6800000e+02   9.8326435e+00
   2.6900000e+02   9.9194555e+00
   2.7000000e+02   1.0006346e+01
   2.7100000e+02   1.0060383e+01
   2.7200000e+02   1.0114271e+01
   2.7300000e+02   1.0168008e+01
   2.7400000e+02   1.0221592e+01
   2.7500000e+02   1.0275020e+01
   2.7600000e+02   1.0328290e+01
   2.7700000e+02   1.0381398e+01
   2.7800000e+02   1.0434342e+01
   2.7900000e+02   1.0487120e+01
   2.8000000e+02   1.0539724e+01
   2.8100000e+02   1.0592155e+01
   2.8200000e+02   1.0644404e+01
   2.8300000e+02   1.0696470e+01
   2.8400000e+02   1.0748346e+01
   2.8500000e+02   1.0800030e+01
   2.8600000e+02   1.0851512e+01
   2.8700000e+02   1.0902789e+01
   2.8800000e+02   1.0953534e+01
   2.8900000e+02   1.1003942e+01
   2.9000000e+02   1.1054119e+01
   2.9100000e+02   1.1104072e+01
   2.9200000e+02   1.1153799e+01
   2.9300000e+02   1.1203298e+01
   2.9400000e+02   1.1252566e+01
   2.9500000e+02   1.1301619e+01
   2.9600000e+02   1.1350433e+01
   2.9700000e+02   1.1399003e+01
   2.9800000e+02   1.1447326e+01
   2.9900000e+02   1.1495399e+01
   3.0000000e+02   1.1543221e+01
   3.0100000e+02   1.1586058e+01
   3.0200000e+02   1.1628942e+01
   3.0300000e+02   1.1671857e+01
   3.0400000e+02   1.1714783e+01
   3.0500000e+02   1.1757701e+01
   3.0600000e+02   1.1800595e+01
   3.0700000e+02   1.1843448e+01
   3.0800000e+02   1.1886240e+01
   3.0900000e+02   1.1928944e+01
   3.1000000e+02   1.1971512e+01
   3.1100000e+02   1.2013973e+01
   3.1200000e+02   1.2056315e+01
   3.1300000e+02   1.2098525e+01
   3.1400000e+02   1.2140590e+01
   3.1500000e+02   1.2182496e+01
   3.1600000e+02   1.2224231e+01
   3.1700000e+02   1.2265779e+01
   3.1800000e+02   1.2307132e+01
   3.1900000e+02   1.2348273e+01
   3.2000000e+02   1.2389191e+01
   3.2100000e+02   1.2429873e+01
   3.2200000e+02   1.2470305e+01
   3.2300000e+02   1.2510477e+01
   3.2400000e+02   1.2550376e+01
   3.2500000e+02   1.2589989e+01
   3.2600000e+02   1.2629304e+01
   3.2700000e+02   1.2668309e+01
   3.2800000e+02   1.2706992e+01
   3.2900000e+02   1.2745339e+01
   3.3000000e+02   1.2783346e+01
   3.3100000e+02   1.2777555e+01
   3.3200000e+02   1.2771369e+01
   3.3300000e+02   1.2764784e+01
   3.3400000e+02   1.2757791e+01
   3.3500000e+02   1.2750383e+01
   3.3600000e+02   1.2742557e+01
   3.3700000e+02   1.2734323e+01
   3.3800000e+02   1.2725666e+01
   3.3900000e+02   1.2716559e+01
   3.4000000e+02   1.2706994e+01
   3.4100000e+02   1.2696959e+01
   3.4200000e+02   1.2686444e+01
   3.4300000e+02   1.2675441e+01
   3.4400000e+02   1.2663939e+01
   3.4500000e+02   1.2651929e+01
   3.4600000e+02   1.2639402e+01
   3.4700000e+02   1.2626352e+01
   3.4800000e+02   1.2612769e+01
   3.4900000e+02   1.2598645e+01
   3.5000000e+02   1.2583974e+01
   3.5100000e+02   1.2568748e+01
   3.5200000e+02   1.2552962e+01
   3.5300000e+02   1.2536607e+01
   3.5400000e+02   1.2519680e+01
   3.5500000e+02   1.2502174e+01
   3.5600000e+02   1.2484085e+01
   3.5700000e+02   1.2465405e+01
   3.5800000e+02   1.2446134e+01
   3.5900000e+02   1.2426263e+01
   7.1133672e-07   1.2405792e+01
   1.0000007e+00   1.2343417e+01
   2.0000007e+00   1.2280595e+01
   3.0000007e+00   1.2217339e+01
   4.0000010e+00   1.2153661e+01
   5.0000010e+00   1.2089574e+01
   6.0000010e+00   1.2025092e+01
   7.0000010e+00   1.1960226e+01
   8.0000010e+00   1.1894992e+01
   9.0000010e+00   1.1829403e+01
   1.0000001e+01   1.1763482e+01
   1.1000001e+01   1.1697238e+01
   1.2000001e+01   1.1630679e+01
   1.3000001e+01   1.1563820e+01
   1.4000001e+01   1.1496673e+01
   1.5000001e+01   1.1429252e+01
   1.6000000e+01   1.1361572e+01
   1.7000000e+01   1.1293648e+01
   1.8000000e+01   1.1225494e+01
   1.9000000e+01   1.1157126e+01
   2.0000000e+01   1.1088558e+01
   2.1000000e+01   1.1019806e+01
   2.2000000e+01   1.0950885e+01
   2.3000000e+01   1.0881811e+01
   2.4000000e+01   1.0812599e+01
   2.5000000e+01   1.0743264e+01
   2.6000000e+01   1.0673821e+01
   2.7000000e+01   1.0604289e+01
   2.8000000e+01   1.0534681e+01
   2.9000000e+01   1.0465014e+01
   3.0000000e+01   1.0395305e+01
   3.1000000e+01   1.0291080e+01
   3.2000000e+01   1.0186502e+01
   3.3000000e+01   1.0081594e+01
   3.4000000e+01   9.9763794e+00
   3.5000000e+01   9.8708820e+00
   3.6000000e+01   9.7651253e+00
   3.7000000e+01   9.6591320e+00
   3.8000000e+01   9.5529232e+00
   3.9000000e+01   9.4465227e+00
   4.0000000e+01   9.3399515e+00
   4.1000000e+01   9.2332306e+00
   4.2000000e+01   9.1263828e+00
   4.3000000e+01   9.0194263e+00
   4.4000000e+01   8.9123840e+00
   4.5000000e+01   8.8052740e+00
   4.6000000e+01   8.6981163e+00
   4.7000000e+01   8.5909309e+00
   4.8000000e+01   8.4837360e+00
   4.9000000e+01   8.3765497e+00
   5.0000000e+01   8.2693911e+00
   5.1000000e+01   8.1622772e+00
   5.2000000e+01   8.0552263e+00
   5.3000000e+01   7.9482541e+00
   5.4000000e+01   7.8413773e+00
   5.5000000e+01   7.7346120e+00
   5.6000000e+01   7.6279740e+00
   5.7000000e+01   7.5214791e+00
   5.8000000e+01   7.4151411e+00
   5.9000000e+01   7.3089752e+00
   6.0000000e+01   7.2029958e+00
   6.1000000e+01   7.1687579e+00
   6.2000000e+01   7.1346378e+00
   6.3000000e+01   7.1006374e+00
   6.4000000e+01   7.0667596e+00
   6.5000000e+01   7.0330076e+00
   6.6000000e+01   6.9993834e+00
   6.7000000e+01   6.9658904e+00
   6.8000000e+01   6.9325314e+00
   6.9000000e+01   6.8993087e+00
   7.0000000e+01   6.8662262e+00
   7.1000000e+01   6.8332858e+00
   7.2000000e+01   6.8004909e+00
   7.3000000e+01   6.7678437e+00
   7.4000000e+01   6.7353482e+00
   7.5000000e+01   6.7030058e+00
   7.6000000e+01   6.6708207e+00
   7.7000000e+01   6.6387944e+00
   7.8000000e+01   6.6069312e+00
   7.9000000e+01   6.5752325e+00
   8.0000000e+01   6.5437026e+00
   8.1000000e+01   6.5123420e+00
   8.2000000e+01   6.4811549e+00
   8.3000000e+01   6.4501429e+00
   8.4000000e+01   6.4193087e+00
   8.5000000e+01   6.3886547e+00
   8.6000000e+01   6.3581829e+00
   8.7000000e+01   6.3278961e+00
   8.8000000e+01   6.2977958e+00
   8.9000000e+01   6.2678852e+00
   9.0000000e+01   6.2381654e+00
   9.1000000e+01   6.2168326e+00
   9.2000000e+01   6.1955953e+00
   9.3000000e+01   6.1744576e+00
   9.4000000e+01   6.1534228e+00
   9.5000000e+01   6.1324940e+00
   9.6000000e+01   6.1116748e+00
   9.7000000e+01   6.0909686e+00
   9.8000000e+01   6.0703778e+00
   9.9000000e+01   6.0499058e+00
   1.0000000e+02   6.0295553e+00
   1.0100000e+02   6.0093303e+00
   1.0200000e+02   5.9892316e+00
   1.0300000e+02   5.9692636e+00
   1.0400000e+02   5.9494276e+00
   1.0500000e+02   5.9297266e+00
   1.0600000e+02   5.9101634e+00
   1.0700000e+02   5.8907394e+00
   1.0800000e+02   5.8714581e+00
   1.0900000e+02   5.8523207e+00
   1.1000000e+02   5.8333292e+00
   1.1100000e+02   5.8144870e+00
   1.1200000e+02   5.7957945e+00
   1.1300000e+02   5.7772546e+00
   1.1400000e+02   5.7588682e+00
   1.1500000e+02   5.7406378e+00
   1.1600000e+02   5.7225647e+00
   1.1700000e+02   5.7046499e+00
   1.1800000e+02   5.6868958e+00
   1.1900000e+02   5.6693029e+00
   1.2000000e+02   5.6518736e+00
   1.2100000e+02   5.6400576e+00
   1.2200000e+02   5.6283917e+00
   1.2300000e+02   5.6168785e+00
   1.2400000e+02   5.6055193e+00
   1.2500000e+02   5.5943146e+00
   1.2600000e+02   5.5832677e+00
   1.2700000e+02   5.5723782e+00
   1.2800000e+02   5.5616474e+00
   1.2900000e+02   5.5510778e+00
   1.3000000e+02   5.5406704e+00
   1.3100000e+02   5.5304255e+00
   1.3200000e+02   5.5203452e+00
   1.3300000e+02   5.5104294e+00
   1.3400000e+02   5.5006804e+00
   1.3500000e+02   5.4910989e+00
   1.3600000e+02   5.4816847e+00
   1.3700000e+02   5.4724407e+00
   1.3800000e+02   5.4633660e+00
   1.3900000e+02   5.4544625e+00
   1.4000000e+02   5.4457307e+00
   1.4100000e+02   5.4371715e+00
   1.4200000e+02   5.4287858e+00
   1.4300000e+02   5.4205737e+00
   1.4400000e+02   5.4125361e+00
   1.4500000e+02   5.4046736e+00
   1.4600000e+02   5.3969870e+00
   1.4700000e+02   5.3894763e+00
   1.4800000e+02   5.3821421e+00
   1.4900000e+02   5.3749847e+00
   1.5000000e+02   5.3680048e+00
   1.5100000e+02   5.3735323e+00
   1.5200000e+02   5.3792214e+00
   1.5300000e+02   5.3850741e+00
   1.5400000e+02   5.3910918e+00
   1.5500000e+02   5.3972759e+00
   1.5600000e+02   5.4036274e+00
   1.5700000e+02   5.4101481e+00
   1.5800000e+02   5.4168401e+00
   1.5900000e+02   5.4237041e+00
   1.6000000e+02   5.4307418e+00
   1.6100000e+02   5.4379539e+00
   1.6200000e+02   5.4453411e+00
   1.6300000e+02   5.4529057e+00
   1.6400000e+02   5.4606485e+00
   1.6500000e+02   5.4685702e+00
   1.6600000e+02   5.4766731e+00
   1.6700000e+02   5.4849577e+00
   1.6800000e+02   5.4934249e+00
   1.6900000e+02   5.5020761e+00
   1.7000000e+02   5.5109124e+00
   1.7100000e+02   5.5199351e+00
   1.7200000e+02   5.5291448e+00
   1.7300000e+02   5.5385427e+00
   1.7400000e+02   5.5481300e+00
   1.7500000e+02   5.5579076e+00
   1.7600000e+02   5.5678768e+00
   1.7700000e+02   5.5780382e+00
   1.7800000e+02   5.5883932e+00
   1.7900000e+02   5.5989418e+00
   1.8000000e+02   5.6096864e+00
   1.8100000e+02   5.6258960e+00
   1.8200000e+02   5.6423340e+00
   1.8300000e+02   5.6590009e+00
   1.8400000e+02   5.6758995e+00
   1.8500000e+02   5.6930299e+00
   1.8600000e+02   5.7103944e+00
   1.8700000e+02   5.7279940e+00
   1.8800000e+02   5.7458305e+00
   1.8900000e+02   5.7639046e+00
   1.9000000e+02   5.7822180e+00
   1.9100000e+02   5.8007722e+00
   1.9200000e+02   5.8195682e+00
   1.9300000e+02   5.8386078e+00
   1.9400000e+02   5.8578916e+00
   1.9500000e+02   5.8774214e+00
   1.9600000e+02   5.8971982e+00
   1.9700000e+02   5.9172235e+00
   1.9800000e+02   5.9374981e+00
   1.9900000e+02   5.9580231e+00
   2.0000000e+02   5.9788003e+00
   2.0100000e+02   5.9998307e+00
   2.0200000e+02   6.0211153e+00
   2.0300000e+02   6.0426550e+00
   2.0400000e+02   6.0644512e+00
   2.0500000e+02   6.0865049e+00
   2.0600000e+02   6.1088171e+00
   2.0700000e+02   6.1313887e+00
   2.0800000e+02   6.1542211e+00
   2.0900000e+02   6.1773148e+00
   2.1000000e+02   6.2006707e+00
   2.1100000e+02   6.2230196e+00
   2.1200000e+02   6.2456017e+00
   2.1300000e+02   6.2684183e+00
   2.1400000e+02   6.2914686e+00
   2.1500000e+02   6.3147545e+00
   2.1600000e+02   6.3382754e+00
   2.1700000e+02   6.3620329e+00
   2.1800000e+02   6.3860269e+00
   2.1900000e+02   6.4102569e+00
   2.2000000e+02   6.4347248e+00
   2.2100000e+02   6.4594297e+00
   2.2200000e+02   6.4843721e+00
   2.2300000e+02   6.5095525e+00
   2.2400000e+02   6.5349708e+00
   2.2500000e+02   6.5606260e+00
   2.2600000e+02   6.5865183e+00
   2.2700000e+02   6.6126466e+00
   2.2800000e+02   6.6390114e+00
   2.2900000e+02   6.6656122e+00
   2.3000000e+02   6.6924491e+00
   2.3100000e+02   6.7195215e+00
   2.3200000e+02   6.7468295e+00
   2.3300000e+02   6.7743721e+00
   2.3400000e+02   6.8021498e+00
   2.3500000e+02   6.8301606e+00
   2.3600000e+02   6.8584046e+00
   2.3700000e+02   6.8868814e+00
   2.3800000e+02   6.9155898e+00
   2.3900000e+02   6.9445295e+00
   2.4000000e+02   6.9736991e+00
   2.4100000e+02   7.0314565e+00
   2.4200000e+02   7.0893178e+00
   2.4300000e+02   7.1472826e+00
   2.4400000e+02   7.2053499e+00
   2.4500000e+02   7.2635179e+00
   2.4600000e+02   7.3217883e+00
   2.4700000e+02   7.3801584e+00
   2.4800000e+02   7.4385195e+00
   2.4900000e+02   7.4969215e+00
   2.5000000e+02   7.5554047e+00
   2.5100000e+02   7.6139741e+00
   2.5200000e+02   7.6726317e+00
   2.5300000e+02   7.7313809e+00
   2.5400000e+02   7.7902246e+00
   2.5500000e+02   7.8491645e+00
   2.5600000e+02   7.9082017e+00
   2.5700000e+02   7.9673390e+00
   2.5800000e+02   8.0265760e+00
   2.5900000e+02   8.0859137e+00
   2.6000000e+02   8.1453533e+00
   2.6100000e+02   8.2048941e+00
   2.6200000e+02   8.2645359e+00
   2.6300000e+02   8.3242769e+00
   2.6400000e+02   8.3841181e+00
   2.6500000e+02   8.4440575e+00
   2.6600000e+02   8.5040932e+00
   2.6700000e+02   8.5642233e+00
   2.6800000e+02   8.6244469e+00
   2.6900000e+02   8.6847601e+00
   2.7000000e+02   8.7451601e+00
   2.7100000e+02   8.8110180e+00
   2.7200000e+02   8.8771458e+00
   2.7300000e+02   8.9435329e+00
   2.7400000e+02   9.0101690e+00
   2.7500000e+02   9.0770473e+00
   2.7600000e+02   9.1441565e+00
   2.7700000e+02   9.2114868e+00
   2.7800000e+02   9.2790298e+00
   2.7900000e+02   9.3467751e+00
   2.8000000e+02   9.4147110e+00
   2.8100000e+02   9.4828310e+00
   2.8200000e+02   9.5511217e+00
   2.8300000e+02   9.6195736e+00
   2.8400000e+02   9.6881781e+00
   2.8500000e+02   9.7569227e+00
   2.8600000e+02   9.8257980e+00
   2.8700000e+02   9.8947945e+00
   2.8800000e+02   9.9638987e+00
   2.8900000e+02   1.0033101e+01
   2.9000000e+02   1.0102392e+01
   2.9100000e+02   1.0171759e+01
   2.9200000e+02   1.0241190e+01
   2.9300000e+02   1.0310676e+01
   2.9400000e+02   1.0380204e+01
   2.9500000e+02   1.0449763e+01
   2.9600000e+02   1.0519342e+01
   2.9700000e+02   1.0588929e+01
   2.9800000e+02   1.0658512e+01
   2.9900000e+02   1.0728079e+01
   3.0000000e+02   1.0797619e+01
   3.0100000e+02   1.0823089e+01
   3.0200000e+02   1.0848329e+01
   3.0300000e+02   1.0873328e+01
   3.0400000e+02   1.0898083e+01
   3.0500000e+02   1.0922584e+01
   3.0600000e+02   1.0946824e+01
   3.0700000e+02   1.0970797e+01
   3.0800000e+02   1.0994493e+01
   3.0900000e+02   1.1017908e+01
   3.1000000e+02   1.1041031e+01
   3.1100000e+02   1.1063856e+01
   3.1200000e+02   1.1086377e+01
   3.1300000e+02   1.1108583e+01
   3.1400000e+02   1.1130470e+01
   3.1500000e+02   1.1152029e+01
   3.1600000e+02   1.1173254e+01
   3.1700000e+02   1.1194137e+01
   3.1800000e+02   1.1214668e+01
   3.1900000e+02   1.1234845e+01
   3.2000000e+02   1.1254658e+01
   3.2100000e+02   1.1274100e+01
   3.2200000e+02   1.1293164e+01
   3.2300000e+02   1.1311845e+01
   3.2400000e+02   1.1330133e+01
   3.2500000e+02   1.1348023e+01
   3.2600000e+02   1.1365510e+01
   3.2700000e+02   1.1382586e+01
   3.2800000e+02   1.1399242e+01
   3.2900000e+02   1.1415477e+01
   3.3000000e+02   1.1431281e+01
   3.3100000e+02   1.1425961e+01
   3.3200000e+02   1.1420256e+01
   3.3300000e+02   1.1414161e+01
   3.3400000e+02   1.1407670e+01
   3.3500000e+02   1.1400779e+01
   3.3600000e+02   1.1393484e+01
   3.3700000e+02   1.1385778e+01
   3.3800000e+02   1.1377660e+01
   3.3900000e+02   1.1369124e+01
   3.4000000e+02   1.1360168e+01
   3.4100000e+02   1.1350786e+01
   3.4200000e+02   1.1340978e+01
   3.4300000e+02   1.1330739e+01
   3.4400000e+02   1.1320067e+01
   3.4500000e+02   1.1308959e+01
   3.4600000e+02   1.1297415e+01
   3.4700000e+02   1.1285431e+01
   3.4800000e+02   1.1273005e+01
   3.4900000e+02   1.1260139e+01
   3.5000000e+02   1.1246827e+01
   3.5100000e+02   1.1233072e+01
   3.5200000e+02   1.1218873e+01
   3.5300000e+02   1.1204230e+01
   3.5400000e+02   1.1189142e+01
   3.5500000e+02   1.1173611e+01
   3.5600000e+02   1.1157636e+01
   3.5700000e+02   1.1141218e+01
   3.5800000e+02   1.1124360e+01
   3.5900000e+02   1.1107063e+01
   1.4226848e-06   1.1089329e+01
