   0.0000000e+00  -5.4222943e-20
   1.0000000e+00   5.2478479e-04
   2.0000000e+00   4.7717942e-03
   3.0000000e+00   9.0303198e-03
   4.0000000e+00   1.3306608e-02
   5.0000000e+00   1.7600672e-02
   6.0000000e+00   2.1912338e-02
   7.0000000e+00   2.6241353e-02
   8.0000000e+00   3.0586535e-02
   9.0000000e+00   3.4947809e-02
   1.0000000e+01   3.9323561e-02
   1.1000000e+01   4.3711685e-02
   1.2000000e+01   4.8111796e-02
   1.3000000e+01   5.2523136e-02
   1.4000000e+01   5.6944460e-02
   1.5000000e+01   6.1374724e-02
   1.6000000e+01   6.5816797e-02
   1.7000000e+01   7.0271365e-02
   1.8000000e+01   7.4739970e-02
   1.9000000e+01   7.9222493e-02
   2.0000000e+01   8.3721660e-02
   2.1000000e+01   8.8240013e-02
   2.2000000e+01   9.2779405e-02
   2.3000000e+01   9.7339980e-02
   2.4000000e+01   1.0190669e-01
   2.5000000e+01   1.0647072e-01
   2.6000000e+01   1.1103043e-01
   2.7000000e+01   1.1558329e-01
   2.8000000e+01   1.2012727e-01
   2.9000000e+01   1.2466107e-01
   3.0000000e+01   1.2918392e-01
   3.1000000e+01   1.3431671e-01
   3.2000000e+01   1.3950343e-01
   3.3000000e+01   1.4473377e-01
   3.4000000e+01   1.5001288e-01
   3.5000000e+01   1.5534508e-01
   3.6000000e+01   1.6073474e-01
   3.7000000e+01   1.6618614e-01
   3.8000000e+01   1.7170732e-01
   3.9000000e+01   1.7730354e-01
   4.0000000e+01   1.8298049e-01
   4.1000000e+01   1.8874420e-01
   4.2000000e+01   1.9461077e-01
   4.3000000e+01   2.0060119e-01
   4.4000000e+01   2.0672733e-01
   4.5000000e+01   2.1300970e-01
   4.6000000e+01   2.1946131e-01
   4.7000000e+01   2.2609314e-01
   4.8000000e+01   2.3291698e-01
   4.9000000e+01   2.3994491e-01
   5.0000000e+01   2.4718076e-01
   5.1000000e+01   2.5461191e-01
   5.2000000e+01   2.6224589e-01
   5.3000000e+01   2.7008981e-01
   5.4000000e+01   2.7809229e-01
   5.5000000e+01   2.8621277e-01
   5.6000000e+01   2.9444727e-01
   5.7000000e+01   3.0279055e-01
   5.8000000e+01   3.1125438e-01
   5.9000000e+01   3.1983620e-01
   6.0000000e+01   3.2853344e-01
   6.1000000e+01   3.3827454e-01
   6.2000000e+01   3.4791470e-01
   6.3000000e+01   3.5745752e-01
   6.4000000e+01   3.6690316e-01
   6.5000000e+01   3.7625313e-01
   6.6000000e+01   3.8547522e-01
   6.7000000e+01   3.9457884e-01
   6.8000000e+01   4.0357801e-01
   6.9000000e+01   4.1248935e-01
   7.0000000e+01   4.2131183e-01
   7.1000000e+01   4.3004861e-01
   7.2000000e+01   4.3871197e-01
   7.3000000e+01   4.4731334e-01
   7.4000000e+01   4.5587143e-01
   7.5000000e+01   4.6440351e-01
   7.6000000e+01   4.7291452e-01
   7.7000000e+01   4.8139170e-01
   7.8000000e+01   4.8983741e-01
   7.9000000e+01   4.9824536e-01
   8.0000000e+01   5.0660938e-01
   8.1000000e+01   5.1492560e-01
   8.2000000e+01   5.2319014e-01
   8.3000000e+01   5.3134322e-01
   8.4000000e+01   5.3937590e-01
   8.5000000e+01   5.4728365e-01
   8.6000000e+01   5.5506277e-01
   8.7000000e+01   5.6271052e-01
   8.8000000e+01   5.7022280e-01
   8.9000000e+01   5.7759798e-01
   9.0000000e+01   5.8483344e-01
   9.1000000e+01   5.8912277e-01
   9.2000000e+01   5.9324497e-01
   9.3000000e+01   5.9720701e-01
   9.4000000e+01   6.0101563e-01
   9.5000000e+01   6.0467720e-01
   9.6000000e+01   6.0819757e-01
   9.7000000e+01   6.1158293e-01
   9.8000000e+01   6.1484325e-01
   9.9000000e+01   6.1798197e-01
   1.0000000e+02   6.2100220e-01
   1.0100000e+02   6.2390673e-01
   1.0200000e+02   6.2669826e-01
   1.0300000e+02   6.2937886e-01
   1.0400000e+02   6.3195074e-01
   1.0500000e+02   6.3441592e-01
   1.0600000e+02   6.3677555e-01
   1.0700000e+02   6.3902992e-01
   1.0800000e+02   6.4118081e-01
   1.0900000e+02   6.4323008e-01
   1.1000000e+02   6.4517933e-01
   1.1100000e+02   6.4703012e-01
   1.1200000e+02   6.4878386e-01
   1.1300000e+02   6.5044188e-01
   1.1400000e+02   6.5200579e-01
   1.1500000e+02   6.5347558e-01
   1.1600000e+02   6.5484923e-01
   1.1700000e+02   6.5613174e-01
   1.1800000e+02   6.5732789e-01
   1.1900000e+02   6.5844214e-01
   1.2000000e+02   6.5947884e-01
   1.2100000e+02   6.5961653e-01
   1.2200000e+02   6.5974766e-01
   1.2300000e+02   6.5987283e-01
   1.2400000e+02   6.5999258e-01
   1.2500000e+02   6.6010755e-01
   1.2600000e+02   6.6021830e-01
   1.2700000e+02   6.6032511e-01
   1.2800000e+02   6.6042852e-01
   1.2900000e+02   6.6052872e-01
   1.3000000e+02   6.6062611e-01
   1.3100000e+02   6.6072100e-01
   1.3200000e+02   6.6081387e-01
   1.3300000e+02   6.6090494e-01
   1.3400000e+02   6.6099459e-01
   1.3500000e+02   6.6108304e-01
   1.3600000e+02   6.6117036e-01
   1.3700000e+02   6.6125685e-01
   1.3800000e+02   6.6134274e-01
   1.3900000e+02   6.6142809e-01
   1.4000000e+02   6.6151333e-01
   1.4100000e+02   6.6159850e-01
   1.4200000e+02   6.6168350e-01
   1.4300000e+02   6.6176856e-01
   1.4400000e+02   6.6185373e-01
   1.4500000e+02   6.6193908e-01
   1.4600000e+02   6.6202474e-01
   1.4700000e+02   6.6211075e-01
   1.4800000e+02   6.6219729e-01
   1.4900000e+02   6.6228443e-01
   1.5000000e+02   6.6237223e-01
   1.5100000e+02   6.6193992e-01
   1.5200000e+02   6.6150647e-01
   1.5300000e+02   6.6107196e-01
   1.5400000e+02   6.6063648e-01
   1.5500000e+02   6.6020012e-01
   1.5600000e+02   6.5976292e-01
   1.5700000e+02   6.5932488e-01
   1.5800000e+02   6.5888596e-01
   1.5900000e+02   6.5844643e-01
   1.6000000e+02   6.5800619e-01
   1.6100000e+02   6.5756541e-01
   1.6200000e+02   6.5712410e-01
   1.6300000e+02   6.5668225e-01
   1.6400000e+02   6.5624011e-01
   1.6500000e+02   6.5579754e-01
   1.6600000e+02   6.5535462e-01
   1.6700000e+02   6.5491146e-01
   1.6800000e+02   6.5446800e-01
   1.6900000e+02   6.5402442e-01
   1.7000000e+02   6.5358073e-01
   1.7100000e+02   6.5313685e-01
   1.7200000e+02   6.5269291e-01
   1.7300000e+02   6.5224892e-01
   1.7400000e+02   6.5180486e-01
   1.7500000e+02   6.5136081e-01
   1.7600000e+02   6.5091676e-01
   1.7700000e+02   6.5047276e-01
   1.7800000e+02   6.5002871e-01
   1.7900000e+02   6.4958471e-01
   1.8000000e+02   6.4914078e-01
   1.8100000e+02   6.4854723e-01
   1.8200000e+02   6.4795351e-01
   1.8300000e+02   6.4735955e-01
   1.8400000e+02   6.4676523e-01
   1.8500000e+02   6.4617056e-01
   1.8600000e+02   6.4557546e-01
   1.8700000e+02   6.4497983e-01
   1.8800000e+02   6.4438379e-01
   1.8900000e+02   6.4378715e-01
   1.9000000e+02   6.4318991e-01
   1.9100000e+02   6.4259201e-01
   1.9200000e+02   6.4199346e-01
   1.9300000e+02   6.4139420e-01
   1.9400000e+02   6.4079428e-01
   1.9500000e+02   6.4019358e-01
   1.9600000e+02   6.3959217e-01
   1.9700000e+02   6.3898998e-01
   1.9800000e+02   6.3838702e-01
   1.9900000e+02   6.3778323e-01
   2.0000000e+02   6.3717866e-01
   2.0100000e+02   6.3657320e-01
   2.0200000e+02   6.3596690e-01
   2.0300000e+02   6.3535970e-01
   2.0400000e+02   6.3475162e-01
   2.0500000e+02   6.3414258e-01
   2.0600000e+02   6.3353270e-01
   2.0700000e+02   6.3292181e-01
   2.0800000e+02   6.3231003e-01
   2.0900000e+02   6.3169730e-01
   2.1000000e+02   6.3108361e-01
   2.1100000e+02   6.2999928e-01
   2.1200000e+02   6.2893552e-01
   2.1300000e+02   6.2789148e-01
   2.1400000e+02   6.2686622e-01
   2.1500000e+02   6.2585914e-01
   2.1600000e+02   6.2486947e-01
   2.1700000e+02   6.2389642e-01
   2.1800000e+02   6.2293947e-01
   2.1900000e+02   6.2199771e-01
   2.2000000e+02   6.2107074e-01
   2.2100000e+02   6.2015778e-01
   2.2200000e+02   6.1925822e-01
   2.2300000e+02   6.1837155e-01
   2.2400000e+02   6.1749738e-01
   2.2500000e+02   6.1663508e-01
   2.2600000e+02   6.1578429e-01
   2.2700000e+02   6.1494434e-01
   2.2800000e+02   6.1411488e-01
   2.2900000e+02   6.1329550e-01
   2.3000000e+02   6.1248565e-01
   2.3100000e+02   6.1168498e-01
   2.3200000e+02   6.1089301e-01
   2.3300000e+02   6.1010939e-01
   2.3400000e+02   6.0933375e-01
   2.3500000e+02   6.0856587e-01
   2.3600000e+02   6.0780549e-01
   2.3700000e+02   6.0705227e-01
   2.3800000e+02   6.0630596e-01
   2.3900000e+02   6.0556626e-01
   2.4000000e+02   6.0483289e-01
   2.4100000e+02   6.0091394e-01
   2.4200000e+02   5.9699547e-01
   2.4300000e+02   5.9307784e-01
   2.4400000e+02   5.8916128e-01
   2.4500000e+02   5.8524579e-01
   2.4600000e+02   5.8132952e-01
   2.4700000e+02   5.7741308e-01
   2.4800000e+02   5.7349724e-01
   2.4900000e+02   5.6958252e-01
   2.5000000e+02   5.6566966e-01
   2.5100000e+02   5.6175929e-01
   2.5200000e+02   5.5785185e-01
   2.5300000e+02   5.5394781e-01
   2.5400000e+02   5.5004770e-01
   2.5500000e+02   5.4615170e-01
   2.5600000e+02   5.4226041e-01
   2.5700000e+02   5.3837401e-01
   2.5800000e+02   5.3449291e-01
   2.5900000e+02   5.3061730e-01
   2.6000000e+02   5.2674758e-01
   2.6100000e+02   5.2288389e-01
   2.6200000e+02   5.1902646e-01
   2.6300000e+02   5.1517564e-01
   2.6400000e+02   5.1133162e-01
   2.6500000e+02   5.0749463e-01
   2.6600000e+02   5.0366485e-01
   2.6700000e+02   4.9984244e-01
   2.6800000e+02   4.9602768e-01
   2.6900000e+02   4.9222073e-01
   2.7000000e+02   4.8842162e-01
   2.7100000e+02   4.8658222e-01
   2.7200000e+02   4.8475817e-01
   2.7300000e+02   4.8294905e-01
   2.7400000e+02   4.8115468e-01
   2.7500000e+02   4.7937474e-01
   2.7600000e+02   4.7760886e-01
   2.7700000e+02   4.7585684e-01
   2.7800000e+02   4.7411832e-01
   2.7900000e+02   4.7239307e-01
   2.8000000e+02   4.7068077e-01
   2.8100000e+02   4.6898121e-01
   2.8200000e+02   4.6729407e-01
   2.8300000e+02   4.6561915e-01
   2.8400000e+02   4.6395615e-01
   2.8500000e+02   4.6230489e-01
   2.8600000e+02   4.6066511e-01
   2.8700000e+02   4.5903662e-01
   2.8800000e+02   4.5741919e-01
   2.8900000e+02   4.5581114e-01
   2.9000000e+02   4.5421165e-01
   2.9100000e+02   4.5262021e-01
   2.9200000e+02   4.5103633e-01
   2.9300000e+02   4.4945967e-01
   2.9400000e+02   4.4788978e-01
   2.9500000e+02   4.4632626e-01
   2.9600000e+02   4.4476873e-01
   2.9700000e+02   4.4321683e-01
   2.9800000e+02   4.4167006e-01
   2.9900000e+02   4.4012806e-01
   3.0000000e+02   4.3859041e-01
   3.0100000e+02   4.3732831e-01
   3.0200000e+02   4.3605831e-01
   3.0300000e+02   4.3478084e-01
   3.0400000e+02   4.3349627e-01
   3.0500000e+02   4.3220490e-01
   3.0600000e+02   4.3090719e-01
   3.0700000e+02   4.2960343e-01
   3.0800000e+02   4.2829400e-01
   3.0900000e+02   4.2697921e-01
   3.1000000e+02   4.2565933e-01
   3.1100000e+02   4.2433393e-01
   3.1200000e+02   4.2300320e-01
   3.1300000e+02   4.2166719e-01
   3.1400000e+02   4.2032605e-01
   3.1500000e+02   4.1897988e-01
   3.1600000e+02   4.1762879e-01
   3.1700000e+02   4.1627294e-01
   3.1800000e+02   4.1491237e-01
   3.1900000e+02   4.1354725e-01
   3.2000000e+02   4.1217771e-01
   3.2100000e+02   4.1080377e-01
   3.2200000e+02   4.0942559e-01
   3.2300000e+02   4.0804327e-01
   3.2400000e+02   4.0665692e-01
   3.2500000e+02   4.0526658e-01
   3.2600000e+02   4.0387240e-01
   3.2700000e+02   4.0247446e-01
   3.2800000e+02   4.0107289e-01
   3.2900000e+02   3.9966774e-01
   3.3000000e+02   3.9825916e-01
   3.3100000e+02   3.9913929e-01
   3.3200000e+02   4.0001506e-01
   3.3300000e+02   4.0088660e-01
   3.3400000e+02   4.0175402e-01
   3.3500000e+02   4.0261739e-01
   3.3600000e+02   4.0347680e-01
   3.3700000e+02   4.0433240e-01
   3.3800000e+02   4.0518472e-01
   3.3900000e+02   4.0603435e-01
   3.4000000e+02   4.0688160e-01
   3.4100000e+02   4.0772685e-01
   3.4200000e+02   4.0857041e-01
   3.4300000e+02   4.0941265e-01
   3.4400000e+02   4.1025391e-01
   3.4500000e+02   4.1109449e-01
   3.4600000e+02   4.1193479e-01
   3.4700000e+02   4.1277507e-01
   3.4800000e+02   4.1361573e-01
   3.4900000e+02   4.1445702e-01
   3.5000000e+02   4.1529930e-01
   3.5100000e+02   4.1614288e-01
   3.5200000e+02   4.1698804e-01
   3.5300000e+02   4.1783515e-01
   3.5400000e+02   4.1868448e-01
   3.5500000e+02   4.1953635e-01
   3.5600000e+02   4.2039108e-01
   3.5700000e+02   4.2124894e-01
   3.5800000e+02   4.2211026e-01
   3.5900000e+02   4.2297533e-01
   7.1133672e-07   4.2384443e-01
   1.0000007e+00   4.2671216e-01
   2.0000007e+00   4.2957345e-01
   3.0000007e+00   4.3242815e-01
   4.0000010e+00   4.3527609e-01
   5.0000010e+00   4.3811712e-01
   6.0000010e+00   4.4095108e-01
   7.0000010e+00   4.4377780e-01
   8.0000010e+00   4.4659710e-01
   9.0000010e+00   4.4940883e-01
   1.0000001e+01   4.5221284e-01
   1.1000001e+01   4.5500907e-01
   1.2000001e+01   4.5779744e-01
   1.3000001e+01   4.6057793e-01
   1.4000001e+01   4.6335039e-01
   1.5000001e+01   4.6611464e-01
   1.6000000e+01   4.6887061e-01
   1.7000000e+01   4.7161815e-01
   1.8000000e+01   4.7435716e-01
   1.9000000e+01   4.7708750e-01
   2.0000000e+01   4.7980899e-01
   2.1000000e+01   4.8252156e-01
   2.2000000e+01   4.8522502e-01
   2.3000000e+01   4.8791927e-01
   2.4000000e+01   4.9060416e-01
   2.5000000e+01   4.9327958e-01
   2.6000000e+01   4.9594533e-01
   2.7000000e+01   4.9860129e-01
   2.8000000e+01   5.0124735e-01
   2.9000000e+01   5.0388324e-01
   3.0000000e+01   5.0650889e-01
   3.1000000e+01   5.1091975e-01
   3.2000000e+01   5.1533538e-01
   3.3000000e+01   5.1975542e-01
   3.4000000e+01   5.2417958e-01
   3.5000000e+01   5.2860767e-01
   3.6000000e+01   5.3303933e-01
   3.7000000e+01   5.3747439e-01
   3.8000000e+01   5.4191250e-01
   3.9000000e+01   5.4635352e-01
   4.0000000e+01   5.5079716e-01
   4.1000000e+01   5.5524319e-01
   4.2000000e+01   5.5969149e-01
   4.3000000e+01   5.6414169e-01
   4.4000000e+01   5.6859374e-01
   4.5000000e+01   5.7304740e-01
   4.6000000e+01   5.7750249e-01
   4.7000000e+01   5.8195883e-01
   4.8000000e+01   5.8641624e-01
   4.9000000e+01   5.9087455e-01
   5.0000000e+01   5.9533364e-01
   5.1000000e+01   5.9979331e-01
   5.2000000e+01   6.0425341e-01
   5.3000000e+01   6.0871392e-01
   5.4000000e+01   6.1317450e-01
   5.5000000e+01   6.1763519e-01
   5.6000000e+01   6.2209582e-01
   5.7000000e+01   6.2655622e-01
   5.8000000e+01   6.3101637e-01
   5.9000000e+01   6.3547605e-01
   6.0000000e+01   6.3993520e-01
   6.1000000e+01   6.4083111e-01
   6.2000000e+01   6.4172226e-01
   6.3000000e+01   6.4260876e-01
   6.4000000e+01   6.4349067e-01
   6.5000000e+01   6.4436817e-01
   6.6000000e+01   6.4524132e-01
   6.7000000e+01   6.4611030e-01
   6.8000000e+01   6.4697528e-01
   6.9000000e+01   6.4783627e-01
   7.0000000e+01   6.4869350e-01
   7.1000000e+01   6.4954698e-01
   7.2000000e+01   6.5039676e-01
   7.3000000e+01   6.5124309e-01
   7.4000000e+01   6.5208596e-01
   7.5000000e+01   6.5292555e-01
   7.6000000e+01   6.5376180e-01
   7.7000000e+01   6.5459490e-01
   7.8000000e+01   6.5542489e-01
   7.9000000e+01   6.5625191e-01
   8.0000000e+01   6.5707588e-01
   8.1000000e+01   6.5789700e-01
   8.2000000e+01   6.5871531e-01
   8.3000000e+01   6.5953082e-01
   8.4000000e+01   6.6034365e-01
   8.5000000e+01   6.6115391e-01
   8.6000000e+01   6.6196156e-01
   8.7000000e+01   6.6276670e-01
   8.8000000e+01   6.6356939e-01
   8.9000000e+01   6.6436964e-01
   9.0000000e+01   6.6516757e-01
   9.1000000e+01   6.6557783e-01
   9.2000000e+01   6.6598880e-01
   9.3000000e+01   6.6640061e-01
   9.4000000e+01   6.6681319e-01
   9.5000000e+01   6.6722661e-01
   9.6000000e+01   6.6764081e-01
   9.7000000e+01   6.6805577e-01
   9.8000000e+01   6.6847157e-01
   9.9000000e+01   6.6888809e-01
   1.0000000e+02   6.6930544e-01
   1.0100000e+02   6.6972357e-01
   1.0200000e+02   6.7014247e-01
   1.0300000e+02   6.7056221e-01
   1.0400000e+02   6.7098272e-01
   1.0500000e+02   6.7140394e-01
   1.0600000e+02   6.7182600e-01
   1.0700000e+02   6.7224884e-01
   1.0800000e+02   6.7267245e-01
   1.0900000e+02   6.7309684e-01
   1.1000000e+02   6.7352200e-01
   1.1100000e+02   6.7394793e-01
   1.1200000e+02   6.7437458e-01
   1.1300000e+02   6.7480201e-01
   1.1400000e+02   6.7523026e-01
   1.1500000e+02   6.7565924e-01
   1.1600000e+02   6.7608899e-01
   1.1700000e+02   6.7651951e-01
   1.1800000e+02   6.7695075e-01
   1.1900000e+02   6.7738277e-01
   1.2000000e+02   6.7781556e-01
   1.2100000e+02   6.7798531e-01
   1.2200000e+02   6.7815542e-01
   1.2300000e+02   6.7832601e-01
   1.2400000e+02   6.7849690e-01
   1.2500000e+02   6.7866814e-01
   1.2600000e+02   6.7883974e-01
   1.2700000e+02   6.7901182e-01
   1.2800000e+02   6.7918420e-01
   1.2900000e+02   6.7935699e-01
   1.3000000e+02   6.7953020e-01
   1.3100000e+02   6.7970377e-01
   1.3200000e+02   6.7987770e-01
   1.3300000e+02   6.8005198e-01
   1.3400000e+02   6.8022668e-01
   1.3500000e+02   6.8040174e-01
   1.3600000e+02   6.8057716e-01
   1.3700000e+02   6.8075299e-01
   1.3800000e+02   6.8092918e-01
   1.3900000e+02   6.8110567e-01
   1.4000000e+02   6.8128258e-01
   1.4100000e+02   6.8145984e-01
   1.4200000e+02   6.8163747e-01
   1.4300000e+02   6.8181545e-01
   1.4400000e+02   6.8199378e-01
   1.4500000e+02   6.8217248e-01
   1.4600000e+02   6.8235153e-01
   1.4700000e+02   6.8253094e-01
   1.4800000e+02   6.8271071e-01
   1.4900000e+02   6.8289077e-01
   1.5000000e+02   6.8307132e-01
   1.5100000e+02   6.8257880e-01
   1.5200000e+02   6.8208653e-01
   1.5300000e+02   6.8159449e-01
   1.5400000e+02   6.8110269e-01
   1.5500000e+02   6.8061119e-01
   1.5600000e+02   6.8011987e-01
   1.5700000e+02   6.7962879e-01
   1.5800000e+02   6.7913800e-01
   1.5900000e+02   6.7864740e-01
   1.6000000e+02   6.7815709e-01
   1.6100000e+02   6.7766696e-01
   1.6200000e+02   6.7717707e-01
   1.6300000e+02   6.7668748e-01
   1.6400000e+02   6.7619818e-01
   1.6500000e+02   6.7570901e-01
   1.6600000e+02   6.7522019e-01
   1.6700000e+02   6.7473161e-01
   1.6800000e+02   6.7424327e-01
   1.6900000e+02   6.7375517e-01
   1.7000000e+02   6.7326736e-01
   1.7100000e+02   6.7277980e-01
   1.7200000e+02   6.7229253e-01
   1.7300000e+02   6.7180550e-01
   1.7400000e+02   6.7131871e-01
   1.7500000e+02   6.7083222e-01
   1.7600000e+02   6.7034596e-01
   1.7700000e+02   6.6986006e-01
   1.7800000e+02   6.6937435e-01
   1.7900000e+02   6.6888893e-01
   1.8000000e+02   6.6840374e-01
   1.8100000e+02   6.6763777e-01
   1.8200000e+02   6.6687042e-01
   1.8300000e+02   6.6610163e-01
   1.8400000e+02   6.6533148e-01
   1.8500000e+02   6.6455996e-01
   1.8600000e+02   6.6378701e-01
   1.8700000e+02   6.6301262e-01
   1.8800000e+02   6.6223687e-01
   1.8900000e+02   6.6145974e-01
   1.9000000e+02   6.6068119e-01
   1.9100000e+02   6.5990126e-01
   1.9200000e+02   6.5911996e-01
   1.9300000e+02   6.5833724e-01
   1.9400000e+02   6.5755314e-01
   1.9500000e+02   6.5676761e-01
   1.9600000e+02   6.5598077e-01
   1.9700000e+02   6.5519249e-01
   1.9800000e+02   6.5440279e-01
   1.9900000e+02   6.5361178e-01
   2.0000000e+02   6.5281934e-01
   2.0100000e+02   6.5202546e-01
   2.0200000e+02   6.5123022e-01
   2.0300000e+02   6.5043360e-01
   2.0400000e+02   6.4963561e-01
   2.0500000e+02   6.4883620e-01
   2.0600000e+02   6.4803535e-01
   2.0700000e+02   6.4723319e-01
   2.0800000e+02   6.4642960e-01
   2.0900000e+02   6.4562458e-01
   2.1000000e+02   6.4481819e-01
   2.1100000e+02   6.4409339e-01
   2.1200000e+02   6.4336884e-01
   2.1300000e+02   6.4264464e-01
   2.1400000e+02   6.4192075e-01
   2.1500000e+02   6.4119714e-01
   2.1600000e+02   6.4047384e-01
   2.1700000e+02   6.3975084e-01
   2.1800000e+02   6.3902813e-01
   2.1900000e+02   6.3830572e-01
   2.2000000e+02   6.3758361e-01
   2.2100000e+02   6.3686174e-01
   2.2200000e+02   6.3614023e-01
   2.2300000e+02   6.3541901e-01
   2.2400000e+02   6.3469803e-01
   2.2500000e+02   6.3397741e-01
   2.2600000e+02   6.3325715e-01
   2.2700000e+02   6.3253719e-01
   2.2800000e+02   6.3181758e-01
   2.2900000e+02   6.3109833e-01
   2.3000000e+02   6.3037944e-01
   2.3100000e+02   6.2966084e-01
   2.3200000e+02   6.2894255e-01
   2.3300000e+02   6.2822461e-01
   2.3400000e+02   6.2750703e-01
   2.3500000e+02   6.2678975e-01
   2.3600000e+02   6.2607282e-01
   2.3700000e+02   6.2535614e-01
   2.3800000e+02   6.2463987e-01
   2.3900000e+02   6.2392384e-01
   2.4000000e+02   6.2320811e-01
   2.4100000e+02   6.2078565e-01
   2.4200000e+02   6.1837310e-01
   2.4300000e+02   6.1597025e-01
   2.4400000e+02   6.1357731e-01
   2.4500000e+02   6.1119413e-01
   2.4600000e+02   6.0882074e-01
   2.4700000e+02   6.0645717e-01
   2.4800000e+02   6.0410339e-01
   2.4900000e+02   6.0175878e-01
   2.5000000e+02   5.9942281e-01
   2.5100000e+02   5.9709525e-01
   2.5200000e+02   5.9477574e-01
   2.5300000e+02   5.9246421e-01
   2.5400000e+02   5.9016037e-01
   2.5500000e+02   5.8786392e-01
   2.5600000e+02   5.8557475e-01
   2.5700000e+02   5.8329254e-01
   2.5800000e+02   5.8101726e-01
   2.5900000e+02   5.7874858e-01
   2.6000000e+02   5.7648641e-01
   2.6100000e+02   5.7423055e-01
   2.6200000e+02   5.7198089e-01
   2.6300000e+02   5.6973720e-01
   2.6400000e+02   5.6749934e-01
   2.6500000e+02   5.6526726e-01
   2.6600000e+02   5.6304073e-01
   2.6700000e+02   5.6081969e-01
   2.6800000e+02   5.5860400e-01
   2.6900000e+02   5.5639350e-01
   2.7000000e+02   5.5418807e-01
   2.7100000e+02   5.5149037e-01
   2.7200000e+02   5.4878592e-01
   2.7300000e+02   5.4607487e-01
   2.7400000e+02   5.4335755e-01
   2.7500000e+02   5.4063398e-01
   2.7600000e+02   5.3790444e-01
   2.7700000e+02   5.3516906e-01
   2.7800000e+02   5.3242797e-01
   2.7900000e+02   5.2968127e-01
   2.8000000e+02   5.2692914e-01
   2.8100000e+02   5.2417171e-01
   2.8200000e+02   5.2140915e-01
   2.8300000e+02   5.1864153e-01
   2.8400000e+02   5.1586902e-01
   2.8500000e+02   5.1309168e-01
   2.8600000e+02   5.1030958e-01
   2.8700000e+02   5.0752294e-01
   2.8800000e+02   5.0473177e-01
   2.8900000e+02   5.0193626e-01
   2.9000000e+02   4.9913636e-01
   2.9100000e+02   4.9633229e-01
   2.9200000e+02   4.9352404e-01
   2.9300000e+02   4.9071178e-01
   2.9400000e+02   4.8789549e-01
   2.9500000e+02   4.8507532e-01
   2.9600000e+02   4.8225132e-01
   2.9700000e+02   4.7942355e-01
   2.9800000e+02   4.7659209e-01
   2.9900000e+02   4.7375700e-01
   3.0000000e+02   4.7091833e-01
   3.0100000e+02   4.7059643e-01
   3.0200000e+02   4.7027820e-01
   3.0300000e+02   4.6996352e-01
   3.0400000e+02   4.6965230e-01
   3.0500000e+02   4.6934444e-01
   3.0600000e+02   4.6903989e-01
   3.0700000e+02   4.6873856e-01
   3.0800000e+02   4.6844038e-01
   3.0900000e+02   4.6814528e-01
   3.1000000e+02   4.6785319e-01
   3.1100000e+02   4.6756402e-01
   3.1200000e+02   4.6727774e-01
   3.1300000e+02   4.6699423e-01
   3.1400000e+02   4.6671346e-01
   3.1500000e+02   4.6643537e-01
   3.1600000e+02   4.6615988e-01
   3.1700000e+02   4.6588692e-01
   3.1800000e+02   4.6561643e-01
   3.1900000e+02   4.6534836e-01
   3.2000000e+02   4.6508265e-01
   3.2100000e+02   4.6481925e-01
   3.2200000e+02   4.6455809e-01
   3.2300000e+02   4.6429914e-01
   3.2400000e+02   4.6404234e-01
   3.2500000e+02   4.6378765e-01
   3.2600000e+02   4.6353498e-01
   3.2700000e+02   4.6328431e-01
   3.2800000e+02   4.6303558e-01
   3.2900000e+02   4.6278879e-01
   3.3000000e+02   4.6254385e-01
   3.3100000e+02   4.6331581e-01
   3.3200000e+02   4.6408516e-01
   3.3300000e+02   4.6485195e-01
   3.3400000e+02   4.6561620e-01
   3.3500000e+02   4.6637794e-01
   3.3600000e+02   4.6713728e-01
   3.3700000e+02   4.6789417e-01
   3.3800000e+02   4.6864873e-01
   3.3900000e+02   4.6940094e-01
   3.4000000e+02   4.7015092e-01
   3.4100000e+02   4.7089860e-01
   3.4200000e+02   4.7164410e-01
   3.4300000e+02   4.7238746e-01
   3.4400000e+02   4.7312865e-01
   3.4500000e+02   4.7386777e-01
   3.4600000e+02   4.7460482e-01
   3.4700000e+02   4.7533986e-01
   3.4800000e+02   4.7607288e-01
   3.4900000e+02   4.7680399e-01
   3.5000000e+02   4.7753316e-01
   3.5100000e+02   4.7826043e-01
   3.5200000e+02   4.7898588e-01
   3.5300000e+02   4.7970945e-01
   3.5400000e+02   4.8043123e-01
   3.5500000e+02   4.8115122e-01
   3.5600000e+02   4.8186946e-01
   3.5700000e+02   4.8258597e-01
   3.5800000e+02   4.8330078e-01
   3.5900000e+02   4.8401389e-01
   1.4226848e-06   4.8472536e-01
