   0.0000000e+00   1.5095737e+04
   1.0000000e+00   3.9354914e+04
   2.0000000e+00   3.9334000e+04
   3.0000000e+00   3.9313203e+04
   4.0000000e+00   3.9293602e+04
   5.0000000e+00   3.9275328e+04
   6.0000000e+00   3.9258211e+04
   7.0000000e+00   3.9242480e+04
   8.0000000e+00   3.9228180e+04
   9.0000000e+00   3.9215160e+04
   1.0000000e+01   3.9203539e+04
   1.1000000e+01   3.9192953e+04
   1.2000000e+01   3.9183371e+04
   1.3000000e+01   3.9175039e+04
   1.4000000e+01   3.9168008e+04
   1.5000000e+01   3.9162309e+04
   1.6000000e+01   3.9158254e+04
   1.7000000e+01   3.9156766e+04
   1.8000000e+01   3.9156762e+04
   1.9000000e+01   3.9157496e+04
   2.0000000e+01   3.9159563e+04
   2.1000000e+01   3.9163547e+04
   2.2000000e+01   3.9169492e+04
   2.3000000e+01   3.9177863e+04
   2.4000000e+01   3.9187648e+04
   2.5000000e+01   3.9199441e+04
   2.6000000e+01   3.9211656e+04
   2.7000000e+01   3.9225250e+04
   2.8000000e+01   3.9239895e+04
   2.9000000e+01   3.9255875e+04
   3.0000000e+01   3.9273098e+04
   3.1000000e+01   3.9281172e+04
   3.2000000e+01   3.9292703e+04
   3.3000000e+01   3.9304383e+04
   3.4000000e+01   3.9315742e+04
   3.5000000e+01   3.9327066e+04
   3.6000000e+01   3.9338297e+04
   3.7000000e+01   3.9348590e+04
   3.8000000e+01   3.9358199e+04
   3.9000000e+01   3.9367258e+04
   4.0000000e+01   3.9375270e+04
   4.1000000e+01   3.9377586e+04
   4.2000000e+01   3.9371617e+04
   4.3000000e+01   3.9361301e+04
   4.4000000e+01   3.9344273e+04
   4.5000000e+01   3.9320688e+04
   4.6000000e+01   3.9290711e+04
   4.7000000e+01   3.9253848e+04
   4.8000000e+01   3.9208887e+04
   4.9000000e+01   3.9160188e+04
   5.0000000e+01   3.9118551e+04
   5.1000000e+01   3.9070977e+04
   5.2000000e+01   3.9017125e+04
   5.3000000e+01   3.8998684e+04
   5.4000000e+01   3.9008004e+04
   5.5000000e+01   3.9018762e+04
   5.6000000e+01   3.9031035e+04
   5.7000000e+01   3.9030586e+04
   5.8000000e+01   3.9030641e+04
   5.9000000e+01   3.9031254e+04
   6.0000000e+01   3.9041645e+04
   6.1000000e+01   3.9094559e+04
   6.2000000e+01   3.9146773e+04
   6.3000000e+01   3.9200523e+04
   6.4000000e+01   3.9254336e+04
   6.5000000e+01   3.9329949e+04
   6.6000000e+01   3.9400281e+04
   6.7000000e+01   3.9462418e+04
   6.8000000e+01   3.9515211e+04
   6.9000000e+01   3.9567996e+04
   7.0000000e+01   3.9619793e+04
   7.1000000e+01   3.9667262e+04
   7.2000000e+01   3.9710805e+04
   7.3000000e+01   3.9745598e+04
   7.4000000e+01   3.9772797e+04
   7.5000000e+01   3.9801012e+04
   7.6000000e+01   3.9851223e+04
   7.7000000e+01   3.9900199e+04
   7.8000000e+01   3.9951207e+04
   7.9000000e+01   4.0004246e+04
   8.0000000e+01   4.0057883e+04
   8.1000000e+01   4.0112391e+04
   8.2000000e+01   4.0204199e+04
   8.3000000e+01   4.0297609e+04
   8.4000000e+01   4.0389781e+04
   8.5000000e+01   4.0481105e+04
   8.6000000e+01   4.0571574e+04
   8.7000000e+01   4.0662031e+04
   8.8000000e+01   4.0751207e+04
   8.9000000e+01   4.0841738e+04
   9.0000000e+01   4.0931168e+04
   9.1000000e+01   4.1042582e+04
   9.2000000e+01   4.1152355e+04
   9.3000000e+01   4.1260387e+04
   9.4000000e+01   4.1366883e+04
   9.5000000e+01   4.1472055e+04
   9.6000000e+01   4.1575398e+04
   9.7000000e+01   4.1674211e+04
   9.8000000e+01   4.1772504e+04
   9.9000000e+01   4.1870348e+04
   1.0000000e+02   4.1967875e+04
   1.0100000e+02   4.2065254e+04
   1.0200000e+02   4.2162582e+04
   1.0300000e+02   4.2259750e+04
   1.0400000e+02   4.2356809e+04
   1.0500000e+02   4.2454242e+04
   1.0600000e+02   4.2552836e+04
   1.0700000e+02   4.2651219e+04
   1.0800000e+02   4.2749402e+04
   1.0900000e+02   4.2847477e+04
   1.1000000e+02   4.2945375e+04
   1.1100000e+02   4.3043105e+04
   1.1200000e+02   4.3140637e+04
   1.1300000e+02   4.3237961e+04
   1.1400000e+02   4.3336188e+04
   1.1500000e+02   4.3437570e+04
   1.1600000e+02   4.3536855e+04
   1.1700000e+02   4.3634027e+04
   1.1800000e+02   4.3729156e+04
   1.1900000e+02   4.3822332e+04
   1.2000000e+02   4.3913641e+04
   1.2100000e+02   4.3984543e+04
   1.2200000e+02   4.4054457e+04
   1.2300000e+02   4.4123340e+04
   1.2400000e+02   4.4191152e+04
   1.2500000e+02   4.4257930e+04
   1.2600000e+02   4.4323641e+04
   1.2700000e+02   4.4388293e+04
   1.2800000e+02   4.4451871e+04
   1.2900000e+02   4.4514352e+04
   1.3000000e+02   4.4575723e+04
   1.3100000e+02   4.4635977e+04
   1.3200000e+02   4.4695105e+04
   1.3300000e+02   4.4753094e+04
   1.3400000e+02   4.4809934e+04
   1.3500000e+02   4.4865617e+04
   1.3600000e+02   4.4920121e+04
   1.3700000e+02   4.4973445e+04
   1.3800000e+02   4.5025609e+04
   1.3900000e+02   4.5076574e+04
   1.4000000e+02   4.5126375e+04
   1.4100000e+02   4.5174918e+04
   1.4200000e+02   4.5222195e+04
   1.4300000e+02   4.5268195e+04
   1.4400000e+02   4.5312918e+04
   1.4500000e+02   4.5356332e+04
   1.4600000e+02   4.5398449e+04
   1.4700000e+02   4.5439250e+04
   1.4800000e+02   4.5478719e+04
   1.4900000e+02   4.5516840e+04
   1.5000000e+02   4.5553590e+04
   1.5100000e+02   4.5584695e+04
   1.5200000e+02   4.5614430e+04
   1.5300000e+02   4.5642789e+04
   1.5400000e+02   4.5669762e+04
   1.5500000e+02   4.5695324e+04
   1.5600000e+02   4.5719434e+04
   1.5700000e+02   4.5742117e+04
   1.5800000e+02   4.5763355e+04
   1.5900000e+02   4.5783191e+04
   1.6000000e+02   4.5801590e+04
   1.6100000e+02   4.5818520e+04
   1.6200000e+02   4.5833973e+04
   1.6300000e+02   4.5847941e+04
   1.6400000e+02   4.5860434e+04
   1.6500000e+02   4.5871457e+04
   1.6600000e+02   4.5880992e+04
   1.6700000e+02   4.5889016e+04
   1.6800000e+02   4.5895520e+04
   1.6900000e+02   4.5900500e+04
   1.7000000e+02   4.5903953e+04
   1.7100000e+02   4.5905871e+04
   1.7200000e+02   4.5906254e+04
   1.7300000e+02   4.5905090e+04
   1.7400000e+02   4.5902410e+04
   1.7500000e+02   4.5898207e+04
   1.7600000e+02   4.5892457e+04
   1.7700000e+02   4.5885160e+04
   1.7800000e+02   4.5876313e+04
   1.7900000e+02   4.5865910e+04
   1.8000000e+02   4.5853961e+04
   1.8100000e+02   4.5833957e+04
   1.8200000e+02   4.5812461e+04
   1.8300000e+02   4.5789473e+04
   1.8400000e+02   4.5764992e+04
   1.8500000e+02   4.5739020e+04
   1.8600000e+02   4.5711578e+04
   1.8700000e+02   4.5682676e+04
   1.8800000e+02   4.5652281e+04
   1.8900000e+02   4.5620375e+04
   1.9000000e+02   4.5586980e+04
   1.9100000e+02   4.5552117e+04
   1.9200000e+02   4.5515766e+04
   1.9300000e+02   4.5477941e+04
   1.9400000e+02   4.5438645e+04
   1.9500000e+02   4.5397879e+04
   1.9600000e+02   4.5355664e+04
   1.9700000e+02   4.5312000e+04
   1.9800000e+02   4.5266887e+04
   1.9900000e+02   4.5220336e+04
   2.0000000e+02   4.5172375e+04
   2.0100000e+02   4.5122992e+04
   2.0200000e+02   4.5072191e+04
   2.0300000e+02   4.5019984e+04
   2.0400000e+02   4.4966383e+04
   2.0500000e+02   4.4911395e+04
   2.0600000e+02   4.4855035e+04
   2.0700000e+02   4.4797309e+04
   2.0800000e+02   4.4738230e+04
   2.0900000e+02   4.4677820e+04
   2.1000000e+02   4.4616082e+04
   2.1100000e+02   4.4545914e+04
   2.1200000e+02   4.4474895e+04
   2.1300000e+02   4.4403016e+04
   2.1400000e+02   4.4330289e+04
   2.1500000e+02   4.4256703e+04
   2.1600000e+02   4.4182227e+04
   2.1700000e+02   4.4106867e+04
   2.1800000e+02   4.4030621e+04
   2.1900000e+02   4.3953488e+04
   2.2000000e+02   4.3875465e+04
   2.2100000e+02   4.3796551e+04
   2.2200000e+02   4.3716742e+04
   2.2300000e+02   4.3636051e+04
   2.2400000e+02   4.3554477e+04
   2.2500000e+02   4.3472031e+04
   2.2600000e+02   4.3388715e+04
   2.2700000e+02   4.3304543e+04
   2.2800000e+02   4.3219516e+04
   2.2900000e+02   4.3133645e+04
   2.3000000e+02   4.3046941e+04
   2.3100000e+02   4.2959414e+04
   2.3200000e+02   4.2871070e+04
   2.3300000e+02   4.2781934e+04
   2.3400000e+02   4.2692012e+04
   2.3500000e+02   4.2601313e+04
   2.3600000e+02   4.2509852e+04
   2.3700000e+02   4.2417656e+04
   2.3800000e+02   4.2324738e+04
   2.3900000e+02   4.2231133e+04
   2.4000000e+02   4.2136859e+04
   2.4100000e+02   4.2115500e+04
   2.4200000e+02   4.2093055e+04
   2.4300000e+02   4.2069543e+04
   2.4400000e+02   4.2045469e+04
   2.4500000e+02   4.2023621e+04
   2.4600000e+02   4.2000410e+04
   2.4700000e+02   4.1975785e+04
   2.4800000e+02   4.1949813e+04
   2.4900000e+02   4.1922566e+04
   2.5000000e+02   4.1894113e+04
   2.5100000e+02   4.1864520e+04
   2.5200000e+02   4.1833855e+04
   2.5300000e+02   4.1802172e+04
   2.5400000e+02   4.1769527e+04
   2.5500000e+02   4.1735980e+04
   2.5600000e+02   4.1701586e+04
   2.5700000e+02   4.1666391e+04
   2.5800000e+02   4.1630449e+04
   2.5900000e+02   4.1593805e+04
   2.6000000e+02   4.1556504e+04
   2.6100000e+02   4.1518590e+04
   2.6200000e+02   4.1480117e+04
   2.6300000e+02   4.1441125e+04
   2.6400000e+02   4.1401656e+04
   2.6500000e+02   4.1361750e+04
   2.6600000e+02   4.1321457e+04
   2.6700000e+02   4.1280809e+04
   2.6800000e+02   4.1239848e+04
   2.6900000e+02   4.1198609e+04
   2.7000000e+02   4.1157125e+04
   2.7100000e+02   4.1090902e+04
   2.7200000e+02   4.1024688e+04
   2.7300000e+02   4.0958516e+04
   2.7400000e+02   4.0892406e+04
   2.7500000e+02   4.0826395e+04
   2.7600000e+02   4.0760504e+04
   2.7700000e+02   4.0694758e+04
   2.7800000e+02   4.0629195e+04
   2.7900000e+02   4.0563832e+04
   2.8000000e+02   4.0498711e+04
   2.8100000e+02   4.0433852e+04
   2.8200000e+02   4.0369281e+04
   2.8300000e+02   4.0305027e+04
   2.8400000e+02   4.0241109e+04
   2.8500000e+02   4.0177563e+04
   2.8600000e+02   4.0114410e+04
   2.8700000e+02   4.0051680e+04
   2.8800000e+02   3.9990453e+04
   2.8900000e+02   3.9930168e+04
   2.9000000e+02   3.9870535e+04
   2.9100000e+02   3.9811547e+04
   2.9200000e+02   3.9753242e+04
   2.9300000e+02   3.9695633e+04
   2.9400000e+02   3.9638746e+04
   2.9500000e+02   3.9582559e+04
   2.9600000e+02   3.9527148e+04
   2.9700000e+02   3.9472547e+04
   2.9800000e+02   3.9418793e+04
   2.9900000e+02   3.9365898e+04
   3.0000000e+02   3.9313887e+04
   3.0100000e+02   3.9260398e+04
   3.0200000e+02   3.9207629e+04
   3.0300000e+02   3.9155598e+04
   3.0400000e+02   3.9104336e+04
   3.0500000e+02   3.9053859e+04
   3.0600000e+02   3.9004199e+04
   3.0700000e+02   3.8955379e+04
   3.0800000e+02   3.8907410e+04
   3.0900000e+02   3.8860359e+04
   3.1000000e+02   3.8814336e+04
   3.1100000e+02   3.8769270e+04
   3.1200000e+02   3.8725180e+04
   3.1300000e+02   3.8682090e+04
   3.1400000e+02   3.8640020e+04
   3.1500000e+02   3.8598992e+04
   3.1600000e+02   3.8559023e+04
   3.1700000e+02   3.8520137e+04
   3.1800000e+02   3.8482352e+04
   3.1900000e+02   3.8445688e+04
   3.2000000e+02   3.8410156e+04
   3.2100000e+02   3.8375789e+04
   3.2200000e+02   3.8342590e+04
   3.2300000e+02   3.8310590e+04
   3.2400000e+02   3.8279797e+04
   3.2500000e+02   3.8250223e+04
   3.2600000e+02   3.8221902e+04
   3.2700000e+02   3.8194832e+04
   3.2800000e+02   3.8169035e+04
   3.2900000e+02   3.8144539e+04
   3.3000000e+02   3.8121332e+04
   3.3100000e+02   3.8079188e+04
   3.3200000e+02   3.8038387e+04
   3.3300000e+02   3.7998941e+04
   3.3400000e+02   3.7960867e+04
   3.3500000e+02   3.7924176e+04
   3.3600000e+02   3.7888875e+04
   3.3700000e+02   3.7854926e+04
   3.3800000e+02   3.7822344e+04
   3.3900000e+02   3.7791164e+04
   3.4000000e+02   3.7761395e+04
   3.4100000e+02   3.7733039e+04
   3.4200000e+02   3.7706109e+04
   3.4300000e+02   3.7680617e+04
   3.4400000e+02   3.7656559e+04
   3.4500000e+02   3.7633953e+04
   3.4600000e+02   3.7612793e+04
   3.4700000e+02   3.7593098e+04
   3.4800000e+02   3.7574859e+04
   3.4900000e+02   3.7558094e+04
   3.5000000e+02   3.7542797e+04
   3.5100000e+02   3.7528977e+04
   3.5200000e+02   3.7516637e+04
   3.5300000e+02   3.7505777e+04
   3.5400000e+02   3.7496402e+04
   3.5500000e+02   3.7488512e+04
   3.5600000e+02   3.7482109e+04
   3.5700000e+02   3.7477195e+04
   3.5800000e+02   3.7473773e+04
   3.5900000e+02   3.7471836e+04
   7.1133672e-07   3.7471391e+04
   1.0000007e+00   3.7461422e+04
   2.0000007e+00   3.7453105e+04
   3.0000007e+00   3.7446441e+04
   4.0000010e+00   3.7441426e+04
   5.0000010e+00   3.7438063e+04
   6.0000010e+00   3.7436352e+04
   7.0000010e+00   3.7436289e+04
   8.0000010e+00   3.7437879e+04
   9.0000010e+00   3.7441117e+04
   1.0000001e+01   3.7445973e+04
   1.1000001e+01   3.7452441e+04
   1.2000001e+01   3.7460547e+04
   1.3000001e+01   3.7470273e+04
   1.4000001e+01   3.7481629e+04
   1.5000001e+01   3.7494602e+04
   1.6000000e+01   3.7509191e+04
   1.7000000e+01   3.7525395e+04
   1.8000000e+01   3.7543195e+04
   1.9000000e+01   3.7562594e+04
   2.0000000e+01   3.7583574e+04
   2.1000000e+01   3.7606145e+04
   2.2000000e+01   3.7630281e+04
   2.3000000e+01   3.7655988e+04
   2.4000000e+01   3.7683246e+04
   2.5000000e+01   3.7712055e+04
   2.6000000e+01   3.7742402e+04
   2.7000000e+01   3.7774273e+04
   2.8000000e+01   3.7807660e+04
   2.9000000e+01   3.7842555e+04
   3.0000000e+01   3.7878938e+04
   3.1000000e+01   3.7901977e+04
   3.2000000e+01   3.7926527e+04
   3.3000000e+01   3.7952574e+04
   3.4000000e+01   3.7980105e+04
   3.5000000e+01   3.8009105e+04
   3.6000000e+01   3.8039559e+04
   3.7000000e+01   3.8071453e+04
   3.8000000e+01   3.8104766e+04
   3.9000000e+01   3.8139488e+04
   4.0000000e+01   3.8175602e+04
   4.1000000e+01   3.8213090e+04
   4.2000000e+01   3.8251930e+04
   4.3000000e+01   3.8292105e+04
   4.4000000e+01   3.8333605e+04
   4.5000000e+01   3.8376406e+04
   4.6000000e+01   3.8420484e+04
   4.7000000e+01   3.8465828e+04
   4.8000000e+01   3.8512414e+04
   4.9000000e+01   3.8560223e+04
   5.0000000e+01   3.8609230e+04
   5.1000000e+01   3.8659426e+04
   5.2000000e+01   3.8710777e+04
   5.3000000e+01   3.8763270e+04
   5.4000000e+01   3.8816879e+04
   5.5000000e+01   3.8871578e+04
   5.6000000e+01   3.8927352e+04
   5.7000000e+01   3.8984180e+04
   5.8000000e+01   3.9042027e+04
   5.9000000e+01   3.9100883e+04
   6.0000000e+01   3.9160715e+04
   6.1000000e+01   3.9238430e+04
   6.2000000e+01   3.9316910e+04
   6.3000000e+01   3.9396133e+04
   6.4000000e+01   3.9476070e+04
   6.5000000e+01   3.9556707e+04
   6.6000000e+01   3.9638016e+04
   6.7000000e+01   3.9719973e+04
   6.8000000e+01   3.9802547e+04
   6.9000000e+01   3.9885719e+04
   7.0000000e+01   3.9969461e+04
   7.1000000e+01   4.0053750e+04
   7.2000000e+01   4.0138563e+04
   7.3000000e+01   4.0223871e+04
   7.4000000e+01   4.0309648e+04
   7.5000000e+01   4.0395867e+04
   7.6000000e+01   4.0482504e+04
   7.7000000e+01   4.0569535e+04
   7.8000000e+01   4.0656953e+04
   7.9000000e+01   4.0744707e+04
   8.0000000e+01   4.0832773e+04
   8.1000000e+01   4.0921129e+04
   8.2000000e+01   4.1009734e+04
   8.3000000e+01   4.1098578e+04
   8.4000000e+01   4.1187621e+04
   8.5000000e+01   4.1276844e+04
   8.6000000e+01   4.1366219e+04
   8.7000000e+01   4.1455715e+04
   8.8000000e+01   4.1545305e+04
   8.9000000e+01   4.1634961e+04
   9.0000000e+01   4.1724664e+04
   9.1000000e+01   4.1811035e+04
   9.2000000e+01   4.1897391e+04
   9.3000000e+01   4.1983695e+04
   9.4000000e+01   4.2069926e+04
   9.5000000e+01   4.2156055e+04
   9.6000000e+01   4.2242055e+04
   9.7000000e+01   4.2327895e+04
   9.8000000e+01   4.2413551e+04
   9.9000000e+01   4.2499000e+04
   1.0000000e+02   4.2584207e+04
   1.0100000e+02   4.2669148e+04
   1.0200000e+02   4.2753797e+04
   1.0300000e+02   4.2838125e+04
   1.0400000e+02   4.2922105e+04
   1.0500000e+02   4.3005715e+04
   1.0600000e+02   4.3088922e+04
   1.0700000e+02   4.3171703e+04
   1.0800000e+02   4.3254027e+04
   1.0900000e+02   4.3335875e+04
   1.1000000e+02   4.3417219e+04
   1.1100000e+02   4.3498027e+04
   1.1200000e+02   4.3578281e+04
   1.1300000e+02   4.3657949e+04
   1.1400000e+02   4.3737008e+04
   1.1500000e+02   4.3815434e+04
   1.1600000e+02   4.3893203e+04
   1.1700000e+02   4.3970281e+04
   1.1800000e+02   4.4046656e+04
   1.1900000e+02   4.4122297e+04
   1.2000000e+02   4.4197180e+04
   1.2100000e+02   4.4266895e+04
   1.2200000e+02   4.4335805e+04
   1.2300000e+02   4.4403898e+04
   1.2400000e+02   4.4471141e+04
   1.2500000e+02   4.4537520e+04
   1.2600000e+02   4.4603004e+04
   1.2700000e+02   4.4667578e+04
   1.2800000e+02   4.4731215e+04
   1.2900000e+02   4.4793895e+04
   1.3000000e+02   4.4855598e+04
   1.3100000e+02   4.4916293e+04
   1.3200000e+02   4.4975973e+04
   1.3300000e+02   4.5034609e+04
   1.3400000e+02   4.5092184e+04
   1.3500000e+02   4.5148676e+04
   1.3600000e+02   4.5204066e+04
   1.3700000e+02   4.5258332e+04
   1.3800000e+02   4.5311461e+04
   1.3900000e+02   4.5363430e+04
   1.4000000e+02   4.5414223e+04
   1.4100000e+02   4.5463816e+04
   1.4200000e+02   4.5512203e+04
   1.4300000e+02   4.5559352e+04
   1.4400000e+02   4.5605258e+04
   1.4500000e+02   4.5649902e+04
   1.4600000e+02   4.5693266e+04
   1.4700000e+02   4.5735332e+04
   1.4800000e+02   4.5776086e+04
   1.4900000e+02   4.5815520e+04
   1.5000000e+02   4.5853609e+04
   1.5100000e+02   4.5887914e+04
   1.5200000e+02   4.5920848e+04
   1.5300000e+02   4.5952406e+04
   1.5400000e+02   4.5982570e+04
   1.5500000e+02   4.6011332e+04
   1.5600000e+02   4.6038680e+04
   1.5700000e+02   4.6064602e+04
   1.5800000e+02   4.6089098e+04
   1.5900000e+02   4.6112152e+04
   1.6000000e+02   4.6133750e+04
   1.6100000e+02   4.6153883e+04
   1.6200000e+02   4.6172539e+04
   1.6300000e+02   4.6189707e+04
   1.6400000e+02   4.6205387e+04
   1.6500000e+02   4.6219559e+04
   1.6600000e+02   4.6232230e+04
   1.6700000e+02   4.6243387e+04
   1.6800000e+02   4.6253020e+04
   1.6900000e+02   4.6261129e+04
   1.7000000e+02   4.6267707e+04
   1.7100000e+02   4.6272742e+04
   1.7200000e+02   4.6276238e+04
   1.7300000e+02   4.6278188e+04
   1.7400000e+02   4.6278586e+04
   1.7500000e+02   4.6277430e+04
   1.7600000e+02   4.6274723e+04
   1.7700000e+02   4.6270457e+04
   1.7800000e+02   4.6264633e+04
   1.7900000e+02   4.6257246e+04
   1.8000000e+02   4.6248301e+04
   1.8100000e+02   4.6235316e+04
   1.8200000e+02   4.6220801e+04
   1.8300000e+02   4.6204750e+04
   1.8400000e+02   4.6187164e+04
   1.8500000e+02   4.6168047e+04
   1.8600000e+02   4.6147398e+04
   1.8700000e+02   4.6125227e+04
   1.8800000e+02   4.6101531e+04
   1.8900000e+02   4.6076313e+04
   1.9000000e+02   4.6049582e+04
   1.9100000e+02   4.6021332e+04
   1.9200000e+02   4.5991582e+04
   1.9300000e+02   4.5960332e+04
   1.9400000e+02   4.5927586e+04
   1.9500000e+02   4.5893352e+04
   1.9600000e+02   4.5857633e+04
   1.9700000e+02   4.5820445e+04
   1.9800000e+02   4.5781789e+04
   1.9900000e+02   4.5741676e+04
   2.0000000e+02   4.5700113e+04
   2.0100000e+02   4.5657109e+04
   2.0200000e+02   4.5612680e+04
   2.0300000e+02   4.5566824e+04
   2.0400000e+02   4.5519563e+04
   2.0500000e+02   4.5470898e+04
   2.0600000e+02   4.5420848e+04
   2.0700000e+02   4.5369422e+04
   2.0800000e+02   4.5316637e+04
   2.0900000e+02   4.5262496e+04
   2.1000000e+02   4.5207020e+04
   2.1100000e+02   4.5148930e+04
   2.1200000e+02   4.5089512e+04
   2.1300000e+02   4.5028785e+04
   2.1400000e+02   4.4966766e+04
   2.1500000e+02   4.4903465e+04
   2.1600000e+02   4.4838898e+04
   2.1700000e+02   4.4773086e+04
   2.1800000e+02   4.4706039e+04
   2.1900000e+02   4.4637781e+04
   2.2000000e+02   4.4568320e+04
   2.2100000e+02   4.4497684e+04
   2.2200000e+02   4.4425883e+04
   2.2300000e+02   4.4352938e+04
   2.2400000e+02   4.4278867e+04
   2.2500000e+02   4.4203691e+04
   2.2600000e+02   4.4127430e+04
   2.2700000e+02   4.4050102e+04
   2.2800000e+02   4.3971730e+04
   2.2900000e+02   4.3892336e+04
   2.3000000e+02   4.3811930e+04
   2.3100000e+02   4.3730547e+04
   2.3200000e+02   4.3648199e+04
   2.3300000e+02   4.3564914e+04
   2.3400000e+02   4.3480707e+04
   2.3500000e+02   4.3395602e+04
   2.3600000e+02   4.3309625e+04
   2.3700000e+02   4.3222797e+04
   2.3800000e+02   4.3135137e+04
   2.3900000e+02   4.3046676e+04
   2.4000000e+02   4.2957426e+04
   2.4100000e+02   4.2895457e+04
   2.4200000e+02   4.2832602e+04
   2.4300000e+02   4.2768891e+04
   2.4400000e+02   4.2704352e+04
   2.4500000e+02   4.2638996e+04
   2.4600000e+02   4.2572863e+04
   2.4700000e+02   4.2505969e+04
   2.4800000e+02   4.2438980e+04
   2.4900000e+02   4.2371680e+04
   2.5000000e+02   4.2303895e+04
   2.5100000e+02   4.2235645e+04
   2.5200000e+02   4.2166945e+04
   2.5300000e+02   4.2097820e+04
   2.5400000e+02   4.2028293e+04
   2.5500000e+02   4.1958387e+04
   2.5600000e+02   4.1888121e+04
   2.5700000e+02   4.1817520e+04
   2.5800000e+02   4.1746609e+04
   2.5900000e+02   4.1675410e+04
   2.6000000e+02   4.1603949e+04
   2.6100000e+02   4.1532250e+04
   2.6200000e+02   4.1460332e+04
   2.6300000e+02   4.1388227e+04
   2.6400000e+02   4.1315957e+04
   2.6500000e+02   4.1243547e+04
   2.6600000e+02   4.1171020e+04
   2.6700000e+02   4.1098402e+04
   2.6800000e+02   4.1025723e+04
   2.6900000e+02   4.0953004e+04
   2.7000000e+02   4.0880270e+04
   2.7100000e+02   4.0830254e+04
   2.7200000e+02   4.0780238e+04
   2.7300000e+02   4.0730258e+04
   2.7400000e+02   4.0680344e+04
   2.7500000e+02   4.0630527e+04
   2.7600000e+02   4.0580832e+04
   2.7700000e+02   4.0531293e+04
   2.7800000e+02   4.0481938e+04
   2.7900000e+02   4.0432797e+04
   2.8000000e+02   4.0383902e+04
   2.8100000e+02   4.0335285e+04
   2.8200000e+02   4.0286969e+04
   2.8300000e+02   4.0238984e+04
   2.8400000e+02   4.0191359e+04
   2.8500000e+02   4.0144129e+04
   2.8600000e+02   4.0097313e+04
   2.8700000e+02   4.0050941e+04
   2.8800000e+02   4.0005047e+04
   2.8900000e+02   3.9959652e+04
   2.9000000e+02   3.9914789e+04
   2.9100000e+02   3.9870477e+04
   2.9200000e+02   3.9826754e+04
   2.9300000e+02   3.9783633e+04
   2.9400000e+02   3.9741152e+04
   2.9500000e+02   3.9699332e+04
   2.9600000e+02   3.9658195e+04
   2.9700000e+02   3.9617777e+04
   2.9800000e+02   3.9578094e+04
   2.9900000e+02   3.9539176e+04
   3.0000000e+02   3.9501043e+04
   3.0100000e+02   3.9433203e+04
   3.0200000e+02   3.9366156e+04
   3.0300000e+02   3.9299922e+04
   3.0400000e+02   3.9234531e+04
   3.0500000e+02   3.9169992e+04
   3.0600000e+02   3.9106344e+04
   3.0700000e+02   3.9043590e+04
   3.0800000e+02   3.8981770e+04
   3.0900000e+02   3.8920891e+04
   3.1000000e+02   3.8860984e+04
   3.1100000e+02   3.8802063e+04
   3.1200000e+02   3.8744152e+04
   3.1300000e+02   3.8687270e+04
   3.1400000e+02   3.8631434e+04
   3.1500000e+02   3.8576668e+04
   3.1600000e+02   3.8522988e+04
   3.1700000e+02   3.8470414e+04
   3.1800000e+02   3.8418969e+04
   3.1900000e+02   3.8368664e+04
   3.2000000e+02   3.8319520e+04
   3.2100000e+02   3.8271547e+04
   3.2200000e+02   3.8224777e+04
   3.2300000e+02   3.8179215e+04
   3.2400000e+02   3.8134879e+04
   3.2500000e+02   3.8091789e+04
   3.2600000e+02   3.8049961e+04
   3.2700000e+02   3.8009402e+04
   3.2800000e+02   3.7970133e+04
   3.2900000e+02   3.7932164e+04
   3.3000000e+02   3.7895516e+04
   3.3100000e+02   3.7854195e+04
   3.3200000e+02   3.7814230e+04
   3.3300000e+02   3.7775633e+04
   3.3400000e+02   3.7738414e+04
   3.3500000e+02   3.7702590e+04
   3.3600000e+02   3.7668164e+04
   3.3700000e+02   3.7635160e+04
   3.3800000e+02   3.7603578e+04
   3.3900000e+02   3.7573438e+04
   3.4000000e+02   3.7544742e+04
   3.4100000e+02   3.7517504e+04
   3.4200000e+02   3.7491730e+04
   3.4300000e+02   3.7467430e+04
   3.4400000e+02   3.7444613e+04
   3.4500000e+02   3.7423289e+04
   3.4600000e+02   3.7403461e+04
   3.4700000e+02   3.7385137e+04
   3.4800000e+02   3.7368324e+04
   3.4900000e+02   3.7353031e+04
   3.5000000e+02   3.7339262e+04
   3.5100000e+02   3.7327020e+04
   3.5200000e+02   3.7316313e+04
   3.5300000e+02   3.7307141e+04
   3.5400000e+02   3.7299508e+04
   3.5500000e+02   3.7293422e+04
   3.5600000e+02   3.7288883e+04
   3.5700000e+02   3.7285891e+04
   3.5800000e+02   3.7284453e+04
   3.5900000e+02   3.7284566e+04
   1.4226848e-06   3.7286234e+04
