   0.0000000e+00   9.8404968e+01
   1.0000000e+00   4.3630699e+01
   2.0000000e+00   4.3542358e+01
   3.0000000e+00   4.3441769e+01
   4.0000000e+00   4.3333393e+01
   5.0000000e+00   4.3217491e+01
   6.0000000e+00   4.3093891e+01
   7.0000000e+00   4.2962635e+01
   8.0000000e+00   4.2823776e+01
   9.0000000e+00   4.2677368e+01
   1.0000000e+01   4.2523479e+01
   1.1000000e+01   4.2362179e+01
   1.2000000e+01   4.2193542e+01
   1.3000000e+01   4.2017658e+01
   1.4000000e+01   4.1834614e+01
   1.5000000e+01   4.1644524e+01
   1.6000000e+01   4.1447495e+01
   1.7000000e+01   4.1243629e+01
   1.8000000e+01   4.1033051e+01
   1.9000000e+01   4.0815804e+01
   2.0000000e+01   4.0592079e+01
   2.1000000e+01   4.0362034e+01
   2.2000000e+01   4.0125809e+01
   2.3000000e+01   3.9883553e+01
   2.4000000e+01   3.9635418e+01
   2.5000000e+01   3.9381554e+01
   2.6000000e+01   3.9122128e+01
   2.7000000e+01   3.8857300e+01
   2.8000000e+01   3.8587250e+01
   2.9000000e+01   3.8312138e+01
   3.0000000e+01   3.8032150e+01
   3.1000000e+01   3.7727829e+01
   3.2000000e+01   3.7418976e+01
   3.3000000e+01   3.7105778e+01
   3.4000000e+01   3.6788441e+01
   3.5000000e+01   3.6467163e+01
   3.6000000e+01   3.6142143e+01
   3.7000000e+01   3.5813587e+01
   3.8000000e+01   3.5481697e+01
   3.9000000e+01   3.5146687e+01
   4.0000000e+01   3.4808762e+01
   4.1000000e+01   3.4468136e+01
   4.2000000e+01   3.4125019e+01
   4.3000000e+01   3.3779617e+01
   4.4000000e+01   3.3432140e+01
   4.5000000e+01   3.3082840e+01
   4.6000000e+01   3.2731888e+01
   4.7000000e+01   3.2379440e+01
   4.8000000e+01   3.2025696e+01
   4.9000000e+01   3.1670893e+01
   5.0000000e+01   3.1315241e+01
   5.1000000e+01   3.0958935e+01
   5.2000000e+01   3.0602154e+01
   5.3000000e+01   3.0245104e+01
   5.4000000e+01   2.9887968e+01
   5.5000000e+01   2.9530960e+01
   5.6000000e+01   2.9174238e+01
   5.7000000e+01   2.8817957e+01
   5.8000000e+01   2.8462303e+01
   5.9000000e+01   2.8107443e+01
   6.0000000e+01   2.7753536e+01
   6.1000000e+01   2.7383656e+01
   6.2000000e+01   2.7014841e+01
   6.3000000e+01   2.6647251e+01
   6.4000000e+01   2.6281040e+01
   6.5000000e+01   2.5916359e+01
   6.6000000e+01   2.5553343e+01
   6.7000000e+01   2.5192133e+01
   6.8000000e+01   2.4832861e+01
   6.9000000e+01   2.4475649e+01
   7.0000000e+01   2.4120611e+01
   7.1000000e+01   2.3767891e+01
   7.2000000e+01   2.3417610e+01
   7.3000000e+01   2.3069836e+01
   7.4000000e+01   2.2724667e+01
   7.5000000e+01   2.2382206e+01
   7.6000000e+01   2.2042542e+01
   7.7000000e+01   2.1705757e+01
   7.8000000e+01   2.1371943e+01
   7.9000000e+01   2.1041180e+01
   8.0000000e+01   2.0713516e+01
   8.1000000e+01   2.0389015e+01
   8.2000000e+01   2.0067766e+01
   8.3000000e+01   1.9749794e+01
   8.4000000e+01   1.9435123e+01
   8.5000000e+01   1.9123749e+01
   8.6000000e+01   1.8815779e+01
   8.7000000e+01   1.8511255e+01
   8.8000000e+01   1.8210203e+01
   8.9000000e+01   1.7912659e+01
   9.0000000e+01   1.7618647e+01
   9.1000000e+01   1.7322338e+01
   9.2000000e+01   1.7029121e+01
   9.3000000e+01   1.6739017e+01
   9.4000000e+01   1.6452044e+01
   9.5000000e+01   1.6168209e+01
   9.6000000e+01   1.5887525e+01
   9.7000000e+01   1.5609999e+01
   9.8000000e+01   1.5335631e+01
   9.9000000e+01   1.5064425e+01
   1.0000000e+02   1.4796371e+01
   1.0100000e+02   1.4531455e+01
   1.0200000e+02   1.4269676e+01
   1.0300000e+02   1.4011026e+01
   1.0400000e+02   1.3755497e+01
   1.0500000e+02   1.3503077e+01
   1.0600000e+02   1.3253751e+01
   1.0700000e+02   1.3007501e+01
   1.0800000e+02   1.2764307e+01
   1.0900000e+02   1.2524151e+01
   1.1000000e+02   1.2287005e+01
   1.1100000e+02   1.2052847e+01
   1.1200000e+02   1.1821644e+01
   1.1300000e+02   1.1593378e+01
   1.1400000e+02   1.1368024e+01
   1.1500000e+02   1.1145554e+01
   1.1600000e+02   1.0925937e+01
   1.1700000e+02   1.0709143e+01
   1.1800000e+02   1.0495138e+01
   1.1900000e+02   1.0283892e+01
   1.2000000e+02   1.0075368e+01
   1.2100000e+02   9.9678659e+00
   1.2200000e+02   9.8611069e+00
   1.2300000e+02   9.7551422e+00
   1.2400000e+02   9.6496334e+00
   1.2500000e+02   9.5368624e+00
   1.2600000e+02   9.4181585e+00
   1.2700000e+02   9.2967253e+00
   1.2800000e+02   9.1728630e+00
   1.2900000e+02   9.0468225e+00
   1.3000000e+02   8.9188328e+00
   1.3100000e+02   8.7812004e+00
   1.3200000e+02   8.5934038e+00
   1.3300000e+02   8.3964109e+00
   1.3400000e+02   8.1959753e+00
   1.3500000e+02   7.9930644e+00
   1.3600000e+02   7.7882872e+00
   1.3700000e+02   7.5821691e+00
   1.3800000e+02   7.3697977e+00
   1.3900000e+02   7.1131639e+00
   1.4000000e+02   6.8596349e+00
   1.4100000e+02   6.6107426e+00
   1.4200000e+02   6.3665814e+00
   1.4300000e+02   6.1271963e+00
   1.4400000e+02   5.8926182e+00
   1.4500000e+02   5.6628585e+00
   1.4600000e+02   5.4379239e+00
   1.4700000e+02   5.2137079e+00
   1.4800000e+02   4.9908586e+00
   1.4900000e+02   4.7737660e+00
   1.5000000e+02   4.5624342e+00
   1.5100000e+02   4.4686737e+00
   1.5200000e+02   4.3820586e+00
   1.5300000e+02   4.3020740e+00
   1.5400000e+02   4.2282667e+00
   1.5500000e+02   4.1602349e+00
   1.5600000e+02   4.0976200e+00
   1.5700000e+02   4.0401020e+00
   1.5800000e+02   3.9873934e+00
   1.5900000e+02   3.9379511e+00
   1.6000000e+02   3.8845379e+00
   1.6100000e+02   3.8379307e+00
   1.6200000e+02   3.7977574e+00
   1.6300000e+02   3.7632980e+00
   1.6400000e+02   3.7339377e+00
   1.6500000e+02   3.7042022e+00
   1.6600000e+02   3.6771572e+00
   1.6700000e+02   3.6544142e+00
   1.6800000e+02   3.6357858e+00
   1.6900000e+02   3.6210146e+00
   1.7000000e+02   3.6098824e+00
   1.7100000e+02   3.6021986e+00
   1.7200000e+02   3.5977945e+00
   1.7300000e+02   3.5965190e+00
   1.7400000e+02   3.5982373e+00
   1.7500000e+02   3.6028314e+00
   1.7600000e+02   3.6101940e+00
   1.7700000e+02   3.6202300e+00
   1.7800000e+02   3.6328540e+00
   1.7900000e+02   3.6479871e+00
   1.8000000e+02   3.6655588e+00
   1.8100000e+02   3.7929778e+00
   1.8200000e+02   3.9222600e+00
   1.8300000e+02   4.0532794e+00
   1.8400000e+02   4.1859245e+00
   1.8500000e+02   4.3201003e+00
   1.8600000e+02   4.4557209e+00
   1.8700000e+02   4.5927129e+00
   1.8800000e+02   4.7310128e+00
   1.8900000e+02   4.8705645e+00
   1.9000000e+02   5.0113196e+00
   1.9100000e+02   5.1532359e+00
   1.9200000e+02   5.2962604e+00
   1.9300000e+02   5.4403491e+00
   1.9400000e+02   5.5854902e+00
   1.9500000e+02   5.7316613e+00
   1.9600000e+02   5.8796282e+00
   1.9700000e+02   6.0294647e+00
   1.9800000e+02   6.1804595e+00
   1.9900000e+02   6.3326106e+00
   2.0000000e+02   6.4859142e+00
   2.0100000e+02   6.6403675e+00
   2.0200000e+02   6.7959719e+00
   2.0300000e+02   6.9527311e+00
   2.0400000e+02   7.1106520e+00
   2.0500000e+02   7.2697430e+00
   2.0600000e+02   7.4300170e+00
   2.0700000e+02   7.5914850e+00
   2.0800000e+02   7.7541628e+00
   2.0900000e+02   7.9180665e+00
   2.1000000e+02   8.0832148e+00
   2.1100000e+02   8.2461281e+00
   2.1200000e+02   8.4119577e+00
   2.1300000e+02   8.5807238e+00
   2.1400000e+02   8.7524462e+00
   2.1500000e+02   8.9271421e+00
   2.1600000e+02   9.1048307e+00
   2.1700000e+02   9.2855282e+00
   2.1800000e+02   9.4692535e+00
   2.1900000e+02   9.6560192e+00
   2.2000000e+02   9.8458414e+00
   2.2100000e+02   1.0038733e+01
   2.2200000e+02   1.0234707e+01
   2.2300000e+02   1.0433773e+01
   2.2400000e+02   1.0635942e+01
   2.2500000e+02   1.0841222e+01
   2.2600000e+02   1.1049619e+01
   2.2700000e+02   1.1261138e+01
   2.2800000e+02   1.1475782e+01
   2.2900000e+02   1.1693554e+01
   2.3000000e+02   1.1914450e+01
   2.3100000e+02   1.2138470e+01
   2.3200000e+02   1.2365606e+01
   2.3300000e+02   1.2595853e+01
   2.3400000e+02   1.2829198e+01
   2.3500000e+02   1.3065630e+01
   2.3600000e+02   1.3305131e+01
   2.3700000e+02   1.3547684e+01
   2.3800000e+02   1.3793265e+01
   2.3900000e+02   1.4041849e+01
   2.4000000e+02   1.4293408e+01
   2.4100000e+02   1.4523163e+01
   2.4200000e+02   1.4756277e+01
   2.4300000e+02   1.4992771e+01
   2.4400000e+02   1.5232663e+01
   2.4500000e+02   1.5475969e+01
   2.4600000e+02   1.5722707e+01
   2.4700000e+02   1.5972891e+01
   2.4800000e+02   1.6226536e+01
   2.4900000e+02   1.6483652e+01
   2.5000000e+02   1.6744238e+01
   2.5100000e+02   1.7008297e+01
   2.5200000e+02   1.7275862e+01
   2.5300000e+02   1.7546942e+01
   2.5400000e+02   1.7821541e+01
   2.5500000e+02   1.8099663e+01
   2.5600000e+02   1.8381302e+01
   2.5700000e+02   1.8666466e+01
   2.5800000e+02   1.8955153e+01
   2.5900000e+02   1.9247356e+01
   2.6000000e+02   1.9543077e+01
   2.6100000e+02   1.9842302e+01
   2.6200000e+02   2.0145020e+01
   2.6300000e+02   2.0451220e+01
   2.6400000e+02   2.0760878e+01
   2.6500000e+02   2.1073973e+01
   2.6600000e+02   2.1390486e+01
   2.6700000e+02   2.1710394e+01
   2.6800000e+02   2.2033672e+01
   2.6900000e+02   2.2360287e+01
   2.7000000e+02   2.2690205e+01
   2.7100000e+02   2.2979698e+01
   2.7200000e+02   2.3271877e+01
   2.7300000e+02   2.3566708e+01
   2.7400000e+02   2.3864138e+01
   2.7500000e+02   2.4164122e+01
   2.7600000e+02   2.4466602e+01
   2.7700000e+02   2.4771530e+01
   2.7800000e+02   2.5078829e+01
   2.7900000e+02   2.5388447e+01
   2.8000000e+02   2.5700323e+01
   2.8100000e+02   2.6014389e+01
   2.8200000e+02   2.6330568e+01
   2.8300000e+02   2.6648787e+01
   2.8400000e+02   2.6968960e+01
   2.8500000e+02   2.7291006e+01
   2.8600000e+02   2.7614836e+01
   2.8700000e+02   2.7940353e+01
   2.8800000e+02   2.8267456e+01
   2.8900000e+02   2.8596027e+01
   2.9000000e+02   2.8925968e+01
   2.9100000e+02   2.9257191e+01
   2.9200000e+02   2.9589582e+01
   2.9300000e+02   2.9923023e+01
   2.9400000e+02   3.0257399e+01
   2.9500000e+02   3.0592564e+01
   2.9600000e+02   3.0928408e+01
   2.9700000e+02   3.1264801e+01
   2.9800000e+02   3.1601606e+01
   2.9900000e+02   3.1938684e+01
   3.0000000e+02   3.2275890e+01
   3.0100000e+02   3.2575695e+01
   3.0200000e+02   3.2874905e+01
   3.0300000e+02   3.3173409e+01
   3.0400000e+02   3.3471062e+01
   3.0500000e+02   3.3767715e+01
   3.0600000e+02   3.4063213e+01
   3.0700000e+02   3.4357407e+01
   3.0800000e+02   3.4650135e+01
   3.0900000e+02   3.4941235e+01
   3.1000000e+02   3.5230549e+01
   3.1100000e+02   3.5517872e+01
   3.1200000e+02   3.5803066e+01
   3.1300000e+02   3.6085983e+01
   3.1400000e+02   3.6366444e+01
   3.1500000e+02   3.6644283e+01
   3.1600000e+02   3.6919331e+01
   3.1700000e+02   3.7191414e+01
   3.1800000e+02   3.7460369e+01
   3.1900000e+02   3.7726021e+01
   3.2000000e+02   3.7988194e+01
   3.2100000e+02   3.8246712e+01
   3.2200000e+02   3.8501411e+01
   3.2300000e+02   3.8752117e+01
   3.2400000e+02   3.8998661e+01
   3.2500000e+02   3.9240879e+01
   3.2600000e+02   3.9478607e+01
   3.2700000e+02   3.9711678e+01
   3.2800000e+02   3.9939930e+01
   3.2900000e+02   4.0163197e+01
   3.3000000e+02   4.0381306e+01
   3.3100000e+02   4.0548286e+01
   3.3200000e+02   4.0709534e+01
   3.3300000e+02   4.0864895e+01
   3.3400000e+02   4.1014233e+01
   3.3500000e+02   4.1157421e+01
   3.3600000e+02   4.1294315e+01
   3.3700000e+02   4.1424786e+01
   3.3800000e+02   4.1548714e+01
   3.3900000e+02   4.1665970e+01
   3.4000000e+02   4.1776447e+01
   3.4100000e+02   4.1880024e+01
   3.4200000e+02   4.1976597e+01
   3.4300000e+02   4.2066055e+01
   3.4400000e+02   4.2148308e+01
   3.4500000e+02   4.2223255e+01
   3.4600000e+02   4.2290806e+01
   3.4700000e+02   4.2350876e+01
   3.4800000e+02   4.2403389e+01
   3.4900000e+02   4.2448269e+01
   3.5000000e+02   4.2485451e+01
   3.5100000e+02   4.2514870e+01
   3.5200000e+02   4.2536469e+01
   3.5300000e+02   4.2550201e+01
   3.5400000e+02   4.2556019e+01
   3.5500000e+02   4.2553879e+01
   3.5600000e+02   4.2543758e+01
   3.5700000e+02   4.2525627e+01
   3.5800000e+02   4.2499470e+01
   3.5900000e+02   4.2465279e+01
   7.1133672e-07   4.2423038e+01
   1.0000007e+00   4.2324924e+01
   2.0000007e+00   4.2218658e+01
   3.0000007e+00   4.2104275e+01
   4.0000010e+00   4.1981792e+01
   5.0000010e+00   4.1851261e+01
   6.0000010e+00   4.1712730e+01
   7.0000010e+00   4.1566250e+01
   8.0000010e+00   4.1411884e+01
   9.0000010e+00   4.1249706e+01
   1.0000001e+01   4.1079788e+01
   1.1000001e+01   4.0902206e+01
   1.2000001e+01   4.0717060e+01
   1.3000001e+01   4.0524452e+01
   1.4000001e+01   4.0324486e+01
   1.5000001e+01   4.0117271e+01
   1.6000000e+01   3.9902931e+01
   1.7000000e+01   3.9681595e+01
   1.8000000e+01   3.9453407e+01
   1.9000000e+01   3.9218494e+01
   2.0000000e+01   3.8977013e+01
   2.1000000e+01   3.8729118e+01
   2.2000000e+01   3.8474968e+01
   2.3000000e+01   3.8214725e+01
   2.4000000e+01   3.7948566e+01
   2.5000000e+01   3.7676666e+01
   2.6000000e+01   3.7399208e+01
   2.7000000e+01   3.7116383e+01
   2.8000000e+01   3.6828373e+01
   2.9000000e+01   3.6535381e+01
   3.0000000e+01   3.6237606e+01
   3.1000000e+01   3.5898613e+01
   3.2000000e+01   3.5555286e+01
   3.3000000e+01   3.5207859e+01
   3.4000000e+01   3.4856548e+01
   3.5000000e+01   3.4501595e+01
   3.6000000e+01   3.4143223e+01
   3.7000000e+01   3.3781666e+01
   3.8000000e+01   3.3417164e+01
   3.9000000e+01   3.3049950e+01
   4.0000000e+01   3.2680256e+01
   4.1000000e+01   3.2308323e+01
   4.2000000e+01   3.1934385e+01
   4.3000000e+01   3.1558674e+01
   4.4000000e+01   3.1181421e+01
   4.5000000e+01   3.0802862e+01
   4.6000000e+01   3.0423223e+01
   4.7000000e+01   3.0042730e+01
   4.8000000e+01   2.9661613e+01
   4.9000000e+01   2.9280087e+01
   5.0000000e+01   2.8898369e+01
   5.1000000e+01   2.8516672e+01
   5.2000000e+01   2.8135206e+01
   5.3000000e+01   2.7754171e+01
   5.4000000e+01   2.7373774e+01
   5.5000000e+01   2.6994200e+01
   5.6000000e+01   2.6615643e+01
   5.7000000e+01   2.6238287e+01
   5.8000000e+01   2.5862307e+01
   5.9000000e+01   2.5487877e+01
   6.0000000e+01   2.5115164e+01
   6.1000000e+01   2.4682957e+01
   6.2000000e+01   2.4253082e+01
   6.3000000e+01   2.3825710e+01
   6.4000000e+01   2.3401011e+01
   6.5000000e+01   2.2979137e+01
   6.6000000e+01   2.2560240e+01
   6.7000000e+01   2.2144463e+01
   6.8000000e+01   2.1731939e+01
   6.9000000e+01   2.1322798e+01
   7.0000000e+01   2.0917156e+01
   7.1000000e+01   2.0515129e+01
   7.2000000e+01   2.0116823e+01
   7.3000000e+01   1.9722334e+01
   7.4000000e+01   1.9331753e+01
   7.5000000e+01   1.8945168e+01
   7.6000000e+01   1.8562649e+01
   7.7000000e+01   1.8184273e+01
   7.8000000e+01   1.7810099e+01
   7.9000000e+01   1.7440191e+01
   8.0000000e+01   1.7074596e+01
   8.1000000e+01   1.6713362e+01
   8.2000000e+01   1.6356525e+01
   8.3000000e+01   1.6004126e+01
   8.4000000e+01   1.5656189e+01
   8.5000000e+01   1.5312738e+01
   8.6000000e+01   1.4973795e+01
   8.7000000e+01   1.4639372e+01
   8.8000000e+01   1.4309479e+01
   8.9000000e+01   1.3984120e+01
   9.0000000e+01   1.3663300e+01
   9.1000000e+01   1.3232270e+01
   9.2000000e+01   1.2806336e+01
   9.3000000e+01   1.2385530e+01
   9.4000000e+01   1.1969876e+01
   9.5000000e+01   1.1559396e+01
   9.6000000e+01   1.1154101e+01
   9.7000000e+01   1.0754001e+01
   9.8000000e+01   1.0359097e+01
   9.9000000e+01   9.9693861e+00
   1.0000000e+02   9.5848598e+00
   1.0100000e+02   9.2055063e+00
   1.0200000e+02   8.8313074e+00
   1.0300000e+02   8.4622431e+00
   1.0400000e+02   8.0982857e+00
   1.0500000e+02   7.7394071e+00
   1.0600000e+02   7.3855739e+00
   1.0700000e+02   7.0367508e+00
   1.0800000e+02   6.6928973e+00
   1.0900000e+02   6.3539720e+00
   1.1000000e+02   6.0199294e+00
   1.1100000e+02   5.6907220e+00
   1.1200000e+02   5.3663011e+00
   1.1300000e+02   5.0466137e+00
   1.1400000e+02   4.7316060e+00
   1.1500000e+02   4.4212236e+00
   1.1600000e+02   4.1154079e+00
   1.1700000e+02   3.8141012e+00
   1.1800000e+02   3.5172429e+00
   1.1900000e+02   3.2247717e+00
   1.2000000e+02   2.9366262e+00
   1.2100000e+02   2.9156640e+00
   1.2200000e+02   2.8963912e+00
   1.2300000e+02   2.8787994e+00
   1.2400000e+02   2.8628821e+00
   1.2500000e+02   2.8486319e+00
   1.2600000e+02   2.8360417e+00
   1.2700000e+02   2.8251050e+00
   1.2800000e+02   2.8158140e+00
   1.2900000e+02   2.8081632e+00
   1.3000000e+02   2.8021452e+00
   1.3100000e+02   2.7977548e+00
   1.3200000e+02   2.7949858e+00
   1.3300000e+02   2.7938316e+00
   1.3400000e+02   2.7942877e+00
   1.3500000e+02   2.7963486e+00
   1.3600000e+02   2.8000090e+00
   1.3700000e+02   2.8052645e+00
   1.3800000e+02   2.8121097e+00
   1.3900000e+02   2.8205409e+00
   1.4000000e+02   2.8305540e+00
   1.4100000e+02   2.8421447e+00
   1.4200000e+02   2.8553104e+00
   1.4300000e+02   2.8700469e+00
   1.4400000e+02   2.8863516e+00
   1.4500000e+02   2.9042215e+00
   1.4600000e+02   2.9236546e+00
   1.4700000e+02   2.9446483e+00
   1.4800000e+02   2.9672012e+00
   1.4900000e+02   2.9913111e+00
   1.5000000e+02   3.0169768e+00
   1.5100000e+02   2.9997778e+00
   1.5200000e+02   2.9843535e+00
   1.5300000e+02   2.9706924e+00
   1.5400000e+02   2.9587834e+00
   1.5500000e+02   2.9486160e+00
   1.5600000e+02   2.9401793e+00
   1.5700000e+02   2.9334641e+00
   1.5800000e+02   2.9284601e+00
   1.5900000e+02   2.9251585e+00
   1.6000000e+02   2.9235504e+00
   1.6100000e+02   2.9236271e+00
   1.6200000e+02   2.9253807e+00
   1.6300000e+02   2.9288034e+00
   1.6400000e+02   2.9338880e+00
   1.6500000e+02   2.9406269e+00
   1.6600000e+02   2.9490144e+00
   1.6700000e+02   2.9590433e+00
   1.6800000e+02   2.9707079e+00
   1.6900000e+02   2.9840031e+00
   1.7000000e+02   2.9989231e+00
   1.7100000e+02   3.0154631e+00
   1.7200000e+02   3.0336187e+00
   1.7300000e+02   3.0533860e+00
   1.7400000e+02   3.0747607e+00
   1.7500000e+02   3.0977392e+00
   1.7600000e+02   3.1223187e+00
   1.7700000e+02   3.1484964e+00
   1.7800000e+02   3.1762698e+00
   1.7900000e+02   3.2056365e+00
   1.8000000e+02   3.2365949e+00
   1.8100000e+02   3.2315195e+00
   1.8200000e+02   3.2279959e+00
   1.8300000e+02   3.2260146e+00
   1.8400000e+02   3.2255683e+00
   1.8500000e+02   3.2266481e+00
   1.8600000e+02   3.2292459e+00
   1.8700000e+02   3.2333546e+00
   1.8800000e+02   3.2389662e+00
   1.8900000e+02   3.2460740e+00
   1.9000000e+02   3.2546709e+00
   1.9100000e+02   3.2647505e+00
   1.9200000e+02   3.2763057e+00
   1.9300000e+02   3.2893312e+00
   1.9400000e+02   3.3038204e+00
   1.9500000e+02   3.3197682e+00
   1.9600000e+02   3.3371687e+00
   1.9700000e+02   3.3560169e+00
   1.9800000e+02   3.3763075e+00
   1.9900000e+02   3.3980360e+00
   2.0000000e+02   3.4211979e+00
   2.0100000e+02   3.4457881e+00
   2.0200000e+02   3.4718032e+00
   2.0300000e+02   3.4992387e+00
   2.0400000e+02   3.5280910e+00
   2.0500000e+02   3.5583563e+00
   2.0600000e+02   3.5900309e+00
   2.0700000e+02   3.6231120e+00
   2.0800000e+02   3.6575961e+00
   2.0900000e+02   3.6934798e+00
   2.1000000e+02   3.7307603e+00
   2.1100000e+02   3.9996955e+00
   2.1200000e+02   4.2708335e+00
   2.1300000e+02   4.5442147e+00
   2.1400000e+02   4.8198791e+00
   2.1500000e+02   5.0978651e+00
   2.1600000e+02   5.3782110e+00
   2.1700000e+02   5.6609559e+00
   2.1800000e+02   5.9461370e+00
   2.1900000e+02   6.2337904e+00
   2.2000000e+02   6.5239525e+00
   2.2100000e+02   6.8166585e+00
   2.2200000e+02   7.1119432e+00
   2.2300000e+02   7.4098415e+00
   2.2400000e+02   7.7103853e+00
   2.2500000e+02   8.0136070e+00
   2.2600000e+02   8.3195362e+00
   2.2700000e+02   8.6282063e+00
   2.2800000e+02   8.9396429e+00
   2.2900000e+02   9.2538748e+00
   2.3000000e+02   9.5709305e+00
   2.3100000e+02   9.8908319e+00
   2.3200000e+02   1.0213606e+01
   2.3300000e+02   1.0539272e+01
   2.3400000e+02   1.0867855e+01
   2.3500000e+02   1.1199369e+01
   2.3600000e+02   1.1533836e+01
   2.3700000e+02   1.1871271e+01
   2.3800000e+02   1.2211686e+01
   2.3900000e+02   1.2555095e+01
   2.4000000e+02   1.2901506e+01
   2.4100000e+02   1.3155897e+01
   2.4200000e+02   1.3413465e+01
   2.4300000e+02   1.3674230e+01
   2.4400000e+02   1.3938213e+01
   2.4500000e+02   1.4205433e+01
   2.4600000e+02   1.4475905e+01
   2.4700000e+02   1.4749649e+01
   2.4800000e+02   1.5026677e+01
   2.4900000e+02   1.5307003e+01
   2.5000000e+02   1.5590640e+01
   2.5100000e+02   1.5877597e+01
   2.5200000e+02   1.6167883e+01
   2.5300000e+02   1.6461506e+01
   2.5400000e+02   1.6758467e+01
   2.5500000e+02   1.7058775e+01
   2.5600000e+02   1.7362427e+01
   2.5700000e+02   1.7669420e+01
   2.5800000e+02   1.7979755e+01
   2.5900000e+02   1.8293425e+01
   2.6000000e+02   1.8610418e+01
   2.6100000e+02   1.8930727e+01
   2.6200000e+02   1.9254337e+01
   2.6300000e+02   1.9581228e+01
   2.6400000e+02   1.9911386e+01
   2.6500000e+02   2.0244787e+01
   2.6600000e+02   2.0581400e+01
   2.6700000e+02   2.0921202e+01
   2.6800000e+02   2.1264160e+01
   2.6900000e+02   2.1610233e+01
   2.7000000e+02   2.1959389e+01
   2.7100000e+02   2.2259520e+01
   2.7200000e+02   2.2562340e+01
   2.7300000e+02   2.2867813e+01
   2.7400000e+02   2.3175892e+01
   2.7500000e+02   2.3486526e+01
   2.7600000e+02   2.3799665e+01
   2.7700000e+02   2.4115253e+01
   2.7800000e+02   2.4433231e+01
   2.7900000e+02   2.4753532e+01
   2.8000000e+02   2.5076096e+01
   2.8100000e+02   2.5400848e+01
   2.8200000e+02   2.5727716e+01
   2.8300000e+02   2.6056622e+01
   2.8400000e+02   2.6387480e+01
   2.8500000e+02   2.6720209e+01
   2.8600000e+02   2.7054716e+01
   2.8700000e+02   2.7390907e+01
   2.8800000e+02   2.7728685e+01
   2.8900000e+02   2.8067949e+01
   2.9000000e+02   2.8408588e+01
   2.9100000e+02   2.8750494e+01
   2.9200000e+02   2.9093554e+01
   2.9300000e+02   2.9437647e+01
   2.9400000e+02   2.9782652e+01
   2.9500000e+02   3.0128441e+01
   2.9600000e+02   3.0474882e+01
   2.9700000e+02   3.0821844e+01
   2.9800000e+02   3.1169186e+01
   2.9900000e+02   3.1516766e+01
   3.0000000e+02   3.1864439e+01
   3.0100000e+02   3.2169582e+01
   3.0200000e+02   3.2474163e+01
   3.0300000e+02   3.2778038e+01
   3.0400000e+02   3.3081051e+01
   3.0500000e+02   3.3383053e+01
   3.0600000e+02   3.3683891e+01
   3.0700000e+02   3.3983402e+01
   3.0800000e+02   3.4281429e+01
   3.0900000e+02   3.4577808e+01
   3.1000000e+02   3.4872379e+01
   3.1100000e+02   3.5164970e+01
   3.1200000e+02   3.5455418e+01
   3.1300000e+02   3.5743557e+01
   3.1400000e+02   3.6029205e+01
   3.1500000e+02   3.6312206e+01
   3.1600000e+02   3.6592377e+01
   3.1700000e+02   3.6869553e+01
   3.1800000e+02   3.7143551e+01
   3.1900000e+02   3.7414204e+01
   3.2000000e+02   3.7681339e+01
   3.2100000e+02   3.7944778e+01
   3.2200000e+02   3.8204353e+01
   3.2300000e+02   3.8459892e+01
   3.2400000e+02   3.8711220e+01
   3.2500000e+02   3.8958172e+01
   3.2600000e+02   3.9200573e+01
   3.2700000e+02   3.9438255e+01
   3.2800000e+02   3.9671062e+01
   3.2900000e+02   3.9898823e+01
   3.3000000e+02   4.0121376e+01
   3.3100000e+02   4.0289982e+01
   3.3200000e+02   4.0452816e+01
   3.3300000e+02   4.0609726e+01
   3.3400000e+02   4.0760578e+01
   3.3500000e+02   4.0905228e+01
   3.3600000e+02   4.1043549e+01
   3.3700000e+02   4.1175404e+01
   3.3800000e+02   4.1300671e+01
   3.3900000e+02   4.1419220e+01
   3.4000000e+02   4.1530933e+01
   3.4100000e+02   4.1635704e+01
   3.4200000e+02   4.1733414e+01
   3.4300000e+02   4.1823959e+01
   3.4400000e+02   4.1907242e+01
   3.4500000e+02   4.1983162e+01
   3.4600000e+02   4.2051636e+01
   3.4700000e+02   4.2112568e+01
   3.4800000e+02   4.2165890e+01
   3.4900000e+02   4.2211517e+01
   3.5000000e+02   4.2249382e+01
   3.5100000e+02   4.2279430e+01
   3.5200000e+02   4.2301598e+01
   3.5300000e+02   4.2315838e+01
   3.5400000e+02   4.2322105e+01
   3.5500000e+02   4.2320362e+01
   3.5600000e+02   4.2310577e+01
   3.5700000e+02   4.2292721e+01
   3.5800000e+02   4.2266781e+01
   3.5900000e+02   4.2232746e+01
   1.4226848e-06   4.2190609e+01
