   0.0000000e+00   1.4188154e+04
   1.0000000e+00   1.4835073e+04
   2.0000000e+00   1.4826076e+04
   3.0000000e+00   1.4818891e+04
   4.0000000e+00   1.4812893e+04
   5.0000000e+00   1.4808011e+04
   6.0000000e+00   1.4804343e+04
   7.0000000e+00   1.4801909e+04
   8.0000000e+00   1.4800720e+04
   9.0000000e+00   1.4800790e+04
   1.0000000e+01   1.4802131e+04
   1.1000000e+01   1.4804756e+04
   1.2000000e+01   1.4808679e+04
   1.3000000e+01   1.4813914e+04
   1.4000000e+01   1.4820475e+04
   1.5000000e+01   1.4828380e+04
   1.6000000e+01   1.4837648e+04
   1.7000000e+01   1.4848294e+04
   1.8000000e+01   1.4860335e+04
   1.9000000e+01   1.4873825e+04
   2.0000000e+01   1.4888755e+04
   2.1000000e+01   1.4905129e+04
   2.2000000e+01   1.4922960e+04
   2.3000000e+01   1.4942265e+04
   2.4000000e+01   1.4963059e+04
   2.5000000e+01   1.4985354e+04
   2.6000000e+01   1.5009169e+04
   2.7000000e+01   1.5034514e+04
   2.8000000e+01   1.5061403e+04
   2.9000000e+01   1.5089850e+04
   3.0000000e+01   1.5119865e+04
   3.1000000e+01   1.5153536e+04
   3.2000000e+01   1.5188787e+04
   3.3000000e+01   1.5225632e+04
   3.4000000e+01   1.5264079e+04
   3.5000000e+01   1.5304142e+04
   3.6000000e+01   1.5345830e+04
   3.7000000e+01   1.5389154e+04
   3.8000000e+01   1.5434121e+04
   3.9000000e+01   1.5480737e+04
   4.0000000e+01   1.5529009e+04
   4.1000000e+01   1.5578943e+04
   4.2000000e+01   1.5630545e+04
   4.3000000e+01   1.5683816e+04
   4.4000000e+01   1.5738759e+04
   4.5000000e+01   1.5795344e+04
   4.6000000e+01   1.5853591e+04
   4.7000000e+01   1.5913528e+04
   4.8000000e+01   1.5975164e+04
   4.9000000e+01   1.6038459e+04
   5.0000000e+01   1.6103409e+04
   5.1000000e+01   1.6170005e+04
   5.2000000e+01   1.6238250e+04
   5.3000000e+01   1.6308123e+04
   5.4000000e+01   1.6379615e+04
   5.5000000e+01   1.6452693e+04
   5.6000000e+01   1.6527357e+04
   5.7000000e+01   1.6603609e+04
   5.8000000e+01   1.6681426e+04
   5.9000000e+01   1.6760787e+04
   6.0000000e+01   1.6841672e+04
   6.1000000e+01   1.6924170e+04
   6.2000000e+01   1.7008178e+04
   6.3000000e+01   1.7093672e+04
   6.4000000e+01   1.7180633e+04
   6.5000000e+01   1.7269039e+04
   6.6000000e+01   1.7358865e+04
   6.7000000e+01   1.7450086e+04
   6.8000000e+01   1.7542672e+04
   6.9000000e+01   1.7636607e+04
   7.0000000e+01   1.7731861e+04
   7.1000000e+01   1.7828383e+04
   7.2000000e+01   1.7926117e+04
   7.3000000e+01   1.8025074e+04
   7.4000000e+01   1.8125232e+04
   7.5000000e+01   1.8226539e+04
   7.6000000e+01   1.8328967e+04
   7.7000000e+01   1.8432477e+04
   7.8000000e+01   1.8537016e+04
   7.9000000e+01   1.8642535e+04
   8.0000000e+01   1.8749027e+04
   8.1000000e+01   1.8856447e+04
   8.2000000e+01   1.8964713e+04
   8.3000000e+01   1.9073838e+04
   8.4000000e+01   1.9183785e+04
   8.5000000e+01   1.9294547e+04
   8.6000000e+01   1.9406043e+04
   8.7000000e+01   1.9518234e+04
   8.8000000e+01   1.9631080e+04
   8.9000000e+01   1.9744535e+04
   9.0000000e+01   1.9858555e+04
   9.1000000e+01   1.9964680e+04
   9.2000000e+01   2.0071311e+04
   9.3000000e+01   2.0178402e+04
   9.4000000e+01   2.0285906e+04
   9.5000000e+01   2.0393777e+04
   9.6000000e+01   2.0501967e+04
   9.7000000e+01   2.0610428e+04
   9.8000000e+01   2.0719113e+04
   9.9000000e+01   2.0827971e+04
   1.0000000e+02   2.0936961e+04
   1.0100000e+02   2.1046041e+04
   1.0200000e+02   2.1155152e+04
   1.0300000e+02   2.1264256e+04
   1.0400000e+02   2.1373299e+04
   1.0500000e+02   2.1482230e+04
   1.0600000e+02   2.1591000e+04
   1.0700000e+02   2.1699561e+04
   1.0800000e+02   2.1807861e+04
   1.0900000e+02   2.1915857e+04
   1.1000000e+02   2.2023516e+04
   1.1100000e+02   2.2130795e+04
   1.1200000e+02   2.2237701e+04
   1.1300000e+02   2.2344125e+04
   1.1400000e+02   2.2450008e+04
   1.1500000e+02   2.2555305e+04
   1.1600000e+02   2.2659975e+04
   1.1700000e+02   2.2763984e+04
   1.1800000e+02   2.2867270e+04
   1.1900000e+02   2.2969785e+04
   1.2000000e+02   2.3071482e+04
   1.2100000e+02   2.3054684e+04
   1.2200000e+02   2.3034664e+04
   1.2300000e+02   2.3011381e+04
   1.2400000e+02   2.2985088e+04
   1.2500000e+02   2.2962482e+04
   1.2600000e+02   2.2942604e+04
   1.2700000e+02   2.2922820e+04
   1.2800000e+02   2.2902971e+04
   1.2900000e+02   2.2882914e+04
   1.3000000e+02   2.2862520e+04
   1.3100000e+02   2.2848506e+04
   1.3200000e+02   2.2876385e+04
   1.3300000e+02   2.2911430e+04
   1.3400000e+02   2.2949195e+04
   1.3500000e+02   2.2989029e+04
   1.3600000e+02   2.3030559e+04
   1.3700000e+02   2.3073477e+04
   1.3800000e+02   2.3122518e+04
   1.3900000e+02   2.3214070e+04
   1.4000000e+02   2.3305121e+04
   1.4100000e+02   2.3394334e+04
   1.4200000e+02   2.3481563e+04
   1.4300000e+02   2.3566754e+04
   1.4400000e+02   2.3649869e+04
   1.4500000e+02   2.3730854e+04
   1.4600000e+02   2.3809664e+04
   1.4700000e+02   2.3890705e+04
   1.4800000e+02   2.3973516e+04
   1.4900000e+02   2.4053432e+04
   1.5000000e+02   2.4130357e+04
   1.5100000e+02   2.4237117e+04
   1.5200000e+02   2.4338344e+04
   1.5300000e+02   2.4434361e+04
   1.5400000e+02   2.4525465e+04
   1.5500000e+02   2.4611910e+04
   1.5600000e+02   2.4693930e+04
   1.5700000e+02   2.4771730e+04
   1.5800000e+02   2.4845492e+04
   1.5900000e+02   2.4916953e+04
   1.6000000e+02   2.4994947e+04
   1.6100000e+02   2.5066543e+04
   1.6200000e+02   2.5131930e+04
   1.6300000e+02   2.5191746e+04
   1.6400000e+02   2.5246541e+04
   1.6500000e+02   2.5303029e+04
   1.6600000e+02   2.5357434e+04
   1.6700000e+02   2.5407670e+04
   1.6800000e+02   2.5453854e+04
   1.6900000e+02   2.5496199e+04
   1.7000000e+02   2.5534879e+04
   1.7100000e+02   2.5570053e+04
   1.7200000e+02   2.5601854e+04
   1.7300000e+02   2.5630400e+04
   1.7400000e+02   2.5655797e+04
   1.7500000e+02   2.5678141e+04
   1.7600000e+02   2.5697514e+04
   1.7700000e+02   2.5713994e+04
   1.7800000e+02   2.5727654e+04
   1.7900000e+02   2.5738545e+04
   1.8000000e+02   2.5746727e+04
   1.8100000e+02   2.5771543e+04
   1.8200000e+02   2.5792881e+04
   1.8300000e+02   2.5810875e+04
   1.8400000e+02   2.5825654e+04
   1.8500000e+02   2.5837322e+04
   1.8600000e+02   2.5845979e+04
   1.8700000e+02   2.5851709e+04
   1.8800000e+02   2.5854602e+04
   1.8900000e+02   2.5854723e+04
   1.9000000e+02   2.5852133e+04
   1.9100000e+02   2.5846891e+04
   1.9200000e+02   2.5839064e+04
   1.9300000e+02   2.5828713e+04
   1.9400000e+02   2.5815863e+04
   1.9500000e+02   2.5800555e+04
   1.9600000e+02   2.5781914e+04
   1.9700000e+02   2.5759854e+04
   1.9800000e+02   2.5735164e+04
   1.9900000e+02   2.5707869e+04
   2.0000000e+02   2.5677982e+04
   2.0100000e+02   2.5645523e+04
   2.0200000e+02   2.5610510e+04
   2.0300000e+02   2.5572941e+04
   2.0400000e+02   2.5532834e+04
   2.0500000e+02   2.5490219e+04
   2.0600000e+02   2.5445105e+04
   2.0700000e+02   2.5397506e+04
   2.0800000e+02   2.5347434e+04
   2.0900000e+02   2.5294898e+04
   2.1000000e+02   2.5239914e+04
   2.1100000e+02   2.5183451e+04
   2.1200000e+02   2.5125762e+04
   2.1300000e+02   2.5066887e+04
   2.1400000e+02   2.5006871e+04
   2.1500000e+02   2.4945754e+04
   2.1600000e+02   2.4883578e+04
   2.1700000e+02   2.4820389e+04
   2.1800000e+02   2.4756230e+04
   2.1900000e+02   2.4691146e+04
   2.2000000e+02   2.4625186e+04
   2.2100000e+02   2.4558396e+04
   2.2200000e+02   2.4490824e+04
   2.2300000e+02   2.4422520e+04
   2.2400000e+02   2.4353531e+04
   2.2500000e+02   2.4283910e+04
   2.2600000e+02   2.4213709e+04
   2.2700000e+02   2.4142982e+04
   2.2800000e+02   2.4071777e+04
   2.2900000e+02   2.4000152e+04
   2.3000000e+02   2.3928160e+04
   2.3100000e+02   2.3855857e+04
   2.3200000e+02   2.3783299e+04
   2.3300000e+02   2.3710543e+04
   2.3400000e+02   2.3637646e+04
   2.3500000e+02   2.3564668e+04
   2.3600000e+02   2.3491666e+04
   2.3700000e+02   2.3418701e+04
   2.3800000e+02   2.3345834e+04
   2.3900000e+02   2.3273125e+04
   2.4000000e+02   2.3200637e+04
   2.4100000e+02   2.3092336e+04
   2.4200000e+02   2.2983438e+04
   2.4300000e+02   2.2873980e+04
   2.4400000e+02   2.2764010e+04
   2.4500000e+02   2.2653561e+04
   2.4600000e+02   2.2542680e+04
   2.4700000e+02   2.2431410e+04
   2.4800000e+02   2.2319791e+04
   2.4900000e+02   2.2207865e+04
   2.5000000e+02   2.2095689e+04
   2.5100000e+02   2.1983305e+04
   2.5200000e+02   2.1870740e+04
   2.5300000e+02   2.1758039e+04
   2.5400000e+02   2.1645244e+04
   2.5500000e+02   2.1532398e+04
   2.5600000e+02   2.1419574e+04
   2.5700000e+02   2.1306787e+04
   2.5800000e+02   2.1194082e+04
   2.5900000e+02   2.1081500e+04
   2.6000000e+02   2.0969084e+04
   2.6100000e+02   2.0856881e+04
   2.6200000e+02   2.0744928e+04
   2.6300000e+02   2.0633271e+04
   2.6400000e+02   2.0521959e+04
   2.6500000e+02   2.0411049e+04
   2.6600000e+02   2.0300563e+04
   2.6700000e+02   2.0190543e+04
   2.6800000e+02   2.0081029e+04
   2.6900000e+02   1.9972064e+04
   2.7000000e+02   1.9863691e+04
   2.7100000e+02   1.9752004e+04
   2.7200000e+02   1.9640797e+04
   2.7300000e+02   1.9530105e+04
   2.7400000e+02   1.9419969e+04
   2.7500000e+02   1.9310422e+04
   2.7600000e+02   1.9201502e+04
   2.7700000e+02   1.9093244e+04
   2.7800000e+02   1.8985699e+04
   2.7900000e+02   1.8878885e+04
   2.8000000e+02   1.8772832e+04
   2.8100000e+02   1.8667574e+04
   2.8200000e+02   1.8563143e+04
   2.8300000e+02   1.8459570e+04
   2.8400000e+02   1.8356887e+04
   2.8500000e+02   1.8255125e+04
   2.8600000e+02   1.8154311e+04
   2.8700000e+02   1.8054479e+04
   2.8800000e+02   1.7955656e+04
   2.8900000e+02   1.7857893e+04
   2.9000000e+02   1.7761203e+04
   2.9100000e+02   1.7665596e+04
   2.9200000e+02   1.7571098e+04
   2.9300000e+02   1.7477730e+04
   2.9400000e+02   1.7385518e+04
   2.9500000e+02   1.7294496e+04
   2.9600000e+02   1.7204672e+04
   2.9700000e+02   1.7116064e+04
   2.9800000e+02   1.7028695e+04
   2.9900000e+02   1.6942580e+04
   3.0000000e+02   1.6857740e+04
   3.0100000e+02   1.6773465e+04
   3.0200000e+02   1.6690379e+04
   3.0300000e+02   1.6608484e+04
   3.0400000e+02   1.6527785e+04
   3.0500000e+02   1.6448295e+04
   3.0600000e+02   1.6370026e+04
   3.0700000e+02   1.6292986e+04
   3.0800000e+02   1.6217191e+04
   3.0900000e+02   1.6142646e+04
   3.1000000e+02   1.6069360e+04
   3.1100000e+02   1.5997366e+04
   3.1200000e+02   1.5926650e+04
   3.1300000e+02   1.5857216e+04
   3.1400000e+02   1.5789069e+04
   3.1500000e+02   1.5722213e+04
   3.1600000e+02   1.5656651e+04
   3.1700000e+02   1.5592389e+04
   3.1800000e+02   1.5529429e+04
   3.1900000e+02   1.5467771e+04
   3.2000000e+02   1.5407419e+04
   3.2100000e+02   1.5348376e+04
   3.2200000e+02   1.5290640e+04
   3.2300000e+02   1.5234212e+04
   3.2400000e+02   1.5179091e+04
   3.2500000e+02   1.5125271e+04
   3.2600000e+02   1.5072754e+04
   3.2700000e+02   1.5021535e+04
   3.2800000e+02   1.4971610e+04
   3.2900000e+02   1.4922979e+04
   3.3000000e+02   1.4875646e+04
   3.3100000e+02   1.4828833e+04
   3.3200000e+02   1.4783214e+04
   3.3300000e+02   1.4738787e+04
   3.3400000e+02   1.4695553e+04
   3.3500000e+02   1.4653510e+04
   3.3600000e+02   1.4612657e+04
   3.3700000e+02   1.4572999e+04
   3.3800000e+02   1.4534530e+04
   3.3900000e+02   1.4497253e+04
   3.4000000e+02   1.4461165e+04
   3.4100000e+02   1.4426267e+04
   3.4200000e+02   1.4392560e+04
   3.4300000e+02   1.4360041e+04
   3.4400000e+02   1.4328715e+04
   3.4500000e+02   1.4298581e+04
   3.4600000e+02   1.4269641e+04
   3.4700000e+02   1.4241895e+04
   3.4800000e+02   1.4215346e+04
   3.4900000e+02   1.4189995e+04
   3.5000000e+02   1.4165848e+04
   3.5100000e+02   1.4142903e+04
   3.5200000e+02   1.4121168e+04
   3.5300000e+02   1.4100644e+04
   3.5400000e+02   1.4081336e+04
   3.5500000e+02   1.4063250e+04
   3.5600000e+02   1.4046391e+04
   3.5700000e+02   1.4030763e+04
   3.5800000e+02   1.4016373e+04
   3.5900000e+02   1.4003227e+04
   7.1133672e-07   1.3991331e+04
   1.0000007e+00   1.3978865e+04
   2.0000007e+00   1.3967688e+04
   3.0000007e+00   1.3957813e+04
   4.0000010e+00   1.3949254e+04
   5.0000010e+00   1.3942027e+04
   6.0000010e+00   1.3936144e+04
   7.0000010e+00   1.3931619e+04
   8.0000010e+00   1.3928468e+04
   9.0000010e+00   1.3926706e+04
   1.0000001e+01   1.3926348e+04
   1.1000001e+01   1.3927414e+04
   1.2000001e+01   1.3929918e+04
   1.3000001e+01   1.3933873e+04
   1.4000001e+01   1.3939296e+04
   1.5000001e+01   1.3946206e+04
   1.6000000e+01   1.3954617e+04
   1.7000000e+01   1.3964544e+04
   1.8000000e+01   1.3976003e+04
   1.9000000e+01   1.3989009e+04
   2.0000000e+01   1.4003579e+04
   2.1000000e+01   1.4019728e+04
   2.2000000e+01   1.4037470e+04
   2.3000000e+01   1.4056821e+04
   2.4000000e+01   1.4077795e+04
   2.5000000e+01   1.4100406e+04
   2.6000000e+01   1.4124669e+04
   2.7000000e+01   1.4150596e+04
   2.8000000e+01   1.4178197e+04
   2.9000000e+01   1.4207487e+04
   3.0000000e+01   1.4238477e+04
   3.1000000e+01   1.4268909e+04
   3.2000000e+01   1.4301155e+04
   3.3000000e+01   1.4335229e+04
   3.4000000e+01   1.4371137e+04
   3.5000000e+01   1.4408890e+04
   3.6000000e+01   1.4448496e+04
   3.7000000e+01   1.4489960e+04
   3.8000000e+01   1.4533291e+04
   3.9000000e+01   1.4578492e+04
   4.0000000e+01   1.4625565e+04
   4.1000000e+01   1.4674516e+04
   4.2000000e+01   1.4725343e+04
   4.3000000e+01   1.4778045e+04
   4.4000000e+01   1.4832623e+04
   4.5000000e+01   1.4889074e+04
   4.6000000e+01   1.4947391e+04
   4.7000000e+01   1.5007566e+04
   4.8000000e+01   1.5069596e+04
   4.9000000e+01   1.5133468e+04
   5.0000000e+01   1.5199174e+04
   5.1000000e+01   1.5266702e+04
   5.2000000e+01   1.5336039e+04
   5.3000000e+01   1.5407172e+04
   5.4000000e+01   1.5480084e+04
   5.5000000e+01   1.5554758e+04
   5.6000000e+01   1.5631177e+04
   5.7000000e+01   1.5709319e+04
   5.8000000e+01   1.5789165e+04
   5.9000000e+01   1.5870691e+04
   6.0000000e+01   1.5953876e+04
   6.1000000e+01   1.6034508e+04
   6.2000000e+01   1.6116968e+04
   6.3000000e+01   1.6201230e+04
   6.4000000e+01   1.6287263e+04
   6.5000000e+01   1.6375038e+04
   6.6000000e+01   1.6464521e+04
   6.7000000e+01   1.6555682e+04
   6.8000000e+01   1.6648482e+04
   6.9000000e+01   1.6742891e+04
   7.0000000e+01   1.6838867e+04
   7.1000000e+01   1.6936379e+04
   7.2000000e+01   1.7035383e+04
   7.3000000e+01   1.7135840e+04
   7.4000000e+01   1.7237711e+04
   7.5000000e+01   1.7340953e+04
   7.6000000e+01   1.7445525e+04
   7.7000000e+01   1.7551387e+04
   7.8000000e+01   1.7658486e+04
   7.9000000e+01   1.7766787e+04
   8.0000000e+01   1.7876242e+04
   8.1000000e+01   1.7986803e+04
   8.2000000e+01   1.8098426e+04
   8.3000000e+01   1.8211064e+04
   8.4000000e+01   1.8324668e+04
   8.5000000e+01   1.8439193e+04
   8.6000000e+01   1.8554590e+04
   8.7000000e+01   1.8670809e+04
   8.8000000e+01   1.8787805e+04
   8.9000000e+01   1.8905523e+04
   9.0000000e+01   1.9023920e+04
   9.1000000e+01   1.9113727e+04
   9.2000000e+01   1.9204672e+04
   9.3000000e+01   1.9296695e+04
   9.4000000e+01   1.9389738e+04
   9.5000000e+01   1.9483742e+04
   9.6000000e+01   1.9578648e+04
   9.7000000e+01   1.9674395e+04
   9.8000000e+01   1.9770920e+04
   9.9000000e+01   1.9868170e+04
   1.0000000e+02   1.9966082e+04
   1.0100000e+02   2.0064596e+04
   1.0200000e+02   2.0163654e+04
   1.0300000e+02   2.0263197e+04
   1.0400000e+02   2.0363168e+04
   1.0500000e+02   2.0463504e+04
   1.0600000e+02   2.0564146e+04
   1.0700000e+02   2.0665041e+04
   1.0800000e+02   2.0766129e+04
   1.0900000e+02   2.0867352e+04
   1.1000000e+02   2.0968652e+04
   1.1100000e+02   2.1069975e+04
   1.1200000e+02   2.1171264e+04
   1.1300000e+02   2.1272461e+04
   1.1400000e+02   2.1373516e+04
   1.1500000e+02   2.1474371e+04
   1.1600000e+02   2.1574973e+04
   1.1700000e+02   2.1675270e+04
   1.1800000e+02   2.1775207e+04
   1.1900000e+02   2.1874732e+04
   1.2000000e+02   2.1973795e+04
   1.2100000e+02   2.2088588e+04
   1.2200000e+02   2.2202254e+04
   1.2300000e+02   2.2314758e+04
   1.2400000e+02   2.2426068e+04
   1.2500000e+02   2.2536150e+04
   1.2600000e+02   2.2644977e+04
   1.2700000e+02   2.2752510e+04
   1.2800000e+02   2.2858721e+04
   1.2900000e+02   2.2963578e+04
   1.3000000e+02   2.3067051e+04
   1.3100000e+02   2.3169113e+04
   1.3200000e+02   2.3269730e+04
   1.3300000e+02   2.3368875e+04
   1.3400000e+02   2.3466521e+04
   1.3500000e+02   2.3562637e+04
   1.3600000e+02   2.3657197e+04
   1.3700000e+02   2.3750176e+04
   1.3800000e+02   2.3841543e+04
   1.3900000e+02   2.3931275e+04
   1.4000000e+02   2.4019350e+04
   1.4100000e+02   2.4105736e+04
   1.4200000e+02   2.4190416e+04
   1.4300000e+02   2.4273363e+04
   1.4400000e+02   2.4354553e+04
   1.4500000e+02   2.4433965e+04
   1.4600000e+02   2.4511576e+04
   1.4700000e+02   2.4587367e+04
   1.4800000e+02   2.4661316e+04
   1.4900000e+02   2.4733404e+04
   1.5000000e+02   2.4803611e+04
   1.5100000e+02   2.4866945e+04
   1.5200000e+02   2.4928367e+04
   1.5300000e+02   2.4987855e+04
   1.5400000e+02   2.5045393e+04
   1.5500000e+02   2.5100961e+04
   1.5600000e+02   2.5154543e+04
   1.5700000e+02   2.5206125e+04
   1.5800000e+02   2.5255688e+04
   1.5900000e+02   2.5303217e+04
   1.6000000e+02   2.5348697e+04
   1.6100000e+02   2.5392119e+04
   1.6200000e+02   2.5433463e+04
   1.6300000e+02   2.5472723e+04
   1.6400000e+02   2.5509885e+04
   1.6500000e+02   2.5544938e+04
   1.6600000e+02   2.5577869e+04
   1.6700000e+02   2.5608674e+04
   1.6800000e+02   2.5637338e+04
   1.6900000e+02   2.5663861e+04
   1.7000000e+02   2.5688229e+04
   1.7100000e+02   2.5710436e+04
   1.7200000e+02   2.5730477e+04
   1.7300000e+02   2.5748352e+04
   1.7400000e+02   2.5764047e+04
   1.7500000e+02   2.5777564e+04
   1.7600000e+02   2.5788898e+04
   1.7700000e+02   2.5798051e+04
   1.7800000e+02   2.5805018e+04
   1.7900000e+02   2.5809797e+04
   1.8000000e+02   2.5812389e+04
   1.8100000e+02   2.5804836e+04
   1.8200000e+02   2.5795102e+04
   1.8300000e+02   2.5783186e+04
   1.8400000e+02   2.5769088e+04
   1.8500000e+02   2.5752811e+04
   1.8600000e+02   2.5734359e+04
   1.8700000e+02   2.5713732e+04
   1.8800000e+02   2.5690939e+04
   1.8900000e+02   2.5665982e+04
   1.9000000e+02   2.5638867e+04
   1.9100000e+02   2.5609600e+04
   1.9200000e+02   2.5578188e+04
   1.9300000e+02   2.5544641e+04
   1.9400000e+02   2.5508963e+04
   1.9500000e+02   2.5471168e+04
   1.9600000e+02   2.5431264e+04
   1.9700000e+02   2.5389258e+04
   1.9800000e+02   2.5345168e+04
   1.9900000e+02   2.5299000e+04
   2.0000000e+02   2.5250771e+04
   2.0100000e+02   2.5200490e+04
   2.0200000e+02   2.5148176e+04
   2.0300000e+02   2.5093838e+04
   2.0400000e+02   2.5037496e+04
   2.0500000e+02   2.4979162e+04
   2.0600000e+02   2.4918855e+04
   2.0700000e+02   2.4856592e+04
   2.0800000e+02   2.4792389e+04
   2.0900000e+02   2.4726268e+04
   2.1000000e+02   2.4658244e+04
   2.1100000e+02   2.4612355e+04
   2.1200000e+02   2.4565098e+04
   2.1300000e+02   2.4516498e+04
   2.1400000e+02   2.4466592e+04
   2.1500000e+02   2.4415406e+04
   2.1600000e+02   2.4362975e+04
   2.1700000e+02   2.4309334e+04
   2.1800000e+02   2.4254512e+04
   2.1900000e+02   2.4198549e+04
   2.2000000e+02   2.4141475e+04
   2.2100000e+02   2.4083328e+04
   2.2200000e+02   2.4024143e+04
   2.2300000e+02   2.3963959e+04
   2.2400000e+02   2.3902809e+04
   2.2500000e+02   2.3840738e+04
   2.2600000e+02   2.3777775e+04
   2.2700000e+02   2.3713969e+04
   2.2800000e+02   2.3649352e+04
   2.2900000e+02   2.3583967e+04
   2.3000000e+02   2.3517854e+04
   2.3100000e+02   2.3451057e+04
   2.3200000e+02   2.3383611e+04
   2.3300000e+02   2.3315561e+04
   2.3400000e+02   2.3246953e+04
   2.3500000e+02   2.3177824e+04
   2.3600000e+02   2.3108221e+04
   2.3700000e+02   2.3038184e+04
   2.3800000e+02   2.2967760e+04
   2.3900000e+02   2.2896990e+04
   2.4000000e+02   2.2825920e+04
   2.4100000e+02   2.2721947e+04
   2.4200000e+02   2.2617402e+04
   2.4300000e+02   2.2512330e+04
   2.4400000e+02   2.2406770e+04
   2.4500000e+02   2.2300764e+04
   2.4600000e+02   2.2194354e+04
   2.4700000e+02   2.2087580e+04
   2.4800000e+02   2.1980490e+04
   2.4900000e+02   2.1873123e+04
   2.5000000e+02   2.1765523e+04
   2.5100000e+02   2.1657732e+04
   2.5200000e+02   2.1549793e+04
   2.5300000e+02   2.1441750e+04
   2.5400000e+02   2.1333648e+04
   2.5500000e+02   2.1225525e+04
   2.5600000e+02   2.1117430e+04
   2.5700000e+02   2.1009402e+04
   2.5800000e+02   2.0901486e+04
   2.5900000e+02   2.0793725e+04
   2.6000000e+02   2.0686162e+04
   2.6100000e+02   2.0578838e+04
   2.6200000e+02   2.0471799e+04
   2.6300000e+02   2.0365082e+04
   2.6400000e+02   2.0258736e+04
   2.6500000e+02   2.0152799e+04
   2.6600000e+02   2.0047314e+04
   2.6700000e+02   1.9942322e+04
   2.6800000e+02   1.9837863e+04
   2.6900000e+02   1.9733980e+04
   2.7000000e+02   1.9630715e+04
   2.7100000e+02   1.9520977e+04
   2.7200000e+02   1.9411729e+04
   2.7300000e+02   1.9303008e+04
   2.7400000e+02   1.9194850e+04
   2.7500000e+02   1.9087293e+04
   2.7600000e+02   1.8980371e+04
   2.7700000e+02   1.8874121e+04
   2.7800000e+02   1.8768578e+04
   2.7900000e+02   1.8663773e+04
   2.8000000e+02   1.8559744e+04
   2.8100000e+02   1.8456523e+04
   2.8200000e+02   1.8354141e+04
   2.8300000e+02   1.8252631e+04
   2.8400000e+02   1.8152023e+04
   2.8500000e+02   1.8052352e+04
   2.8600000e+02   1.7953641e+04
   2.8700000e+02   1.7855920e+04
   2.8800000e+02   1.7759221e+04
   2.8900000e+02   1.7663568e+04
   2.9000000e+02   1.7568990e+04
   2.9100000e+02   1.7475510e+04
   2.9200000e+02   1.7383154e+04
   2.9300000e+02   1.7291947e+04
   2.9400000e+02   1.7201908e+04
   2.9500000e+02   1.7113064e+04
   2.9600000e+02   1.7025434e+04
   2.9700000e+02   1.6939037e+04
   2.9800000e+02   1.6853893e+04
   2.9900000e+02   1.6770020e+04
   3.0000000e+02   1.6687434e+04
   3.0100000e+02   1.6604207e+04
   3.0200000e+02   1.6522158e+04
   3.0300000e+02   1.6441297e+04
   3.0400000e+02   1.6361645e+04
   3.0500000e+02   1.6283204e+04
   3.0600000e+02   1.6205995e+04
   3.0700000e+02   1.6130027e+04
   3.0800000e+02   1.6055309e+04
   3.0900000e+02   1.5981851e+04
   3.1000000e+02   1.5909661e+04
   3.1100000e+02   1.5838748e+04
   3.1200000e+02   1.5769118e+04
   3.1300000e+02   1.5700778e+04
   3.1400000e+02   1.5633733e+04
   3.1500000e+02   1.5567989e+04
   3.1600000e+02   1.5503547e+04
   3.1700000e+02   1.5440412e+04
   3.1800000e+02   1.5378587e+04
   3.1900000e+02   1.5318072e+04
   3.2000000e+02   1.5258871e+04
   3.2100000e+02   1.5200982e+04
   3.2200000e+02   1.5144406e+04
   3.2300000e+02   1.5089143e+04
   3.2400000e+02   1.5035189e+04
   3.2500000e+02   1.4982547e+04
   3.2600000e+02   1.4931211e+04
   3.2700000e+02   1.4881182e+04
   3.2800000e+02   1.4832453e+04
   3.2900000e+02   1.4785023e+04
   3.3000000e+02   1.4738889e+04
   3.3100000e+02   1.4692204e+04
   3.3200000e+02   1.4646722e+04
   3.3300000e+02   1.4602442e+04
   3.3400000e+02   1.4559363e+04
   3.3500000e+02   1.4517484e+04
   3.3600000e+02   1.4476806e+04
   3.3700000e+02   1.4437327e+04
   3.3800000e+02   1.4399048e+04
   3.3900000e+02   1.4361967e+04
   3.4000000e+02   1.4326083e+04
   3.4100000e+02   1.4291397e+04
   3.4200000e+02   1.4257911e+04
   3.4300000e+02   1.4225624e+04
   3.4400000e+02   1.4194535e+04
   3.4500000e+02   1.4164646e+04
   3.4600000e+02   1.4135959e+04
   3.4700000e+02   1.4108473e+04
   3.4800000e+02   1.4082192e+04
   3.4900000e+02   1.4057119e+04
   3.5000000e+02   1.4033253e+04
   3.5100000e+02   1.4010601e+04
   3.5200000e+02   1.3989162e+04
   3.5300000e+02   1.3968943e+04
   3.5400000e+02   1.3949947e+04
   3.5500000e+02   1.3932180e+04
   3.5600000e+02   1.3915645e+04
   3.5700000e+02   1.3900347e+04
   3.5800000e+02   1.3886295e+04
   3.5900000e+02   1.3873493e+04
   1.4226848e-06   1.3861949e+04
