   0.0000000e+00   9.2799887e-20
   1.0000000e+00   8.3206112e-05
   2.0000000e+00   1.2732970e-03
   3.0000000e+00   2.4663364e-03
   4.0000000e+00   3.6614563e-03
   5.0000000e+00   4.8585488e-03
   6.0000000e+00   6.0575074e-03
   7.0000000e+00   7.2582266e-03
   8.0000000e+00   8.4606037e-03
   9.0000000e+00   9.6645392e-03
   1.0000000e+01   1.0869930e-02
   1.1000000e+01   1.2076686e-02
   1.2000000e+01   1.3284717e-02
   1.3000000e+01   1.4493927e-02
   1.4000000e+01   1.5704228e-02
   1.5000000e+01   1.6915530e-02
   1.6000000e+01   1.8127747e-02
   1.7000000e+01   1.9340796e-02
   1.8000000e+01   2.0554600e-02
   1.9000000e+01   2.1769075e-02
   2.0000000e+01   2.2984145e-02
   2.1000000e+01   2.4199728e-02
   2.2000000e+01   2.5415754e-02
   2.3000000e+01   2.6632074e-02
   2.4000000e+01   2.7848588e-02
   2.5000000e+01   2.9065212e-02
   2.6000000e+01   3.0281868e-02
   2.7000000e+01   3.1498477e-02
   2.8000000e+01   3.2714967e-02
   2.9000000e+01   3.3931267e-02
   3.0000000e+01   3.5147298e-02
   3.1000000e+01   3.6396205e-02
   3.2000000e+01   3.7646331e-02
   3.3000000e+01   3.8897570e-02
   3.4000000e+01   4.0149819e-02
   3.5000000e+01   4.1402970e-02
   3.6000000e+01   4.2656928e-02
   3.7000000e+01   4.3911595e-02
   3.8000000e+01   4.5166884e-02
   3.9000000e+01   4.6422701e-02
   4.0000000e+01   4.7678966e-02
   4.1000000e+01   4.8935525e-02
   4.2000000e+01   5.0192304e-02
   4.3000000e+01   5.1449232e-02
   4.4000000e+01   5.2706242e-02
   4.5000000e+01   5.3963255e-02
   4.6000000e+01   5.5220213e-02
   4.7000000e+01   5.6477055e-02
   4.8000000e+01   5.7733703e-02
   4.9000000e+01   5.8990095e-02
   5.0000000e+01   6.0246173e-02
   5.1000000e+01   6.1501876e-02
   5.2000000e+01   6.2757142e-02
   5.3000000e+01   6.4011924e-02
   5.4000000e+01   6.5266155e-02
   5.5000000e+01   6.6519804e-02
   5.6000000e+01   6.7772806e-02
   5.7000000e+01   6.9025107e-02
   5.8000000e+01   7.0276648e-02
   5.9000000e+01   7.1527399e-02
   6.0000000e+01   7.2777301e-02
   6.1000000e+01   7.3982626e-02
   6.2000000e+01   7.5185902e-02
   6.3000000e+01   7.6387115e-02
   6.4000000e+01   7.7586219e-02
   6.5000000e+01   7.8783184e-02
   6.6000000e+01   7.9977974e-02
   6.7000000e+01   8.1170574e-02
   6.8000000e+01   8.2360938e-02
   6.9000000e+01   8.3549045e-02
   7.0000000e+01   8.4734865e-02
   7.1000000e+01   8.5918374e-02
   7.2000000e+01   8.7099552e-02
   7.3000000e+01   8.8278361e-02
   7.4000000e+01   8.9454785e-02
   7.5000000e+01   9.0628818e-02
   7.6000000e+01   9.1800414e-02
   7.7000000e+01   9.2969567e-02
   7.8000000e+01   9.4136253e-02
   7.9000000e+01   9.5300451e-02
   8.0000000e+01   9.6462145e-02
   8.1000000e+01   9.7621314e-02
   8.2000000e+01   9.8777935e-02
   8.3000000e+01   9.9932015e-02
   8.4000000e+01   1.0108352e-01
   8.5000000e+01   1.0223244e-01
   8.6000000e+01   1.0337877e-01
   8.7000000e+01   1.0452248e-01
   8.8000000e+01   1.0566358e-01
   8.9000000e+01   1.0680206e-01
   9.0000000e+01   1.0793792e-01
   9.1000000e+01   1.0887858e-01
   9.2000000e+01   1.0981420e-01
   9.3000000e+01   1.1074483e-01
   9.4000000e+01   1.1167046e-01
   9.5000000e+01   1.1259117e-01
   9.6000000e+01   1.1350695e-01
   9.7000000e+01   1.1441786e-01
   9.8000000e+01   1.1532392e-01
   9.9000000e+01   1.1622517e-01
   1.0000000e+02   1.1712162e-01
   1.0100000e+02   1.1801333e-01
   1.0200000e+02   1.1890031e-01
   1.0300000e+02   1.1978260e-01
   1.0400000e+02   1.2066022e-01
   1.0500000e+02   1.2153322e-01
   1.0600000e+02   1.2240161e-01
   1.0700000e+02   1.2326544e-01
   1.0800000e+02   1.2412473e-01
   1.0900000e+02   1.2497950e-01
   1.1000000e+02   1.2582980e-01
   1.1100000e+02   1.2667564e-01
   1.1200000e+02   1.2751707e-01
   1.1300000e+02   1.2835412e-01
   1.1400000e+02   1.2918682e-01
   1.1500000e+02   1.3001518e-01
   1.1600000e+02   1.3083924e-01
   1.1700000e+02   1.3165903e-01
   1.1800000e+02   1.3247460e-01
   1.1900000e+02   1.3328597e-01
   1.2000000e+02   1.3409315e-01
   1.2100000e+02   1.3458942e-01
   1.2200000e+02   1.3507950e-01
   1.2300000e+02   1.3556346e-01
   1.2400000e+02   1.3604140e-01
   1.2500000e+02   1.3651334e-01
   1.2600000e+02   1.3697937e-01
   1.2700000e+02   1.3743956e-01
   1.2800000e+02   1.3789400e-01
   1.2900000e+02   1.3834272e-01
   1.3000000e+02   1.3878582e-01
   1.3100000e+02   1.3922334e-01
   1.3200000e+02   1.3965535e-01
   1.3300000e+02   1.4008194e-01
   1.3400000e+02   1.4050312e-01
   1.3500000e+02   1.4091901e-01
   1.3600000e+02   1.4132965e-01
   1.3700000e+02   1.4173509e-01
   1.3800000e+02   1.4213540e-01
   1.3900000e+02   1.4253063e-01
   1.4000000e+02   1.4292087e-01
   1.4100000e+02   1.4330615e-01
   1.4200000e+02   1.4368652e-01
   1.4300000e+02   1.4406207e-01
   1.4400000e+02   1.4443283e-01
   1.4500000e+02   1.4479886e-01
   1.4600000e+02   1.4516023e-01
   1.4700000e+02   1.4551698e-01
   1.4800000e+02   1.4586915e-01
   1.4900000e+02   1.4621682e-01
   1.5000000e+02   1.4656003e-01
   1.5100000e+02   1.4659834e-01
   1.5200000e+02   1.4663093e-01
   1.5300000e+02   1.4665785e-01
   1.5400000e+02   1.4667919e-01
   1.5500000e+02   1.4669503e-01
   1.5600000e+02   1.4670542e-01
   1.5700000e+02   1.4671046e-01
   1.5800000e+02   1.4671019e-01
   1.5900000e+02   1.4670470e-01
   1.6000000e+02   1.4669406e-01
   1.6100000e+02   1.4667831e-01
   1.6200000e+02   1.4665754e-01
   1.6300000e+02   1.4663181e-01
   1.6400000e+02   1.4660119e-01
   1.6500000e+02   1.4656572e-01
   1.6600000e+02   1.4652547e-01
   1.6700000e+02   1.4648053e-01
   1.6800000e+02   1.4643094e-01
   1.6900000e+02   1.4637674e-01
   1.7000000e+02   1.4631803e-01
   1.7100000e+02   1.4625485e-01
   1.7200000e+02   1.4618725e-01
   1.7300000e+02   1.4611527e-01
   1.7400000e+02   1.4603896e-01
   1.7500000e+02   1.4595842e-01
   1.7600000e+02   1.4587368e-01
   1.7700000e+02   1.4578484e-01
   1.7800000e+02   1.4569186e-01
   1.7900000e+02   1.4559478e-01
   1.8000000e+02   1.4549364e-01
   1.8100000e+02   1.4521611e-01
   1.8200000e+02   1.4493394e-01
   1.8300000e+02   1.4464724e-01
   1.8400000e+02   1.4435607e-01
   1.8500000e+02   1.4406049e-01
   1.8600000e+02   1.4376056e-01
   1.8700000e+02   1.4345637e-01
   1.8800000e+02   1.4314796e-01
   1.8900000e+02   1.4283544e-01
   1.9000000e+02   1.4251882e-01
   1.9100000e+02   1.4219819e-01
   1.9200000e+02   1.4187361e-01
   1.9300000e+02   1.4154513e-01
   1.9400000e+02   1.4121275e-01
   1.9500000e+02   1.4087655e-01
   1.9600000e+02   1.4053658e-01
   1.9700000e+02   1.4019293e-01
   1.9800000e+02   1.3984568e-01
   1.9900000e+02   1.3949490e-01
   2.0000000e+02   1.3914061e-01
   2.0100000e+02   1.3878293e-01
   2.0200000e+02   1.3842191e-01
   2.0300000e+02   1.3805759e-01
   2.0400000e+02   1.3769007e-01
   2.0500000e+02   1.3731937e-01
   2.0600000e+02   1.3694561e-01
   2.0700000e+02   1.3656878e-01
   2.0800000e+02   1.3618898e-01
   2.0900000e+02   1.3580626e-01
   2.1000000e+02   1.3542067e-01
   2.1100000e+02   1.3505217e-01
   2.1200000e+02   1.3468049e-01
   2.1300000e+02   1.3430566e-01
   2.1400000e+02   1.3392772e-01
   2.1500000e+02   1.3354670e-01
   2.1600000e+02   1.3316262e-01
   2.1700000e+02   1.3277555e-01
   2.1800000e+02   1.3238551e-01
   2.1900000e+02   1.3199253e-01
   2.2000000e+02   1.3159665e-01
   2.2100000e+02   1.3119791e-01
   2.2200000e+02   1.3079633e-01
   2.2300000e+02   1.3039197e-01
   2.2400000e+02   1.2998483e-01
   2.2500000e+02   1.2957495e-01
   2.2600000e+02   1.2916239e-01
   2.2700000e+02   1.2874715e-01
   2.2800000e+02   1.2832928e-01
   2.2900000e+02   1.2790878e-01
   2.3000000e+02   1.2748572e-01
   2.3100000e+02   1.2706012e-01
   2.3200000e+02   1.2663199e-01
   2.3300000e+02   1.2620138e-01
   2.3400000e+02   1.2576830e-01
   2.3500000e+02   1.2533279e-01
   2.3600000e+02   1.2489487e-01
   2.3700000e+02   1.2445458e-01
   2.3800000e+02   1.2401195e-01
   2.3900000e+02   1.2356699e-01
   2.4000000e+02   1.2311973e-01
   2.4100000e+02   1.2285932e-01
   2.4200000e+02   1.2259694e-01
   2.4300000e+02   1.2233259e-01
   2.4400000e+02   1.2206630e-01
   2.4500000e+02   1.2179808e-01
   2.4600000e+02   1.2152798e-01
   2.4700000e+02   1.2125599e-01
   2.4800000e+02   1.2098213e-01
   2.4900000e+02   1.2070645e-01
   2.5000000e+02   1.2042894e-01
   2.5100000e+02   1.2014963e-01
   2.5200000e+02   1.1986854e-01
   2.5300000e+02   1.1958569e-01
   2.5400000e+02   1.1930110e-01
   2.5500000e+02   1.1901478e-01
   2.5600000e+02   1.1872676e-01
   2.5700000e+02   1.1843705e-01
   2.5800000e+02   1.1814567e-01
   2.5900000e+02   1.1785264e-01
   2.6000000e+02   1.1755798e-01
   2.6100000e+02   1.1726170e-01
   2.6200000e+02   1.1696381e-01
   2.6300000e+02   1.1666434e-01
   2.6400000e+02   1.1636331e-01
   2.6500000e+02   1.1606073e-01
   2.6600000e+02   1.1575661e-01
   2.6700000e+02   1.1545096e-01
   2.6800000e+02   1.1514382e-01
   2.6900000e+02   1.1483519e-01
   2.7000000e+02   1.1452509e-01
   2.7100000e+02   1.1448465e-01
   2.7200000e+02   1.1444310e-01
   2.7300000e+02   1.1440045e-01
   2.7400000e+02   1.1435670e-01
   2.7500000e+02   1.1431187e-01
   2.7600000e+02   1.1426598e-01
   2.7700000e+02   1.1421901e-01
   2.7800000e+02   1.1417099e-01
   2.7900000e+02   1.1412193e-01
   2.8000000e+02   1.1407183e-01
   2.8100000e+02   1.1402071e-01
   2.8200000e+02   1.1396857e-01
   2.8300000e+02   1.1391542e-01
   2.8400000e+02   1.1386127e-01
   2.8500000e+02   1.1380614e-01
   2.8600000e+02   1.1375002e-01
   2.8700000e+02   1.1369293e-01
   2.8800000e+02   1.1363488e-01
   2.8900000e+02   1.1357588e-01
   2.9000000e+02   1.1351593e-01
   2.9100000e+02   1.1345503e-01
   2.9200000e+02   1.1339321e-01
   2.9300000e+02   1.1333047e-01
   2.9400000e+02   1.1326682e-01
   2.9500000e+02   1.1320225e-01
   2.9600000e+02   1.1313680e-01
   2.9700000e+02   1.1307044e-01
   2.9800000e+02   1.1300322e-01
   2.9900000e+02   1.1293512e-01
   3.0000000e+02   1.1286615e-01
   3.0100000e+02   1.1307263e-01
   3.0200000e+02   1.1327861e-01
   3.0300000e+02   1.1348412e-01
   3.0400000e+02   1.1368915e-01
   3.0500000e+02   1.1389370e-01
   3.0600000e+02   1.1409780e-01
   3.0700000e+02   1.1430142e-01
   3.0800000e+02   1.1450459e-01
   3.0900000e+02   1.1470729e-01
   3.1000000e+02   1.1490954e-01
   3.1100000e+02   1.1511135e-01
   3.1200000e+02   1.1531270e-01
   3.1300000e+02   1.1551362e-01
   3.1400000e+02   1.1571410e-01
   3.1500000e+02   1.1591414e-01
   3.1600000e+02   1.1611375e-01
   3.1700000e+02   1.1631294e-01
   3.1800000e+02   1.1651170e-01
   3.1900000e+02   1.1671004e-01
   3.2000000e+02   1.1690797e-01
   3.2100000e+02   1.1710548e-01
   3.2200000e+02   1.1730258e-01
   3.2300000e+02   1.1749928e-01
   3.2400000e+02   1.1769558e-01
   3.2500000e+02   1.1789147e-01
   3.2600000e+02   1.1808697e-01
   3.2700000e+02   1.1828208e-01
   3.2800000e+02   1.1847679e-01
   3.2900000e+02   1.1867113e-01
   3.3000000e+02   1.1886508e-01
   3.3100000e+02   1.1931781e-01
   3.3200000e+02   1.1977042e-01
   3.3300000e+02   1.2022291e-01
   3.3400000e+02   1.2067530e-01
   3.3500000e+02   1.2112756e-01
   3.3600000e+02   1.2157972e-01
   3.3700000e+02   1.2203176e-01
   3.3800000e+02   1.2248370e-01
   3.3900000e+02   1.2293553e-01
   3.4000000e+02   1.2338725e-01
   3.4100000e+02   1.2383887e-01
   3.4200000e+02   1.2429037e-01
   3.4300000e+02   1.2474178e-01
   3.4400000e+02   1.2519307e-01
   3.4500000e+02   1.2564427e-01
   3.4600000e+02   1.2609537e-01
   3.4700000e+02   1.2654635e-01
   3.4800000e+02   1.2699725e-01
   3.4900000e+02   1.2744805e-01
   3.5000000e+02   1.2789875e-01
   3.5100000e+02   1.2834933e-01
   3.5200000e+02   1.2879984e-01
   3.5300000e+02   1.2925026e-01
   3.5400000e+02   1.2970057e-01
   3.5500000e+02   1.3015079e-01
   3.5600000e+02   1.3060093e-01
   3.5700000e+02   1.3105096e-01
   3.5800000e+02   1.3150091e-01
   3.5900000e+02   1.3195078e-01
   2.6219766e-08   1.3240056e-01
