   0.0000000e+00   1.6854125e+04
   1.0000000e+00   1.6854125e+04
   2.0000000e+00   1.6854285e+04
   3.0000000e+00   1.6854939e+04
   4.0000000e+00   1.6856174e+04
   5.0000000e+00   1.6857988e+04
   6.0000000e+00   1.6860383e+04
   7.0000000e+00   1.6863355e+04
   8.0000000e+00   1.6866904e+04
   9.0000000e+00   1.6871033e+04
   1.0000000e+01   1.6875736e+04
   1.1000000e+01   1.6881010e+04
   1.2000000e+01   1.6886859e+04
   1.3000000e+01   1.6893277e+04
   1.4000000e+01   1.6900264e+04
   1.5000000e+01   1.6907816e+04
   1.6000000e+01   1.6915934e+04
   1.7000000e+01   1.6924611e+04
   1.8000000e+01   1.6933848e+04
   1.9000000e+01   1.6943639e+04
   2.0000000e+01   1.6953982e+04
   2.1000000e+01   1.6964879e+04
   2.2000000e+01   1.6976313e+04
   2.3000000e+01   1.6988289e+04
   2.4000000e+01   1.7000803e+04
   2.5000000e+01   1.7013854e+04
   2.6000000e+01   1.7027434e+04
   2.7000000e+01   1.7041539e+04
   2.8000000e+01   1.7056166e+04
   2.9000000e+01   1.7071311e+04
   3.0000000e+01   1.7086969e+04
   3.1000000e+01   1.7103248e+04
   3.2000000e+01   1.7120031e+04
   3.3000000e+01   1.7137307e+04
   3.4000000e+01   1.7155076e+04
   3.5000000e+01   1.7173330e+04
   3.6000000e+01   1.7192064e+04
   3.7000000e+01   1.7211273e+04
   3.8000000e+01   1.7230951e+04
   3.9000000e+01   1.7251090e+04
   4.0000000e+01   1.7271682e+04
   4.1000000e+01   1.7292723e+04
   4.2000000e+01   1.7314209e+04
   4.3000000e+01   1.7336133e+04
   4.4000000e+01   1.7358488e+04
   4.5000000e+01   1.7381266e+04
   4.6000000e+01   1.7404461e+04
   4.7000000e+01   1.7428066e+04
   4.8000000e+01   1.7452074e+04
   4.9000000e+01   1.7476479e+04
   5.0000000e+01   1.7501270e+04
   5.1000000e+01   1.7526441e+04
   5.2000000e+01   1.7551984e+04
   5.3000000e+01   1.7577895e+04
   5.4000000e+01   1.7604158e+04
   5.5000000e+01   1.7630771e+04
   5.6000000e+01   1.7657727e+04
   5.7000000e+01   1.7685012e+04
   5.8000000e+01   1.7712621e+04
   5.9000000e+01   1.7740547e+04
   6.0000000e+01   1.7768777e+04
   6.1000000e+01   1.7797389e+04
   6.2000000e+01   1.7826291e+04
   6.3000000e+01   1.7855473e+04
   6.4000000e+01   1.7884926e+04
   6.5000000e+01   1.7914643e+04
   6.6000000e+01   1.7944611e+04
   6.7000000e+01   1.7974824e+04
   6.8000000e+01   1.8005271e+04
   6.9000000e+01   1.8035947e+04
   7.0000000e+01   1.8066836e+04
   7.1000000e+01   1.8097930e+04
   7.2000000e+01   1.8129223e+04
   7.3000000e+01   1.8160701e+04
   7.4000000e+01   1.8192359e+04
   7.5000000e+01   1.8224184e+04
   7.6000000e+01   1.8256164e+04
   7.7000000e+01   1.8288295e+04
   7.8000000e+01   1.8320564e+04
   7.9000000e+01   1.8352961e+04
   8.0000000e+01   1.8385475e+04
   8.1000000e+01   1.8418096e+04
   8.2000000e+01   1.8450816e+04
   8.3000000e+01   1.8483623e+04
   8.4000000e+01   1.8516510e+04
   8.5000000e+01   1.8549463e+04
   8.6000000e+01   1.8582473e+04
   8.7000000e+01   1.8615529e+04
   8.8000000e+01   1.8648625e+04
   8.9000000e+01   1.8681744e+04
   9.0000000e+01   1.8714883e+04
   9.1000000e+01   1.8748119e+04
   9.2000000e+01   1.8781355e+04
   9.3000000e+01   1.8814576e+04
   9.4000000e+01   1.8847771e+04
   9.5000000e+01   1.8880936e+04
   9.6000000e+01   1.8914055e+04
   9.7000000e+01   1.8947117e+04
   9.8000000e+01   1.8980115e+04
   9.9000000e+01   1.9013041e+04
   1.0000000e+02   1.9045879e+04
   1.0100000e+02   1.9078621e+04
   1.0200000e+02   1.9111260e+04
   1.0300000e+02   1.9143781e+04
   1.0400000e+02   1.9176176e+04
   1.0500000e+02   1.9208438e+04
   1.0600000e+02   1.9240549e+04
   1.0700000e+02   1.9272508e+04
   1.0800000e+02   1.9304299e+04
   1.0900000e+02   1.9335918e+04
   1.1000000e+02   1.9367348e+04
   1.1100000e+02   1.9398584e+04
   1.1200000e+02   1.9429615e+04
   1.1300000e+02   1.9460432e+04
   1.1400000e+02   1.9491025e+04
   1.1500000e+02   1.9521385e+04
   1.1600000e+02   1.9551500e+04
   1.1700000e+02   1.9581365e+04
   1.1800000e+02   1.9610967e+04
   1.1900000e+02   1.9640301e+04
   1.2000000e+02   1.9669354e+04
   1.2100000e+02   1.9698223e+04
   1.2200000e+02   1.9726793e+04
   1.2300000e+02   1.9755061e+04
   1.2400000e+02   1.9783012e+04
   1.2500000e+02   1.9810641e+04
   1.2600000e+02   1.9837938e+04
   1.2700000e+02   1.9864895e+04
   1.2800000e+02   1.9891504e+04
   1.2900000e+02   1.9917756e+04
   1.3000000e+02   1.9943641e+04
   1.3100000e+02   1.9969156e+04
   1.3200000e+02   1.9994289e+04
   1.3300000e+02   2.0019033e+04
   1.3400000e+02   2.0043383e+04
   1.3500000e+02   2.0067326e+04
   1.3600000e+02   2.0090859e+04
   1.3700000e+02   2.0113975e+04
   1.3800000e+02   2.0136662e+04
   1.3900000e+02   2.0158918e+04
   1.4000000e+02   2.0180736e+04
   1.4100000e+02   2.0202105e+04
   1.4200000e+02   2.0223025e+04
   1.4300000e+02   2.0243482e+04
   1.4400000e+02   2.0263475e+04
   1.4500000e+02   2.0282994e+04
   1.4600000e+02   2.0302037e+04
   1.4700000e+02   2.0320596e+04
   1.4800000e+02   2.0338664e+04
   1.4900000e+02   2.0356236e+04
   1.5000000e+02   2.0373309e+04
   1.5100000e+02   2.0389943e+04
   1.5200000e+02   2.0406064e+04
   1.5300000e+02   2.0421672e+04
   1.5400000e+02   2.0436758e+04
   1.5500000e+02   2.0451318e+04
   1.5600000e+02   2.0465352e+04
   1.5700000e+02   2.0478848e+04
   1.5800000e+02   2.0491809e+04
   1.5900000e+02   2.0504227e+04
   1.6000000e+02   2.0516100e+04
   1.6100000e+02   2.0527422e+04
   1.6200000e+02   2.0538191e+04
   1.6300000e+02   2.0548406e+04
   1.6400000e+02   2.0558061e+04
   1.6500000e+02   2.0567152e+04
   1.6600000e+02   2.0575680e+04
   1.6700000e+02   2.0583639e+04
   1.6800000e+02   2.0591027e+04
   1.6900000e+02   2.0597846e+04
   1.7000000e+02   2.0604086e+04
   1.7100000e+02   2.0609752e+04
   1.7200000e+02   2.0614838e+04
   1.7300000e+02   2.0619342e+04
   1.7400000e+02   2.0623268e+04
   1.7500000e+02   2.0626611e+04
   1.7600000e+02   2.0629371e+04
   1.7700000e+02   2.0631543e+04
   1.7800000e+02   2.0633127e+04
   1.7900000e+02   2.0634127e+04
   1.8000000e+02   2.0634541e+04
   1.8100000e+02   2.0634346e+04
   1.8200000e+02   2.0633566e+04
   1.8300000e+02   2.0632203e+04
   1.8400000e+02   2.0630256e+04
   1.8500000e+02   2.0627727e+04
   1.8600000e+02   2.0624613e+04
   1.8700000e+02   2.0620918e+04
   1.8800000e+02   2.0616645e+04
   1.8900000e+02   2.0611789e+04
   1.9000000e+02   2.0606357e+04
   1.9100000e+02   2.0600350e+04
   1.9200000e+02   2.0593768e+04
   1.9300000e+02   2.0586609e+04
   1.9400000e+02   2.0578881e+04
   1.9500000e+02   2.0570586e+04
   1.9600000e+02   2.0561729e+04
   1.9700000e+02   2.0552309e+04
   1.9800000e+02   2.0542328e+04
   1.9900000e+02   2.0531793e+04
   2.0000000e+02   2.0520705e+04
   2.0100000e+02   2.0509070e+04
   2.0200000e+02   2.0496887e+04
   2.0300000e+02   2.0484164e+04
   2.0400000e+02   2.0470902e+04
   2.0500000e+02   2.0457107e+04
   2.0600000e+02   2.0442783e+04
   2.0700000e+02   2.0427932e+04
   2.0800000e+02   2.0412563e+04
   2.0900000e+02   2.0396678e+04
   2.1000000e+02   2.0380279e+04
   2.1100000e+02   2.0363234e+04
   2.1200000e+02   2.0345689e+04
   2.1300000e+02   2.0327648e+04
   2.1400000e+02   2.0309117e+04
   2.1500000e+02   2.0290100e+04
   2.1600000e+02   2.0270605e+04
   2.1700000e+02   2.0250637e+04
   2.1800000e+02   2.0230203e+04
   2.1900000e+02   2.0209307e+04
   2.2000000e+02   2.0187959e+04
   2.2100000e+02   2.0166162e+04
   2.2200000e+02   2.0143924e+04
   2.2300000e+02   2.0121254e+04
   2.2400000e+02   2.0098154e+04
   2.2500000e+02   2.0074637e+04
   2.2600000e+02   2.0050707e+04
   2.2700000e+02   2.0026371e+04
   2.2800000e+02   2.0001637e+04
   2.2900000e+02   1.9976514e+04
   2.3000000e+02   1.9951008e+04
   2.3100000e+02   1.9925127e+04
   2.3200000e+02   1.9898879e+04
   2.3300000e+02   1.9872273e+04
   2.3400000e+02   1.9845316e+04
   2.3500000e+02   1.9818016e+04
   2.3600000e+02   1.9790385e+04
   2.3700000e+02   1.9762426e+04
   2.3800000e+02   1.9734152e+04
   2.3900000e+02   1.9705568e+04
   2.4000000e+02   1.9676688e+04
   2.4100000e+02   1.9647307e+04
   2.4200000e+02   1.9617646e+04
   2.4300000e+02   1.9587711e+04
   2.4400000e+02   1.9557512e+04
   2.4500000e+02   1.9527059e+04
   2.4600000e+02   1.9496361e+04
   2.4700000e+02   1.9465428e+04
   2.4800000e+02   1.9434268e+04
   2.4900000e+02   1.9402891e+04
   2.5000000e+02   1.9371305e+04
   2.5100000e+02   1.9339521e+04
   2.5200000e+02   1.9307551e+04
   2.5300000e+02   1.9275400e+04
   2.5400000e+02   1.9243084e+04
   2.5500000e+02   1.9210607e+04
   2.5600000e+02   1.9177980e+04
   2.5700000e+02   1.9145215e+04
   2.5800000e+02   1.9112322e+04
   2.5900000e+02   1.9079311e+04
   2.6000000e+02   1.9046188e+04
   2.6100000e+02   1.9012967e+04
   2.6200000e+02   1.8979658e+04
   2.6300000e+02   1.8946271e+04
   2.6400000e+02   1.8912814e+04
   2.6500000e+02   1.8879301e+04
   2.6600000e+02   1.8845738e+04
   2.6700000e+02   1.8812139e+04
   2.6800000e+02   1.8778510e+04
   2.6900000e+02   1.8744865e+04
   2.7000000e+02   1.8711213e+04
   2.7100000e+02   1.8677359e+04
   2.7200000e+02   1.8643518e+04
   2.7300000e+02   1.8609697e+04
   2.7400000e+02   1.8575912e+04
   2.7500000e+02   1.8542168e+04
   2.7600000e+02   1.8508479e+04
   2.7700000e+02   1.8474854e+04
   2.7800000e+02   1.8441301e+04
   2.7900000e+02   1.8407832e+04
   2.8000000e+02   1.8374459e+04
   2.8100000e+02   1.8341188e+04
   2.8200000e+02   1.8308029e+04
   2.8300000e+02   1.8274998e+04
   2.8400000e+02   1.8242102e+04
   2.8500000e+02   1.8209346e+04
   2.8600000e+02   1.8176746e+04
   2.8700000e+02   1.8144309e+04
   2.8800000e+02   1.8112047e+04
   2.8900000e+02   1.8079967e+04
   2.9000000e+02   1.8048080e+04
   2.9100000e+02   1.8016396e+04
   2.9200000e+02   1.7984924e+04
   2.9300000e+02   1.7953672e+04
   2.9400000e+02   1.7922652e+04
   2.9500000e+02   1.7891873e+04
   2.9600000e+02   1.7861344e+04
   2.9700000e+02   1.7831072e+04
   2.9800000e+02   1.7801068e+04
   2.9900000e+02   1.7771342e+04
   3.0000000e+02   1.7741902e+04
   3.0100000e+02   1.7712633e+04
   3.0200000e+02   1.7683664e+04
   3.0300000e+02   1.7655008e+04
   3.0400000e+02   1.7626674e+04
   3.0500000e+02   1.7598666e+04
   3.0600000e+02   1.7570994e+04
   3.0700000e+02   1.7543670e+04
   3.0800000e+02   1.7516699e+04
   3.0900000e+02   1.7490088e+04
   3.1000000e+02   1.7463846e+04
   3.1100000e+02   1.7437982e+04
   3.1200000e+02   1.7412502e+04
   3.1300000e+02   1.7387416e+04
   3.1400000e+02   1.7362730e+04
   3.1500000e+02   1.7338449e+04
   3.1600000e+02   1.7314586e+04
   3.1700000e+02   1.7291143e+04
   3.1800000e+02   1.7268129e+04
   3.1900000e+02   1.7245549e+04
   3.2000000e+02   1.7223414e+04
   3.2100000e+02   1.7201725e+04
   3.2200000e+02   1.7180492e+04
   3.2300000e+02   1.7159723e+04
   3.2400000e+02   1.7139420e+04
   3.2500000e+02   1.7119592e+04
   3.2600000e+02   1.7100240e+04
   3.2700000e+02   1.7081377e+04
   3.2800000e+02   1.7063006e+04
   3.2900000e+02   1.7045131e+04
   3.3000000e+02   1.7027756e+04
   3.3100000e+02   1.7010852e+04
   3.3200000e+02   1.6994461e+04
   3.3300000e+02   1.6978586e+04
   3.3400000e+02   1.6963232e+04
   3.3500000e+02   1.6948404e+04
   3.3600000e+02   1.6934105e+04
   3.3700000e+02   1.6920342e+04
   3.3800000e+02   1.6907117e+04
   3.3900000e+02   1.6894434e+04
   3.4000000e+02   1.6882297e+04
   3.4100000e+02   1.6870709e+04
   3.4200000e+02   1.6859672e+04
   3.4300000e+02   1.6849195e+04
   3.4400000e+02   1.6839275e+04
   3.4500000e+02   1.6829918e+04
   3.4600000e+02   1.6821125e+04
   3.4700000e+02   1.6812898e+04
   3.4800000e+02   1.6805242e+04
   3.4900000e+02   1.6798160e+04
   3.5000000e+02   1.6791650e+04
   3.5100000e+02   1.6785717e+04
   3.5200000e+02   1.6780361e+04
   3.5300000e+02   1.6775584e+04
   3.5400000e+02   1.6771389e+04
   3.5500000e+02   1.6767773e+04
   3.5600000e+02   1.6764742e+04
   3.5700000e+02   1.6762293e+04
   3.5800000e+02   1.6760430e+04
   3.5900000e+02   1.6759150e+04
   2.6219766e-08   1.6758455e+04
