   0.0000000e+00   4.3366112e+01
   1.0000000e+00   7.8605227e+00
   2.0000000e+00   7.7062149e+00
   3.0000000e+00   7.5420756e+00
   4.0000000e+00   7.3721862e+00
   5.0000000e+00   7.1972342e+00
   6.0000000e+00   7.0172620e+00
   7.0000000e+00   6.8322244e+00
   8.0000000e+00   6.6419296e+00
   9.0000000e+00   6.4471254e+00
   1.0000000e+01   6.2483935e+00
   1.1000000e+01   6.0452509e+00
   1.2000000e+01   5.8377266e+00
   1.3000000e+01   5.6263237e+00
   1.4000000e+01   5.4113321e+00
   1.5000000e+01   5.1923361e+00
   1.6000000e+01   4.9700699e+00
   1.7000000e+01   4.7439098e+00
   1.8000000e+01   4.5142183e+00
   1.9000000e+01   4.2809358e+00
   2.0000000e+01   4.0449390e+00
   2.1000000e+01   3.8058052e+00
   2.2000000e+01   3.5642612e+00
   2.3000000e+01   3.3197119e+00
   2.4000000e+01   3.0725062e+00
   2.5000000e+01   2.8229752e+00
   2.6000000e+01   2.5718172e+00
   2.7000000e+01   2.3186502e+00
   2.8000000e+01   2.0634429e+00
   2.9000000e+01   1.8065330e+00
   3.0000000e+01   1.5480769e+00
   3.1000000e+01   1.5657908e+00
   3.2000000e+01   1.5758600e+00
   3.3000000e+01   1.5786556e+00
   3.4000000e+01   1.5745409e+00
   3.5000000e+01   1.5636605e+00
   3.6000000e+01   1.5465052e+00
   3.7000000e+01   1.5236601e+00
   3.8000000e+01   1.4952472e+00
   3.9000000e+01   1.4615785e+00
   4.0000000e+01   1.4229611e+00
   4.1000000e+01   1.3794636e+00
   4.2000000e+01   1.3311383e+00
   4.3000000e+01   1.2784191e+00
   4.4000000e+01   1.2215389e+00
   4.5000000e+01   1.1615444e+00
   4.6000000e+01   1.0982460e+00
   4.7000000e+01   1.0316542e+00
   4.8000000e+01   9.6162564e-01
   4.9000000e+01   8.8872164e-01
   5.0000000e+01   8.1249380e-01
   5.1000000e+01   7.3334759e-01
   5.2000000e+01   6.5192860e-01
   5.3000000e+01   5.6770003e-01
   5.4000000e+01   4.8134977e-01
   5.5000000e+01   3.9387009e-01
   5.6000000e+01   3.0331227e-01
   5.7000000e+01   2.1057388e-01
   5.8000000e+01   1.1668964e-01
   5.9000000e+01   2.4324542e-02
   6.0000000e+01  -6.7655176e-02
   6.1000000e+01  -3.5661924e-01
   6.2000000e+01  -6.4248991e-01
   6.3000000e+01  -9.2430604e-01
   6.4000000e+01  -1.2023367e+00
   6.5000000e+01  -1.4774411e+00
   6.6000000e+01  -1.7492750e+00
   6.7000000e+01  -2.0172429e+00
   6.8000000e+01  -2.2821414e+00
   6.9000000e+01  -2.5433333e+00
   7.0000000e+01  -2.7997723e+00
   7.1000000e+01  -3.0527394e+00
   7.2000000e+01  -3.3017383e+00
   7.3000000e+01  -3.5475104e+00
   7.4000000e+01  -3.7900236e+00
   7.5000000e+01  -4.0292330e+00
   7.6000000e+01  -4.2650962e+00
   7.7000000e+01  -4.4975739e+00
   7.8000000e+01  -4.7266283e+00
   7.9000000e+01  -4.9519334e+00
   8.0000000e+01  -5.1731625e+00
   8.1000000e+01  -5.3914847e+00
   8.2000000e+01  -5.6072311e+00
   8.3000000e+01  -5.8196998e+00
   8.4000000e+01  -6.0288682e+00
   8.5000000e+01  -6.2347074e+00
   8.6000000e+01  -6.4371910e+00
   8.7000000e+01  -6.6365857e+00
   8.8000000e+01  -6.8331876e+00
   8.9000000e+01  -7.0260749e+00
   9.0000000e+01  -7.2149386e+00
   9.1000000e+01  -7.5705452e+00
   9.2000000e+01  -7.9191689e+00
   9.3000000e+01  -8.2597570e+00
   9.4000000e+01  -8.5929670e+00
   9.5000000e+01  -8.9192610e+00
   9.6000000e+01  -9.2377625e+00
   9.7000000e+01  -9.5485992e+00
   9.8000000e+01  -9.8518867e+00
   9.9000000e+01  -1.0147737e+01
   1.0000000e+02  -1.0436733e+01
   1.0100000e+02  -1.0719118e+01
   1.0200000e+02  -1.0994313e+01
   1.0300000e+02  -1.1262438e+01
   1.0400000e+02  -1.1523604e+01
   1.0500000e+02  -1.1777920e+01
   1.0600000e+02  -1.2025495e+01
   1.0700000e+02  -1.2266832e+01
   1.0800000e+02  -1.2502355e+01
   1.0900000e+02  -1.2732048e+01
   1.1000000e+02  -1.2955715e+01
   1.1100000e+02  -1.3173064e+01
   1.1200000e+02  -1.3384225e+01
   1.1300000e+02  -1.3589373e+01
   1.1400000e+02  -1.3788550e+01
   1.1500000e+02  -1.3981647e+01
   1.1600000e+02  -1.4170096e+01
   1.1700000e+02  -1.4354311e+01
   1.1800000e+02  -1.4530888e+01
   1.1900000e+02  -1.4699627e+01
   1.2000000e+02  -1.4860600e+01
   1.2100000e+02  -1.4891701e+01
   1.2200000e+02  -1.4919839e+01
   1.2300000e+02  -1.4945274e+01
   1.2400000e+02  -1.4967957e+01
   1.2500000e+02  -1.4987627e+01
   1.2600000e+02  -1.5004304e+01
   1.2700000e+02  -1.5018096e+01
   1.2800000e+02  -1.5028869e+01
   1.2900000e+02  -1.5036637e+01
   1.3000000e+02  -1.5041401e+01
   1.3100000e+02  -1.5043261e+01
   1.3200000e+02  -1.5042173e+01
   1.3300000e+02  -1.5038128e+01
   1.3400000e+02  -1.5031018e+01
   1.3500000e+02  -1.5020209e+01
   1.3600000e+02  -1.5006045e+01
   1.3700000e+02  -1.4988801e+01
   1.3800000e+02  -1.4968406e+01
   1.3900000e+02  -1.4944758e+01
   1.4000000e+02  -1.4917989e+01
   1.4100000e+02  -1.4888021e+01
   1.4200000e+02  -1.4854915e+01
   1.4300000e+02  -1.4818433e+01
   1.4400000e+02  -1.4778689e+01
   1.4500000e+02  -1.4735681e+01
   1.4600000e+02  -1.4689466e+01
   1.4700000e+02  -1.4639956e+01
   1.4800000e+02  -1.4587135e+01
   1.4900000e+02  -1.4530923e+01
   1.5000000e+02  -1.4471382e+01
   1.5100000e+02  -1.4488627e+01
   1.5200000e+02  -1.4503770e+01
   1.5300000e+02  -1.4516812e+01
   1.5400000e+02  -1.4527789e+01
   1.5500000e+02  -1.4536712e+01
   1.5600000e+02  -1.4543601e+01
   1.5700000e+02  -1.4548477e+01
   1.5800000e+02  -1.4551359e+01
   1.5900000e+02  -1.4552266e+01
   1.6000000e+02  -1.4551220e+01
   1.6100000e+02  -1.4548238e+01
   1.6200000e+02  -1.4543340e+01
   1.6300000e+02  -1.4536544e+01
   1.6400000e+02  -1.4527871e+01
   1.6500000e+02  -1.4517337e+01
   1.6600000e+02  -1.4504962e+01
   1.6700000e+02  -1.4490768e+01
   1.6800000e+02  -1.4474776e+01
   1.6900000e+02  -1.4456998e+01
   1.7000000e+02  -1.4437449e+01
   1.7100000e+02  -1.4416148e+01
   1.7200000e+02  -1.4393112e+01
   1.7300000e+02  -1.4368359e+01
   1.7400000e+02  -1.4341903e+01
   1.7500000e+02  -1.4313764e+01
   1.7600000e+02  -1.4283957e+01
   1.7700000e+02  -1.4252502e+01
   1.7800000e+02  -1.4219413e+01
   1.7900000e+02  -1.4184708e+01
   1.8000000e+02  -1.4148400e+01
   1.8100000e+02  -1.4104367e+01
   1.8200000e+02  -1.4059354e+01
   1.8300000e+02  -1.4013371e+01
   1.8400000e+02  -1.3966428e+01
   1.8500000e+02  -1.3918531e+01
   1.8600000e+02  -1.3869694e+01
   1.8700000e+02  -1.3819924e+01
   1.8800000e+02  -1.3769234e+01
   1.8900000e+02  -1.3717633e+01
   1.9000000e+02  -1.3665132e+01
   1.9100000e+02  -1.3611745e+01
   1.9200000e+02  -1.3557484e+01
   1.9300000e+02  -1.3502375e+01
   1.9400000e+02  -1.3446446e+01
   1.9500000e+02  -1.3389685e+01
   1.9600000e+02  -1.3332104e+01
   1.9700000e+02  -1.3273714e+01
   1.9800000e+02  -1.3214532e+01
   1.9900000e+02  -1.3154575e+01
   2.0000000e+02  -1.3093856e+01
   2.0100000e+02  -1.3032393e+01
   2.0200000e+02  -1.2970206e+01
   2.0300000e+02  -1.2907194e+01
   2.0400000e+02  -1.2843291e+01
   2.0500000e+02  -1.2778728e+01
   2.0600000e+02  -1.2713525e+01
   2.0700000e+02  -1.2647584e+01
   2.0800000e+02  -1.2581123e+01
   2.0900000e+02  -1.2514181e+01
   2.1000000e+02  -1.2446782e+01
   2.1100000e+02  -1.2328556e+01
   2.1200000e+02  -1.2209336e+01
   2.1300000e+02  -1.2089130e+01
   2.1400000e+02  -1.1967940e+01
   2.1500000e+02  -1.1845771e+01
   2.1600000e+02  -1.1720613e+01
   2.1700000e+02  -1.1594016e+01
   2.1800000e+02  -1.1466309e+01
   2.1900000e+02  -1.1337510e+01
   2.2000000e+02  -1.1207632e+01
   2.2100000e+02  -1.1076688e+01
   2.2200000e+02  -1.0944689e+01
   2.2300000e+02  -1.0811648e+01
   2.2400000e+02  -1.0677581e+01
   2.2500000e+02  -1.0542499e+01
   2.2600000e+02  -1.0406416e+01
   2.2700000e+02  -1.0269348e+01
   2.2800000e+02  -1.0131308e+01
   2.2900000e+02  -9.9923029e+00
   2.3000000e+02  -9.8523540e+00
   2.3100000e+02  -9.7114744e+00
   2.3200000e+02  -9.5696850e+00
   2.3300000e+02  -9.4270039e+00
   2.3400000e+02  -9.2834473e+00
   2.3500000e+02  -9.1390352e+00
   2.3600000e+02  -8.9937840e+00
   2.3700000e+02  -8.8493032e+00
   2.3800000e+02  -8.7059593e+00
   2.3900000e+02  -8.5617352e+00
   2.4000000e+02  -8.4170704e+00
   2.4100000e+02  -8.2328310e+00
   2.4200000e+02  -8.0467615e+00
   2.4300000e+02  -7.8589029e+00
   2.4400000e+02  -7.6693006e+00
   2.4500000e+02  -7.4779968e+00
   2.4600000e+02  -7.2850375e+00
   2.4700000e+02  -7.0904698e+00
   2.4800000e+02  -6.8943405e+00
   2.4900000e+02  -6.6966987e+00
   2.5000000e+02  -6.4975929e+00
   2.5100000e+02  -6.2970757e+00
   2.5200000e+02  -6.0951991e+00
   2.5300000e+02  -5.8920183e+00
   2.5400000e+02  -5.6875901e+00
   2.5500000e+02  -5.4819703e+00
   2.5600000e+02  -5.2752175e+00
   2.5700000e+02  -5.0673909e+00
   2.5800000e+02  -4.8585505e+00
   2.5900000e+02  -4.6487598e+00
   2.6000000e+02  -4.4380808e+00
   2.6100000e+02  -4.2265778e+00
   2.6200000e+02  -4.0143166e+00
   2.6300000e+02  -3.8013647e+00
   2.6400000e+02  -3.5877910e+00
   2.6500000e+02  -3.3736353e+00
   2.6600000e+02  -3.1589935e+00
   2.6700000e+02  -2.9439628e+00
   2.6800000e+02  -2.7286170e+00
   2.6900000e+02  -2.5130301e+00
   2.7000000e+02  -2.2972777e+00
   2.7100000e+02  -2.0491264e+00
   2.7200000e+02  -1.8005641e+00
   2.7300000e+02  -1.5516630e+00
   2.7400000e+02  -1.3024968e+00
   2.7500000e+02  -1.0531408e+00
   2.7600000e+02  -8.0367357e-01
   2.7700000e+02  -5.5417335e-01
   2.7800000e+02  -3.0471978e-01
   2.7900000e+02  -5.5393573e-02
   2.8000000e+02   1.9372307e-01
   2.8100000e+02   4.4254524e-01
   2.8200000e+02   6.9098818e-01
   2.8300000e+02   9.3896616e-01
   2.8400000e+02   1.1863919e+00
   2.8500000e+02   1.4331771e+00
   2.8600000e+02   1.6792318e+00
   2.8700000e+02   1.9244657e+00
   2.8800000e+02   2.1687870e+00
   2.8900000e+02   2.4121029e+00
   2.9000000e+02   2.6543198e+00
   2.9100000e+02   2.8953438e+00
   2.9200000e+02   3.1350801e+00
   2.9300000e+02   3.3734326e+00
   2.9400000e+02   3.6103060e+00
   2.9500000e+02   3.8456032e+00
   2.9600000e+02   4.0792270e+00
   2.9700000e+02   4.3110800e+00
   2.9800000e+02   4.5410643e+00
   2.9900000e+02   4.7690830e+00
   3.0000000e+02   4.9950371e+00
   3.0100000e+02   5.1673450e+00
   3.0200000e+02   5.3368788e+00
   3.0300000e+02   5.5035448e+00
   3.0400000e+02   5.6672506e+00
   3.0500000e+02   5.8279047e+00
   3.0600000e+02   5.9854136e+00
   3.0700000e+02   6.1396861e+00
   3.0800000e+02   6.2906318e+00
   3.0900000e+02   6.4381599e+00
   3.1000000e+02   6.5821805e+00
   3.1100000e+02   6.7226052e+00
   3.1200000e+02   6.8593459e+00
   3.1300000e+02   6.9923158e+00
   3.1400000e+02   7.1214290e+00
   3.1500000e+02   7.2466006e+00
   3.1600000e+02   7.3677473e+00
   3.1700000e+02   7.4847870e+00
   3.1800000e+02   7.5976391e+00
   3.1900000e+02   7.7062240e+00
   3.2000000e+02   7.8104649e+00
   3.2100000e+02   7.9102855e+00
   3.2200000e+02   8.0056114e+00
   3.2300000e+02   8.0963717e+00
   3.2400000e+02   8.1824942e+00
   3.2500000e+02   8.2639112e+00
   3.2600000e+02   8.3405600e+00
   3.2700000e+02   8.4123726e+00
   3.2800000e+02   8.4792900e+00
   3.2900000e+02   8.5412540e+00
   3.3000000e+02   8.5982075e+00
   3.3100000e+02   8.5982208e+00
   3.3200000e+02   8.5927668e+00
   3.3300000e+02   8.5818033e+00
   3.3400000e+02   8.5652895e+00
   3.3500000e+02   8.5431862e+00
   3.3600000e+02   8.5154591e+00
   3.3700000e+02   8.4820786e+00
   3.3800000e+02   8.4430141e+00
   3.3900000e+02   8.3982439e+00
   3.4000000e+02   8.3477459e+00
   3.4100000e+02   8.2915010e+00
   3.4200000e+02   8.2294979e+00
   3.4300000e+02   8.1617250e+00
   3.4400000e+02   8.0881767e+00
   3.4500000e+02   8.0088511e+00
   3.4600000e+02   7.9237485e+00
   3.4700000e+02   7.8328757e+00
   3.4800000e+02   7.7362428e+00
   3.4900000e+02   7.6338634e+00
   3.5000000e+02   7.5257559e+00
   3.5100000e+02   7.4119425e+00
   3.5200000e+02   7.2924504e+00
   3.5300000e+02   7.1673102e+00
   3.5400000e+02   7.0365582e+00
   3.5500000e+02   6.9002337e+00
   3.5600000e+02   6.7583818e+00
   3.5700000e+02   6.6110511e+00
   3.5800000e+02   6.4582944e+00
   3.5900000e+02   6.3001704e+00
   2.6219766e-08   6.1367412e+00
