   0.0000000e+00   2.0595112e-18
   1.0000000e+00   1.1703551e-03
   2.0000000e+00   1.8628383e-03
   3.0000000e+00   2.5646621e-03
   4.0000000e+00   3.2850301e-03
   5.0000000e+00   4.0048012e-03
   6.0000000e+00   4.7208080e-03
   7.0000000e+00   5.4375879e-03
   8.0000000e+00   6.1662858e-03
   9.0000000e+00   6.8867253e-03
   1.0000000e+01   7.5790235e-03
   1.1000000e+01   8.2607623e-03
   1.2000000e+01   8.9385444e-03
   1.3000000e+01   9.6008088e-03
   1.4000000e+01   1.0240797e-02
   1.5000000e+01   1.0876107e-02
   1.6000000e+01   1.1489171e-02
   1.7000000e+01   1.2103299e-02
   1.8000000e+01   1.2713548e-02
   1.9000000e+01   1.3325612e-02
   2.0000000e+01   1.3915949e-02
   2.1000000e+01   1.4501159e-02
   2.2000000e+01   1.5063826e-02
   2.3000000e+01   1.5626796e-02
   2.4000000e+01   1.6184760e-02
   2.5000000e+01   1.6731506e-02
   2.6000000e+01   1.7249567e-02
   2.7000000e+01   1.7755553e-02
   2.8000000e+01   1.8255703e-02
   2.9000000e+01   1.8744217e-02
   3.0000000e+01   1.9220872e-02
   3.1000000e+01   2.0064054e-02
   3.2000000e+01   2.0913793e-02
   3.3000000e+01   2.1769309e-02
   3.4000000e+01   2.2629844e-02
   3.5000000e+01   2.3501096e-02
   3.6000000e+01   2.4370218e-02
   3.7000000e+01   2.5242465e-02
   3.8000000e+01   2.6117373e-02
   3.9000000e+01   2.6994320e-02
   4.0000000e+01   2.7872812e-02
   4.1000000e+01   2.8759226e-02
   4.2000000e+01   2.9646510e-02
   4.3000000e+01   3.0541144e-02
   4.4000000e+01   3.1428732e-02
   4.5000000e+01   3.2315422e-02
   4.6000000e+01   3.3200808e-02
   4.7000000e+01   3.4091968e-02
   4.8000000e+01   3.4981400e-02
   4.9000000e+01   3.5876248e-02
   5.0000000e+01   3.6776543e-02
   5.1000000e+01   3.7674263e-02
   5.2000000e+01   3.8576853e-02
   5.3000000e+01   3.9484374e-02
   5.4000000e+01   4.0380318e-02
   5.5000000e+01   4.1288383e-02
   5.6000000e+01   4.2200875e-02
   5.7000000e+01   4.3117564e-02
   5.8000000e+01   4.4012606e-02
   5.9000000e+01   4.4893254e-02
   6.0000000e+01   4.5776695e-02
   6.1000000e+01   4.6011373e-02
   6.2000000e+01   4.6234563e-02
   6.3000000e+01   4.6446260e-02
   6.4000000e+01   4.6655323e-02
   6.5000000e+01   4.6861980e-02
   6.6000000e+01   4.7057725e-02
   6.7000000e+01   4.7251131e-02
   6.8000000e+01   4.7442403e-02
   6.9000000e+01   4.7614545e-02
   7.0000000e+01   4.7784559e-02
   7.1000000e+01   4.7944296e-02
   7.2000000e+01   4.8102241e-02
   7.3000000e+01   4.8258603e-02
   7.4000000e+01   4.8413407e-02
   7.5000000e+01   4.8566688e-02
   7.6000000e+01   4.8718482e-02
   7.7000000e+01   4.8868809e-02
   7.8000000e+01   4.9017724e-02
   7.9000000e+01   4.9156860e-02
   8.0000000e+01   4.9297255e-02
   8.1000000e+01   4.9447246e-02
   8.2000000e+01   4.9598571e-02
   8.3000000e+01   4.9751360e-02
   8.4000000e+01   4.9905632e-02
   8.5000000e+01   5.0061408e-02
   8.6000000e+01   5.0218709e-02
   8.7000000e+01   5.0385833e-02
   8.8000000e+01   5.0554570e-02
   8.9000000e+01   5.0716802e-02
   9.0000000e+01   5.0880812e-02
   9.1000000e+01   5.0357059e-02
   9.2000000e+01   4.9830530e-02
   9.3000000e+01   4.9301378e-02
   9.4000000e+01   4.8784941e-02
   9.5000000e+01   4.8265342e-02
   9.6000000e+01   4.7742706e-02
   9.7000000e+01   4.7216967e-02
   9.8000000e+01   4.6688054e-02
   9.9000000e+01   4.6155903e-02
   1.0000000e+02   4.5634218e-02
   1.0100000e+02   4.5108717e-02
   1.0200000e+02   4.4579484e-02
   1.0300000e+02   4.4046413e-02
   1.0400000e+02   4.3509409e-02
   1.0500000e+02   4.2968366e-02
   1.0600000e+02   4.2423189e-02
   1.0700000e+02   4.1885722e-02
   1.0800000e+02   4.1355211e-02
   1.0900000e+02   4.0831022e-02
   1.1000000e+02   4.0306918e-02
   1.1100000e+02   3.9777219e-02
   1.1200000e+02   3.9247084e-02
   1.1300000e+02   3.8716014e-02
   1.1400000e+02   3.8183548e-02
   1.1500000e+02   3.7644409e-02
   1.1600000e+02   3.7107848e-02
   1.1700000e+02   3.6572989e-02
   1.1800000e+02   3.6034741e-02
   1.1900000e+02   3.5488453e-02
   1.2000000e+02   3.4933969e-02
   1.2100000e+02   3.4786627e-02
   1.2200000e+02   3.4636665e-02
   1.2300000e+02   3.4491822e-02
   1.2400000e+02   3.4351639e-02
   1.2500000e+02   3.4208391e-02
   1.2600000e+02   3.4061980e-02
   1.2700000e+02   3.3915892e-02
   1.2800000e+02   3.3766415e-02
   1.2900000e+02   3.3613447e-02
   1.3000000e+02   3.3456843e-02
   1.3100000e+02   3.3299815e-02
   1.3200000e+02   3.3142056e-02
   1.3300000e+02   3.2983318e-02
   1.3400000e+02   3.2820340e-02
   1.3500000e+02   3.2652982e-02
   1.3600000e+02   3.2481048e-02
   1.3700000e+02   3.2307260e-02
   1.3800000e+02   3.2131325e-02
   1.3900000e+02   3.1950191e-02
   1.4000000e+02   3.1766351e-02
   1.4100000e+02   3.1579494e-02
   1.4200000e+02   3.1391867e-02
   1.4300000e+02   3.1198226e-02
   1.4400000e+02   3.0998375e-02
   1.4500000e+02   3.0792166e-02
   1.4600000e+02   3.0581683e-02
   1.4700000e+02   3.0366650e-02
   1.4800000e+02   3.0146765e-02
   1.4900000e+02   2.9919732e-02
   1.5000000e+02   2.9685369e-02
   1.5100000e+02   3.0235702e-02
   1.5200000e+02   3.0793780e-02
   1.5300000e+02   3.1359654e-02
   1.5400000e+02   3.1933352e-02
   1.5500000e+02   3.2514885e-02
   1.5600000e+02   3.3104278e-02
   1.5700000e+02   3.3701595e-02
   1.5800000e+02   3.4306832e-02
   1.5900000e+02   3.4919992e-02
   1.6000000e+02   3.5541087e-02
   1.6100000e+02   3.6170132e-02
   1.6200000e+02   3.6807138e-02
   1.6300000e+02   3.7452113e-02
   1.6400000e+02   3.8105093e-02
   1.6500000e+02   3.8766101e-02
   1.6600000e+02   3.9435126e-02
   1.6700000e+02   4.0112197e-02
   1.6800000e+02   4.0797301e-02
   1.6900000e+02   4.1490454e-02
   1.7000000e+02   4.2191658e-02
   1.7100000e+02   4.2900909e-02
   1.7200000e+02   4.3618210e-02
   1.7300000e+02   4.4343572e-02
   1.7400000e+02   4.5076981e-02
   1.7500000e+02   4.5818441e-02
   1.7600000e+02   4.6567969e-02
   1.7700000e+02   4.7325555e-02
   1.7800000e+02   4.8091196e-02
   1.7900000e+02   4.8864875e-02
   1.8000000e+02   4.9646586e-02
   1.8100000e+02   5.0839003e-02
   1.8200000e+02   5.2046139e-02
   1.8300000e+02   5.3268019e-02
   1.8400000e+02   5.4504648e-02
   1.8500000e+02   5.5756032e-02
   1.8600000e+02   5.7022192e-02
   1.8700000e+02   5.8303103e-02
   1.8800000e+02   5.9598740e-02
   1.8900000e+02   6.0909085e-02
   1.9000000e+02   6.2234126e-02
   1.9100000e+02   6.3573867e-02
   1.9200000e+02   6.4928271e-02
   1.9300000e+02   6.6297345e-02
   1.9400000e+02   6.7681059e-02
   1.9500000e+02   6.9079362e-02
   1.9600000e+02   7.0492230e-02
   1.9700000e+02   7.1919605e-02
   1.9800000e+02   7.3361479e-02
   1.9900000e+02   7.4817799e-02
   2.0000000e+02   7.6288536e-02
   2.0100000e+02   7.7773705e-02
   2.0200000e+02   7.9273306e-02
   2.0300000e+02   8.0787286e-02
   2.0400000e+02   8.2315654e-02
   2.0500000e+02   8.3858497e-02
   2.0600000e+02   8.5415788e-02
   2.0700000e+02   8.6987495e-02
   2.0800000e+02   8.8573560e-02
   2.0900000e+02   9.0173952e-02
   2.1000000e+02   9.1788657e-02
   2.1100000e+02   9.3087830e-02
   2.1200000e+02   9.4398081e-02
   2.1300000e+02   9.5719397e-02
   2.1400000e+02   9.7051777e-02
   2.1500000e+02   9.8395199e-02
   2.1600000e+02   9.9682532e-02
   2.1700000e+02   1.0097671e-01
   2.1800000e+02   1.0227888e-01
   2.1900000e+02   1.0358910e-01
   2.2000000e+02   1.0490732e-01
   2.2100000e+02   1.0623348e-01
   2.2200000e+02   1.0756753e-01
   2.2300000e+02   1.0890941e-01
   2.2400000e+02   1.1025912e-01
   2.2500000e+02   1.1161663e-01
   2.2600000e+02   1.1298186e-01
   2.2700000e+02   1.1435478e-01
   2.2800000e+02   1.1573539e-01
   2.2900000e+02   1.1712362e-01
   2.3000000e+02   1.1851942e-01
   2.3100000e+02   1.1992277e-01
   2.3200000e+02   1.2133365e-01
   2.3300000e+02   1.2275214e-01
   2.3400000e+02   1.2417824e-01
   2.3500000e+02   1.2561195e-01
   2.3600000e+02   1.2705323e-01
   2.3700000e+02   1.2850210e-01
   2.3800000e+02   1.2995827e-01
   2.3900000e+02   1.3142152e-01
   2.4000000e+02   1.3289189e-01
   2.4100000e+02   1.3234352e-01
   2.4200000e+02   1.3178556e-01
   2.4300000e+02   1.3121812e-01
   2.4400000e+02   1.3064121e-01
   2.4500000e+02   1.3005494e-01
   2.4600000e+02   1.2945937e-01
   2.4700000e+02   1.2885456e-01
   2.4800000e+02   1.2824059e-01
   2.4900000e+02   1.2761752e-01
   2.5000000e+02   1.2698543e-01
   2.5100000e+02   1.2634440e-01
   2.5200000e+02   1.2569448e-01
   2.5300000e+02   1.2503582e-01
   2.5400000e+02   1.2436852e-01
   2.5500000e+02   1.2369266e-01
   2.5600000e+02   1.2300833e-01
   2.5700000e+02   1.2231564e-01
   2.5800000e+02   1.2161466e-01
   2.5900000e+02   1.2090550e-01
   2.6000000e+02   1.2018824e-01
   2.6100000e+02   1.1946299e-01
   2.6200000e+02   1.1872984e-01
   2.6300000e+02   1.1798891e-01
   2.6400000e+02   1.1724027e-01
   2.6500000e+02   1.1648404e-01
   2.6600000e+02   1.1572031e-01
   2.6700000e+02   1.1494918e-01
   2.6800000e+02   1.1417076e-01
   2.6900000e+02   1.1338514e-01
   2.7000000e+02   1.1259242e-01
   2.7100000e+02   1.1196318e-01
   2.7200000e+02   1.1132334e-01
   2.7300000e+02   1.1067292e-01
   2.7400000e+02   1.1001194e-01
   2.7500000e+02   1.0934044e-01
   2.7600000e+02   1.0865849e-01
   2.7700000e+02   1.0796613e-01
   2.7800000e+02   1.0726338e-01
   2.7900000e+02   1.0655025e-01
   2.8000000e+02   1.0582679e-01
   2.8100000e+02   1.0509303e-01
   2.8200000e+02   1.0434902e-01
   2.8300000e+02   1.0359476e-01
   2.8400000e+02   1.0283027e-01
   2.8500000e+02   1.0205556e-01
   2.8600000e+02   1.0127070e-01
   2.8700000e+02   1.0047567e-01
   2.8800000e+02   9.9670522e-02
   2.8900000e+02   9.8855287e-02
   2.9000000e+02   9.8029986e-02
   2.9100000e+02   9.7194664e-02
   2.9200000e+02   9.6349336e-02
   2.9300000e+02   9.5494047e-02
   2.9400000e+02   9.4628811e-02
   2.9500000e+02   9.3753658e-02
   2.9600000e+02   9.2868634e-02
   2.9700000e+02   9.1973767e-02
   2.9800000e+02   9.1069095e-02
   2.9900000e+02   9.0154640e-02
   3.0000000e+02   8.9230441e-02
   3.0100000e+02   8.9271799e-02
   3.0200000e+02   8.9310616e-02
   3.0300000e+02   8.9346923e-02
   3.0400000e+02   8.9380689e-02
   3.0500000e+02   8.9411944e-02
   3.0600000e+02   8.9440681e-02
   3.0700000e+02   8.9466900e-02
   3.0800000e+02   8.9490607e-02
   3.0900000e+02   8.9511812e-02
   3.1000000e+02   8.9530498e-02
   3.1100000e+02   8.9546695e-02
   3.1200000e+02   8.9560390e-02
   3.1300000e+02   8.9571595e-02
   3.1400000e+02   8.9580297e-02
   3.1500000e+02   8.9586526e-02
   3.1600000e+02   8.9590281e-02
   3.1700000e+02   8.9591563e-02
   3.1800000e+02   8.9590400e-02
   3.1900000e+02   8.9586779e-02
   3.2000000e+02   8.9580715e-02
   3.2100000e+02   8.9572214e-02
   3.2200000e+02   8.9561276e-02
   3.2300000e+02   8.9547940e-02
   3.2400000e+02   8.9532197e-02
   3.2500000e+02   8.9514062e-02
   3.2600000e+02   8.9493535e-02
   3.2700000e+02   8.9470632e-02
   3.2800000e+02   8.9445353e-02
   3.2900000e+02   8.9417718e-02
   3.3000000e+02   8.9387722e-02
   3.3100000e+02   8.9936346e-02
   3.3200000e+02   9.0486065e-02
   3.3300000e+02   9.1036879e-02
   3.3400000e+02   9.1588765e-02
   3.3500000e+02   9.2141733e-02
   3.3600000e+02   9.2695743e-02
   3.3700000e+02   9.3250796e-02
   3.3800000e+02   9.3806878e-02
   3.3900000e+02   9.4363980e-02
   3.4000000e+02   9.4922096e-02
   3.4100000e+02   9.5481195e-02
   3.4200000e+02   9.6041277e-02
   3.4300000e+02   9.6602328e-02
   3.4400000e+02   9.7164333e-02
   3.4500000e+02   9.7727284e-02
   3.4600000e+02   9.8291159e-02
   3.4700000e+02   9.8855965e-02
   3.4800000e+02   9.9421680e-02
   3.4900000e+02   9.9988282e-02
   3.5000000e+02   1.0055578e-01
   3.5100000e+02   1.0112416e-01
   3.5200000e+02   1.0169341e-01
   3.5300000e+02   1.0226352e-01
   3.5400000e+02   1.0283449e-01
   3.5500000e+02   1.0340628e-01
   3.5600000e+02   1.0397892e-01
   3.5700000e+02   1.0455237e-01
   3.5800000e+02   1.0512664e-01
   3.5900000e+02   1.0570171e-01
   2.6219766e-08   1.0627757e-01
