   0.0000000e+00   1.3355136e+04
   1.0000000e+00   1.4804105e+04
   2.0000000e+00   1.4791020e+04
   3.0000000e+00   1.4779212e+04
   4.0000000e+00   1.4768222e+04
   5.0000000e+00   1.4758313e+04
   6.0000000e+00   1.4749547e+04
   7.0000000e+00   1.4741867e+04
   8.0000000e+00   1.4735135e+04
   9.0000000e+00   1.4729625e+04
   1.0000000e+01   1.4725613e+04
   1.1000000e+01   1.4722867e+04
   1.2000000e+01   1.4721303e+04
   1.3000000e+01   1.4721082e+04
   1.4000000e+01   1.4722297e+04
   1.5000000e+01   1.4724716e+04
   1.6000000e+01   1.4728578e+04
   1.7000000e+01   1.4733572e+04
   1.8000000e+01   1.4739780e+04
   1.9000000e+01   1.4747129e+04
   2.0000000e+01   1.4755936e+04
   2.1000000e+01   1.4765970e+04
   2.2000000e+01   1.4777471e+04
   2.3000000e+01   1.4790131e+04
   2.4000000e+01   1.4804041e+04
   2.5000000e+01   1.4819277e+04
   2.6000000e+01   1.4836059e+04
   2.7000000e+01   1.4854149e+04
   2.8000000e+01   1.4873486e+04
   2.9000000e+01   1.4894149e+04
   3.0000000e+01   1.4916133e+04
   3.1000000e+01   1.4836382e+04
   3.2000000e+01   1.4760688e+04
   3.3000000e+01   1.4688685e+04
   3.4000000e+01   1.4620059e+04
   3.5000000e+01   1.4554452e+04
   3.6000000e+01   1.4491910e+04
   3.7000000e+01   1.4431904e+04
   3.8000000e+01   1.4374349e+04
   3.9000000e+01   1.4319076e+04
   4.0000000e+01   1.4265929e+04
   4.1000000e+01   1.4214680e+04
   4.2000000e+01   1.4165490e+04
   4.3000000e+01   1.4117974e+04
   4.4000000e+01   1.4072425e+04
   4.5000000e+01   1.4028219e+04
   4.6000000e+01   1.3985465e+04
   4.7000000e+01   1.3943979e+04
   4.8000000e+01   1.3904040e+04
   4.9000000e+01   1.3865231e+04
   5.0000000e+01   1.3827753e+04
   5.1000000e+01   1.3791666e+04
   5.2000000e+01   1.3756529e+04
   5.3000000e+01   1.3722572e+04
   5.4000000e+01   1.3689980e+04
   5.5000000e+01   1.3657758e+04
   5.6000000e+01   1.3626890e+04
   5.7000000e+01   1.3597047e+04
   5.8000000e+01   1.3568533e+04
   5.9000000e+01   1.3540178e+04
   6.0000000e+01   1.3511993e+04
   6.1000000e+01   1.3615325e+04
   6.2000000e+01   1.3721291e+04
   6.3000000e+01   1.3829449e+04
   6.4000000e+01   1.3939598e+04
   6.5000000e+01   1.4051992e+04
   6.6000000e+01   1.4166654e+04
   6.7000000e+01   1.4283072e+04
   6.8000000e+01   1.4401485e+04
   6.9000000e+01   1.4522010e+04
   7.0000000e+01   1.4643766e+04
   7.1000000e+01   1.4767384e+04
   7.2000000e+01   1.4892415e+04
   7.3000000e+01   1.5019080e+04
   7.4000000e+01   1.5147310e+04
   7.5000000e+01   1.5277030e+04
   7.6000000e+01   1.5408170e+04
   7.7000000e+01   1.5540656e+04
   7.8000000e+01   1.5674420e+04
   7.9000000e+01   1.5809473e+04
   8.0000000e+01   1.5945419e+04
   8.1000000e+01   1.6082420e+04
   8.2000000e+01   1.6220681e+04
   8.3000000e+01   1.6359911e+04
   8.4000000e+01   1.6500043e+04
   8.5000000e+01   1.6641006e+04
   8.6000000e+01   1.6782729e+04
   8.7000000e+01   1.6925074e+04
   8.8000000e+01   1.7068184e+04
   8.9000000e+01   1.7211896e+04
   9.0000000e+01   1.7355959e+04
   9.1000000e+01   1.7447615e+04
   9.2000000e+01   1.7539467e+04
   9.3000000e+01   1.7631242e+04
   9.4000000e+01   1.7722789e+04
   9.5000000e+01   1.7814383e+04
   9.6000000e+01   1.7905783e+04
   9.7000000e+01   1.7996955e+04
   9.8000000e+01   1.8087863e+04
   9.9000000e+01   1.8178475e+04
   1.0000000e+02   1.8268652e+04
   1.0100000e+02   1.8358594e+04
   1.0200000e+02   1.8448117e+04
   1.0300000e+02   1.8537189e+04
   1.0400000e+02   1.8625779e+04
   1.0500000e+02   1.8713852e+04
   1.0600000e+02   1.8801373e+04
   1.0700000e+02   1.8888227e+04
   1.0800000e+02   1.8974439e+04
   1.0900000e+02   1.9059957e+04
   1.1000000e+02   1.9144762e+04
   1.1100000e+02   1.9228818e+04
   1.1200000e+02   1.9312037e+04
   1.1300000e+02   1.9394391e+04
   1.1400000e+02   1.9475838e+04
   1.1500000e+02   1.9556369e+04
   1.1600000e+02   1.9635885e+04
   1.1700000e+02   1.9714330e+04
   1.1800000e+02   1.9791682e+04
   1.1900000e+02   1.9867936e+04
   1.2000000e+02   1.9943078e+04
   1.2100000e+02   1.9930217e+04
   1.2200000e+02   1.9916754e+04
   1.2300000e+02   1.9902662e+04
   1.2400000e+02   1.9887885e+04
   1.2500000e+02   1.9872471e+04
   1.2600000e+02   1.9856465e+04
   1.2700000e+02   1.9839838e+04
   1.2800000e+02   1.9822590e+04
   1.2900000e+02   1.9804736e+04
   1.3000000e+02   1.9786273e+04
   1.3100000e+02   1.9767186e+04
   1.3200000e+02   1.9747449e+04
   1.3300000e+02   1.9727072e+04
   1.3400000e+02   1.9706068e+04
   1.3500000e+02   1.9684457e+04
   1.3600000e+02   1.9662240e+04
   1.3700000e+02   1.9639404e+04
   1.3800000e+02   1.9615941e+04
   1.3900000e+02   1.9591869e+04
   1.4000000e+02   1.9567193e+04
   1.4100000e+02   1.9541910e+04
   1.4200000e+02   1.9516016e+04
   1.4300000e+02   1.9489531e+04
   1.4400000e+02   1.9462482e+04
   1.4500000e+02   1.9434877e+04
   1.4600000e+02   1.9406715e+04
   1.4700000e+02   1.9377998e+04
   1.4800000e+02   1.9348740e+04
   1.4900000e+02   1.9318955e+04
   1.5000000e+02   1.9288670e+04
   1.5100000e+02   1.9358764e+04
   1.5200000e+02   1.9427572e+04
   1.5300000e+02   1.9495072e+04
   1.5400000e+02   1.9561238e+04
   1.5500000e+02   1.9626053e+04
   1.5600000e+02   1.9689494e+04
   1.5700000e+02   1.9751541e+04
   1.5800000e+02   1.9812176e+04
   1.5900000e+02   1.9871381e+04
   1.6000000e+02   1.9929141e+04
   1.6100000e+02   1.9985436e+04
   1.6200000e+02   2.0040256e+04
   1.6300000e+02   2.0093582e+04
   1.6400000e+02   2.0145404e+04
   1.6500000e+02   2.0195709e+04
   1.6600000e+02   2.0244482e+04
   1.6700000e+02   2.0291717e+04
   1.6800000e+02   2.0337402e+04
   1.6900000e+02   2.0381527e+04
   1.7000000e+02   2.0424084e+04
   1.7100000e+02   2.0462541e+04
   1.7200000e+02   2.0496449e+04
   1.7300000e+02   2.0528258e+04
   1.7400000e+02   2.0557998e+04
   1.7500000e+02   2.0585666e+04
   1.7600000e+02   2.0611266e+04
   1.7700000e+02   2.0634797e+04
   1.7800000e+02   2.0656268e+04
   1.7900000e+02   2.0675682e+04
   1.8000000e+02   2.0693045e+04
   1.8100000e+02   2.0691965e+04
   1.8200000e+02   2.0690334e+04
   1.8300000e+02   2.0688148e+04
   1.8400000e+02   2.0685406e+04
   1.8500000e+02   2.0682105e+04
   1.8600000e+02   2.0678244e+04
   1.8700000e+02   2.0673820e+04
   1.8800000e+02   2.0668832e+04
   1.8900000e+02   2.0663277e+04
   1.9000000e+02   2.0657158e+04
   1.9100000e+02   2.0650469e+04
   1.9200000e+02   2.0643209e+04
   1.9300000e+02   2.0635377e+04
   1.9400000e+02   2.0626973e+04
   1.9500000e+02   2.0617992e+04
   1.9600000e+02   2.0608436e+04
   1.9700000e+02   2.0598301e+04
   1.9800000e+02   2.0587592e+04
   1.9900000e+02   2.0576303e+04
   2.0000000e+02   2.0564436e+04
   2.0100000e+02   2.0551988e+04
   2.0200000e+02   2.0538963e+04
   2.0300000e+02   2.0525359e+04
   2.0400000e+02   2.0511176e+04
   2.0500000e+02   2.0496418e+04
   2.0600000e+02   2.0481084e+04
   2.0700000e+02   2.0465178e+04
   2.0800000e+02   2.0448701e+04
   2.0900000e+02   2.0431654e+04
   2.1000000e+02   2.0414041e+04
   2.1100000e+02   2.0353111e+04
   2.1200000e+02   2.0291471e+04
   2.1300000e+02   2.0229133e+04
   2.1400000e+02   2.0166107e+04
   2.1500000e+02   2.0102408e+04
   2.1600000e+02   2.0038504e+04
   2.1700000e+02   1.9973945e+04
   2.1800000e+02   1.9908746e+04
   2.1900000e+02   1.9842918e+04
   2.2000000e+02   1.9776479e+04
   2.2100000e+02   1.9709439e+04
   2.2200000e+02   1.9641820e+04
   2.2300000e+02   1.9573633e+04
   2.2400000e+02   1.9504893e+04
   2.2500000e+02   1.9435617e+04
   2.2600000e+02   1.9365822e+04
   2.2700000e+02   1.9295521e+04
   2.2800000e+02   1.9224732e+04
   2.2900000e+02   1.9153469e+04
   2.3000000e+02   1.9081748e+04
   2.3100000e+02   1.9009588e+04
   2.3200000e+02   1.8937002e+04
   2.3300000e+02   1.8864006e+04
   2.3400000e+02   1.8790615e+04
   2.3500000e+02   1.8716850e+04
   2.3600000e+02   1.8642723e+04
   2.3700000e+02   1.8568252e+04
   2.3800000e+02   1.8493451e+04
   2.3900000e+02   1.8418342e+04
   2.4000000e+02   1.8342936e+04
   2.4100000e+02   1.8286391e+04
   2.4200000e+02   1.8229490e+04
   2.4300000e+02   1.8172256e+04
   2.4400000e+02   1.8114715e+04
   2.4500000e+02   1.8056893e+04
   2.4600000e+02   1.7998811e+04
   2.4700000e+02   1.7940496e+04
   2.4800000e+02   1.7881973e+04
   2.4900000e+02   1.7823264e+04
   2.5000000e+02   1.7764393e+04
   2.5100000e+02   1.7705385e+04
   2.5200000e+02   1.7646262e+04
   2.5300000e+02   1.7587045e+04
   2.5400000e+02   1.7527760e+04
   2.5500000e+02   1.7468426e+04
   2.5600000e+02   1.7409068e+04
   2.5700000e+02   1.7349705e+04
   2.5800000e+02   1.7290361e+04
   2.5900000e+02   1.7231055e+04
   2.6000000e+02   1.7171807e+04
   2.6100000e+02   1.7112641e+04
   2.6200000e+02   1.7053572e+04
   2.6300000e+02   1.6994623e+04
   2.6400000e+02   1.6935813e+04
   2.6500000e+02   1.6877158e+04
   2.6600000e+02   1.6818682e+04
   2.6700000e+02   1.6760398e+04
   2.6800000e+02   1.6702326e+04
   2.6900000e+02   1.6644482e+04
   2.7000000e+02   1.6586885e+04
   2.7100000e+02   1.6528840e+04
   2.7200000e+02   1.6471266e+04
   2.7300000e+02   1.6414180e+04
   2.7400000e+02   1.6357597e+04
   2.7500000e+02   1.6301533e+04
   2.7600000e+02   1.6246004e+04
   2.7700000e+02   1.6191023e+04
   2.7800000e+02   1.6136605e+04
   2.7900000e+02   1.6082764e+04
   2.8000000e+02   1.6029521e+04
   2.8100000e+02   1.5976884e+04
   2.8200000e+02   1.5924861e+04
   2.8300000e+02   1.5873467e+04
   2.8400000e+02   1.5822711e+04
   2.8500000e+02   1.5772604e+04
   2.8600000e+02   1.5723157e+04
   2.8700000e+02   1.5674381e+04
   2.8800000e+02   1.5626285e+04
   2.8900000e+02   1.5578878e+04
   2.9000000e+02   1.5532168e+04
   2.9100000e+02   1.5486164e+04
   2.9200000e+02   1.5440874e+04
   2.9300000e+02   1.5396305e+04
   2.9400000e+02   1.5352463e+04
   2.9500000e+02   1.5309355e+04
   2.9600000e+02   1.5266989e+04
   2.9700000e+02   1.5225368e+04
   2.9800000e+02   1.5184498e+04
   2.9900000e+02   1.5144384e+04
   3.0000000e+02   1.5105031e+04
   3.0100000e+02   1.5056137e+04
   3.0200000e+02   1.5007855e+04
   3.0300000e+02   1.4960191e+04
   3.0400000e+02   1.4913149e+04
   3.0500000e+02   1.4866733e+04
   3.0600000e+02   1.4820947e+04
   3.0700000e+02   1.4775796e+04
   3.0800000e+02   1.4731281e+04
   3.0900000e+02   1.4687409e+04
   3.1000000e+02   1.4644181e+04
   3.1100000e+02   1.4601600e+04
   3.1200000e+02   1.4559670e+04
   3.1300000e+02   1.4518394e+04
   3.1400000e+02   1.4477774e+04
   3.1500000e+02   1.4437814e+04
   3.1600000e+02   1.4398519e+04
   3.1700000e+02   1.4359887e+04
   3.1800000e+02   1.4321925e+04
   3.1900000e+02   1.4284633e+04
   3.2000000e+02   1.4248017e+04
   3.2100000e+02   1.4212076e+04
   3.2200000e+02   1.4176816e+04
   3.2300000e+02   1.4142239e+04
   3.2400000e+02   1.4108348e+04
   3.2500000e+02   1.4075146e+04
   3.2600000e+02   1.4042636e+04
   3.2700000e+02   1.4010822e+04
   3.2800000e+02   1.3979707e+04
   3.2900000e+02   1.3949295e+04
   3.3000000e+02   1.3919589e+04
   3.3100000e+02   1.3887242e+04
   3.3200000e+02   1.3855562e+04
   3.3300000e+02   1.3824555e+04
   3.3400000e+02   1.3794229e+04
   3.3500000e+02   1.3764595e+04
   3.3600000e+02   1.3735660e+04
   3.3700000e+02   1.3707434e+04
   3.3800000e+02   1.3679924e+04
   3.3900000e+02   1.3653143e+04
   3.4000000e+02   1.3627098e+04
   3.4100000e+02   1.3601800e+04
   3.4200000e+02   1.3577258e+04
   3.4300000e+02   1.3553484e+04
   3.4400000e+02   1.3530488e+04
   3.4500000e+02   1.3508280e+04
   3.4600000e+02   1.3486873e+04
   3.4700000e+02   1.3466275e+04
   3.4800000e+02   1.3446501e+04
   3.4900000e+02   1.3427559e+04
   3.5000000e+02   1.3409462e+04
   3.5100000e+02   1.3392223e+04
   3.5200000e+02   1.3375853e+04
   3.5300000e+02   1.3360363e+04
   3.5400000e+02   1.3345769e+04
   3.5500000e+02   1.3332079e+04
   3.5600000e+02   1.3319309e+04
   3.5700000e+02   1.3307468e+04
   3.5800000e+02   1.3296571e+04
   3.5900000e+02   1.3286630e+04
   2.6219766e-08   1.3277656e+04
