   0.0000000e+00   4.9153858e-01
   1.0000000e+00   5.0102103e-01
   2.0000000e+00   5.0117606e-01
   3.0000000e+00   5.0149804e-01
   4.0000000e+00   5.0183856e-01
   5.0000000e+00   5.0219482e-01
   6.0000000e+00   5.0257123e-01
   7.0000000e+00   5.0296789e-01
   8.0000000e+00   5.0338286e-01
   9.0000000e+00   5.0381345e-01
   1.0000000e+01   5.0426310e-01
   1.1000000e+01   5.0473434e-01
   1.2000000e+01   5.0522280e-01
   1.3000000e+01   5.0572670e-01
   1.4000000e+01   5.0624704e-01
   1.5000000e+01   5.0678366e-01
   1.6000000e+01   5.0733352e-01
   1.7000000e+01   5.0789791e-01
   1.8000000e+01   5.0847346e-01
   1.9000000e+01   5.0906032e-01
   2.0000000e+01   5.0965756e-01
   2.1000000e+01   5.1026672e-01
   2.2000000e+01   5.1088572e-01
   2.3000000e+01   5.1151526e-01
   2.4000000e+01   5.1215333e-01
   2.5000000e+01   5.1279998e-01
   2.6000000e+01   5.1345491e-01
   2.7000000e+01   5.1411808e-01
   2.8000000e+01   5.1478833e-01
   2.9000000e+01   5.1546526e-01
   3.0000000e+01   5.1614845e-01
   3.1000000e+01   5.0582629e-01
   3.2000000e+01   4.9569607e-01
   3.3000000e+01   4.8574525e-01
   3.4000000e+01   4.7596207e-01
   3.5000000e+01   4.6633533e-01
   3.6000000e+01   4.5686382e-01
   3.7000000e+01   4.4752091e-01
   3.8000000e+01   4.3830457e-01
   3.9000000e+01   4.2920610e-01
   4.0000000e+01   4.2021692e-01
   4.1000000e+01   4.1132912e-01
   4.2000000e+01   4.0255198e-01
   4.3000000e+01   3.9386413e-01
   4.4000000e+01   3.8527751e-01
   4.5000000e+01   3.7674856e-01
   4.6000000e+01   3.6828789e-01
   4.7000000e+01   3.5988951e-01
   4.8000000e+01   3.5157126e-01
   4.9000000e+01   3.4330669e-01
   5.0000000e+01   3.3511567e-01
   5.1000000e+01   3.2699662e-01
   5.2000000e+01   3.1891957e-01
   5.3000000e+01   3.1090790e-01
   5.4000000e+01   3.0296040e-01
   5.5000000e+01   2.9501349e-01
   5.6000000e+01   2.8715330e-01
   5.7000000e+01   2.7935016e-01
   5.8000000e+01   2.7160212e-01
   5.9000000e+01   2.6380360e-01
   6.0000000e+01   2.5597847e-01
   6.1000000e+01   2.5640792e-01
   6.2000000e+01   2.5681591e-01
   6.3000000e+01   2.5716889e-01
   6.4000000e+01   2.5746784e-01
   6.5000000e+01   2.5774840e-01
   6.6000000e+01   2.5801173e-01
   6.7000000e+01   2.5822529e-01
   6.8000000e+01   2.5842282e-01
   6.9000000e+01   2.5860530e-01
   7.0000000e+01   2.5870878e-01
   7.1000000e+01   2.5879851e-01
   7.2000000e+01   2.5884420e-01
   7.3000000e+01   2.5887814e-01
   7.4000000e+01   2.5890121e-01
   7.5000000e+01   2.5891364e-01
   7.6000000e+01   2.5891569e-01
   7.7000000e+01   2.5890762e-01
   7.8000000e+01   2.5888968e-01
   7.9000000e+01   2.5886208e-01
   8.0000000e+01   2.5879523e-01
   8.1000000e+01   2.5872886e-01
   8.2000000e+01   2.5869212e-01
   8.3000000e+01   2.5865561e-01
   8.4000000e+01   2.5861970e-01
   8.5000000e+01   2.5858441e-01
   8.6000000e+01   2.5854975e-01
   8.7000000e+01   2.5851572e-01
   8.8000000e+01   2.5851038e-01
   8.9000000e+01   2.5850549e-01
   9.0000000e+01   2.5847381e-01
   9.1000000e+01   2.6744395e-01
   9.2000000e+01   2.7643949e-01
   9.3000000e+01   2.8540504e-01
   9.4000000e+01   2.9434076e-01
   9.5000000e+01   3.0329132e-01
   9.6000000e+01   3.1220740e-01
   9.7000000e+01   3.2108903e-01
   9.8000000e+01   3.2993564e-01
   9.9000000e+01   3.3874664e-01
   1.0000000e+02   3.4752142e-01
   1.0100000e+02   3.5629278e-01
   1.0200000e+02   3.6502314e-01
   1.0300000e+02   3.7371221e-01
   1.0400000e+02   3.8235933e-01
   1.0500000e+02   3.9096370e-01
   1.0600000e+02   3.9952466e-01
   1.0700000e+02   4.0804148e-01
   1.0800000e+02   4.1653377e-01
   1.0900000e+02   4.2499551e-01
   1.1000000e+02   4.3342105e-01
   1.1100000e+02   4.4179699e-01
   1.1200000e+02   4.5011368e-01
   1.1300000e+02   4.5837578e-01
   1.1400000e+02   4.6657979e-01
   1.1500000e+02   4.7472224e-01
   1.1600000e+02   4.8286995e-01
   1.1700000e+02   4.9104697e-01
   1.1800000e+02   4.9903300e-01
   1.1900000e+02   5.0681359e-01
   1.2000000e+02   5.1438290e-01
   1.2100000e+02   5.1257819e-01
   1.2200000e+02   5.1075268e-01
   1.2300000e+02   5.0890702e-01
   1.2400000e+02   5.0703853e-01
   1.2500000e+02   5.0514549e-01
   1.2600000e+02   5.0322914e-01
   1.2700000e+02   5.0128895e-01
   1.2800000e+02   4.9932322e-01
   1.2900000e+02   4.9733281e-01
   1.3000000e+02   4.9531746e-01
   1.3100000e+02   4.9327686e-01
   1.3200000e+02   4.9120849e-01
   1.3300000e+02   4.8911157e-01
   1.3400000e+02   4.8698536e-01
   1.3500000e+02   4.8478532e-01
   1.3600000e+02   4.8253560e-01
   1.3700000e+02   4.8024899e-01
   1.3800000e+02   4.7792116e-01
   1.3900000e+02   4.7555110e-01
   1.4000000e+02   4.7314239e-01
   1.4100000e+02   4.7069019e-01
   1.4200000e+02   4.6819371e-01
   1.4300000e+02   4.6564734e-01
   1.4400000e+02   4.6305943e-01
   1.4500000e+02   4.6042976e-01
   1.4600000e+02   4.5775816e-01
   1.4700000e+02   4.5503911e-01
   1.4800000e+02   4.5227203e-01
   1.4900000e+02   4.4945616e-01
   1.5000000e+02   4.4659650e-01
   1.5100000e+02   4.4765198e-01
   1.5200000e+02   4.4872525e-01
   1.5300000e+02   4.4981527e-01
   1.5400000e+02   4.5092320e-01
   1.5500000e+02   4.5204869e-01
   1.5600000e+02   4.5319188e-01
   1.5700000e+02   4.5435297e-01
   1.5800000e+02   4.5553213e-01
   1.5900000e+02   4.5672947e-01
   1.6000000e+02   4.5794532e-01
   1.6100000e+02   4.5917970e-01
   1.6200000e+02   4.6043280e-01
   1.6300000e+02   4.6170473e-01
   1.6400000e+02   4.6299562e-01
   1.6500000e+02   4.6430546e-01
   1.6600000e+02   4.6563435e-01
   1.6700000e+02   4.6698272e-01
   1.6800000e+02   4.6835080e-01
   1.6900000e+02   4.6973810e-01
   1.7000000e+02   4.7114465e-01
   1.7100000e+02   4.7257054e-01
   1.7200000e+02   4.7401565e-01
   1.7300000e+02   4.7548002e-01
   1.7400000e+02   4.7696361e-01
   1.7500000e+02   4.7846636e-01
   1.7600000e+02   4.7998831e-01
   1.7700000e+02   4.8152924e-01
   1.7800000e+02   4.8308918e-01
   1.7900000e+02   4.8466805e-01
   1.8000000e+02   4.8626572e-01
   1.8100000e+02   4.8661250e-01
   1.8200000e+02   4.8700875e-01
   1.8300000e+02   4.8745394e-01
   1.8400000e+02   4.8794731e-01
   1.8500000e+02   4.8848844e-01
   1.8600000e+02   4.8907661e-01
   1.8700000e+02   4.8971134e-01
   1.8800000e+02   4.9039206e-01
   1.8900000e+02   4.9111822e-01
   1.9000000e+02   4.9188927e-01
   1.9100000e+02   4.9270475e-01
   1.9200000e+02   4.9356398e-01
   1.9300000e+02   4.9446756e-01
   1.9400000e+02   4.9541593e-01
   1.9500000e+02   4.9640673e-01
   1.9600000e+02   4.9743944e-01
   1.9700000e+02   4.9851349e-01
   1.9800000e+02   4.9962842e-01
   1.9900000e+02   5.0078362e-01
   2.0000000e+02   5.0197858e-01
   2.0100000e+02   5.0321281e-01
   2.0200000e+02   5.0448585e-01
   2.0300000e+02   5.0578982e-01
   2.0400000e+02   5.0711918e-01
   2.0500000e+02   5.0848639e-01
   2.0600000e+02   5.0989121e-01
   2.0700000e+02   5.1132524e-01
   2.0800000e+02   5.1280105e-01
   2.0900000e+02   5.1431954e-01
   2.1000000e+02   5.1588029e-01
   2.1100000e+02   5.1483071e-01
   2.1200000e+02   5.1381624e-01
   2.1300000e+02   5.1283616e-01
   2.1400000e+02   5.1188946e-01
   2.1500000e+02   5.1097548e-01
   2.1600000e+02   5.1009321e-01
   2.1700000e+02   5.0921988e-01
   2.1800000e+02   5.0837266e-01
   2.1900000e+02   5.0755131e-01
   2.2000000e+02   5.0675547e-01
   2.2100000e+02   5.0598443e-01
   2.2200000e+02   5.0523782e-01
   2.2300000e+02   5.0451481e-01
   2.2400000e+02   5.0381500e-01
   2.2500000e+02   5.0313771e-01
   2.2600000e+02   5.0248235e-01
   2.2700000e+02   5.0184828e-01
   2.2800000e+02   5.0123489e-01
   2.2900000e+02   5.0064105e-01
   2.3000000e+02   5.0006640e-01
   2.3100000e+02   4.9951032e-01
   2.3200000e+02   4.9897221e-01
   2.3300000e+02   4.9845135e-01
   2.3400000e+02   4.9794710e-01
   2.3500000e+02   4.9745873e-01
   2.3600000e+02   4.9698561e-01
   2.3700000e+02   4.9660623e-01
   2.3800000e+02   4.9633533e-01
   2.3900000e+02   4.9606779e-01
   2.4000000e+02   4.9582574e-01
   2.4100000e+02   4.9691668e-01
   2.4200000e+02   4.9797165e-01
   2.4300000e+02   4.9899116e-01
   2.4400000e+02   4.9997604e-01
   2.4500000e+02   5.0092673e-01
   2.4600000e+02   5.0184393e-01
   2.4700000e+02   5.0272834e-01
   2.4800000e+02   5.0358051e-01
   2.4900000e+02   5.0440103e-01
   2.5000000e+02   5.0519055e-01
   2.5100000e+02   5.0594968e-01
   2.5200000e+02   5.0667900e-01
   2.5300000e+02   5.0737911e-01
   2.5400000e+02   5.0805062e-01
   2.5500000e+02   5.0869411e-01
   2.5600000e+02   5.0931007e-01
   2.5700000e+02   5.0989926e-01
   2.5800000e+02   5.1046211e-01
   2.5900000e+02   5.1099908e-01
   2.6000000e+02   5.1151097e-01
   2.6100000e+02   5.1199806e-01
   2.6200000e+02   5.1246101e-01
   2.6300000e+02   5.1290029e-01
   2.6400000e+02   5.1331645e-01
   2.6500000e+02   5.1370877e-01
   2.6600000e+02   5.1407874e-01
   2.6700000e+02   5.1442790e-01
   2.6800000e+02   5.1475686e-01
   2.6900000e+02   5.1506585e-01
   2.7000000e+02   5.1535547e-01
   2.7100000e+02   5.1394451e-01
   2.7200000e+02   5.1252514e-01
   2.7300000e+02   5.1109749e-01
   2.7400000e+02   5.0966150e-01
   2.7500000e+02   5.0821733e-01
   2.7600000e+02   5.0676501e-01
   2.7700000e+02   5.0530457e-01
   2.7800000e+02   5.0383610e-01
   2.7900000e+02   5.0235975e-01
   2.8000000e+02   5.0087547e-01
   2.8100000e+02   4.9938333e-01
   2.8200000e+02   4.9788347e-01
   2.8300000e+02   4.9637586e-01
   2.8400000e+02   4.9486068e-01
   2.8500000e+02   4.9333787e-01
   2.8600000e+02   4.9180755e-01
   2.8700000e+02   4.9026975e-01
   2.8800000e+02   4.8872462e-01
   2.8900000e+02   4.8717213e-01
   2.9000000e+02   4.8561242e-01
   2.9100000e+02   4.8404548e-01
   2.9200000e+02   4.8247141e-01
   2.9300000e+02   4.8089027e-01
   2.9400000e+02   4.7930211e-01
   2.9500000e+02   4.7770700e-01
   2.9600000e+02   4.7610497e-01
   2.9700000e+02   4.7449613e-01
   2.9800000e+02   4.7288051e-01
   2.9900000e+02   4.7125819e-01
   3.0000000e+02   4.6962920e-01
   3.0100000e+02   4.6884590e-01
   3.0200000e+02   4.6806207e-01
   3.0300000e+02   4.6727768e-01
   3.0400000e+02   4.6649274e-01
   3.0500000e+02   4.6570730e-01
   3.0600000e+02   4.6492133e-01
   3.0700000e+02   4.6413484e-01
   3.0800000e+02   4.6334785e-01
   3.0900000e+02   4.6256039e-01
   3.1000000e+02   4.6177247e-01
   3.1100000e+02   4.6098405e-01
   3.1200000e+02   4.6019521e-01
   3.1300000e+02   4.5940587e-01
   3.1400000e+02   4.5861614e-01
   3.1500000e+02   4.5782599e-01
   3.1600000e+02   4.5703539e-01
   3.1700000e+02   4.5624438e-01
   3.1800000e+02   4.5545298e-01
   3.1900000e+02   4.5466119e-01
   3.2000000e+02   4.5386901e-01
   3.2100000e+02   4.5307642e-01
   3.2200000e+02   4.5228350e-01
   3.2300000e+02   4.5149019e-01
   3.2400000e+02   4.5069656e-01
   3.2500000e+02   4.4990250e-01
   3.2600000e+02   4.4910812e-01
   3.2700000e+02   4.4831342e-01
   3.2800000e+02   4.4751835e-01
   3.2900000e+02   4.4672295e-01
   3.3000000e+02   4.4592723e-01
   3.3100000e+02   4.4627780e-01
   3.3200000e+02   4.4662875e-01
   3.3300000e+02   4.4698006e-01
   3.3400000e+02   4.4733179e-01
   3.3500000e+02   4.4768384e-01
   3.3600000e+02   4.4803634e-01
   3.3700000e+02   4.4838917e-01
   3.3800000e+02   4.4874236e-01
   3.3900000e+02   4.4909593e-01
   3.4000000e+02   4.4944990e-01
   3.4100000e+02   4.4980422e-01
   3.4200000e+02   4.5015889e-01
   3.4300000e+02   4.5051399e-01
   3.4400000e+02   4.5086944e-01
   3.4500000e+02   4.5122522e-01
   3.4600000e+02   4.5158142e-01
   3.4700000e+02   4.5193800e-01
   3.4800000e+02   4.5229492e-01
   3.4900000e+02   4.5265222e-01
   3.5000000e+02   4.5300987e-01
   3.5100000e+02   4.5336792e-01
   3.5200000e+02   4.5372632e-01
   3.5300000e+02   4.5408511e-01
   3.5400000e+02   4.5444423e-01
   3.5500000e+02   4.5480374e-01
   3.5600000e+02   4.5516360e-01
   3.5700000e+02   4.5552382e-01
   3.5800000e+02   4.5588443e-01
   3.5900000e+02   4.5624536e-01
   2.6219766e-08   4.5660666e-01