   0.0000000e+00   6.2717466e+00
   1.0000000e+00   6.2717466e+00
   2.0000000e+00   6.1302171e+00
   3.0000000e+00   5.9793558e+00
   4.0000000e+00   5.8219395e+00
   5.0000000e+00   5.6586542e+00
   6.0000000e+00   5.4896135e+00
   7.0000000e+00   5.3147869e+00
   8.0000000e+00   5.1339617e+00
   9.0000000e+00   4.9478793e+00
   1.0000000e+01   4.7572422e+00
   1.1000000e+01   4.5616508e+00
   1.2000000e+01   4.3610649e+00
   1.3000000e+01   4.1559830e+00
   1.4000000e+01   3.9467714e+00
   1.5000000e+01   3.7330463e+00
   1.6000000e+01   3.5154929e+00
   1.7000000e+01   3.2935598e+00
   1.8000000e+01   3.0674956e+00
   1.9000000e+01   2.8372676e+00
   2.0000000e+01   2.6037643e+00
   2.1000000e+01   2.3666878e+00
   2.2000000e+01   2.1267047e+00
   2.3000000e+01   1.8833016e+00
   2.4000000e+01   1.6366997e+00
   2.5000000e+01   1.3872836e+00
   2.6000000e+01   1.1358373e+00
   2.7000000e+01   8.8207912e-01
   2.8000000e+01   6.2586504e-01
   2.9000000e+01   3.6751091e-01
   3.0000000e+01   1.0722431e-01
   3.1000000e+01   4.1826868e-01
   3.2000000e+01   7.1180111e-01
   3.3000000e+01   9.8923594e-01
   3.4000000e+01   1.2518333e+00
   3.5000000e+01   1.5005093e+00
   3.6000000e+01   1.7358433e+00
   3.7000000e+01   1.9601123e+00
   3.8000000e+01   2.1734762e+00
   3.9000000e+01   2.3767097e+00
   4.0000000e+01   2.5705597e+00
   4.1000000e+01   2.7554755e+00
   4.2000000e+01   2.9308777e+00
   4.3000000e+01   3.0983863e+00
   4.4000000e+01   3.2574601e+00
   4.5000000e+01   3.4115722e+00
   4.6000000e+01   3.5598116e+00
   4.7000000e+01   3.7024412e+00
   4.8000000e+01   3.8382301e+00
   4.9000000e+01   3.9691598e+00
   5.0000000e+01   4.0935984e+00
   5.1000000e+01   4.2119865e+00
   5.2000000e+01   4.3265653e+00
   5.3000000e+01   4.4354515e+00
   5.4000000e+01   4.5393467e+00
   5.5000000e+01   4.6426578e+00
   5.6000000e+01   4.7387033e+00
   5.7000000e+01   4.8299551e+00
   5.8000000e+01   4.9174986e+00
   5.9000000e+01   5.0096273e+00
   6.0000000e+01   5.1038833e+00
   6.1000000e+01   4.3053908e+00
   6.2000000e+01   3.5238252e+00
   6.3000000e+01   2.7614546e+00
   6.4000000e+01   2.0174761e+00
   6.5000000e+01   1.2891251e+00
   6.6000000e+01   5.7647789e-01
   6.7000000e+01  -1.1896507e-01
   6.8000000e+01  -7.9955834e-01
   6.9000000e+01  -1.4649410e+00
   7.0000000e+01  -2.1125355e+00
   7.1000000e+01  -2.7459521e+00
   7.2000000e+01  -3.3642242e+00
   7.3000000e+01  -3.9691978e+00
   7.4000000e+01  -4.5610852e+00
   7.5000000e+01  -5.1400728e+00
   7.6000000e+01  -5.7063522e+00
   7.7000000e+01  -6.2601185e+00
   7.8000000e+01  -6.8015699e+00
   7.9000000e+01  -7.3306408e+00
   8.0000000e+01  -7.8469849e+00
   8.1000000e+01  -8.3523626e+00
   8.2000000e+01  -8.8474331e+00
   8.3000000e+01  -9.3314552e+00
   8.4000000e+01  -9.8045921e+00
   8.5000000e+01  -1.0267003e+01
   8.6000000e+01  -1.0718848e+01
   8.7000000e+01  -1.1160536e+01
   8.8000000e+01  -1.1592456e+01
   8.9000000e+01  -1.2013975e+01
   9.0000000e+01  -1.2425131e+01
   9.1000000e+01  -1.2641680e+01
   9.2000000e+01  -1.2854213e+01
   9.3000000e+01  -1.3061986e+01
   9.4000000e+01  -1.3265465e+01
   9.5000000e+01  -1.3464786e+01
   9.6000000e+01  -1.3659334e+01
   9.7000000e+01  -1.3849141e+01
   9.8000000e+01  -1.4034230e+01
   9.9000000e+01  -1.4214624e+01
   1.0000000e+02  -1.4390729e+01
   1.0100000e+02  -1.4562530e+01
   1.0200000e+02  -1.4729639e+01
   1.0300000e+02  -1.4892087e+01
   1.0400000e+02  -1.5049899e+01
   1.0500000e+02  -1.5203104e+01
   1.0600000e+02  -1.5351727e+01
   1.0700000e+02  -1.5496115e+01
   1.0800000e+02  -1.5636414e+01
   1.0900000e+02  -1.5772551e+01
   1.1000000e+02  -1.5904311e+01
   1.1100000e+02  -1.6031469e+01
   1.1200000e+02  -1.6154133e+01
   1.1300000e+02  -1.6272322e+01
   1.1400000e+02  -1.6386019e+01
   1.1500000e+02  -1.6495083e+01
   1.1600000e+02  -1.6599770e+01
   1.1700000e+02  -1.6700001e+01
   1.1800000e+02  -1.6795614e+01
   1.1900000e+02  -1.6886515e+01
   1.2000000e+02  -1.6972767e+01
   1.2100000e+02  -1.6845871e+01
   1.2200000e+02  -1.6716028e+01
   1.2300000e+02  -1.6583448e+01
   1.2400000e+02  -1.6447943e+01
   1.2500000e+02  -1.6309301e+01
   1.2600000e+02  -1.6167612e+01
   1.2700000e+02  -1.6022905e+01
   1.2800000e+02  -1.5875008e+01
   1.2900000e+02  -1.5723936e+01
   1.3000000e+02  -1.5569649e+01
   1.3100000e+02  -1.5412169e+01
   1.3200000e+02  -1.5251400e+01
   1.3300000e+02  -1.5087296e+01
   1.3400000e+02  -1.4919760e+01
   1.3500000e+02  -1.4748800e+01
   1.3600000e+02  -1.4574376e+01
   1.3700000e+02  -1.4396493e+01
   1.3800000e+02  -1.4215065e+01
   1.3900000e+02  -1.4030008e+01
   1.4000000e+02  -1.3841361e+01
   1.4100000e+02  -1.3649043e+01
   1.4200000e+02  -1.3453046e+01
   1.4300000e+02  -1.3253231e+01
   1.4400000e+02  -1.3049626e+01
   1.4500000e+02  -1.2842193e+01
   1.4600000e+02  -1.2630915e+01
   1.4700000e+02  -1.2415726e+01
   1.4800000e+02  -1.2196588e+01
   1.4900000e+02  -1.1973430e+01
   1.5000000e+02  -1.1746282e+01
   1.5100000e+02  -1.1907280e+01
   1.5200000e+02  -1.2063439e+01
   1.5300000e+02  -1.2214839e+01
   1.5400000e+02  -1.2361557e+01
   1.5500000e+02  -1.2503669e+01
   1.5600000e+02  -1.2641250e+01
   1.5700000e+02  -1.2774373e+01
   1.5800000e+02  -1.2903111e+01
   1.5900000e+02  -1.3027535e+01
   1.6000000e+02  -1.3147715e+01
   1.6100000e+02  -1.3263717e+01
   1.6200000e+02  -1.3375610e+01
   1.6300000e+02  -1.3483461e+01
   1.6400000e+02  -1.3587334e+01
   1.6500000e+02  -1.3687292e+01
   1.6600000e+02  -1.3783398e+01
   1.6700000e+02  -1.3875712e+01
   1.6800000e+02  -1.3964295e+01
   1.6900000e+02  -1.4049207e+01
   1.7000000e+02  -1.4130504e+01
   1.7100000e+02  -1.4201640e+01
   1.7200000e+02  -1.4261581e+01
   1.7300000e+02  -1.4316812e+01
   1.7400000e+02  -1.4367463e+01
   1.7500000e+02  -1.4413598e+01
   1.7600000e+02  -1.4455277e+01
   1.7700000e+02  -1.4492557e+01
   1.7800000e+02  -1.4525492e+01
   1.7900000e+02  -1.4554139e+01
   1.8000000e+02  -1.4578551e+01
   1.8100000e+02  -1.4581336e+01
   1.8200000e+02  -1.4584478e+01
   1.8300000e+02  -1.4588004e+01
   1.8400000e+02  -1.4591938e+01
   1.8500000e+02  -1.4596305e+01
   1.8600000e+02  -1.4601128e+01
   1.8700000e+02  -1.4606428e+01
   1.8800000e+02  -1.4612232e+01
   1.8900000e+02  -1.4618561e+01
   1.9000000e+02  -1.4625439e+01
   1.9100000e+02  -1.4632887e+01
   1.9200000e+02  -1.4640925e+01
   1.9300000e+02  -1.4649577e+01
   1.9400000e+02  -1.4658863e+01
   1.9500000e+02  -1.4668803e+01
   1.9600000e+02  -1.4679420e+01
   1.9700000e+02  -1.4690731e+01
   1.9800000e+02  -1.4702761e+01
   1.9900000e+02  -1.4715528e+01
   2.0000000e+02  -1.4729056e+01
   2.0100000e+02  -1.4743365e+01
   2.0200000e+02  -1.4758477e+01
   2.0300000e+02  -1.4774413e+01
   2.0400000e+02  -1.4791195e+01
   2.0500000e+02  -1.4808845e+01
   2.0600000e+02  -1.4827384e+01
   2.0700000e+02  -1.4846836e+01
   2.0800000e+02  -1.4867223e+01
   2.0900000e+02  -1.4888568e+01
   2.1000000e+02  -1.4910892e+01
   2.1100000e+02  -1.4793821e+01
   2.1200000e+02  -1.4675793e+01
   2.1300000e+02  -1.4556822e+01
   2.1400000e+02  -1.4436925e+01
   2.1500000e+02  -1.4316113e+01
   2.1600000e+02  -1.4192853e+01
   2.1700000e+02  -1.4068499e+01
   2.1800000e+02  -1.3943124e+01
   2.1900000e+02  -1.3816751e+01
   2.2000000e+02  -1.3689397e+01
   2.2100000e+02  -1.3561085e+01
   2.2200000e+02  -1.3431835e+01
   2.2300000e+02  -1.3301669e+01
   2.2400000e+02  -1.3170610e+01
   2.2500000e+02  -1.3038683e+01
   2.2600000e+02  -1.2905909e+01
   2.2700000e+02  -1.2772314e+01
   2.2800000e+02  -1.2637924e+01
   2.2900000e+02  -1.2502767e+01
   2.3000000e+02  -1.2366867e+01
   2.3100000e+02  -1.2230255e+01
   2.3200000e+02  -1.2092960e+01
   2.3300000e+02  -1.1955014e+01
   2.3400000e+02  -1.1816452e+01
   2.3500000e+02  -1.1677303e+01
   2.3600000e+02  -1.1537604e+01
   2.3700000e+02  -1.1397388e+01
   2.3800000e+02  -1.1256691e+01
   2.3900000e+02  -1.1115549e+01
   2.4000000e+02  -1.0974001e+01
   2.4100000e+02  -1.0779962e+01
   2.4200000e+02  -1.0584218e+01
   2.4300000e+02  -1.0386814e+01
   2.4400000e+02  -1.0187798e+01
   2.4500000e+02  -9.9872169e+00
   2.4600000e+02  -9.7851200e+00
   2.4700000e+02  -9.5815592e+00
   2.4800000e+02  -9.3765850e+00
   2.4900000e+02  -9.1702499e+00
   2.5000000e+02  -8.9626102e+00
   2.5100000e+02  -8.7537193e+00
   2.5200000e+02  -8.5436363e+00
   2.5300000e+02  -8.3324203e+00
   2.5400000e+02  -8.1201334e+00
   2.5500000e+02  -7.9068370e+00
   2.5600000e+02  -7.6925945e+00
   2.5700000e+02  -7.4774709e+00
   2.5800000e+02  -7.2615318e+00
   2.5900000e+02  -7.0448451e+00
   2.6000000e+02  -6.8274803e+00
   2.6100000e+02  -6.6095080e+00
   2.6200000e+02  -6.3909998e+00
   2.6300000e+02  -6.1720300e+00
   2.6400000e+02  -5.9526734e+00
   2.6500000e+02  -5.7330065e+00
   2.6600000e+02  -5.5131068e+00
   2.6700000e+02  -5.2930536e+00
   2.6800000e+02  -5.0729280e+00
   2.6900000e+02  -4.8528118e+00
   2.7000000e+02  -4.6327887e+00
   2.7100000e+02  -4.3682313e+00
   2.7200000e+02  -4.1031895e+00
   2.7300000e+02  -3.8377457e+00
   2.7400000e+02  -3.5719836e+00
   2.7500000e+02  -3.3059893e+00
   2.7600000e+02  -3.0398521e+00
   2.7700000e+02  -2.7736614e+00
   2.7800000e+02  -2.5075068e+00
   2.7900000e+02  -2.2414806e+00
   2.8000000e+02  -1.9756784e+00
   2.8100000e+02  -1.7101953e+00
   2.8200000e+02  -1.4451251e+00
   2.8300000e+02  -1.1805644e+00
   2.8400000e+02  -9.1661114e-01
   2.8500000e+02  -6.5336484e-01
   2.8600000e+02  -3.9092588e-01
   2.8700000e+02  -1.2939562e-01
   2.8800000e+02   1.3112363e-01
   2.8900000e+02   3.9052853e-01
   2.9000000e+02   6.4871520e-01
   2.9100000e+02   9.0557909e-01
   2.9200000e+02   1.1610152e+00
   2.9300000e+02   1.4149177e+00
   2.9400000e+02   1.6671808e+00
   2.9500000e+02   1.9176984e+00
   2.9600000e+02   2.1663635e+00
   2.9700000e+02   2.4130697e+00
   2.9800000e+02   2.6577103e+00
   2.9900000e+02   2.9001784e+00
   3.0000000e+02   3.1403613e+00
   3.0100000e+02   3.3254824e+00
   3.0200000e+02   3.5076210e+00
   3.0300000e+02   3.6866777e+00
   3.0400000e+02   3.8625526e+00
   3.0500000e+02   4.0351472e+00
   3.0600000e+02   4.2043619e+00
   3.0700000e+02   4.3701000e+00
   3.0800000e+02   4.5322633e+00
   3.0900000e+02   4.6907554e+00
   3.1000000e+02   4.8454814e+00
   3.1100000e+02   4.9963474e+00
   3.1200000e+02   5.1432595e+00
   3.1300000e+02   5.2861266e+00
   3.1400000e+02   5.4248567e+00
   3.1500000e+02   5.5593600e+00
   3.1600000e+02   5.6895494e+00
   3.1700000e+02   5.8153381e+00
   3.1800000e+02   5.9366407e+00
   3.1900000e+02   6.0533743e+00
   3.2000000e+02   6.1654577e+00
   3.2100000e+02   6.2728114e+00
   3.2200000e+02   6.3753576e+00
   3.2300000e+02   6.4730210e+00
   3.2400000e+02   6.5657282e+00
   3.2500000e+02   6.6534081e+00
   3.2600000e+02   6.7359929e+00
   3.2700000e+02   6.8134155e+00
   3.2800000e+02   6.8856130e+00
   3.2900000e+02   6.9525232e+00
   3.3000000e+02   7.0140886e+00
   3.3100000e+02   7.0184708e+00
   3.3200000e+02   7.0170579e+00
   3.3300000e+02   7.0098028e+00
   3.3400000e+02   6.9966607e+00
   3.3500000e+02   6.9775915e+00
   3.3600000e+02   6.9525566e+00
   3.3700000e+02   6.9215217e+00
   3.3800000e+02   6.8844566e+00
   3.3900000e+02   6.8413329e+00
   3.4000000e+02   6.7921267e+00
   3.4100000e+02   6.7368183e+00
   3.4200000e+02   6.6753912e+00
   3.4300000e+02   6.6078329e+00
   3.4400000e+02   6.5341349e+00
   3.4500000e+02   6.4542923e+00
   3.4600000e+02   6.3683052e+00
   3.4700000e+02   6.2761765e+00
   3.4800000e+02   6.1779141e+00
   3.4900000e+02   6.0735316e+00
   3.5000000e+02   5.9630442e+00
   3.5100000e+02   5.8464732e+00
   3.5200000e+02   5.7238431e+00
   3.5300000e+02   5.5951848e+00
   3.5400000e+02   5.4605317e+00
   3.5500000e+02   5.3199239e+00
   3.5600000e+02   5.1734042e+00
   3.5700000e+02   5.0210209e+00
   3.5800000e+02   4.8628278e+00
   3.5900000e+02   4.6988811e+00
   2.6219766e-08   4.5292444e+00
