   0.0000000e+00   0.0000000e+00
   1.0000000e+00   1.2455320e-03
   2.0000000e+00   2.0162305e-03
   3.0000000e+00   2.7976148e-03
   4.0000000e+00   3.5999604e-03
   5.0000000e+00   4.4019385e-03
   6.0000000e+00   5.1999963e-03
   7.0000000e+00   5.9991684e-03
   8.0000000e+00   6.8118488e-03
   9.0000000e+00   7.6155607e-03
   1.0000000e+01   8.3881458e-03
   1.1000000e+01   9.1491630e-03
   1.2000000e+01   9.9059576e-03
   1.3000000e+01   1.0645648e-02
   1.4000000e+01   1.1360702e-02
   1.5000000e+01   1.2070699e-02
   1.6000000e+01   1.2756079e-02
   1.7000000e+01   1.3442778e-02
   1.8000000e+01   1.4125296e-02
   1.9000000e+01   1.4809958e-02
   2.0000000e+01   1.5470558e-02
   2.1000000e+01   1.6125564e-02
   2.2000000e+01   1.6755586e-02
   2.3000000e+01   1.7386049e-02
   2.4000000e+01   1.8011039e-02
   2.5000000e+01   1.8623641e-02
   2.6000000e+01   1.9204408e-02
   2.7000000e+01   1.9771820e-02
   2.8000000e+01   2.0332819e-02
   2.9000000e+01   2.0880949e-02
   3.0000000e+01   2.1415958e-02
   3.1000000e+01   2.2390008e-02
   3.2000000e+01   2.3371454e-02
   3.3000000e+01   2.4359412e-02
   3.4000000e+01   2.5353022e-02
   3.5000000e+01   2.6358619e-02
   3.6000000e+01   2.7361892e-02
   3.7000000e+01   2.8368682e-02
   3.8000000e+01   2.9378461e-02
   3.9000000e+01   3.0390529e-02
   4.0000000e+01   3.1404339e-02
   4.1000000e+01   3.2426972e-02
   4.2000000e+01   3.3450585e-02
   4.3000000e+01   3.4482375e-02
   4.4000000e+01   3.5506330e-02
   4.5000000e+01   3.6529291e-02
   4.6000000e+01   3.7550788e-02
   4.7000000e+01   3.8578715e-02
   4.8000000e+01   3.9604709e-02
   4.9000000e+01   4.0636715e-02
   5.0000000e+01   4.1674767e-02
   5.1000000e+01   4.2709950e-02
   5.2000000e+01   4.3750536e-02
   5.3000000e+01   4.4796582e-02
   5.4000000e+01   4.5829762e-02
   5.5000000e+01   4.6876393e-02
   5.6000000e+01   4.7927927e-02
   5.7000000e+01   4.8984110e-02
   5.8000000e+01   5.0016236e-02
   5.9000000e+01   5.1032364e-02
   6.0000000e+01   5.2051593e-02
   6.1000000e+01   5.1901441e-02
   6.2000000e+01   5.1734999e-02
   6.3000000e+01   5.1552568e-02
   6.4000000e+01   5.1363975e-02
   6.5000000e+01   5.1169541e-02
   6.6000000e+01   5.0960347e-02
   6.7000000e+01   5.0745670e-02
   6.8000000e+01   5.0525777e-02
   6.9000000e+01   5.0283238e-02
   7.0000000e+01   5.0035924e-02
   7.1000000e+01   4.9775641e-02
   7.2000000e+01   4.9511183e-02
   7.3000000e+01   4.9242798e-02
   7.4000000e+01   4.8970569e-02
   7.5000000e+01   4.8694566e-02
   7.6000000e+01   4.8414864e-02
   7.7000000e+01   4.8131529e-02
   7.8000000e+01   4.7844648e-02
   7.9000000e+01   4.7546405e-02
   8.0000000e+01   4.7247335e-02
   8.1000000e+01   4.6955101e-02
   8.2000000e+01   4.6661898e-02
   8.3000000e+01   4.6367809e-02
   8.4000000e+01   4.6072818e-02
   8.5000000e+01   4.5776907e-02
   8.6000000e+01   4.5480046e-02
   8.7000000e+01   4.5189422e-02
   8.8000000e+01   4.4897702e-02
   8.9000000e+01   4.4597935e-02
   9.0000000e+01   4.4297282e-02
   9.1000000e+01   4.3760590e-02
   9.2000000e+01   4.3221068e-02
   9.3000000e+01   4.2678837e-02
   9.4000000e+01   4.2146705e-02
   9.5000000e+01   4.1611336e-02
   9.6000000e+01   4.1072831e-02
   9.7000000e+01   4.0531125e-02
   9.8000000e+01   3.9986148e-02
   9.9000000e+01   3.9437834e-02
   1.0000000e+02   3.8897473e-02
   1.0100000e+02   3.8353223e-02
   1.0200000e+02   3.7805147e-02
   1.0300000e+02   3.7253145e-02
   1.0400000e+02   3.6697119e-02
   1.0500000e+02   3.6136985e-02
   1.0600000e+02   3.5572641e-02
   1.0700000e+02   3.5013646e-02
   1.0800000e+02   3.4459274e-02
   1.0900000e+02   3.3908918e-02
   1.1000000e+02   3.3357479e-02
   1.1100000e+02   3.2800358e-02
   1.1200000e+02   3.2241639e-02
   1.1300000e+02   3.1680848e-02
   1.1400000e+02   3.1117562e-02
   1.1500000e+02   3.0547576e-02
   1.1600000e+02   2.9978070e-02
   1.1700000e+02   2.9408259e-02
   1.1800000e+02   2.8834105e-02
   1.1900000e+02   2.8251916e-02
   1.2000000e+02   2.7661504e-02
   1.2100000e+02   2.7105190e-02
   1.2200000e+02   2.6541328e-02
   1.2300000e+02   2.5975445e-02
   1.2400000e+02   2.5406813e-02
   1.2500000e+02   2.4829619e-02
   1.2600000e+02   2.4243686e-02
   1.2700000e+02   2.3651252e-02
   1.2800000e+02   2.3049606e-02
   1.2900000e+02   2.2438567e-02
   1.3000000e+02   2.1817932e-02
   1.3100000e+02   2.1189554e-02
   1.3200000e+02   2.0552974e-02
   1.3300000e+02   1.9907780e-02
   1.3400000e+02   1.9251850e-02
   1.3500000e+02   1.8584974e-02
   1.3600000e+02   1.7906955e-02
   1.3700000e+02   1.7219087e-02
   1.3800000e+02   1.6520947e-02
   1.3900000e+02   1.5810801e-02
   1.4000000e+02   1.5089678e-02
   1.4100000e+02   1.4357165e-02
   1.4200000e+02   1.3613935e-02
   1.4300000e+02   1.2857460e-02
   1.4400000e+02   1.2087550e-02
   1.4500000e+02   1.1304028e-02
   1.4600000e+02   1.0507468e-02
   1.4700000e+02   9.6975053e-03
   1.4800000e+02   8.8737719e-03
   1.4900000e+02   8.0353934e-03
   1.5000000e+02   7.1822023e-03
   1.5100000e+02   7.8104851e-03
   1.5200000e+02   8.4486399e-03
   1.5300000e+02   9.0967342e-03
   1.5400000e+02   9.7548263e-03
   1.5500000e+02   1.0422966e-02
   1.5600000e+02   1.1101201e-02
   1.5700000e+02   1.1789585e-02
   1.5800000e+02   1.2488153e-02
   1.5900000e+02   1.3196927e-02
   1.6000000e+02   1.3915936e-02
   1.6100000e+02   1.4645198e-02
   1.6200000e+02   1.5384732e-02
   1.6300000e+02   1.6134549e-02
   1.6400000e+02   1.6894668e-02
   1.6500000e+02   1.7665097e-02
   1.6600000e+02   1.8445833e-02
   1.6700000e+02   1.9236876e-02
   1.6800000e+02   2.0038215e-02
   1.6900000e+02   2.0849848e-02
   1.7000000e+02   2.1671752e-02
   1.7100000e+02   2.2503909e-02
   1.7200000e+02   2.3345822e-02
   1.7300000e+02   2.4196889e-02
   1.7400000e+02   2.5056945e-02
   1.7500000e+02   2.5925823e-02
   1.7600000e+02   2.6803372e-02
   1.7700000e+02   2.7689425e-02
   1.7800000e+02   2.8583813e-02
   1.7900000e+02   2.9486364e-02
   1.8000000e+02   3.0396907e-02
   1.8100000e+02   3.1779733e-02
   1.8200000e+02   3.3183374e-02
   1.8300000e+02   3.4608029e-02
   1.8400000e+02   3.6053881e-02
   1.8500000e+02   3.7521109e-02
   1.8600000e+02   3.9009891e-02
   1.8700000e+02   4.0520381e-02
   1.8800000e+02   4.2052723e-02
   1.8900000e+02   4.3607056e-02
   1.9000000e+02   4.5183524e-02
   1.9100000e+02   4.6782263e-02
   1.9200000e+02   4.8403401e-02
   1.9300000e+02   5.0047062e-02
   1.9400000e+02   5.1713374e-02
   1.9500000e+02   5.3402446e-02
   1.9600000e+02   5.5114377e-02
   1.9700000e+02   5.6849252e-02
   1.9800000e+02   5.8607176e-02
   1.9900000e+02   6.0388226e-02
   2.0000000e+02   6.2192488e-02
   2.0100000e+02   6.4020067e-02
   2.0200000e+02   6.5871075e-02
   2.0300000e+02   6.7745566e-02
   2.0400000e+02   6.9643579e-02
   2.0500000e+02   7.1565144e-02
   2.0600000e+02   7.3510297e-02
   2.0700000e+02   7.5479060e-02
   2.0800000e+02   7.7471480e-02
   2.0900000e+02   7.9487532e-02
   2.1000000e+02   8.1527248e-02
   2.1100000e+02   8.3004944e-02
   2.1200000e+02   8.4494285e-02
   2.1300000e+02   8.5995212e-02
   2.1400000e+02   8.7507688e-02
   2.1500000e+02   8.9031644e-02
   2.1600000e+02   9.0515979e-02
   2.1700000e+02   9.2008233e-02
   2.1800000e+02   9.3509428e-02
   2.1900000e+02   9.5019557e-02
   2.2000000e+02   9.6538551e-02
   2.2100000e+02   9.8066308e-02
   2.2200000e+02   9.9602751e-02
   2.2300000e+02   1.0114780e-01
   2.2400000e+02   1.0270140e-01
   2.2500000e+02   1.0426348e-01
   2.2600000e+02   1.0583394e-01
   2.2700000e+02   1.0741270e-01
   2.2800000e+02   1.0899971e-01
   2.2900000e+02   1.1059488e-01
   2.3000000e+02   1.1219813e-01
   2.3100000e+02   1.1380939e-01
   2.3200000e+02   1.1542861e-01
   2.3300000e+02   1.1705579e-01
   2.3400000e+02   1.1869088e-01
   2.3500000e+02   1.2033381e-01
   2.3600000e+02   1.2198452e-01
   2.3700000e+02   1.2364294e-01
   2.3800000e+02   1.2530898e-01
   2.3900000e+02   1.2698258e-01
   2.4000000e+02   1.2866370e-01
   2.4100000e+02   1.2852994e-01
   2.4200000e+02   1.2839232e-01
   2.4300000e+02   1.2825093e-01
   2.4400000e+02   1.2810580e-01
   2.4500000e+02   1.2795700e-01
   2.4600000e+02   1.2780459e-01
   2.4700000e+02   1.2764865e-01
   2.4800000e+02   1.2748922e-01
   2.4900000e+02   1.2732634e-01
   2.5000000e+02   1.2716009e-01
   2.5100000e+02   1.2699050e-01
   2.5200000e+02   1.2681766e-01
   2.5300000e+02   1.2664166e-01
   2.5400000e+02   1.2646259e-01
   2.5500000e+02   1.2628053e-01
   2.5600000e+02   1.2609553e-01
   2.5700000e+02   1.2590769e-01
   2.5800000e+02   1.2571706e-01
   2.5900000e+02   1.2552372e-01
   2.6000000e+02   1.2532774e-01
   2.6100000e+02   1.2512918e-01
   2.6200000e+02   1.2492815e-01
   2.6300000e+02   1.2472472e-01
   2.6400000e+02   1.2451895e-01
   2.6500000e+02   1.2431093e-01
   2.6600000e+02   1.2410071e-01
   2.6700000e+02   1.2388840e-01
   2.6800000e+02   1.2367406e-01
   2.6900000e+02   1.2345777e-01
   2.7000000e+02   1.2323962e-01
   2.7100000e+02   1.2249896e-01
   2.7200000e+02   1.2174658e-01
   2.7300000e+02   1.2098253e-01
   2.7400000e+02   1.2020683e-01
   2.7500000e+02   1.1941952e-01
   2.7600000e+02   1.1862072e-01
   2.7700000e+02   1.1781045e-01
   2.7800000e+02   1.1698876e-01
   2.7900000e+02   1.1615569e-01
   2.8000000e+02   1.1531126e-01
   2.8100000e+02   1.1445557e-01
   2.8200000e+02   1.1358863e-01
   2.8300000e+02   1.1271048e-01
   2.8400000e+02   1.1182115e-01
   2.8500000e+02   1.1092068e-01
   2.8600000e+02   1.1000910e-01
   2.8700000e+02   1.0908648e-01
   2.8800000e+02   1.0815281e-01
   2.8900000e+02   1.0720818e-01
   2.9000000e+02   1.0625263e-01
   2.9100000e+02   1.0528618e-01
   2.9200000e+02   1.0430888e-01
   2.9300000e+02   1.0332078e-01
   2.9400000e+02   1.0232192e-01
   2.9500000e+02   1.0131234e-01
   2.9600000e+02   1.0029209e-01
   2.9700000e+02   9.9261209e-02
   2.9800000e+02   9.8219745e-02
   2.9900000e+02   9.7167745e-02
   3.0000000e+02   9.6105255e-02
   3.0100000e+02   9.6168138e-02
   3.0200000e+02   9.6228413e-02
   3.0300000e+02   9.6286088e-02
   3.0400000e+02   9.6341163e-02
   3.0500000e+02   9.6393637e-02
   3.0600000e+02   9.6443519e-02
   3.0700000e+02   9.6490815e-02
   3.0800000e+02   9.6535534e-02
   3.0900000e+02   9.6577674e-02
   3.1000000e+02   9.6617252e-02
   3.1100000e+02   9.6654259e-02
   3.1200000e+02   9.6688710e-02
   3.1300000e+02   9.6720599e-02
   3.1400000e+02   9.6749939e-02
   3.1500000e+02   9.6776739e-02
   3.1600000e+02   9.6801005e-02
   3.1700000e+02   9.6822761e-02
   3.1800000e+02   9.6842006e-02
   3.1900000e+02   9.6858747e-02
   3.2000000e+02   9.6872993e-02
   3.2100000e+02   9.6884757e-02
   3.2200000e+02   9.6894041e-02
   3.2300000e+02   9.6900873e-02
   3.2400000e+02   9.6905261e-02
   3.2500000e+02   9.6907213e-02
   3.2600000e+02   9.6906736e-02
   3.2700000e+02   9.6903838e-02
   3.2800000e+02   9.6898541e-02
   3.2900000e+02   9.6890844e-02
   3.3000000e+02   9.6880764e-02
   3.3100000e+02   9.7478233e-02
   3.3200000e+02   9.8076761e-02
   3.3300000e+02   9.8676339e-02
   3.3400000e+02   9.9276945e-02
   3.3500000e+02   9.9878579e-02
   3.3600000e+02   1.0048122e-01
   3.3700000e+02   1.0108485e-01
   3.3800000e+02   1.0168947e-01
   3.3900000e+02   1.0229506e-01
   3.4000000e+02   1.0290159e-01
   3.4100000e+02   1.0350908e-01
   3.4200000e+02   1.0411750e-01
   3.4300000e+02   1.0472683e-01
   3.4400000e+02   1.0533708e-01
   3.4500000e+02   1.0594820e-01
   3.4600000e+02   1.0656022e-01
   3.4700000e+02   1.0717310e-01
   3.4800000e+02   1.0778683e-01
   3.4900000e+02   1.0840142e-01
   3.5000000e+02   1.0901684e-01
   3.5100000e+02   1.0963308e-01
   3.5200000e+02   1.1025015e-01
   3.5300000e+02   1.1086801e-01
   3.5400000e+02   1.1148668e-01
   3.5500000e+02   1.1210614e-01
   3.5600000e+02   1.1272637e-01
   3.5700000e+02   1.1334737e-01
   3.5800000e+02   1.1396912e-01
   3.5900000e+02   1.1459161e-01
   2.6219766e-08   1.1521484e-01
