   0.0000000e+00   6.3655639e-01
   1.0000000e+00   6.5020156e-01
   2.0000000e+00   6.4971238e-01
   3.0000000e+00   6.4938003e-01
   4.0000000e+00   6.4908600e-01
   5.0000000e+00   6.4882803e-01
   6.0000000e+00   6.4860821e-01
   7.0000000e+00   6.4842534e-01
   8.0000000e+00   6.4827734e-01
   9.0000000e+00   6.4816231e-01
   1.0000000e+01   6.4808047e-01
   1.1000000e+01   6.4803022e-01
   1.2000000e+01   6.4800888e-01
   1.3000000e+01   6.4801502e-01
   1.4000000e+01   6.4804679e-01
   1.5000000e+01   6.4810205e-01
   1.6000000e+01   6.4818013e-01
   1.7000000e+01   6.4827830e-01
   1.8000000e+01   6.4839733e-01
   1.9000000e+01   6.4853597e-01
   2.0000000e+01   6.4869422e-01
   2.1000000e+01   6.4886761e-01
   2.2000000e+01   6.4905763e-01
   2.3000000e+01   6.4926004e-01
   2.4000000e+01   6.4947808e-01
   2.5000000e+01   6.4971018e-01
   2.6000000e+01   6.4995414e-01
   2.7000000e+01   6.5020454e-01
   2.8000000e+01   6.5046436e-01
   2.9000000e+01   6.5073442e-01
   3.0000000e+01   6.5101242e-01
   3.1000000e+01   6.2684363e-01
   3.2000000e+01   6.0340703e-01
   3.3000000e+01   5.8062863e-01
   3.4000000e+01   5.5844402e-01
   3.5000000e+01   5.3679621e-01
   3.6000000e+01   5.1566929e-01
   3.7000000e+01   4.9495664e-01
   3.8000000e+01   4.7464594e-01
   3.9000000e+01   4.5470163e-01
   4.0000000e+01   4.3509033e-01
   4.1000000e+01   4.1578236e-01
   4.2000000e+01   3.9680597e-01
   4.3000000e+01   3.7808749e-01
   4.4000000e+01   3.5966408e-01
   4.5000000e+01   3.4139413e-01
   4.6000000e+01   3.2331246e-01
   4.7000000e+01   3.0540004e-01
   4.8000000e+01   2.8771245e-01
   4.9000000e+01   2.7016658e-01
   5.0000000e+01   2.5282377e-01
   5.1000000e+01   2.3567790e-01
   5.2000000e+01   2.1863772e-01
   5.3000000e+01   2.0177388e-01
   5.4000000e+01   1.8508187e-01
   5.5000000e+01   1.6837332e-01
   5.6000000e+01   1.5190358e-01
   5.7000000e+01   1.3558409e-01
   5.8000000e+01   1.1940841e-01
   5.9000000e+01   1.0307086e-01
   6.0000000e+01   8.6643793e-02
   6.1000000e+01   1.0376114e-01
   6.2000000e+01   1.2070648e-01
   6.3000000e+01   1.3739423e-01
   6.4000000e+01   1.5383801e-01
   6.5000000e+01   1.7013869e-01
   6.6000000e+01   1.8630239e-01
   6.7000000e+01   2.0225437e-01
   6.8000000e+01   2.1808270e-01
   6.9000000e+01   2.3379235e-01
   7.0000000e+01   2.4924591e-01
   7.1000000e+01   2.6459736e-01
   7.2000000e+01   2.7978688e-01
   7.3000000e+01   2.9488689e-01
   7.4000000e+01   3.0990103e-01
   7.5000000e+01   3.2483152e-01
   7.6000000e+01   3.3968046e-01
   7.7000000e+01   3.5444993e-01
   7.8000000e+01   3.6914185e-01
   7.9000000e+01   3.8375822e-01
   8.0000000e+01   3.9825594e-01
   8.1000000e+01   4.1269967e-01
   8.2000000e+01   4.2712894e-01
   8.3000000e+01   4.4149885e-01
   8.4000000e+01   4.5580930e-01
   8.5000000e+01   4.7005972e-01
   8.6000000e+01   4.8424947e-01
   8.7000000e+01   4.9837792e-01
   8.8000000e+01   5.1247120e-01
   8.9000000e+01   5.2649772e-01
   9.0000000e+01   5.4043496e-01
   9.1000000e+01   5.4391593e-01
   9.2000000e+01   5.4741001e-01
   9.3000000e+01   5.5087221e-01
   9.4000000e+01   5.5430257e-01
   9.5000000e+01   5.5773515e-01
   9.6000000e+01   5.6113112e-01
   9.7000000e+01   5.6449038e-01
   9.8000000e+01   5.6781232e-01
   9.9000000e+01   5.7109624e-01
   1.0000000e+02   5.7434171e-01
   1.0100000e+02   5.7757074e-01
   1.0200000e+02   5.8075637e-01
   1.0300000e+02   5.8389813e-01
   1.0400000e+02   5.8699536e-01
   1.0500000e+02   5.9004730e-01
   1.0600000e+02   5.9305334e-01
   1.0700000e+02   5.9601259e-01
   1.0800000e+02   5.9893423e-01
   1.0900000e+02   6.0181212e-01
   1.1000000e+02   6.0464036e-01
   1.1100000e+02   6.0741073e-01
   1.1200000e+02   6.1011869e-01
   1.1300000e+02   6.1276358e-01
   1.1400000e+02   6.1534202e-01
   1.1500000e+02   6.1785048e-01
   1.1600000e+02   6.2028760e-01
   1.1700000e+02   6.2264669e-01
   1.1800000e+02   6.2492192e-01
   1.1900000e+02   6.2711185e-01
   1.2000000e+02   6.2921804e-01
   1.2100000e+02   6.1595720e-01
   1.2200000e+02   6.0270053e-01
   1.2300000e+02   5.8945334e-01
   1.2400000e+02   5.7620680e-01
   1.2500000e+02   5.6296200e-01
   1.2600000e+02   5.4972821e-01
   1.2700000e+02   5.3650588e-01
   1.2800000e+02   5.2329135e-01
   1.2900000e+02   5.1008916e-01
   1.3000000e+02   4.9689963e-01
   1.3100000e+02   4.8372328e-01
   1.3200000e+02   4.7055703e-01
   1.3300000e+02   4.5740163e-01
   1.3400000e+02   4.4425792e-01
   1.3500000e+02   4.3112954e-01
   1.3600000e+02   4.1801709e-01
   1.3700000e+02   4.0492097e-01
   1.3800000e+02   3.9183906e-01
   1.3900000e+02   3.7877211e-01
   1.4000000e+02   3.6572346e-01
   1.4100000e+02   3.5269129e-01
   1.4200000e+02   3.3967650e-01
   1.4300000e+02   3.2667792e-01
   1.4400000e+02   3.1370041e-01
   1.4500000e+02   3.0074453e-01
   1.4600000e+02   2.8781083e-01
   1.4700000e+02   2.7489838e-01
   1.4800000e+02   2.6200801e-01
   1.4900000e+02   2.4913974e-01
   1.5000000e+02   2.3629828e-01
   1.5100000e+02   2.4560083e-01
   1.5200000e+02   2.5485551e-01
   1.5300000e+02   2.6406169e-01
   1.5400000e+02   2.7321887e-01
   1.5500000e+02   2.8232649e-01
   1.5600000e+02   2.9138407e-01
   1.5700000e+02   3.0039111e-01
   1.5800000e+02   3.0934715e-01
   1.5900000e+02   3.1825173e-01
   1.6000000e+02   3.2710448e-01
   1.6100000e+02   3.3590502e-01
   1.6200000e+02   3.4465295e-01
   1.6300000e+02   3.5334799e-01
   1.6400000e+02   3.6198977e-01
   1.6500000e+02   3.7057793e-01
   1.6600000e+02   3.7911221e-01
   1.6700000e+02   3.8759235e-01
   1.6800000e+02   3.9601809e-01
   1.6900000e+02   4.0438920e-01
   1.7000000e+02   4.1270545e-01
   1.7100000e+02   4.2050010e-01
   1.7200000e+02   4.2769226e-01
   1.7300000e+02   4.3473566e-01
   1.7400000e+02   4.4163579e-01
   1.7500000e+02   4.4839334e-01
   1.7600000e+02   4.5500904e-01
   1.7700000e+02   4.6148351e-01
   1.7800000e+02   4.6781752e-01
   1.7900000e+02   4.7401196e-01
   1.8000000e+02   4.8006776e-01
   1.8100000e+02   4.8374042e-01
   1.8200000e+02   4.8756996e-01
   1.8300000e+02   4.9155584e-01
   1.8400000e+02   4.9569723e-01
   1.8500000e+02   4.9999338e-01
   1.8600000e+02   5.0444347e-01
   1.8700000e+02   5.0904649e-01
   1.8800000e+02   5.1380157e-01
   1.8900000e+02   5.1870763e-01
   1.9000000e+02   5.2376360e-01
   1.9100000e+02   5.2896833e-01
   1.9200000e+02   5.3432041e-01
   1.9300000e+02   5.3981858e-01
   1.9400000e+02   5.4546148e-01
   1.9500000e+02   5.5124754e-01
   1.9600000e+02   5.5717534e-01
   1.9700000e+02   5.6324339e-01
   1.9800000e+02   5.6945014e-01
   1.9900000e+02   5.7579392e-01
   2.0000000e+02   5.8227313e-01
   2.0100000e+02   5.8888608e-01
   2.0200000e+02   5.9563106e-01
   2.0300000e+02   6.0250622e-01
   2.0400000e+02   6.0950994e-01
   2.0500000e+02   6.1664045e-01
   2.0600000e+02   6.2389594e-01
   2.0700000e+02   6.3127470e-01
   2.0800000e+02   6.3877487e-01
   2.0900000e+02   6.4639461e-01
   2.1000000e+02   6.5413213e-01
   2.1100000e+02   6.5323901e-01
   2.1200000e+02   6.5239811e-01
   2.1300000e+02   6.5160888e-01
   2.1400000e+02   6.5087056e-01
   2.1500000e+02   6.5018255e-01
   2.1600000e+02   6.4954406e-01
   2.1700000e+02   6.4894742e-01
   2.1800000e+02   6.4839375e-01
   2.1900000e+02   6.4788270e-01
   2.2000000e+02   6.4741391e-01
   2.2100000e+02   6.4698684e-01
   2.2200000e+02   6.4660126e-01
   2.2300000e+02   6.4625669e-01
   2.2400000e+02   6.4595264e-01
   2.2500000e+02   6.4568877e-01
   2.2600000e+02   6.4546466e-01
   2.2700000e+02   6.4527988e-01
   2.2800000e+02   6.4513385e-01
   2.2900000e+02   6.4502633e-01
   2.3000000e+02   6.4495671e-01
   2.3100000e+02   6.4492458e-01
   2.3200000e+02   6.4492953e-01
   2.3300000e+02   6.4497107e-01
   2.3400000e+02   6.4504880e-01
   2.3500000e+02   6.4516228e-01
   2.3600000e+02   6.4531112e-01
   2.3700000e+02   6.4549476e-01
   2.3800000e+02   6.4571291e-01
   2.3900000e+02   6.4596504e-01
   2.4000000e+02   6.4625067e-01
   2.4100000e+02   6.4689022e-01
   2.4200000e+02   6.4750344e-01
   2.4300000e+02   6.4809096e-01
   2.4400000e+02   6.4865351e-01
   2.4500000e+02   6.4919174e-01
   2.4600000e+02   6.4970624e-01
   2.4700000e+02   6.5019768e-01
   2.4800000e+02   6.5066671e-01
   2.4900000e+02   6.5111387e-01
   2.5000000e+02   6.5153986e-01
   2.5100000e+02   6.5194529e-01
   2.5200000e+02   6.5233064e-01
   2.5300000e+02   6.5269661e-01
   2.5400000e+02   6.5304369e-01
   2.5500000e+02   6.5337253e-01
   2.5600000e+02   6.5368366e-01
   2.5700000e+02   6.5397763e-01
   2.5800000e+02   6.5425497e-01
   2.5900000e+02   6.5451628e-01
   2.6000000e+02   6.5476191e-01
   2.6100000e+02   6.5499258e-01
   2.6200000e+02   6.5520859e-01
   2.6300000e+02   6.5541059e-01
   2.6400000e+02   6.5559900e-01
   2.6500000e+02   6.5577424e-01
   2.6600000e+02   6.5593684e-01
   2.6700000e+02   6.5608722e-01
   2.6800000e+02   6.5622586e-01
   2.6900000e+02   6.5635318e-01
   2.7000000e+02   6.5646958e-01
   2.7100000e+02   6.5517843e-01
   2.7200000e+02   6.5387195e-01
   2.7300000e+02   6.5255034e-01
   2.7400000e+02   6.5121371e-01
   2.7500000e+02   6.4986217e-01
   2.7600000e+02   6.4849591e-01
   2.7700000e+02   6.4711505e-01
   2.7800000e+02   6.4571977e-01
   2.7900000e+02   6.4431024e-01
   2.8000000e+02   6.4288646e-01
   2.8100000e+02   6.4144874e-01
   2.8200000e+02   6.3999707e-01
   2.8300000e+02   6.3853168e-01
   2.8400000e+02   6.3705266e-01
   2.8500000e+02   6.3556015e-01
   2.8600000e+02   6.3405436e-01
   2.8700000e+02   6.3253534e-01
   2.8800000e+02   6.3100320e-01
   2.8900000e+02   6.2945819e-01
   2.9000000e+02   6.2790036e-01
   2.9100000e+02   6.2632978e-01
   2.9200000e+02   6.2474674e-01
   2.9300000e+02   6.2315124e-01
   2.9400000e+02   6.2154347e-01
   2.9500000e+02   6.1992347e-01
   2.9600000e+02   6.1829150e-01
   2.9700000e+02   6.1664760e-01
   2.9800000e+02   6.1499190e-01
   2.9900000e+02   6.1332452e-01
   3.0000000e+02   6.1164588e-01
   3.0100000e+02   6.1079663e-01
   3.0200000e+02   6.0994649e-01
   3.0300000e+02   6.0909557e-01
   3.0400000e+02   6.0824382e-01
   3.0500000e+02   6.0739124e-01
   3.0600000e+02   6.0653788e-01
   3.0700000e+02   6.0568380e-01
   3.0800000e+02   6.0482889e-01
   3.0900000e+02   6.0397333e-01
   3.1000000e+02   6.0311699e-01
   3.1100000e+02   6.0225999e-01
   3.1200000e+02   6.0140228e-01
   3.1300000e+02   6.0054386e-01
   3.1400000e+02   5.9968483e-01
   3.1500000e+02   5.9882510e-01
   3.1600000e+02   5.9796482e-01
   3.1700000e+02   5.9710389e-01
   3.1800000e+02   5.9624231e-01
   3.1900000e+02   5.9538019e-01
   3.2000000e+02   5.9451747e-01
   3.2100000e+02   5.9365416e-01
   3.2200000e+02   5.9279031e-01
   3.2300000e+02   5.9192592e-01
   3.2400000e+02   5.9106100e-01
   3.2500000e+02   5.9019554e-01
   3.2600000e+02   5.8932954e-01
   3.2700000e+02   5.8846301e-01
   3.2800000e+02   5.8759606e-01
   3.2900000e+02   5.8672857e-01
   3.3000000e+02   5.8586061e-01
   3.3100000e+02   5.8626586e-01
   3.3200000e+02   5.8667201e-01
   3.3300000e+02   5.8707893e-01
   3.3400000e+02   5.8748668e-01
   3.3500000e+02   5.8789527e-01
   3.3600000e+02   5.8830470e-01
   3.3700000e+02   5.8871490e-01
   3.3800000e+02   5.8912593e-01
   3.3900000e+02   5.8953774e-01
   3.4000000e+02   5.8995038e-01
   3.4100000e+02   5.9036380e-01
   3.4200000e+02   5.9077805e-01
   3.4300000e+02   5.9119302e-01
   3.4400000e+02   5.9160882e-01
   3.4500000e+02   5.9202546e-01
   3.4600000e+02   5.9244281e-01
   3.4700000e+02   5.9286094e-01
   3.4800000e+02   5.9327990e-01
   3.4900000e+02   5.9369957e-01
   3.5000000e+02   5.9412003e-01
   3.5100000e+02   5.9454125e-01
   3.5200000e+02   5.9496325e-01
   3.5300000e+02   5.9538597e-01
   3.5400000e+02   5.9580946e-01
   3.5500000e+02   5.9623373e-01
   3.5600000e+02   5.9665871e-01
   3.5700000e+02   5.9708440e-01
   3.5800000e+02   5.9751087e-01
   3.5900000e+02   5.9793806e-01
   2.6219766e-08   5.9836602e-01
