   0.0000000e+00   1.1835275e+02
   1.0000000e+00   3.7937611e+01
   2.0000000e+00   3.7908554e+01
   3.0000000e+00   3.7875896e+01
   4.0000000e+00   3.7839424e+01
   5.0000000e+00   3.7799171e+01
   6.0000000e+00   3.7755150e+01
   7.0000000e+00   3.7707386e+01
   8.0000000e+00   3.7655907e+01
   9.0000000e+00   3.7600739e+01
   1.0000000e+01   3.7541920e+01
   1.1000000e+01   3.7479488e+01
   1.2000000e+01   3.7413471e+01
   1.3000000e+01   3.7343914e+01
   1.4000000e+01   3.7270866e+01
   1.5000000e+01   3.7194366e+01
   1.6000000e+01   3.7114460e+01
   1.7000000e+01   3.7031200e+01
   1.8000000e+01   3.6944645e+01
   1.9000000e+01   3.6854847e+01
   2.0000000e+01   3.6761856e+01
   2.1000000e+01   3.6665737e+01
   2.2000000e+01   3.6566551e+01
   2.3000000e+01   3.6464359e+01
   2.4000000e+01   3.6359226e+01
   2.5000000e+01   3.6251221e+01
   2.6000000e+01   3.6140408e+01
   2.7000000e+01   3.6026863e+01
   2.8000000e+01   3.5910648e+01
   2.9000000e+01   3.5791840e+01
   3.0000000e+01   3.5670517e+01
   3.1000000e+01   3.5537529e+01
   3.2000000e+01   3.5402016e+01
   3.3000000e+01   3.5264057e+01
   3.4000000e+01   3.5123734e+01
   3.5000000e+01   3.4981125e+01
   3.6000000e+01   3.4836315e+01
   3.7000000e+01   3.4689392e+01
   3.8000000e+01   3.4540432e+01
   3.9000000e+01   3.4389519e+01
   4.0000000e+01   3.4236744e+01
   4.1000000e+01   3.4082180e+01
   4.2000000e+01   3.3925919e+01
   4.3000000e+01   3.3768044e+01
   4.4000000e+01   3.3608631e+01
   4.5000000e+01   3.3447773e+01
   4.6000000e+01   3.3285545e+01
   4.7000000e+01   3.3122036e+01
   4.8000000e+01   3.2957317e+01
   4.9000000e+01   3.2791477e+01
   5.0000000e+01   3.2624596e+01
   5.1000000e+01   3.2456749e+01
   5.2000000e+01   3.2288017e+01
   5.3000000e+01   3.2118473e+01
   5.4000000e+01   3.1948200e+01
   5.5000000e+01   3.1777271e+01
   5.6000000e+01   3.1605759e+01
   5.7000000e+01   3.1433735e+01
   5.8000000e+01   3.1261278e+01
   5.9000000e+01   3.1088449e+01
   6.0000000e+01   3.0915323e+01
   6.1000000e+01   3.0740782e+01
   6.2000000e+01   3.0565807e+01
   6.3000000e+01   3.0390472e+01
   6.4000000e+01   3.0214842e+01
   6.5000000e+01   3.0038982e+01
   6.6000000e+01   2.9862963e+01
   6.7000000e+01   2.9686848e+01
   6.8000000e+01   2.9510698e+01
   6.9000000e+01   2.9334574e+01
   7.0000000e+01   2.9158529e+01
   7.1000000e+01   2.8982628e+01
   7.2000000e+01   2.8806921e+01
   7.3000000e+01   2.8631464e+01
   7.4000000e+01   2.8456310e+01
   7.5000000e+01   2.8281513e+01
   7.6000000e+01   2.8107117e+01
   7.7000000e+01   2.7933176e+01
   7.8000000e+01   2.7759731e+01
   7.9000000e+01   2.7586834e+01
   8.0000000e+01   2.7414520e+01
   8.1000000e+01   2.7242838e+01
   8.2000000e+01   2.7071823e+01
   8.3000000e+01   2.6901518e+01
   8.4000000e+01   2.6731958e+01
   8.5000000e+01   2.6563183e+01
   8.6000000e+01   2.6395222e+01
   8.7000000e+01   2.6228109e+01
   8.8000000e+01   2.6061876e+01
   8.9000000e+01   2.5896545e+01
   9.0000000e+01   2.5732153e+01
   9.1000000e+01   2.5576439e+01
   9.2000000e+01   2.5421413e+01
   9.3000000e+01   2.5267111e+01
   9.4000000e+01   2.5113556e+01
   9.5000000e+01   2.4960783e+01
   9.6000000e+01   2.4808817e+01
   9.7000000e+01   2.4657677e+01
   9.8000000e+01   2.4507387e+01
   9.9000000e+01   2.4357956e+01
   1.0000000e+02   2.4209421e+01
   1.0100000e+02   2.4061794e+01
   1.0200000e+02   2.3915098e+01
   1.0300000e+02   2.3769354e+01
   1.0400000e+02   2.3624577e+01
   1.0500000e+02   2.3480780e+01
   1.0600000e+02   2.3337976e+01
   1.0700000e+02   2.3196180e+01
   1.0800000e+02   2.3055401e+01
   1.0900000e+02   2.2915651e+01
   1.1000000e+02   2.2776941e+01
   1.1100000e+02   2.2639280e+01
   1.1200000e+02   2.2502676e+01
   1.1300000e+02   2.2367136e+01
   1.1400000e+02   2.2232672e+01
   1.1500000e+02   2.2099283e+01
   1.1600000e+02   2.1966982e+01
   1.1700000e+02   2.1835764e+01
   1.1800000e+02   2.1705635e+01
   1.1900000e+02   2.1576603e+01
   1.2000000e+02   2.1448671e+01
   1.2100000e+02   2.1339699e+01
   1.2200000e+02   2.1231518e+01
   1.2300000e+02   2.1124151e+01
   1.2400000e+02   2.1017609e+01
   1.2500000e+02   2.0911917e+01
   1.2600000e+02   2.0807076e+01
   1.2700000e+02   2.0703093e+01
   1.2800000e+02   2.0599983e+01
   1.2900000e+02   2.0497763e+01
   1.3000000e+02   2.0396437e+01
   1.3100000e+02   2.0296021e+01
   1.3200000e+02   2.0196550e+01
   1.3300000e+02   2.0098022e+01
   1.3400000e+02   2.0000458e+01
   1.3500000e+02   1.9903845e+01
   1.3600000e+02   1.9808187e+01
   1.3700000e+02   1.9713490e+01
   1.3800000e+02   1.9619759e+01
   1.3900000e+02   1.9527002e+01
   1.4000000e+02   1.9435223e+01
   1.4100000e+02   1.9344429e+01
   1.4200000e+02   1.9254623e+01
   1.4300000e+02   1.9165813e+01
   1.4400000e+02   1.9078001e+01
   1.4500000e+02   1.8991188e+01
   1.4600000e+02   1.8905380e+01
   1.4700000e+02   1.8820576e+01
   1.4800000e+02   1.8736776e+01
   1.4900000e+02   1.8653988e+01
   1.5000000e+02   1.8572210e+01
   1.5100000e+02   1.8515081e+01
   1.5200000e+02   1.8459444e+01
   1.5300000e+02   1.8406036e+01
   1.5400000e+02   1.8354374e+01
   1.5500000e+02   1.8304024e+01
   1.5600000e+02   1.8254982e+01
   1.5700000e+02   1.8207237e+01
   1.5800000e+02   1.8160786e+01
   1.5900000e+02   1.8115622e+01
   1.6000000e+02   1.8071737e+01
   1.6100000e+02   1.8029131e+01
   1.6200000e+02   1.7987808e+01
   1.6300000e+02   1.7947882e+01
   1.6400000e+02   1.7909189e+01
   1.6500000e+02   1.7871731e+01
   1.6600000e+02   1.7835501e+01
   1.6700000e+02   1.7800491e+01
   1.6800000e+02   1.7766701e+01
   1.6900000e+02   1.7734123e+01
   1.7000000e+02   1.7702757e+01
   1.7100000e+02   1.7672596e+01
   1.7200000e+02   1.7643633e+01
   1.7300000e+02   1.7615868e+01
   1.7400000e+02   1.7589296e+01
   1.7500000e+02   1.7561802e+01
   1.7600000e+02   1.7533422e+01
   1.7700000e+02   1.7505959e+01
   1.7800000e+02   1.7479559e+01
   1.7900000e+02   1.7454237e+01
   1.8000000e+02   1.7430002e+01
   1.8100000e+02   1.7428974e+01
   1.8200000e+02   1.7429731e+01
   1.8300000e+02   1.7432253e+01
   1.8400000e+02   1.7436516e+01
   1.8500000e+02   1.7442499e+01
   1.8600000e+02   1.7450186e+01
   1.8700000e+02   1.7459555e+01
   1.8800000e+02   1.7470587e+01
   1.8900000e+02   1.7483269e+01
   1.9000000e+02   1.7497581e+01
   1.9100000e+02   1.7513510e+01
   1.9200000e+02   1.7531040e+01
   1.9300000e+02   1.7550158e+01
   1.9400000e+02   1.7570850e+01
   1.9500000e+02   1.7593098e+01
   1.9600000e+02   1.7617086e+01
   1.9700000e+02   1.7642729e+01
   1.9800000e+02   1.7669918e+01
   1.9900000e+02   1.7698643e+01
   2.0000000e+02   1.7728888e+01
   2.0100000e+02   1.7760647e+01
   2.0200000e+02   1.7793905e+01
   2.0300000e+02   1.7828651e+01
   2.0400000e+02   1.7864882e+01
   2.0500000e+02   1.7902582e+01
   2.0600000e+02   1.7941746e+01
   2.0700000e+02   1.7982361e+01
   2.0800000e+02   1.8024426e+01
   2.0900000e+02   1.8067926e+01
   2.1000000e+02   1.8112860e+01
   2.1100000e+02   1.8174168e+01
   2.1200000e+02   1.8237036e+01
   2.1300000e+02   1.8301466e+01
   2.1400000e+02   1.8367470e+01
   2.1500000e+02   1.8435047e+01
   2.1600000e+02   1.8504204e+01
   2.1700000e+02   1.8574945e+01
   2.1800000e+02   1.8647350e+01
   2.1900000e+02   1.8721340e+01
   2.2000000e+02   1.8796923e+01
   2.2100000e+02   1.8874105e+01
   2.2200000e+02   1.8952890e+01
   2.2300000e+02   1.9033281e+01
   2.2400000e+02   1.9115284e+01
   2.2500000e+02   1.9198902e+01
   2.2600000e+02   1.9284147e+01
   2.2700000e+02   1.9371021e+01
   2.2800000e+02   1.9459526e+01
   2.2900000e+02   1.9549669e+01
   2.3000000e+02   1.9641457e+01
   2.3100000e+02   1.9734890e+01
   2.3200000e+02   1.9829975e+01
   2.3300000e+02   1.9926714e+01
   2.3400000e+02   2.0025112e+01
   2.3500000e+02   2.0125175e+01
   2.3600000e+02   2.0226902e+01
   2.3700000e+02   2.0330297e+01
   2.3800000e+02   2.0435366e+01
   2.3900000e+02   2.0542109e+01
   2.4000000e+02   2.0650524e+01
   2.4100000e+02   2.0759558e+01
   2.4200000e+02   2.0870367e+01
   2.4300000e+02   2.0982954e+01
   2.4400000e+02   2.1097326e+01
   2.4500000e+02   2.1213488e+01
   2.4600000e+02   2.1331442e+01
   2.4700000e+02   2.1451193e+01
   2.4800000e+02   2.1572742e+01
   2.4900000e+02   2.1696095e+01
   2.5000000e+02   2.1821251e+01
   2.5100000e+02   2.1948212e+01
   2.5200000e+02   2.2076979e+01
   2.5300000e+02   2.2207552e+01
   2.5400000e+02   2.2339933e+01
   2.5500000e+02   2.2474112e+01
   2.5600000e+02   2.2610094e+01
   2.5700000e+02   2.2747879e+01
   2.5800000e+02   2.2887461e+01
   2.5900000e+02   2.3028835e+01
   2.6000000e+02   2.3171999e+01
   2.6100000e+02   2.3316948e+01
   2.6200000e+02   2.3463673e+01
   2.6300000e+02   2.3612165e+01
   2.6400000e+02   2.3762419e+01
   2.6500000e+02   2.3914425e+01
   2.6600000e+02   2.4068171e+01
   2.6700000e+02   2.4223642e+01
   2.6800000e+02   2.4380833e+01
   2.6900000e+02   2.4539722e+01
   2.7000000e+02   2.4700300e+01
   2.7100000e+02   2.4846437e+01
   2.7200000e+02   2.4994070e+01
   2.7300000e+02   2.5143181e+01
   2.7400000e+02   2.5293753e+01
   2.7500000e+02   2.5445763e+01
   2.7600000e+02   2.5599192e+01
   2.7700000e+02   2.5754015e+01
   2.7800000e+02   2.5910212e+01
   2.7900000e+02   2.6067753e+01
   2.8000000e+02   2.6226616e+01
   2.8100000e+02   2.6386766e+01
   2.8200000e+02   2.6548178e+01
   2.8300000e+02   2.6710817e+01
   2.8400000e+02   2.6874651e+01
   2.8500000e+02   2.7039648e+01
   2.8600000e+02   2.7205772e+01
   2.8700000e+02   2.7372982e+01
   2.8800000e+02   2.7541241e+01
   2.8900000e+02   2.7710506e+01
   2.9000000e+02   2.7880735e+01
   2.9100000e+02   2.8051888e+01
   2.9200000e+02   2.8223913e+01
   2.9300000e+02   2.8396765e+01
   2.9400000e+02   2.8570396e+01
   2.9500000e+02   2.8744753e+01
   2.9600000e+02   2.8919786e+01
   2.9700000e+02   2.9095438e+01
   2.9800000e+02   2.9271652e+01
   2.9900000e+02   2.9448376e+01
   3.0000000e+02   2.9625544e+01
   3.0100000e+02   2.9777979e+01
   3.0200000e+02   2.9930462e+01
   3.0300000e+02   3.0082935e+01
   3.0400000e+02   3.0235331e+01
   3.0500000e+02   3.0387587e+01
   3.0600000e+02   3.0539635e+01
   3.0700000e+02   3.0691408e+01
   3.0800000e+02   3.0842842e+01
   3.0900000e+02   3.0993864e+01
   3.1000000e+02   3.1144402e+01
   3.1100000e+02   3.1294386e+01
   3.1200000e+02   3.1443741e+01
   3.1300000e+02   3.1592396e+01
   3.1400000e+02   3.1740274e+01
   3.1500000e+02   3.1887302e+01
   3.1600000e+02   3.2033401e+01
   3.1700000e+02   3.2178497e+01
   3.1800000e+02   3.2322514e+01
   3.1900000e+02   3.2465370e+01
   3.2000000e+02   3.2606987e+01
   3.2100000e+02   3.2747288e+01
   3.2200000e+02   3.2886196e+01
   3.2300000e+02   3.3023624e+01
   3.2400000e+02   3.3159504e+01
   3.2500000e+02   3.3293751e+01
   3.2600000e+02   3.3426289e+01
   3.2700000e+02   3.3557037e+01
   3.2800000e+02   3.3685917e+01
   3.2900000e+02   3.3812851e+01
   3.3000000e+02   3.3937763e+01
   3.3100000e+02   3.4027649e+01
   3.3200000e+02   3.4115116e+01
   3.3300000e+02   3.4200096e+01
   3.3400000e+02   3.4282520e+01
   3.3500000e+02   3.4362328e+01
   3.3600000e+02   3.4439453e+01
   3.3700000e+02   3.4513840e+01
   3.3800000e+02   3.4585419e+01
   3.3900000e+02   3.4654137e+01
   3.4000000e+02   3.4719933e+01
   3.4100000e+02   3.4782761e+01
   3.4200000e+02   3.4842556e+01
   3.4300000e+02   3.4899281e+01
   3.4400000e+02   3.4952877e+01
   3.4500000e+02   3.5003300e+01
   3.4600000e+02   3.5050510e+01
   3.4700000e+02   3.5094460e+01
   3.4800000e+02   3.5135109e+01
   3.4900000e+02   3.5172421e+01
   3.5000000e+02   3.5206367e+01
   3.5100000e+02   3.5236916e+01
   3.5200000e+02   3.5264038e+01
   3.5300000e+02   3.5287708e+01
   3.5400000e+02   3.5307903e+01
   3.5500000e+02   3.5324608e+01
   3.5600000e+02   3.5337795e+01
   3.5700000e+02   3.5347466e+01
   3.5800000e+02   3.5353592e+01
   3.5900000e+02   3.5356174e+01
   2.6219766e-08   3.5355209e+01
