   0.0000000e+00  -2.7239409e-18
   1.0000000e+00   3.2716646e-04
   2.0000000e+00   7.9548400e-04
   3.0000000e+00   1.2712113e-03
   4.0000000e+00   1.7544386e-03
   5.0000000e+00   2.2451144e-03
   6.0000000e+00   2.7431860e-03
   7.0000000e+00   3.2486015e-03
   8.0000000e+00   3.7613097e-03
   9.0000000e+00   4.2812601e-03
   1.0000000e+01   4.8084017e-03
   1.1000000e+01   5.3426842e-03
   1.2000000e+01   5.8840578e-03
   1.3000000e+01   6.4324718e-03
   1.4000000e+01   6.9878791e-03
   1.5000000e+01   7.5502321e-03
   1.6000000e+01   8.1194835e-03
   1.7000000e+01   8.6955829e-03
   1.8000000e+01   9.2784818e-03
   1.9000000e+01   9.8681310e-03
   2.0000000e+01   1.0464482e-02
   2.1000000e+01   1.1067488e-02
   2.2000000e+01   1.1677103e-02
   2.3000000e+01   1.2293278e-02
   2.4000000e+01   1.2915967e-02
   2.5000000e+01   1.3545123e-02
   2.6000000e+01   1.4180697e-02
   2.7000000e+01   1.4822644e-02
   2.8000000e+01   1.5470916e-02
   2.9000000e+01   1.6125472e-02
   3.0000000e+01   1.6786266e-02
   3.1000000e+01   1.7582102e-02
   3.2000000e+01   1.8392123e-02
   3.3000000e+01   1.9216230e-02
   3.4000000e+01   2.0054333e-02
   3.5000000e+01   2.0906342e-02
   3.6000000e+01   2.1772169e-02
   3.7000000e+01   2.2651719e-02
   3.8000000e+01   2.3544904e-02
   3.9000000e+01   2.4451632e-02
   4.0000000e+01   2.5371812e-02
   4.1000000e+01   2.6305355e-02
   4.2000000e+01   2.7252169e-02
   4.3000000e+01   2.8212169e-02
   4.4000000e+01   2.9185263e-02
   4.5000000e+01   3.0171365e-02
   4.6000000e+01   3.1170387e-02
   4.7000000e+01   3.2182243e-02
   4.8000000e+01   3.3206843e-02
   4.9000000e+01   3.4244098e-02
   5.0000000e+01   3.5293929e-02
   5.1000000e+01   3.6356248e-02
   5.2000000e+01   3.7430972e-02
   5.3000000e+01   3.8518012e-02
   5.4000000e+01   3.9617285e-02
   5.5000000e+01   4.0728707e-02
   5.6000000e+01   4.1852195e-02
   5.7000000e+01   4.2987663e-02
   5.8000000e+01   4.4135030e-02
   5.9000000e+01   4.5294218e-02
   6.0000000e+01   4.6465136e-02
   6.1000000e+01   4.7864754e-02
   6.2000000e+01   4.9282406e-02
   6.3000000e+01   5.0717987e-02
   6.4000000e+01   5.2171383e-02
   6.5000000e+01   5.3642482e-02
   6.6000000e+01   5.5131171e-02
   6.7000000e+01   5.6637336e-02
   6.8000000e+01   5.8160868e-02
   6.9000000e+01   5.9701651e-02
   7.0000000e+01   6.1259583e-02
   7.1000000e+01   6.2834553e-02
   7.2000000e+01   6.4426452e-02
   7.3000000e+01   6.6035174e-02
   7.4000000e+01   6.7660600e-02
   7.5000000e+01   6.9302641e-02
   7.6000000e+01   7.0961177e-02
   7.7000000e+01   7.2636120e-02
   7.8000000e+01   7.4327350e-02
   7.9000000e+01   7.6034777e-02
   8.0000000e+01   7.7758282e-02
   8.1000000e+01   7.9497777e-02
   8.2000000e+01   8.1253149e-02
   8.3000000e+01   8.3024293e-02
   8.4000000e+01   8.4811129e-02
   8.5000000e+01   8.6613543e-02
   8.6000000e+01   8.8431425e-02
   8.7000000e+01   9.0264685e-02
   8.8000000e+01   9.2113227e-02
   8.9000000e+01   9.3976937e-02
   9.0000000e+01   9.5855765e-02
   9.1000000e+01   9.7875349e-02
   9.2000000e+01   9.9912979e-02
   9.3000000e+01   1.0196857e-01
   9.4000000e+01   1.0404205e-01
   9.5000000e+01   1.0613330e-01
   9.6000000e+01   1.0824230e-01
   9.7000000e+01   1.1036893e-01
   9.8000000e+01   1.1251314e-01
   9.9000000e+01   1.1467487e-01
   1.0000000e+02   1.1685401e-01
   1.0100000e+02   1.1905053e-01
   1.0200000e+02   1.2126435e-01
   1.0300000e+02   1.2349536e-01
   1.0400000e+02   1.2574354e-01
   1.0500000e+02   1.2800880e-01
   1.0600000e+02   1.3029106e-01
   1.0700000e+02   1.3259028e-01
   1.0800000e+02   1.3490637e-01
   1.0900000e+02   1.3723928e-01
   1.1000000e+02   1.3958892e-01
   1.1100000e+02   1.4195526e-01
   1.1200000e+02   1.4433818e-01
   1.1300000e+02   1.4673765e-01
   1.1400000e+02   1.4915361e-01
   1.1500000e+02   1.5158595e-01
   1.1600000e+02   1.5403464e-01
   1.1700000e+02   1.5649958e-01
   1.1800000e+02   1.5898074e-01
   1.1900000e+02   1.6147804e-01
   1.2000000e+02   1.6399141e-01
   1.2100000e+02   1.6614996e-01
   1.2200000e+02   1.6832192e-01
   1.2300000e+02   1.7050701e-01
   1.2400000e+02   1.7270488e-01
   1.2500000e+02   1.7491522e-01
   1.2600000e+02   1.7713808e-01
   1.2700000e+02   1.7937352e-01
   1.2800000e+02   1.8162124e-01
   1.2900000e+02   1.8388098e-01
   1.3000000e+02   1.8615243e-01
   1.3100000e+02   1.8843529e-01
   1.3200000e+02   1.9072932e-01
   1.3300000e+02   1.9303423e-01
   1.3400000e+02   1.9534977e-01
   1.3500000e+02   1.9767573e-01
   1.3600000e+02   2.0001185e-01
   1.3700000e+02   2.0235786e-01
   1.3800000e+02   2.0471346e-01
   1.3900000e+02   2.0707841e-01
   1.4000000e+02   2.0945241e-01
   1.4100000e+02   2.1183521e-01
   1.4200000e+02   2.1422653e-01
   1.4300000e+02   2.1662612e-01
   1.4400000e+02   2.1903375e-01
   1.4500000e+02   2.2144914e-01
   1.4600000e+02   2.2387204e-01
   1.4700000e+02   2.2630222e-01
   1.4800000e+02   2.2873941e-01
   1.4900000e+02   2.3118341e-01
   1.5000000e+02   2.3363395e-01
   1.5100000e+02   2.3472975e-01
   1.5200000e+02   2.3581943e-01
   1.5300000e+02   2.3690321e-01
   1.5400000e+02   2.3798227e-01
   1.5500000e+02   2.3905723e-01
   1.5600000e+02   2.4012810e-01
   1.5700000e+02   2.4119489e-01
   1.5800000e+02   2.4225764e-01
   1.5900000e+02   2.4331638e-01
   1.6000000e+02   2.4437113e-01
   1.6100000e+02   2.4542193e-01
   1.6200000e+02   2.4646883e-01
   1.6300000e+02   2.4751180e-01
   1.6400000e+02   2.4855103e-01
   1.6500000e+02   2.4958648e-01
   1.6600000e+02   2.5061819e-01
   1.6700000e+02   2.5164613e-01
   1.6800000e+02   2.5267035e-01
   1.6900000e+02   2.5369084e-01
   1.7000000e+02   2.5470763e-01
   1.7100000e+02   2.5572070e-01
   1.7200000e+02   2.5673011e-01
   1.7300000e+02   2.5773582e-01
   1.7400000e+02   2.5873786e-01
   1.7500000e+02   2.5973627e-01
   1.7600000e+02   2.6072824e-01
   1.7700000e+02   2.6171196e-01
   1.7800000e+02   2.6268697e-01
   1.7900000e+02   2.6365277e-01
   1.8000000e+02   2.6460904e-01
   1.8100000e+02   2.6421112e-01
   1.8200000e+02   2.6379672e-01
   1.8300000e+02   2.6336637e-01
   1.8400000e+02   2.6292047e-01
   1.8500000e+02   2.6245949e-01
   1.8600000e+02   2.6198381e-01
   1.8700000e+02   2.6149395e-01
   1.8800000e+02   2.6099026e-01
   1.8900000e+02   2.6047316e-01
   1.9000000e+02   2.5994310e-01
   1.9100000e+02   2.5940049e-01
   1.9200000e+02   2.5884566e-01
   1.9300000e+02   2.5827903e-01
   1.9400000e+02   2.5770098e-01
   1.9500000e+02   2.5711191e-01
   1.9600000e+02   2.5651219e-01
   1.9700000e+02   2.5590259e-01
   1.9800000e+02   2.5528374e-01
   1.9900000e+02   2.5465608e-01
   2.0000000e+02   2.5402001e-01
   2.0100000e+02   2.5337604e-01
   2.0200000e+02   2.5272456e-01
   2.0300000e+02   2.5206599e-01
   2.0400000e+02   2.5140074e-01
   2.0500000e+02   2.5072926e-01
   2.0600000e+02   2.5005189e-01
   2.0700000e+02   2.4936904e-01
   2.0800000e+02   2.4868111e-01
   2.0900000e+02   2.4798846e-01
   2.1000000e+02   2.4729149e-01
   2.1100000e+02   2.4578951e-01
   2.1200000e+02   2.4427104e-01
   2.1300000e+02   2.4273618e-01
   2.1400000e+02   2.4118499e-01
   2.1500000e+02   2.3961760e-01
   2.1600000e+02   2.3803404e-01
   2.1700000e+02   2.3643441e-01
   2.1800000e+02   2.3481883e-01
   2.1900000e+02   2.3318741e-01
   2.2000000e+02   2.3154023e-01
   2.2100000e+02   2.2987737e-01
   2.2200000e+02   2.2819890e-01
   2.2300000e+02   2.2650489e-01
   2.2400000e+02   2.2479543e-01
   2.2500000e+02   2.2307058e-01
   2.2600000e+02   2.2133040e-01
   2.2700000e+02   2.1957500e-01
   2.2800000e+02   2.1780443e-01
   2.2900000e+02   2.1601877e-01
   2.3000000e+02   2.1421808e-01
   2.3100000e+02   2.1240243e-01
   2.3200000e+02   2.1057190e-01
   2.3300000e+02   2.0872657e-01
   2.3400000e+02   2.0686649e-01
   2.3500000e+02   2.0499174e-01
   2.3600000e+02   2.0310238e-01
   2.3700000e+02   2.0119850e-01
   2.3800000e+02   1.9928014e-01
   2.3900000e+02   1.9734740e-01
   2.4000000e+02   1.9540034e-01
   2.4100000e+02   1.9388469e-01
   2.4200000e+02   1.9235519e-01
   2.4300000e+02   1.9081195e-01
   2.4400000e+02   1.8925497e-01
   2.4500000e+02   1.8768431e-01
   2.4600000e+02   1.8610004e-01
   2.4700000e+02   1.8450218e-01
   2.4800000e+02   1.8289080e-01
   2.4900000e+02   1.8126592e-01
   2.5000000e+02   1.7962763e-01
   2.5100000e+02   1.7797592e-01
   2.5200000e+02   1.7631088e-01
   2.5300000e+02   1.7463256e-01
   2.5400000e+02   1.7294098e-01
   2.5500000e+02   1.7123620e-01
   2.5600000e+02   1.6951828e-01
   2.5700000e+02   1.6778722e-01
   2.5800000e+02   1.6604312e-01
   2.5900000e+02   1.6428600e-01
   2.6000000e+02   1.6251592e-01
   2.6100000e+02   1.6073290e-01
   2.6200000e+02   1.5893701e-01
   2.6300000e+02   1.5712830e-01
   2.6400000e+02   1.5530682e-01
   2.6500000e+02   1.5347257e-01
   2.6600000e+02   1.5162563e-01
   2.6700000e+02   1.4976607e-01
   2.6800000e+02   1.4789389e-01
   2.6900000e+02   1.4600916e-01
   2.7000000e+02   1.4411192e-01
   2.7100000e+02   1.4304571e-01
   2.7200000e+02   1.4197184e-01
   2.7300000e+02   1.4089033e-01
   2.7400000e+02   1.3980120e-01
   2.7500000e+02   1.3870449e-01
   2.7600000e+02   1.3760024e-01
   2.7700000e+02   1.3648845e-01
   2.7800000e+02   1.3536920e-01
   2.7900000e+02   1.3424250e-01
   2.8000000e+02   1.3310838e-01
   2.8100000e+02   1.3196687e-01
   2.8200000e+02   1.3081802e-01
   2.8300000e+02   1.2966183e-01
   2.8400000e+02   1.2849836e-01
   2.8500000e+02   1.2732761e-01
   2.8600000e+02   1.2614964e-01
   2.8700000e+02   1.2496447e-01
   2.8800000e+02   1.2377213e-01
   2.8900000e+02   1.2257265e-01
   2.9000000e+02   1.2136605e-01
   2.9100000e+02   1.2015238e-01
   2.9200000e+02   1.1893167e-01
   2.9300000e+02   1.1770393e-01
   2.9400000e+02   1.1646920e-01
   2.9500000e+02   1.1522751e-01
   2.9600000e+02   1.1397890e-01
   2.9700000e+02   1.1272338e-01
   2.9800000e+02   1.1146099e-01
   2.9900000e+02   1.1019175e-01
   3.0000000e+02   1.0891572e-01
   3.0100000e+02   1.0842386e-01
   3.0200000e+02   1.0792848e-01
   3.0300000e+02   1.0742958e-01
   3.0400000e+02   1.0692719e-01
   3.0500000e+02   1.0642130e-01
   3.0600000e+02   1.0591194e-01
   3.0700000e+02   1.0539913e-01
   3.0800000e+02   1.0488289e-01
   3.0900000e+02   1.0436321e-01
   3.1000000e+02   1.0384013e-01
   3.1100000e+02   1.0331364e-01
   3.1200000e+02   1.0278378e-01
   3.1300000e+02   1.0225055e-01
   3.1400000e+02   1.0171396e-01
   3.1500000e+02   1.0117405e-01
   3.1600000e+02   1.0063081e-01
   3.1700000e+02   1.0008427e-01
   3.1800000e+02   9.9534430e-02
   3.1900000e+02   9.8981313e-02
   3.2000000e+02   9.8424934e-02
   3.2100000e+02   9.7865306e-02
   3.2200000e+02   9.7302444e-02
   3.2300000e+02   9.6736364e-02
   3.2400000e+02   9.6167073e-02
   3.2500000e+02   9.5594592e-02
   3.2600000e+02   9.5018938e-02
   3.2700000e+02   9.4440125e-02
   3.2800000e+02   9.3858153e-02
   3.2900000e+02   9.3273044e-02
   3.3000000e+02   9.2684820e-02
   3.3100000e+02   9.2868008e-02
   3.3200000e+02   9.3050696e-02
   3.3300000e+02   9.3232863e-02
   3.3400000e+02   9.3414508e-02
   3.3500000e+02   9.3595646e-02
   3.3600000e+02   9.3776271e-02
   3.3700000e+02   9.3956381e-02
   3.3800000e+02   9.4135992e-02
   3.3900000e+02   9.4315089e-02
   3.4000000e+02   9.4493672e-02
   3.4100000e+02   9.4671756e-02
   3.4200000e+02   9.4849326e-02
   3.4300000e+02   9.5026404e-02
   3.4400000e+02   9.5202968e-02
   3.4500000e+02   9.5379032e-02
   3.4600000e+02   9.5554598e-02
   3.4700000e+02   9.5729664e-02
   3.4800000e+02   9.5904224e-02
   3.4900000e+02   9.6078299e-02
   3.5000000e+02   9.6251875e-02
   3.5100000e+02   9.6424960e-02
   3.5200000e+02   9.6597552e-02
   3.5300000e+02   9.6769653e-02
   3.5400000e+02   9.6941262e-02
   3.5500000e+02   9.7112387e-02
   3.5600000e+02   9.7283028e-02
   3.5700000e+02   9.7453177e-02
   3.5800000e+02   9.7622842e-02
   3.5900000e+02   9.7792029e-02
   2.6219766e-08   9.7960733e-02
