   0.0000000e+00   9.6355068e+03
   1.0000000e+00   1.4267378e+04
   2.0000000e+00   1.4270241e+04
   3.0000000e+00   1.4274195e+04
   4.0000000e+00   1.4279311e+04
   5.0000000e+00   1.4285589e+04
   6.0000000e+00   1.4293032e+04
   7.0000000e+00   1.4301640e+04
   8.0000000e+00   1.4311411e+04
   9.0000000e+00   1.4322348e+04
   1.0000000e+01   1.4334448e+04
   1.1000000e+01   1.4347714e+04
   1.2000000e+01   1.4362143e+04
   1.3000000e+01   1.4377733e+04
   1.4000000e+01   1.4394488e+04
   1.5000000e+01   1.4412402e+04
   1.6000000e+01   1.4431477e+04
   1.7000000e+01   1.4451707e+04
   1.8000000e+01   1.4473095e+04
   1.9000000e+01   1.4495636e+04
   2.0000000e+01   1.4519328e+04
   2.1000000e+01   1.4544169e+04
   2.2000000e+01   1.4570154e+04
   2.3000000e+01   1.4597283e+04
   2.4000000e+01   1.4625550e+04
   2.5000000e+01   1.4654952e+04
   2.6000000e+01   1.4685485e+04
   2.7000000e+01   1.4717143e+04
   2.8000000e+01   1.4749922e+04
   2.9000000e+01   1.4783818e+04
   3.0000000e+01   1.4818824e+04
   3.1000000e+01   1.4856477e+04
   3.2000000e+01   1.4895203e+04
   3.3000000e+01   1.4934999e+04
   3.4000000e+01   1.4975858e+04
   3.5000000e+01   1.5017773e+04
   3.6000000e+01   1.5060739e+04
   3.7000000e+01   1.5104748e+04
   3.8000000e+01   1.5149792e+04
   3.9000000e+01   1.5195864e+04
   4.0000000e+01   1.5242956e+04
   4.1000000e+01   1.5291059e+04
   4.2000000e+01   1.5340163e+04
   4.3000000e+01   1.5390261e+04
   4.4000000e+01   1.5441341e+04
   4.5000000e+01   1.5493394e+04
   4.6000000e+01   1.5546408e+04
   4.7000000e+01   1.5600374e+04
   4.8000000e+01   1.5655279e+04
   4.9000000e+01   1.5711112e+04
   5.0000000e+01   1.5767861e+04
   5.1000000e+01   1.5825512e+04
   5.2000000e+01   1.5884052e+04
   5.3000000e+01   1.5943468e+04
   5.4000000e+01   1.6003747e+04
   5.5000000e+01   1.6064872e+04
   5.6000000e+01   1.6126831e+04
   5.7000000e+01   1.6189607e+04
   5.8000000e+01   1.6253187e+04
   5.9000000e+01   1.6317551e+04
   6.0000000e+01   1.6382686e+04
   6.1000000e+01   1.6445531e+04
   6.2000000e+01   1.6509105e+04
   6.3000000e+01   1.6573393e+04
   6.4000000e+01   1.6638379e+04
   6.5000000e+01   1.6704043e+04
   6.6000000e+01   1.6770369e+04
   6.7000000e+01   1.6837334e+04
   6.8000000e+01   1.6904922e+04
   6.9000000e+01   1.6973113e+04
   7.0000000e+01   1.7041893e+04
   7.1000000e+01   1.7111234e+04
   7.2000000e+01   1.7181125e+04
   7.3000000e+01   1.7251537e+04
   7.4000000e+01   1.7322455e+04
   7.5000000e+01   1.7393857e+04
   7.6000000e+01   1.7465721e+04
   7.7000000e+01   1.7538025e+04
   7.8000000e+01   1.7610750e+04
   7.9000000e+01   1.7683867e+04
   8.0000000e+01   1.7757361e+04
   8.1000000e+01   1.7831203e+04
   8.2000000e+01   1.7905377e+04
   8.3000000e+01   1.7979855e+04
   8.4000000e+01   1.8054617e+04
   8.5000000e+01   1.8129633e+04
   8.6000000e+01   1.8204885e+04
   8.7000000e+01   1.8280348e+04
   8.8000000e+01   1.8356000e+04
   8.9000000e+01   1.8431818e+04
   9.0000000e+01   1.8507777e+04
   9.1000000e+01   1.8575924e+04
   9.2000000e+01   1.8644154e+04
   9.3000000e+01   1.8712443e+04
   9.4000000e+01   1.8780768e+04
   9.5000000e+01   1.8849096e+04
   9.6000000e+01   1.8917404e+04
   9.7000000e+01   1.8985670e+04
   9.8000000e+01   1.9053869e+04
   9.9000000e+01   1.9121984e+04
   1.0000000e+02   1.9189986e+04
   1.0100000e+02   1.9257842e+04
   1.0200000e+02   1.9325535e+04
   1.0300000e+02   1.9393031e+04
   1.0400000e+02   1.9460311e+04
   1.0500000e+02   1.9527346e+04
   1.0600000e+02   1.9594113e+04
   1.0700000e+02   1.9660590e+04
   1.0800000e+02   1.9726750e+04
   1.0900000e+02   1.9792568e+04
   1.1000000e+02   1.9858023e+04
   1.1100000e+02   1.9923090e+04
   1.1200000e+02   1.9987740e+04
   1.1300000e+02   2.0051953e+04
   1.1400000e+02   2.0115703e+04
   1.1500000e+02   2.0178967e+04
   1.1600000e+02   2.0241719e+04
   1.1700000e+02   2.0303945e+04
   1.1800000e+02   2.0365613e+04
   1.1900000e+02   2.0426701e+04
   1.2000000e+02   2.0487184e+04
   1.2100000e+02   2.0538979e+04
   1.2200000e+02   2.0590287e+04
   1.2300000e+02   2.0641080e+04
   1.2400000e+02   2.0691336e+04
   1.2500000e+02   2.0741027e+04
   1.2600000e+02   2.0790129e+04
   1.2700000e+02   2.0838619e+04
   1.2800000e+02   2.0886471e+04
   1.2900000e+02   2.0933662e+04
   1.3000000e+02   2.0980168e+04
   1.3100000e+02   2.1025967e+04
   1.3200000e+02   2.1071014e+04
   1.3300000e+02   2.1115293e+04
   1.3400000e+02   2.1158770e+04
   1.3500000e+02   2.1201443e+04
   1.3600000e+02   2.1243297e+04
   1.3700000e+02   2.1284311e+04
   1.3800000e+02   2.1324463e+04
   1.3900000e+02   2.1363736e+04
   1.4000000e+02   2.1402109e+04
   1.4100000e+02   2.1439563e+04
   1.4200000e+02   2.1476076e+04
   1.4300000e+02   2.1511631e+04
   1.4400000e+02   2.1546209e+04
   1.4500000e+02   2.1579791e+04
   1.4600000e+02   2.1612359e+04
   1.4700000e+02   2.1643898e+04
   1.4800000e+02   2.1674395e+04
   1.4900000e+02   2.1703826e+04
   1.5000000e+02   2.1732180e+04
   1.5100000e+02   2.1769572e+04
   1.5200000e+02   2.1805600e+04
   1.5300000e+02   2.1839301e+04
   1.5400000e+02   2.1871223e+04
   1.5500000e+02   2.1901861e+04
   1.5600000e+02   2.1931203e+04
   1.5700000e+02   2.1959242e+04
   1.5800000e+02   2.1985965e+04
   1.5900000e+02   2.2011357e+04
   1.6000000e+02   2.2035414e+04
   1.6100000e+02   2.2058121e+04
   1.6200000e+02   2.2079453e+04
   1.6300000e+02   2.2099273e+04
   1.6400000e+02   2.2117740e+04
   1.6500000e+02   2.2134840e+04
   1.6600000e+02   2.2150570e+04
   1.6700000e+02   2.2164924e+04
   1.6800000e+02   2.2177891e+04
   1.6900000e+02   2.2189465e+04
   1.7000000e+02   2.2199643e+04
   1.7100000e+02   2.2208418e+04
   1.7200000e+02   2.2215785e+04
   1.7300000e+02   2.2221740e+04
   1.7400000e+02   2.2226281e+04
   1.7500000e+02   2.2232225e+04
   1.7600000e+02   2.2239316e+04
   1.7700000e+02   2.2245453e+04
   1.7800000e+02   2.2250477e+04
   1.7900000e+02   2.2254377e+04
   1.8000000e+02   2.2257145e+04
   1.8100000e+02   2.2270262e+04
   1.8200000e+02   2.2281549e+04
   1.8300000e+02   2.2291018e+04
   1.8400000e+02   2.2298680e+04
   1.8500000e+02   2.2304549e+04
   1.8600000e+02   2.2308635e+04
   1.8700000e+02   2.2310949e+04
   1.8800000e+02   2.2311510e+04
   1.8900000e+02   2.2310322e+04
   1.9000000e+02   2.2307404e+04
   1.9100000e+02   2.2302766e+04
   1.9200000e+02   2.2296424e+04
   1.9300000e+02   2.2288389e+04
   1.9400000e+02   2.2278676e+04
   1.9500000e+02   2.2267305e+04
   1.9600000e+02   2.2254027e+04
   1.9700000e+02   2.2238951e+04
   1.9800000e+02   2.2222211e+04
   1.9900000e+02   2.2203822e+04
   2.0000000e+02   2.2183801e+04
   2.0100000e+02   2.2162160e+04
   2.0200000e+02   2.2138920e+04
   2.0300000e+02   2.2114098e+04
   2.0400000e+02   2.2087707e+04
   2.0500000e+02   2.2059764e+04
   2.0600000e+02   2.2030291e+04
   2.0700000e+02   2.1999301e+04
   2.0800000e+02   2.1966814e+04
   2.0900000e+02   2.1932850e+04
   2.1000000e+02   2.1897424e+04
   2.1100000e+02   2.1865221e+04
   2.1200000e+02   2.1831830e+04
   2.1300000e+02   2.1797268e+04
   2.1400000e+02   2.1761547e+04
   2.1500000e+02   2.1724684e+04
   2.1600000e+02   2.1686697e+04
   2.1700000e+02   2.1647600e+04
   2.1800000e+02   2.1607334e+04
   2.1900000e+02   2.1566004e+04
   2.2000000e+02   2.1523623e+04
   2.2100000e+02   2.1480211e+04
   2.2200000e+02   2.1435783e+04
   2.2300000e+02   2.1390361e+04
   2.2400000e+02   2.1343971e+04
   2.2500000e+02   2.1296621e+04
   2.2600000e+02   2.1248336e+04
   2.2700000e+02   2.1199135e+04
   2.2800000e+02   2.1149035e+04
   2.2900000e+02   2.1098064e+04
   2.3000000e+02   2.1046236e+04
   2.3100000e+02   2.0993576e+04
   2.3200000e+02   2.0940104e+04
   2.3300000e+02   2.0885846e+04
   2.3400000e+02   2.0830816e+04
   2.3500000e+02   2.0775045e+04
   2.3600000e+02   2.0718551e+04
   2.3700000e+02   2.0661359e+04
   2.3800000e+02   2.0603492e+04
   2.3900000e+02   2.0544975e+04
   2.4000000e+02   2.0485830e+04
   2.4100000e+02   2.0415918e+04
   2.4200000e+02   2.0345428e+04
   2.4300000e+02   2.0274381e+04
   2.4400000e+02   2.0202803e+04
   2.4500000e+02   2.0130719e+04
   2.4600000e+02   2.0058154e+04
   2.4700000e+02   1.9985137e+04
   2.4800000e+02   1.9911686e+04
   2.4900000e+02   1.9837830e+04
   2.5000000e+02   1.9763596e+04
   2.5100000e+02   1.9689010e+04
   2.5200000e+02   1.9614098e+04
   2.5300000e+02   1.9538885e+04
   2.5400000e+02   1.9463398e+04
   2.5500000e+02   1.9387668e+04
   2.5600000e+02   1.9311719e+04
   2.5700000e+02   1.9235574e+04
   2.5800000e+02   1.9159262e+04
   2.5900000e+02   1.9082807e+04
   2.6000000e+02   1.9006238e+04
   2.6100000e+02   1.8929582e+04
   2.6200000e+02   1.8852867e+04
   2.6300000e+02   1.8776117e+04
   2.6400000e+02   1.8699361e+04
   2.6500000e+02   1.8622625e+04
   2.6600000e+02   1.8545938e+04
   2.6700000e+02   1.8469324e+04
   2.6800000e+02   1.8392813e+04
   2.6900000e+02   1.8316426e+04
   2.7000000e+02   1.8240195e+04
   2.7100000e+02   1.8157859e+04
   2.7200000e+02   1.8075689e+04
   2.7300000e+02   1.7993715e+04
   2.7400000e+02   1.7911963e+04
   2.7500000e+02   1.7830455e+04
   2.7600000e+02   1.7749221e+04
   2.7700000e+02   1.7668283e+04
   2.7800000e+02   1.7587666e+04
   2.7900000e+02   1.7507398e+04
   2.8000000e+02   1.7427502e+04
   2.8100000e+02   1.7348002e+04
   2.8200000e+02   1.7268926e+04
   2.8300000e+02   1.7190295e+04
   2.8400000e+02   1.7112135e+04
   2.8500000e+02   1.7034471e+04
   2.8600000e+02   1.6957324e+04
   2.8700000e+02   1.6880721e+04
   2.8800000e+02   1.6804680e+04
   2.8900000e+02   1.6729229e+04
   2.9000000e+02   1.6654389e+04
   2.9100000e+02   1.6580184e+04
   2.9200000e+02   1.6506631e+04
   2.9300000e+02   1.6433760e+04
   2.9400000e+02   1.6361584e+04
   2.9500000e+02   1.6290130e+04
   2.9600000e+02   1.6219418e+04
   2.9700000e+02   1.6149466e+04
   2.9800000e+02   1.6080297e+04
   2.9900000e+02   1.6011930e+04
   3.0000000e+02   1.5944383e+04
   3.0100000e+02   1.5876244e+04
   3.0200000e+02   1.5808915e+04
   3.0300000e+02   1.5742411e+04
   3.0400000e+02   1.5676750e+04
   3.0500000e+02   1.5611950e+04
   3.0600000e+02   1.5548027e+04
   3.0700000e+02   1.5484999e+04
   3.0800000e+02   1.5422882e+04
   3.0900000e+02   1.5361691e+04
   3.1000000e+02   1.5301442e+04
   3.1100000e+02   1.5242150e+04
   3.1200000e+02   1.5183831e+04
   3.1300000e+02   1.5126497e+04
   3.1400000e+02   1.5070163e+04
   3.1500000e+02   1.5014843e+04
   3.1600000e+02   1.4960549e+04
   3.1700000e+02   1.4907295e+04
   3.1800000e+02   1.4855092e+04
   3.1900000e+02   1.4803952e+04
   3.2000000e+02   1.4753887e+04
   3.2100000e+02   1.4704907e+04
   3.2200000e+02   1.4657025e+04
   3.2300000e+02   1.4610250e+04
   3.2400000e+02   1.4564592e+04
   3.2500000e+02   1.4520060e+04
   3.2600000e+02   1.4476661e+04
   3.2700000e+02   1.4434407e+04
   3.2800000e+02   1.4393305e+04
   3.2900000e+02   1.4353362e+04
   3.3000000e+02   1.4314588e+04
   3.3100000e+02   1.4277346e+04
   3.3200000e+02   1.4241243e+04
   3.3300000e+02   1.4206286e+04
   3.3400000e+02   1.4172481e+04
   3.3500000e+02   1.4139837e+04
   3.3600000e+02   1.4108358e+04
   3.3700000e+02   1.4078053e+04
   3.3800000e+02   1.4048925e+04
   3.3900000e+02   1.4020980e+04
   3.4000000e+02   1.3994226e+04
   3.4100000e+02   1.3968666e+04
   3.4200000e+02   1.3944304e+04
   3.4300000e+02   1.3921146e+04
   3.4400000e+02   1.3899195e+04
   3.4500000e+02   1.3878456e+04
   3.4600000e+02   1.3858934e+04
   3.4700000e+02   1.3840629e+04
   3.4800000e+02   1.3823549e+04
   3.4900000e+02   1.3807693e+04
   3.5000000e+02   1.3793067e+04
   3.5100000e+02   1.3779671e+04
   3.5200000e+02   1.3767506e+04
   3.5300000e+02   1.3756576e+04
   3.5400000e+02   1.3746882e+04
   3.5500000e+02   1.3738426e+04
   3.5600000e+02   1.3731208e+04
   3.5700000e+02   1.3725230e+04
   3.5800000e+02   1.3720493e+04
   3.5900000e+02   1.3716998e+04
   2.6219766e-08   1.3714745e+04
