   0.0000000e+00   3.3817694e-02
   1.0000000e+00   6.1989091e-02
   2.0000000e+00   6.2274195e-02
   3.0000000e+00   6.2551782e-02
   4.0000000e+00   6.2829107e-02
   5.0000000e+00   6.3106157e-02
   6.0000000e+00   6.3382931e-02
   7.0000000e+00   6.3659444e-02
   8.0000000e+00   6.3935690e-02
   9.0000000e+00   6.4211667e-02
   1.0000000e+01   6.4487383e-02
   1.1000000e+01   6.4762846e-02
   1.2000000e+01   6.5038048e-02
   1.3000000e+01   6.5312989e-02
   1.4000000e+01   6.5587685e-02
   1.5000000e+01   6.5862127e-02
   1.6000000e+01   6.6136323e-02
   1.7000000e+01   6.6410266e-02
   1.8000000e+01   6.6683970e-02
   1.9000000e+01   6.6957407e-02
   2.0000000e+01   6.7230590e-02
   2.1000000e+01   6.7503534e-02
   2.2000000e+01   6.7776240e-02
   2.3000000e+01   6.8048708e-02
   2.4000000e+01   6.8320945e-02
   2.5000000e+01   6.8592936e-02
   2.6000000e+01   6.8864703e-02
   2.7000000e+01   6.9136180e-02
   2.8000000e+01   6.9407426e-02
   2.9000000e+01   6.9678441e-02
   3.0000000e+01   6.9949225e-02
   3.1000000e+01   7.0389397e-02
   3.2000000e+01   7.0829660e-02
   3.3000000e+01   7.1270011e-02
   3.4000000e+01   7.1710452e-02
   3.5000000e+01   7.2150983e-02
   3.6000000e+01   7.2591603e-02
   3.7000000e+01   7.3032305e-02
   3.8000000e+01   7.3473096e-02
   3.9000000e+01   7.3913954e-02
   4.0000000e+01   7.4354909e-02
   4.1000000e+01   7.4795924e-02
   4.2000000e+01   7.5237028e-02
   4.3000000e+01   7.5678200e-02
   4.4000000e+01   7.6119445e-02
   4.5000000e+01   7.6560751e-02
   4.6000000e+01   7.7002123e-02
   4.7000000e+01   7.7443562e-02
   4.8000000e+01   7.7885069e-02
   4.9000000e+01   7.8326643e-02
   5.0000000e+01   7.8768268e-02
   5.1000000e+01   7.9209968e-02
   5.2000000e+01   7.9651721e-02
   5.3000000e+01   8.0093540e-02
   5.4000000e+01   8.0535412e-02
   5.5000000e+01   8.0977343e-02
   5.6000000e+01   8.1419334e-02
   5.7000000e+01   8.1861377e-02
   5.8000000e+01   8.2303472e-02
   5.9000000e+01   8.2745634e-02
   6.0000000e+01   8.3187826e-02
   6.1000000e+01   8.3467141e-02
   6.2000000e+01   8.3748072e-02
   6.3000000e+01   8.4030591e-02
   6.4000000e+01   8.4314696e-02
   6.5000000e+01   8.4600367e-02
   6.6000000e+01   8.4887579e-02
   6.7000000e+01   8.5176326e-02
   6.8000000e+01   8.5466579e-02
   6.9000000e+01   8.5758328e-02
   7.0000000e+01   8.6051568e-02
   7.1000000e+01   8.6346269e-02
   7.2000000e+01   8.6642422e-02
   7.3000000e+01   8.6940005e-02
   7.4000000e+01   8.7239064e-02
   7.5000000e+01   8.7539569e-02
   7.6000000e+01   8.7841451e-02
   7.7000000e+01   8.8144697e-02
   7.8000000e+01   8.8449292e-02
   7.9000000e+01   8.8755213e-02
   8.0000000e+01   8.9062460e-02
   8.1000000e+01   8.9371011e-02
   8.2000000e+01   8.9680858e-02
   8.3000000e+01   8.9991987e-02
   8.4000000e+01   9.0304382e-02
   8.5000000e+01   9.0618029e-02
   8.6000000e+01   9.0932921e-02
   8.7000000e+01   9.1249041e-02
   8.8000000e+01   9.1566406e-02
   8.9000000e+01   9.1885276e-02
   9.0000000e+01   9.2205383e-02
   9.1000000e+01   9.1988601e-02
   9.2000000e+01   9.1774359e-02
   9.3000000e+01   9.1562614e-02
   9.4000000e+01   9.1353334e-02
   9.5000000e+01   9.1146022e-02
   9.6000000e+01   9.0940855e-02
   9.7000000e+01   9.0737849e-02
   9.8000000e+01   9.0536997e-02
   9.9000000e+01   9.0338282e-02
   1.0000000e+02   9.0141676e-02
   1.0100000e+02   8.9947157e-02
   1.0200000e+02   8.9754693e-02
   1.0300000e+02   8.9563966e-02
   1.0400000e+02   8.9375027e-02
   1.0500000e+02   8.9188010e-02
   1.0600000e+02   8.9002907e-02
   1.0700000e+02   8.8819705e-02
   1.0800000e+02   8.8638373e-02
   1.0900000e+02   8.8458888e-02
   1.1000000e+02   8.8281244e-02
   1.1100000e+02   8.8105418e-02
   1.1200000e+02   8.7931395e-02
   1.1300000e+02   8.7759160e-02
   1.1400000e+02   8.7588683e-02
   1.1500000e+02   8.7419957e-02
   1.1600000e+02   8.7252960e-02
   1.1700000e+02   8.7087676e-02
   1.1800000e+02   8.6924084e-02
   1.1900000e+02   8.6762168e-02
   1.2000000e+02   8.6601920e-02
   1.2100000e+02   8.5808545e-02
   1.2200000e+02   8.5029058e-02
   1.2300000e+02   8.4263183e-02
   1.2400000e+02   8.3510645e-02
   1.2500000e+02   8.2771175e-02
   1.2600000e+02   8.2044519e-02
   1.2700000e+02   8.1330433e-02
   1.2800000e+02   8.0628715e-02
   1.2900000e+02   7.9939112e-02
   1.3000000e+02   7.9261400e-02
   1.3100000e+02   7.8595355e-02
   1.3200000e+02   7.7938966e-02
   1.3300000e+02   7.7292807e-02
   1.3400000e+02   7.6655924e-02
   1.3500000e+02   7.6029502e-02
   1.3600000e+02   7.5413324e-02
   1.3700000e+02   7.4807517e-02
   1.3800000e+02   7.4211895e-02
   1.3900000e+02   7.3626257e-02
   1.4000000e+02   7.3050410e-02
   1.4100000e+02   7.2484173e-02
   1.4200000e+02   7.1927369e-02
   1.4300000e+02   7.1379811e-02
   1.4400000e+02   7.0841327e-02
   1.4500000e+02   7.0311747e-02
   1.4600000e+02   6.9790892e-02
   1.4700000e+02   6.9278605e-02
   1.4800000e+02   6.8774723e-02
   1.4900000e+02   6.8279080e-02
   1.5000000e+02   6.7791529e-02
   1.5100000e+02   6.7768775e-02
   1.5200000e+02   6.7735881e-02
   1.5300000e+02   6.7630284e-02
   1.5400000e+02   6.7488983e-02
   1.5500000e+02   6.7346260e-02
   1.5600000e+02   6.7202106e-02
   1.5700000e+02   6.7056552e-02
   1.5800000e+02   6.6909596e-02
   1.5900000e+02   6.6761248e-02
   1.6000000e+02   6.6611513e-02
   1.6100000e+02   6.6460401e-02
   1.6200000e+02   6.6306673e-02
   1.6300000e+02   6.6140734e-02
   1.6400000e+02   6.5974899e-02
   1.6500000e+02   6.5809190e-02
   1.6600000e+02   6.5643579e-02
   1.6700000e+02   6.5478079e-02
   1.6800000e+02   6.5312676e-02
   1.6900000e+02   6.5147385e-02
   1.7000000e+02   6.4982191e-02
   1.7100000e+02   6.4817101e-02
   1.7200000e+02   6.4652108e-02
   1.7300000e+02   6.4487219e-02
   1.7400000e+02   6.4322419e-02
   1.7500000e+02   6.4344943e-02
   1.7600000e+02   6.4550169e-02
   1.7700000e+02   6.4787984e-02
   1.7800000e+02   6.5046638e-02
   1.7900000e+02   6.5325439e-02
   1.8000000e+02   6.5623753e-02
   1.8100000e+02   6.6507719e-02
   1.8200000e+02   6.7362294e-02
   1.8300000e+02   6.8188287e-02
   1.8400000e+02   6.8986528e-02
   1.8500000e+02   6.9757782e-02
   1.8600000e+02   7.0502788e-02
   1.8700000e+02   7.1222305e-02
   1.8800000e+02   7.1917035e-02
   1.8900000e+02   7.2587661e-02
   1.9000000e+02   7.3234864e-02
   1.9100000e+02   7.3859289e-02
   1.9200000e+02   7.4461579e-02
   1.9300000e+02   7.5042337e-02
   1.9400000e+02   7.5602166e-02
   1.9500000e+02   7.6141648e-02
   1.9600000e+02   7.6644115e-02
   1.9700000e+02   7.7116653e-02
   1.9800000e+02   7.7567682e-02
   1.9900000e+02   7.7997759e-02
   2.0000000e+02   7.8407444e-02
   2.0100000e+02   7.8797281e-02
   2.0200000e+02   7.9167783e-02
   2.0300000e+02   7.9519458e-02
   2.0400000e+02   7.9852819e-02
   2.0500000e+02   8.0168337e-02
   2.0600000e+02   8.0466479e-02
   2.0700000e+02   8.0747709e-02
   2.0800000e+02   8.1012465e-02
   2.0900000e+02   8.1261188e-02
   2.1000000e+02   8.1494294e-02
   2.1100000e+02   8.1890851e-02
   2.1200000e+02   8.2285874e-02
   2.1300000e+02   8.2679376e-02
   2.1400000e+02   8.3071366e-02
   2.1500000e+02   8.3461858e-02
   2.1600000e+02   8.3850868e-02
   2.1700000e+02   8.4238350e-02
   2.1800000e+02   8.4618889e-02
   2.1900000e+02   8.4998503e-02
   2.2000000e+02   8.5377201e-02
   2.2100000e+02   8.5754998e-02
   2.2200000e+02   8.6131901e-02
   2.2300000e+02   8.6507916e-02
   2.2400000e+02   8.6883046e-02
   2.2500000e+02   8.7257318e-02
   2.2600000e+02   8.7630719e-02
   2.2700000e+02   8.8003278e-02
   2.2800000e+02   8.8374980e-02
   2.2900000e+02   8.8745840e-02
   2.3000000e+02   8.9115873e-02
   2.3100000e+02   8.9485087e-02
   2.3200000e+02   8.9853495e-02
   2.3300000e+02   9.0221100e-02
   2.3400000e+02   9.0587914e-02
   2.3500000e+02   9.0953939e-02
   2.3600000e+02   9.1319196e-02
   2.3700000e+02   9.1683686e-02
   2.3800000e+02   9.2047416e-02
   2.3900000e+02   9.2410393e-02
   2.4000000e+02   9.2772625e-02
   2.4100000e+02   9.2518501e-02
   2.4200000e+02   9.2263736e-02
   2.4300000e+02   9.2008337e-02
   2.4400000e+02   9.1752306e-02
   2.4500000e+02   9.1495633e-02
   2.4600000e+02   9.1238342e-02
   2.4700000e+02   9.0980418e-02
   2.4800000e+02   9.0721883e-02
   2.4900000e+02   9.0462729e-02
   2.5000000e+02   9.0202965e-02
   2.5100000e+02   8.9942589e-02
   2.5200000e+02   8.9681610e-02
   2.5300000e+02   8.9420028e-02
   2.5400000e+02   8.9157850e-02
   2.5500000e+02   8.8895075e-02
   2.5600000e+02   8.8631704e-02
   2.5700000e+02   8.8367753e-02
   2.5800000e+02   8.8103212e-02
   2.5900000e+02   8.7838098e-02
   2.6000000e+02   8.7572403e-02
   2.6100000e+02   8.7306134e-02
   2.6200000e+02   8.7039284e-02
   2.6300000e+02   8.6771876e-02
   2.6400000e+02   8.6503908e-02
   2.6500000e+02   8.6235374e-02
   2.6600000e+02   8.5966274e-02
   2.6700000e+02   8.5696623e-02
   2.6800000e+02   8.5426427e-02
   2.6900000e+02   8.5155681e-02
   2.7000000e+02   8.4884390e-02
   2.7100000e+02   8.4373593e-02
   2.7200000e+02   8.3862655e-02
   2.7300000e+02   8.3351582e-02
   2.7400000e+02   8.2840376e-02
   2.7500000e+02   8.2329035e-02
   2.7600000e+02   8.1817567e-02
   2.7700000e+02   8.1305958e-02
   2.7800000e+02   8.0794215e-02
   2.7900000e+02   8.0282338e-02
   2.8000000e+02   7.9770334e-02
   2.8100000e+02   7.9258196e-02
   2.8200000e+02   7.8745931e-02
   2.8300000e+02   7.8233540e-02
   2.8400000e+02   7.7721015e-02
   2.8500000e+02   7.7208363e-02
   2.8600000e+02   7.6695584e-02
   2.8700000e+02   7.6182678e-02
   2.8800000e+02   7.5669654e-02
   2.8900000e+02   7.5156495e-02
   2.9000000e+02   7.4643217e-02
   2.9100000e+02   7.4129812e-02
   2.9200000e+02   7.3616289e-02
   2.9300000e+02   7.3102646e-02
   2.9400000e+02   7.2588876e-02
   2.9500000e+02   7.2074987e-02
   2.9600000e+02   7.1560979e-02
   2.9700000e+02   7.1046852e-02
   2.9800000e+02   7.0532605e-02
   2.9900000e+02   7.0018247e-02
   3.0000000e+02   6.9503762e-02
   3.0100000e+02   6.9126293e-02
   3.0200000e+02   6.8748884e-02
   3.0300000e+02   6.8371542e-02
   3.0400000e+02   6.7994267e-02
   3.0500000e+02   6.7617059e-02
   3.0600000e+02   6.7239918e-02
   3.0700000e+02   6.6862829e-02
   3.0800000e+02   6.6485815e-02
   3.0900000e+02   6.6108868e-02
   3.1000000e+02   6.5731980e-02
   3.1100000e+02   6.5355159e-02
   3.1200000e+02   6.4978398e-02
   3.1300000e+02   6.4601704e-02
   3.1400000e+02   6.4225070e-02
   3.1500000e+02   6.3848503e-02
   3.1600000e+02   6.3471995e-02
   3.1700000e+02   6.3095547e-02
   3.1800000e+02   6.2719159e-02
   3.1900000e+02   6.2342837e-02
   3.2000000e+02   6.1966579e-02
   3.2100000e+02   6.1590377e-02
   3.2200000e+02   6.1214235e-02
   3.2300000e+02   6.0838159e-02
   3.2400000e+02   6.0462136e-02
   3.2500000e+02   6.0086180e-02
   3.2600000e+02   5.9710279e-02
   3.2700000e+02   5.9334438e-02
   3.2800000e+02   5.8958657e-02
   3.2900000e+02   5.8582932e-02
   3.3000000e+02   5.8207270e-02
   3.3100000e+02   5.8143456e-02
   3.3200000e+02   5.8079652e-02
   3.3300000e+02   5.8015861e-02
   3.3400000e+02   5.7952087e-02
   3.3500000e+02   5.7888322e-02
   3.3600000e+02   5.7824567e-02
   3.3700000e+02   5.7760827e-02
   3.3800000e+02   5.7697102e-02
   3.3900000e+02   5.7633389e-02
   3.4000000e+02   5.7569686e-02
   3.4100000e+02   5.7505999e-02
   3.4200000e+02   5.7442322e-02
   3.4300000e+02   5.7378661e-02
   3.4400000e+02   5.7315007e-02
   3.4500000e+02   5.7251368e-02
   3.4600000e+02   5.7187743e-02
   3.4700000e+02   5.7124130e-02
   3.4800000e+02   5.7060532e-02
   3.4900000e+02   5.6996942e-02
   3.5000000e+02   5.6933369e-02
   3.5100000e+02   5.6869805e-02
   3.5200000e+02   5.6806255e-02
   3.5300000e+02   5.6742717e-02
   3.5400000e+02   5.6679193e-02
   3.5500000e+02   5.6615680e-02
   3.5600000e+02   5.6552183e-02
   3.5700000e+02   5.6488693e-02
   3.5800000e+02   5.6425218e-02
   3.5900000e+02   5.6361757e-02
   2.6219766e-08   5.6298304e-02
