   0.0000000e+00   0.0000000e+00
   1.0000000e+00   6.7507516e-04
   2.0000000e+00   1.1422378e-03
   3.0000000e+00   1.6183855e-03
   4.0000000e+00   2.1038537e-03
   5.0000000e+00   2.5985842e-03
   6.0000000e+00   3.1025193e-03
   7.0000000e+00   3.6155996e-03
   8.0000000e+00   4.1377670e-03
   9.0000000e+00   4.6689650e-03
   1.0000000e+01   5.2091326e-03
   1.1000000e+01   5.7582199e-03
   1.2000000e+01   6.3161738e-03
   1.3000000e+01   6.8829409e-03
   1.4000000e+01   7.4584642e-03
   1.5000000e+01   8.0426903e-03
   1.6000000e+01   8.6355666e-03
   1.7000000e+01   9.2370380e-03
   1.8000000e+01   9.8470552e-03
   1.9000000e+01   1.0465564e-02
   2.0000000e+01   1.1092512e-02
   2.1000000e+01   1.1727845e-02
   2.2000000e+01   1.2371514e-02
   2.3000000e+01   1.3023467e-02
   2.4000000e+01   1.3683650e-02
   2.5000000e+01   1.4352012e-02
   2.6000000e+01   1.5028504e-02
   2.7000000e+01   1.5713071e-02
   2.8000000e+01   1.6405670e-02
   2.9000000e+01   1.7106242e-02
   3.0000000e+01   1.7814744e-02
   3.1000000e+01   1.8865690e-02
   3.2000000e+01   1.9946557e-02
   3.3000000e+01   2.1057291e-02
   3.4000000e+01   2.2197833e-02
   3.5000000e+01   2.3368124e-02
   3.6000000e+01   2.4568101e-02
   3.7000000e+01   2.5797714e-02
   3.8000000e+01   2.7056901e-02
   3.9000000e+01   2.8345611e-02
   4.0000000e+01   2.9663788e-02
   4.1000000e+01   3.1011377e-02
   4.2000000e+01   3.2388322e-02
   4.3000000e+01   3.3794560e-02
   4.4000000e+01   3.5230037e-02
   4.5000000e+01   3.6694698e-02
   4.6000000e+01   3.8188491e-02
   4.7000000e+01   3.9711360e-02
   4.8000000e+01   4.1263241e-02
   4.9000000e+01   4.2844087e-02
   5.0000000e+01   4.4453826e-02
   5.1000000e+01   4.6092417e-02
   5.2000000e+01   4.7759797e-02
   5.3000000e+01   4.9455911e-02
   5.4000000e+01   5.1180713e-02
   5.5000000e+01   5.2934144e-02
   5.6000000e+01   5.4716155e-02
   5.7000000e+01   5.6526683e-02
   5.8000000e+01   5.8365677e-02
   5.9000000e+01   6.0233075e-02
   6.0000000e+01   6.2128827e-02
   6.1000000e+01   6.3286439e-02
   6.2000000e+01   6.4439483e-02
   6.3000000e+01   6.5587685e-02
   6.4000000e+01   6.6730827e-02
   6.5000000e+01   6.7868501e-02
   6.6000000e+01   6.9000274e-02
   6.7000000e+01   7.0125744e-02
   6.8000000e+01   7.1244501e-02
   6.9000000e+01   7.2356150e-02
   7.0000000e+01   7.3460288e-02
   7.1000000e+01   7.4556522e-02
   7.2000000e+01   7.5644486e-02
   7.3000000e+01   7.6723792e-02
   7.4000000e+01   7.7794075e-02
   7.5000000e+01   7.8854963e-02
   7.6000000e+01   7.9906084e-02
   7.7000000e+01   8.0947094e-02
   7.8000000e+01   8.1977636e-02
   7.9000000e+01   8.2997359e-02
   8.0000000e+01   8.4005922e-02
   8.1000000e+01   8.5002989e-02
   8.2000000e+01   8.5988216e-02
   8.3000000e+01   8.6961292e-02
   8.4000000e+01   8.7921888e-02
   8.5000000e+01   8.8869683e-02
   8.6000000e+01   8.9804366e-02
   8.7000000e+01   9.0725638e-02
   8.8000000e+01   9.1633178e-02
   8.9000000e+01   9.2526712e-02
   9.0000000e+01   9.3405917e-02
   9.1000000e+01   9.3064249e-02
   9.2000000e+01   9.2693828e-02
   9.3000000e+01   9.2294604e-02
   9.4000000e+01   9.1866560e-02
   9.5000000e+01   9.1409653e-02
   9.6000000e+01   9.0923861e-02
   9.7000000e+01   9.0409189e-02
   9.8000000e+01   8.9865610e-02
   9.9000000e+01   8.9293145e-02
   1.0000000e+02   8.8691793e-02
   1.0100000e+02   8.8061295e-02
   1.0200000e+02   8.7401673e-02
   1.0300000e+02   8.6713031e-02
   1.0400000e+02   8.5995436e-02
   1.0500000e+02   8.5249014e-02
   1.0600000e+02   8.4473841e-02
   1.0700000e+02   8.3670028e-02
   1.0800000e+02   8.2837693e-02
   1.0900000e+02   8.1976935e-02
   1.1000000e+02   8.1087880e-02
   1.1100000e+02   8.0170631e-02
   1.1200000e+02   7.9225332e-02
   1.1300000e+02   7.8252085e-02
   1.1400000e+02   7.7251039e-02
   1.1500000e+02   7.6222308e-02
   1.1600000e+02   7.5166024e-02
   1.1700000e+02   7.4082345e-02
   1.1800000e+02   7.2971381e-02
   1.1900000e+02   7.1833290e-02
   1.2000000e+02   7.0668198e-02
   1.2100000e+02   6.9333389e-02
   1.2200000e+02   6.7984693e-02
   1.2300000e+02   6.6622443e-02
   1.2400000e+02   6.5246947e-02
   1.2500000e+02   6.3858539e-02
   1.2600000e+02   6.2457509e-02
   1.2700000e+02   6.1044157e-02
   1.2800000e+02   5.9618779e-02
   1.2900000e+02   5.8181651e-02
   1.3000000e+02   5.6733061e-02
   1.3100000e+02   5.5273272e-02
   1.3200000e+02   5.3802557e-02
   1.3300000e+02   5.2321170e-02
   1.3400000e+02   5.0829358e-02
   1.3500000e+02   4.9327377e-02
   1.3600000e+02   4.7815468e-02
   1.3700000e+02   4.6293862e-02
   1.3800000e+02   4.4762794e-02
   1.3900000e+02   4.3222491e-02
   1.4000000e+02   4.1673165e-02
   1.4100000e+02   4.0115040e-02
   1.4200000e+02   3.8548321e-02
   1.4300000e+02   3.6973216e-02
   1.4400000e+02   3.5389919e-02
   1.4500000e+02   3.3798639e-02
   1.4600000e+02   3.2199554e-02
   1.4700000e+02   3.0592863e-02
   1.4800000e+02   2.8978739e-02
   1.4900000e+02   2.7357368e-02
   1.5000000e+02   2.5728919e-02
   1.5100000e+02   2.5747651e-02
   1.5200000e+02   2.5765475e-02
   1.5300000e+02   2.5782404e-02
   1.5400000e+02   2.5798449e-02
   1.5500000e+02   2.5813622e-02
   1.5600000e+02   2.5827933e-02
   1.5700000e+02   2.5841393e-02
   1.5800000e+02   2.5854014e-02
   1.5900000e+02   2.5865810e-02
   1.6000000e+02   2.5876787e-02
   1.6100000e+02   2.5886957e-02
   1.6200000e+02   2.5896329e-02
   1.6300000e+02   2.5904920e-02
   1.6400000e+02   2.5912730e-02
   1.6500000e+02   2.5919776e-02
   1.6600000e+02   2.5926067e-02
   1.6700000e+02   2.5931612e-02
   1.6800000e+02   2.5936421e-02
   1.6900000e+02   2.5940500e-02
   1.7000000e+02   2.5943866e-02
   1.7100000e+02   2.5946522e-02
   1.7200000e+02   2.5948478e-02
   1.7300000e+02   2.5949746e-02
   1.7400000e+02   2.5950333e-02
   1.7500000e+02   2.5950249e-02
   1.7600000e+02   2.5949501e-02
   1.7700000e+02   2.5948096e-02
   1.7800000e+02   2.5946043e-02
   1.7900000e+02   2.5943356e-02
   1.8000000e+02   2.5940035e-02
   1.8100000e+02   2.7537171e-02
   1.8200000e+02   2.9137734e-02
   1.8300000e+02   3.0741651e-02
   1.8400000e+02   3.2348838e-02
   1.8500000e+02   3.3959221e-02
   1.8600000e+02   3.5572726e-02
   1.8700000e+02   3.7189282e-02
   1.8800000e+02   3.8808815e-02
   1.8900000e+02   4.0431257e-02
   1.9000000e+02   4.2056538e-02
   1.9100000e+02   4.3684594e-02
   1.9200000e+02   4.5315351e-02
   1.9300000e+02   4.6948757e-02
   1.9400000e+02   4.8584737e-02
   1.9500000e+02   5.0223235e-02
   1.9600000e+02   5.1864192e-02
   1.9700000e+02   5.3507544e-02
   1.9800000e+02   5.5153236e-02
   1.9900000e+02   5.6801207e-02
   2.0000000e+02   5.8451410e-02
   2.0100000e+02   6.0103778e-02
   2.0200000e+02   6.1758269e-02
   2.0300000e+02   6.3414820e-02
   2.0400000e+02   6.5073386e-02
   2.0500000e+02   6.6733919e-02
   2.0600000e+02   6.8396367e-02
   2.0700000e+02   7.0060678e-02
   2.0800000e+02   7.1726814e-02
   2.0900000e+02   7.3394716e-02
   2.1000000e+02   7.5064346e-02
   2.1100000e+02   7.7084735e-02
   2.1200000e+02   7.9117976e-02
   2.1300000e+02   8.1163958e-02
   2.1400000e+02   8.3222575e-02
   2.1500000e+02   8.5293725e-02
   2.1600000e+02   8.7377295e-02
   2.1700000e+02   8.9473180e-02
   2.1800000e+02   9.1581285e-02
   2.1900000e+02   9.3701497e-02
   2.2000000e+02   9.5833719e-02
   2.2100000e+02   9.7977854e-02
   2.2200000e+02   1.0013379e-01
   2.2300000e+02   1.0230143e-01
   2.2400000e+02   1.0448068e-01
   2.2500000e+02   1.0667142e-01
   2.2600000e+02   1.0887357e-01
   2.2700000e+02   1.1108704e-01
   2.2800000e+02   1.1331172e-01
   2.2900000e+02   1.1554749e-01
   2.3000000e+02   1.1779430e-01
   2.3100000e+02   1.2005202e-01
   2.3200000e+02   1.2232057e-01
   2.3300000e+02   1.2459986e-01
   2.3400000e+02   1.2688978e-01
   2.3500000e+02   1.2919024e-01
   2.3600000e+02   1.3150115e-01
   2.3700000e+02   1.3382246e-01
   2.3800000e+02   1.3615400e-01
   2.3900000e+02   1.3849573e-01
   2.4000000e+02   1.4084756e-01
   2.4100000e+02   1.4142087e-01
   2.4200000e+02   1.4199533e-01
   2.4300000e+02   1.4257093e-01
   2.4400000e+02   1.4314772e-01
   2.4500000e+02   1.4372574e-01
   2.4600000e+02   1.4430505e-01
   2.4700000e+02   1.4488566e-01
   2.4800000e+02   1.4546761e-01
   2.4900000e+02   1.4605094e-01
   2.5000000e+02   1.4663570e-01
   2.5100000e+02   1.4722189e-01
   2.5200000e+02   1.4780959e-01
   2.5300000e+02   1.4839880e-01
   2.5400000e+02   1.4898957e-01
   2.5500000e+02   1.4958192e-01
   2.5600000e+02   1.5017588e-01
   2.5700000e+02   1.5077148e-01
   2.5800000e+02   1.5136878e-01
   2.5900000e+02   1.5196776e-01
   2.6000000e+02   1.5256849e-01
   2.6100000e+02   1.5317097e-01
   2.6200000e+02   1.5377524e-01
   2.6300000e+02   1.5438133e-01
   2.6400000e+02   1.5498927e-01
   2.6500000e+02   1.5559907e-01
   2.6600000e+02   1.5621077e-01
   2.6700000e+02   1.5682437e-01
   2.6800000e+02   1.5743993e-01
   2.6900000e+02   1.5805742e-01
   2.7000000e+02   1.5867694e-01
   2.7100000e+02   1.5706894e-01
   2.7200000e+02   1.5545914e-01
   2.7300000e+02   1.5384753e-01
   2.7400000e+02   1.5223417e-01
   2.7500000e+02   1.5061912e-01
   2.7600000e+02   1.4900242e-01
   2.7700000e+02   1.4738411e-01
   2.7800000e+02   1.4576425e-01
   2.7900000e+02   1.4414287e-01
   2.8000000e+02   1.4252001e-01
   2.8100000e+02   1.4089575e-01
   2.8200000e+02   1.3927008e-01
   2.8300000e+02   1.3764307e-01
   2.8400000e+02   1.3601477e-01
   2.8500000e+02   1.3438520e-01
   2.8600000e+02   1.3275443e-01
   2.8700000e+02   1.3112247e-01
   2.8800000e+02   1.2948938e-01
   2.8900000e+02   1.2785517e-01
   2.9000000e+02   1.2621993e-01
   2.9100000e+02   1.2458365e-01
   2.9200000e+02   1.2294640e-01
   2.9300000e+02   1.2130820e-01
   2.9400000e+02   1.1966909e-01
   2.9500000e+02   1.1802913e-01
   2.9600000e+02   1.1638832e-01
   2.9700000e+02   1.1474672e-01
   2.9800000e+02   1.1310436e-01
   2.9900000e+02   1.1146127e-01
   3.0000000e+02   1.0981749e-01
   3.0100000e+02   1.0906097e-01
   3.0200000e+02   1.0829964e-01
   3.0300000e+02   1.0753352e-01
   3.0400000e+02   1.0676263e-01
   3.0500000e+02   1.0598698e-01
   3.0600000e+02   1.0520659e-01
   3.0700000e+02   1.0442147e-01
   3.0800000e+02   1.0363166e-01
   3.0900000e+02   1.0283715e-01
   3.1000000e+02   1.0203797e-01
   3.1100000e+02   1.0123415e-01
   3.1200000e+02   1.0042568e-01
   3.1300000e+02   9.9612601e-02
   3.1400000e+02   9.8794915e-02
   3.1500000e+02   9.7972646e-02
   3.1600000e+02   9.7145803e-02
   3.1700000e+02   9.6314408e-02
   3.1800000e+02   9.5478483e-02
   3.1900000e+02   9.4638035e-02
   3.2000000e+02   9.3793087e-02
   3.2100000e+02   9.2943646e-02
   3.2200000e+02   9.2089742e-02
   3.2300000e+02   9.1231383e-02
   3.2400000e+02   9.0368584e-02
   3.2500000e+02   8.9501366e-02
   3.2600000e+02   8.8629745e-02
   3.2700000e+02   8.7753735e-02
   3.2800000e+02   8.6873360e-02
   3.2900000e+02   8.5988618e-02
   3.3000000e+02   8.5099541e-02
   3.3100000e+02   8.5299872e-02
   3.3200000e+02   8.5499853e-02
   3.3300000e+02   8.5699506e-02
   3.3400000e+02   8.5898817e-02
   3.3500000e+02   8.6097777e-02
   3.3600000e+02   8.6296409e-02
   3.3700000e+02   8.6494707e-02
   3.3800000e+02   8.6692661e-02
   3.3900000e+02   8.6890280e-02
   3.4000000e+02   8.7087564e-02
   3.4100000e+02   8.7284505e-02
   3.4200000e+02   8.7481119e-02
   3.4300000e+02   8.7677397e-02
   3.4400000e+02   8.7873347e-02
   3.4500000e+02   8.8068955e-02
   3.4600000e+02   8.8264234e-02
   3.4700000e+02   8.8459186e-02
   3.4800000e+02   8.8653795e-02
   3.4900000e+02   8.8848084e-02
   3.5000000e+02   8.9042038e-02
   3.5100000e+02   8.9235663e-02
   3.5200000e+02   8.9428961e-02
   3.5300000e+02   8.9621931e-02
   3.5400000e+02   8.9814574e-02
   3.5500000e+02   9.0006895e-02
   3.5600000e+02   9.0198882e-02
   3.5700000e+02   9.0390548e-02
   3.5800000e+02   9.0581894e-02
   3.5900000e+02   9.0772904e-02
   2.6219766e-08   9.0963595e-02