   0.0000000e+00  -3.9545202e-19
   1.0000000e+00   4.6873727e-04
   2.0000000e+00   2.6079097e-03
   3.0000000e+00   4.7555366e-03
   4.0000000e+00   6.9105094e-03
   5.0000000e+00   9.0727555e-03
   6.0000000e+00   1.1241926e-02
   7.0000000e+00   1.3418670e-02
   8.0000000e+00   1.5602712e-02
   9.0000000e+00   1.7793914e-02
   1.0000000e+01   1.9991372e-02
   1.1000000e+01   2.2193722e-02
   1.2000000e+01   2.4400359e-02
   1.3000000e+01   2.6610678e-02
   1.4000000e+01   2.8823826e-02
   1.5000000e+01   3.1039055e-02
   1.6000000e+01   3.3257641e-02
   1.7000000e+01   3.5479765e-02
   1.8000000e+01   3.7705842e-02
   1.9000000e+01   3.9935604e-02
   2.0000000e+01   4.2170305e-02
   2.1000000e+01   4.4410981e-02
   2.2000000e+01   4.6657868e-02
   2.3000000e+01   4.8910882e-02
   2.4000000e+01   5.1169910e-02
   2.5000000e+01   5.3434897e-02
   2.6000000e+01   5.5705797e-02
   2.7000000e+01   5.7981923e-02
   2.8000000e+01   6.0262814e-02
   2.9000000e+01   6.2548332e-02
   3.0000000e+01   6.4838819e-02
   3.1000000e+01   6.7328274e-02
   3.2000000e+01   6.9807090e-02
   3.3000000e+01   7.2275139e-02
   3.4000000e+01   7.4732542e-02
   3.5000000e+01   7.7179067e-02
   3.6000000e+01   7.9614542e-02
   3.7000000e+01   8.2038753e-02
   3.8000000e+01   8.4451377e-02
   3.9000000e+01   8.6852029e-02
   4.0000000e+01   8.9240536e-02
   4.1000000e+01   9.1616817e-02
   4.2000000e+01   9.3980782e-02
   4.3000000e+01   9.6332237e-02
   4.4000000e+01   9.8671116e-02
   4.5000000e+01   1.0099723e-01
   4.6000000e+01   1.0331031e-01
   4.7000000e+01   1.0561026e-01
   4.8000000e+01   1.0789714e-01
   4.9000000e+01   1.1017089e-01
   5.0000000e+01   1.1243137e-01
   5.1000000e+01   1.1467849e-01
   5.2000000e+01   1.1690287e-01
   5.3000000e+01   1.1909603e-01
   5.4000000e+01   1.2125827e-01
   5.5000000e+01   1.2339225e-01
   5.6000000e+01   1.2550050e-01
   5.7000000e+01   1.2758531e-01
   5.8000000e+01   1.2964875e-01
   5.9000000e+01   1.3169268e-01
   6.0000000e+01   1.3371885e-01
   6.1000000e+01   1.3592885e-01
   6.2000000e+01   1.3818502e-01
   6.3000000e+01   1.4049236e-01
   6.4000000e+01   1.4285593e-01
   6.5000000e+01   1.4528076e-01
   6.6000000e+01   1.4777194e-01
   6.7000000e+01   1.5033457e-01
   6.8000000e+01   1.5297140e-01
   6.9000000e+01   1.5568526e-01
   7.0000000e+01   1.5847719e-01
   7.1000000e+01   1.6134815e-01
   7.2000000e+01   1.6429916e-01
   7.3000000e+01   1.6733165e-01
   7.4000000e+01   1.7044698e-01
   7.5000000e+01   1.7364590e-01
   7.6000000e+01   1.7693120e-01
   7.7000000e+01   1.8030505e-01
   7.8000000e+01   1.8376879e-01
   7.9000000e+01   1.8732384e-01
   8.0000000e+01   1.9097157e-01
   8.1000000e+01   1.9471338e-01
   8.2000000e+01   1.9855069e-01
   8.3000000e+01   2.0244774e-01
   8.4000000e+01   2.0637563e-01
   8.5000000e+01   2.1033052e-01
   8.6000000e+01   2.1430984e-01
   8.7000000e+01   2.1831144e-01
   8.8000000e+01   2.2233331e-01
   8.9000000e+01   2.2637381e-01
   9.0000000e+01   2.3043144e-01
   9.1000000e+01   2.3704290e-01
   9.2000000e+01   2.4380574e-01
   9.3000000e+01   2.5071505e-01
   9.4000000e+01   2.5777087e-01
   9.5000000e+01   2.6497391e-01
   9.6000000e+01   2.7232572e-01
   9.7000000e+01   2.7982897e-01
   9.8000000e+01   2.8748727e-01
   9.9000000e+01   2.9530039e-01
   1.0000000e+02   3.0324838e-01
   1.0100000e+02   3.1133530e-01
   1.0200000e+02   3.1955826e-01
   1.0300000e+02   3.2791370e-01
   1.0400000e+02   3.3639783e-01
   1.0500000e+02   3.4499830e-01
   1.0600000e+02   3.5370740e-01
   1.0700000e+02   3.6251786e-01
   1.0800000e+02   3.7138903e-01
   1.0900000e+02   3.8031551e-01
   1.1000000e+02   3.8929987e-01
   1.1100000e+02   3.9834130e-01
   1.1200000e+02   4.0743959e-01
   1.1300000e+02   4.1659397e-01
   1.1400000e+02   4.2580196e-01
   1.1500000e+02   4.3504524e-01
   1.1600000e+02   4.4432193e-01
   1.1700000e+02   4.5363021e-01
   1.1800000e+02   4.6296340e-01
   1.1900000e+02   4.7229820e-01
   1.2000000e+02   4.8159847e-01
   1.2100000e+02   4.8746809e-01
   1.2200000e+02   4.9315965e-01
   1.2300000e+02   4.9867630e-01
   1.2400000e+02   5.0401819e-01
   1.2500000e+02   5.0917298e-01
   1.2600000e+02   5.1414889e-01
   1.2700000e+02   5.1894230e-01
   1.2800000e+02   5.2355111e-01
   1.2900000e+02   5.2798659e-01
   1.3000000e+02   5.3225744e-01
   1.3100000e+02   5.3636861e-01
   1.3200000e+02   5.4033196e-01
   1.3300000e+02   5.4415894e-01
   1.3400000e+02   5.4785562e-01
   1.3500000e+02   5.5142987e-01
   1.3600000e+02   5.5489028e-01
   1.3700000e+02   5.5823761e-01
   1.3800000e+02   5.6148052e-01
   1.3900000e+02   5.6463212e-01
   1.4000000e+02   5.6769937e-01
   1.4100000e+02   5.7068884e-01
   1.4200000e+02   5.7360685e-01
   1.4300000e+02   5.7645917e-01
   1.4400000e+02   5.7924283e-01
   1.4500000e+02   5.8195460e-01
   1.4600000e+02   5.8459812e-01
   1.4700000e+02   5.8717674e-01
   1.4800000e+02   5.8969378e-01
   1.4900000e+02   5.9215242e-01
   1.5000000e+02   5.9455556e-01
   1.5100000e+02   5.9499943e-01
   1.5200000e+02   5.9542358e-01
   1.5300000e+02   5.9582978e-01
   1.5400000e+02   5.9621817e-01
   1.5500000e+02   5.9658933e-01
   1.5600000e+02   5.9693366e-01
   1.5700000e+02   5.9725273e-01
   1.5800000e+02   5.9754890e-01
   1.5900000e+02   5.9782422e-01
   1.6000000e+02   5.9808052e-01
   1.6100000e+02   5.9831971e-01
   1.6200000e+02   5.9854347e-01
   1.6300000e+02   5.9875339e-01
   1.6400000e+02   5.9895104e-01
   1.6500000e+02   5.9913766e-01
   1.6600000e+02   5.9931463e-01
   1.6700000e+02   5.9948027e-01
   1.6800000e+02   5.9963208e-01
   1.6900000e+02   5.9977037e-01
   1.7000000e+02   5.9989542e-01
   1.7100000e+02   6.0000777e-01
   1.7200000e+02   6.0010773e-01
   1.7300000e+02   6.0019547e-01
   1.7400000e+02   6.0026979e-01
   1.7500000e+02   6.0033184e-01
   1.7600000e+02   6.0038316e-01
   1.7700000e+02   6.0042477e-01
   1.7800000e+02   6.0045779e-01
   1.7900000e+02   6.0048324e-01
   1.8000000e+02   6.0050189e-01
   1.8100000e+02   5.9871179e-01
   1.8200000e+02   5.9694201e-01
   1.8300000e+02   5.9519261e-01
   1.8400000e+02   5.9346336e-01
   1.8500000e+02   5.9175438e-01
   1.8600000e+02   5.9006560e-01
   1.8700000e+02   5.8839691e-01
   1.8800000e+02   5.8674824e-01
   1.8900000e+02   5.8511955e-01
   1.9000000e+02   5.8351076e-01
   1.9100000e+02   5.8191782e-01
   1.9200000e+02   5.8034134e-01
   1.9300000e+02   5.7878208e-01
   1.9400000e+02   5.7724094e-01
   1.9500000e+02   5.7571840e-01
   1.9600000e+02   5.7421619e-01
   1.9700000e+02   5.7273650e-01
   1.9800000e+02   5.7128006e-01
   1.9900000e+02   5.6984764e-01
   2.0000000e+02   5.6843996e-01
   2.0100000e+02   5.6705773e-01
   2.0200000e+02   5.6570148e-01
   2.0300000e+02   5.6437176e-01
   2.0400000e+02   5.6306911e-01
   2.0500000e+02   5.6179398e-01
   2.0600000e+02   5.6054688e-01
   2.0700000e+02   5.5932814e-01
   2.0800000e+02   5.5813825e-01
   2.0900000e+02   5.5697745e-01
   2.1000000e+02   5.5584621e-01
   2.1100000e+02   5.5134642e-01
   2.1200000e+02   5.4688519e-01
   2.1300000e+02   5.4246312e-01
   2.1400000e+02   5.3808093e-01
   2.1500000e+02   5.3373921e-01
   2.1600000e+02   5.2943861e-01
   2.1700000e+02   5.2517921e-01
   2.1800000e+02   5.2095956e-01
   2.1900000e+02   5.1677930e-01
   2.2000000e+02   5.1263881e-01
   2.2100000e+02   5.0853831e-01
   2.2200000e+02   5.0447804e-01
   2.2300000e+02   5.0045687e-01
   2.2400000e+02   4.9647453e-01
   2.2500000e+02   4.9253157e-01
   2.2600000e+02   4.8862851e-01
   2.2700000e+02   4.8476598e-01
   2.2800000e+02   4.8094389e-01
   2.2900000e+02   4.7716174e-01
   2.3000000e+02   4.7341979e-01
   2.3100000e+02   4.6971810e-01
   2.3200000e+02   4.6605691e-01
   2.3300000e+02   4.6243638e-01
   2.3400000e+02   4.5885673e-01
   2.3500000e+02   4.5531812e-01
   2.3600000e+02   4.5182076e-01
   2.3700000e+02   4.4836479e-01
   2.3800000e+02   4.4495040e-01
   2.3900000e+02   4.4157666e-01
   2.4000000e+02   4.3823808e-01
   2.4100000e+02   4.3240246e-01
   2.4200000e+02   4.2650208e-01
   2.4300000e+02   4.2053753e-01
   2.4400000e+02   4.1450942e-01
   2.4500000e+02   4.0841842e-01
   2.4600000e+02   4.0226510e-01
   2.4700000e+02   3.9605007e-01
   2.4800000e+02   3.8977391e-01
   2.4900000e+02   3.8343722e-01
   2.5000000e+02   3.7704065e-01
   2.5100000e+02   3.7058070e-01
   2.5200000e+02   3.6405545e-01
   2.5300000e+02   3.5746682e-01
   2.5400000e+02   3.5081682e-01
   2.5500000e+02   3.4410727e-01
   2.5600000e+02   3.3734006e-01
   2.5700000e+02   3.3051696e-01
   2.5800000e+02   3.2363978e-01
   2.5900000e+02   3.1671014e-01
   2.6000000e+02   3.0972973e-01
   2.6100000e+02   3.0270216e-01
   2.6200000e+02   2.9563159e-01
   2.6300000e+02   2.8852004e-01
   2.6400000e+02   2.8136963e-01
   2.6500000e+02   2.7418143e-01
   2.6600000e+02   2.6695806e-01
   2.6700000e+02   2.5970191e-01
   2.6800000e+02   2.5241533e-01
   2.6900000e+02   2.4510056e-01
   2.7000000e+02   2.3775969e-01
   2.7100000e+02   2.3565796e-01
   2.7200000e+02   2.3354700e-01
   2.7300000e+02   2.3142649e-01
   2.7400000e+02   2.2929607e-01
   2.7500000e+02   2.2715537e-01
   2.7600000e+02   2.2500403e-01
   2.7700000e+02   2.2284171e-01
   2.7800000e+02   2.2066800e-01
   2.7900000e+02   2.1848254e-01
   2.8000000e+02   2.1628492e-01
   2.8100000e+02   2.1407476e-01
   2.8200000e+02   2.1185167e-01
   2.8300000e+02   2.0961522e-01
   2.8400000e+02   2.0736502e-01
   2.8500000e+02   2.0510063e-01
   2.8600000e+02   2.0282161e-01
   2.8700000e+02   2.0052756e-01
   2.8800000e+02   1.9821802e-01
   2.8900000e+02   1.9589251e-01
   2.9000000e+02   1.9355060e-01
   2.9100000e+02   1.9119178e-01
   2.9200000e+02   1.8881556e-01
   2.9300000e+02   1.8642145e-01
   2.9400000e+02   1.8400893e-01
   2.9500000e+02   1.8157744e-01
   2.9600000e+02   1.7912644e-01
   2.9700000e+02   1.7665538e-01
   2.9800000e+02   1.7416367e-01
   2.9900000e+02   1.7165071e-01
   3.0000000e+02   1.6911590e-01
   3.0100000e+02   1.6920237e-01
   3.0200000e+02   1.6928864e-01
   3.0300000e+02   1.6937466e-01
   3.0400000e+02   1.6946048e-01
   3.0500000e+02   1.6954605e-01
   3.0600000e+02   1.6963133e-01
   3.0700000e+02   1.6971621e-01
   3.0800000e+02   1.6980062e-01
   3.0900000e+02   1.6988450e-01
   3.1000000e+02   1.6996780e-01
   3.1100000e+02   1.7005046e-01
   3.1200000e+02   1.7013243e-01
   3.1300000e+02   1.7021364e-01
   3.1400000e+02   1.7029406e-01
   3.1500000e+02   1.7037363e-01
   3.1600000e+02   1.7045231e-01
   3.1700000e+02   1.7053007e-01
   3.1800000e+02   1.7060684e-01
   3.1900000e+02   1.7068258e-01
   3.2000000e+02   1.7075729e-01
   3.2100000e+02   1.7083091e-01
   3.2200000e+02   1.7090340e-01
   3.2300000e+02   1.7097473e-01
   3.2400000e+02   1.7104489e-01
   3.2500000e+02   1.7111380e-01
   3.2600000e+02   1.7118149e-01
   3.2700000e+02   1.7124790e-01
   3.2800000e+02   1.7131302e-01
   3.2900000e+02   1.7137679e-01
   3.3000000e+02   1.7143926e-01
   3.3100000e+02   1.7187078e-01
   3.3200000e+02   1.7230250e-01
   3.3300000e+02   1.7273445e-01
   3.3400000e+02   1.7316671e-01
   3.3500000e+02   1.7359927e-01
   3.3600000e+02   1.7403221e-01
   3.3700000e+02   1.7446555e-01
   3.3800000e+02   1.7489932e-01
   3.3900000e+02   1.7533360e-01
   3.4000000e+02   1.7576838e-01
   3.4100000e+02   1.7620370e-01
   3.4200000e+02   1.7663959e-01
   3.4300000e+02   1.7707610e-01
   3.4400000e+02   1.7751326e-01
   3.4500000e+02   1.7795108e-01
   3.4600000e+02   1.7838961e-01
   3.4700000e+02   1.7882885e-01
   3.4800000e+02   1.7926885e-01
   3.4900000e+02   1.7970963e-01
   3.5000000e+02   1.8015121e-01
   3.5100000e+02   1.8059361e-01
   3.5200000e+02   1.8103686e-01
   3.5300000e+02   1.8148097e-01
   3.5400000e+02   1.8192597e-01
   3.5500000e+02   1.8237187e-01
   3.5600000e+02   1.8281871e-01
   3.5700000e+02   1.8326649e-01
   3.5800000e+02   1.8371522e-01
   3.5900000e+02   1.8416494e-01
   7.1133672e-07   1.8461567e-01
   1.0000007e+00   1.8543476e-01
   2.0000007e+00   1.8625350e-01
   3.0000007e+00   1.8707192e-01
   4.0000010e+00   1.8789002e-01
   5.0000010e+00   1.8870781e-01
   6.0000010e+00   1.8952532e-01
   7.0000010e+00   1.9034253e-01
   8.0000010e+00   1.9115947e-01
   9.0000010e+00   1.9197614e-01
   1.0000001e+01   1.9279256e-01
   1.1000001e+01   1.9360873e-01
   1.2000001e+01   1.9442467e-01
   1.3000001e+01   1.9524036e-01
   1.4000001e+01   1.9605556e-01
   1.5000001e+01   1.9687036e-01
   1.6000000e+01   1.9768479e-01
   1.7000000e+01   1.9849895e-01
   1.8000000e+01   1.9931285e-01
   1.9000000e+01   2.0012656e-01
   2.0000000e+01   2.0094015e-01
   2.1000000e+01   2.0175366e-01
   2.2000000e+01   2.0256715e-01
   2.3000000e+01   2.0338063e-01
   2.4000000e+01   2.0419419e-01
   2.5000000e+01   2.0500787e-01
   2.6000000e+01   2.0582169e-01
   2.7000000e+01   2.0663573e-01
   2.8000000e+01   2.0744999e-01
   2.9000000e+01   2.0826453e-01
   3.0000000e+01   2.0907941e-01
   3.1000000e+01   2.1549788e-01
   3.2000000e+01   2.2193015e-01
   3.3000000e+01   2.2837618e-01
   3.4000000e+01   2.3483595e-01
   3.5000000e+01   2.4130945e-01
   3.6000000e+01   2.4779664e-01
   3.7000000e+01   2.5429755e-01
   3.8000000e+01   2.6081213e-01
   3.9000000e+01   2.6734042e-01
   4.0000000e+01   2.7388239e-01
   4.1000000e+01   2.8043807e-01
   4.2000000e+01   2.8700748e-01
   4.3000000e+01   2.9359061e-01
   4.4000000e+01   3.0018753e-01
   4.5000000e+01   3.0679822e-01
   4.6000000e+01   3.1342271e-01
   4.7000000e+01   3.2006109e-01
   4.8000000e+01   3.2671332e-01
   4.9000000e+01   3.3337951e-01
   5.0000000e+01   3.4005967e-01
   5.1000000e+01   3.4675384e-01
   5.2000000e+01   3.5346210e-01
   5.3000000e+01   3.6018446e-01
   5.4000000e+01   3.6692107e-01
   5.5000000e+01   3.7367189e-01
   5.6000000e+01   3.8043705e-01
   5.7000000e+01   3.8721657e-01
   5.8000000e+01   3.9401057e-01
   5.9000000e+01   4.0081909e-01
   6.0000000e+01   4.0764225e-01
   6.1000000e+01   4.1421986e-01
   6.2000000e+01   4.2079091e-01
   6.3000000e+01   4.2735541e-01
   6.4000000e+01   4.3391341e-01
   6.5000000e+01   4.4046500e-01
   6.6000000e+01   4.4701028e-01
   6.7000000e+01   4.5354921e-01
   6.8000000e+01   4.6008193e-01
   6.9000000e+01   4.6660841e-01
   7.0000000e+01   4.7312877e-01
   7.1000000e+01   4.7964302e-01
   7.2000000e+01   4.8615116e-01
   7.3000000e+01   4.9265271e-01
   7.4000000e+01   4.9914765e-01
   7.5000000e+01   5.0563610e-01
   7.6000000e+01   5.1211822e-01
   7.7000000e+01   5.1859421e-01
   7.8000000e+01   5.2506423e-01
   7.9000000e+01   5.3152835e-01
   8.0000000e+01   5.3798681e-01
   8.1000000e+01   5.4443973e-01
   8.2000000e+01   5.5088729e-01
   8.3000000e+01   5.5732960e-01
   8.4000000e+01   5.6376684e-01
   8.5000000e+01   5.7019919e-01
   8.6000000e+01   5.7662672e-01
   8.7000000e+01   5.8304965e-01
   8.8000000e+01   5.8946812e-01
   8.9000000e+01   5.9588224e-01
   9.0000000e+01   6.0229218e-01
   9.1000000e+01   6.0346687e-01
   9.2000000e+01   6.0463113e-01
   9.3000000e+01   6.0578376e-01
   9.4000000e+01   6.0692453e-01
   9.5000000e+01   6.0805339e-01
   9.6000000e+01   6.0917026e-01
   9.7000000e+01   6.1027515e-01
   9.8000000e+01   6.1136824e-01
   9.9000000e+01   6.1244959e-01
   1.0000000e+02   6.1351925e-01
   1.0100000e+02   6.1457735e-01
   1.0200000e+02   6.1562395e-01
   1.0300000e+02   6.1665916e-01
   1.0400000e+02   6.1768299e-01
   1.0500000e+02   6.1869556e-01
   1.0600000e+02   6.1969692e-01
   1.0700000e+02   6.2068719e-01
   1.0800000e+02   6.2166631e-01
   1.0900000e+02   6.2263447e-01
   1.1000000e+02   6.2359166e-01
   1.1100000e+02   6.2453800e-01
   1.1200000e+02   6.2547350e-01
   1.1300000e+02   6.2639827e-01
   1.1400000e+02   6.2731230e-01
   1.1500000e+02   6.2821567e-01
   1.1600000e+02   6.2910843e-01
   1.1700000e+02   6.2999070e-01
   1.1800000e+02   6.3086247e-01
   1.1900000e+02   6.3172376e-01
   1.2000000e+02   6.3257474e-01
   1.2100000e+02   6.3249868e-01
   1.2200000e+02   6.3242286e-01
   1.2300000e+02   6.3234717e-01
   1.2400000e+02   6.3227159e-01
   1.2500000e+02   6.3219613e-01
   1.2600000e+02   6.3212079e-01
   1.2700000e+02   6.3204563e-01
   1.2800000e+02   6.3197058e-01
   1.2900000e+02   6.3189566e-01
   1.3000000e+02   6.3182092e-01
   1.3100000e+02   6.3174635e-01
   1.3200000e+02   6.3167185e-01
   1.3300000e+02   6.3159758e-01
   1.3400000e+02   6.3152349e-01
   1.3500000e+02   6.3144946e-01
   1.3600000e+02   6.3137567e-01
   1.3700000e+02   6.3130206e-01
   1.3800000e+02   6.3122857e-01
   1.3900000e+02   6.3115519e-01
   1.4000000e+02   6.3108200e-01
   1.4100000e+02   6.3100898e-01
   1.4200000e+02   6.3093615e-01
   1.4300000e+02   6.3086343e-01
   1.4400000e+02   6.3079089e-01
   1.4500000e+02   6.3071853e-01
   1.4600000e+02   6.3064635e-01
   1.4700000e+02   6.3057429e-01
   1.4800000e+02   6.3050240e-01
   1.4900000e+02   6.3043070e-01
   1.5000000e+02   6.3035917e-01
   1.5100000e+02   6.3006908e-01
   1.5200000e+02   6.2977880e-01
   1.5300000e+02   6.2948841e-01
   1.5400000e+02   6.2919784e-01
   1.5500000e+02   6.2890708e-01
   1.5600000e+02   6.2861615e-01
   1.5700000e+02   6.2832505e-01
   1.5800000e+02   6.2803382e-01
   1.5900000e+02   6.2774235e-01
   1.6000000e+02   6.2745076e-01
   1.6100000e+02   6.2715894e-01
   1.6200000e+02   6.2686694e-01
   1.6300000e+02   6.2657481e-01
   1.6400000e+02   6.2628245e-01
   1.6500000e+02   6.2598991e-01
   1.6600000e+02   6.2569720e-01
   1.6700000e+02   6.2540436e-01
   1.6800000e+02   6.2511128e-01
   1.6900000e+02   6.2481803e-01
   1.7000000e+02   6.2452459e-01
   1.7100000e+02   6.2423092e-01
   1.7200000e+02   6.2393719e-01
   1.7300000e+02   6.2364316e-01
   1.7400000e+02   6.2334901e-01
   1.7500000e+02   6.2305474e-01
   1.7600000e+02   6.2276018e-01
   1.7700000e+02   6.2246549e-01
   1.7800000e+02   6.2217063e-01
   1.7900000e+02   6.2187552e-01
   1.8000000e+02   6.2158030e-01
   1.8100000e+02   6.2111622e-01
   1.8200000e+02   6.2065279e-01
   1.8300000e+02   6.2019014e-01
   1.8400000e+02   6.1972815e-01
   1.8500000e+02   6.1926675e-01
   1.8600000e+02   6.1880594e-01
   1.8700000e+02   6.1834574e-01
   1.8800000e+02   6.1788607e-01
   1.8900000e+02   6.1742699e-01
   1.9000000e+02   6.1696827e-01
   1.9100000e+02   6.1651015e-01
   1.9200000e+02   6.1605239e-01
   1.9300000e+02   6.1559510e-01
   1.9400000e+02   6.1513829e-01
   1.9500000e+02   6.1468184e-01
   1.9600000e+02   6.1422580e-01
   1.9700000e+02   6.1377013e-01
   1.9800000e+02   6.1331487e-01
   1.9900000e+02   6.1285985e-01
   2.0000000e+02   6.1240524e-01
   2.0100000e+02   6.1195093e-01
   2.0200000e+02   6.1149698e-01
   2.0300000e+02   6.1104333e-01
   2.0400000e+02   6.1058992e-01
   2.0500000e+02   6.1013681e-01
   2.0600000e+02   6.0968405e-01
   2.0700000e+02   6.0923153e-01
   2.0800000e+02   6.0877925e-01
   2.0900000e+02   6.0832721e-01
   2.1000000e+02   6.0787547e-01
   2.1100000e+02   6.0537487e-01
   2.1200000e+02   6.0288405e-01
   2.1300000e+02   6.0040301e-01
   2.1400000e+02   5.9793174e-01
   2.1500000e+02   5.9547031e-01
   2.1600000e+02   5.9301865e-01
   2.1700000e+02   5.9057665e-01
   2.1800000e+02   5.8814448e-01
   2.1900000e+02   5.8572209e-01
   2.2000000e+02   5.8330941e-01
   2.2100000e+02   5.8090645e-01
   2.2200000e+02   5.7851243e-01
   2.2300000e+02   5.7612711e-01
   2.2400000e+02   5.7375026e-01
   2.2500000e+02   5.7138175e-01
   2.2600000e+02   5.6902140e-01
   2.2700000e+02   5.6666905e-01
   2.2800000e+02   5.6432450e-01
   2.2900000e+02   5.6198752e-01
   2.3000000e+02   5.5965805e-01
   2.3100000e+02   5.5733585e-01
   2.3200000e+02   5.5502087e-01
   2.3300000e+02   5.5271280e-01
   2.3400000e+02   5.5041164e-01
   2.3500000e+02   5.4811710e-01
   2.3600000e+02   5.4582918e-01
   2.3700000e+02   5.4354769e-01
   2.3800000e+02   5.4127240e-01
   2.3900000e+02   5.3900331e-01
   2.4000000e+02   5.3674024e-01
   2.4100000e+02   5.3192496e-01
   2.4200000e+02   5.2710867e-01
   2.4300000e+02   5.2229148e-01
   2.4400000e+02   5.1747340e-01
   2.4500000e+02   5.1265460e-01
   2.4600000e+02   5.0783503e-01
   2.4700000e+02   5.0301480e-01
   2.4800000e+02   4.9819410e-01
   2.4900000e+02   4.9337280e-01
   2.5000000e+02   4.8855111e-01
   2.5100000e+02   4.8372895e-01
   2.5200000e+02   4.7890651e-01
   2.5300000e+02   4.7408381e-01
   2.5400000e+02   4.6926084e-01
   2.5500000e+02   4.6443769e-01
   2.5600000e+02   4.5961443e-01
   2.5700000e+02   4.5479107e-01
   2.5800000e+02   4.4996765e-01
   2.5900000e+02   4.4514427e-01
   2.6000000e+02   4.4032088e-01
   2.6100000e+02   4.3549755e-01
   2.6200000e+02   4.3067437e-01
   2.6300000e+02   4.2585135e-01
   2.6400000e+02   4.2102849e-01
   2.6500000e+02   4.1620588e-01
   2.6600000e+02   4.1138351e-01
   2.6700000e+02   4.0656137e-01
   2.6800000e+02   4.0173957e-01
   2.6900000e+02   3.9691809e-01
   2.7000000e+02   3.9209694e-01
   2.7100000e+02   3.8562533e-01
   2.7200000e+02   3.7915140e-01
   2.7300000e+02   3.7267533e-01
   2.7400000e+02   3.6619714e-01
   2.7500000e+02   3.5971698e-01
   2.7600000e+02   3.5323495e-01
   2.7700000e+02   3.4675112e-01
   2.7800000e+02   3.4026560e-01
   2.7900000e+02   3.3377850e-01
   2.8000000e+02   3.2728991e-01
   2.8100000e+02   3.2079989e-01
   2.8200000e+02   3.1430852e-01
   2.8300000e+02   3.0781597e-01
   2.8400000e+02   3.0132231e-01
   2.8500000e+02   2.9482758e-01
   2.8600000e+02   2.8833196e-01
   2.8700000e+02   2.8183541e-01
   2.8800000e+02   2.7533814e-01
   2.8900000e+02   2.6884016e-01
   2.9000000e+02   2.6234159e-01
   2.9100000e+02   2.5584251e-01
   2.9200000e+02   2.4934302e-01
   2.9300000e+02   2.4284321e-01
   2.9400000e+02   2.3634313e-01
   2.9500000e+02   2.2984287e-01
   2.9600000e+02   2.2334255e-01
   2.9700000e+02   2.1684223e-01
   2.9800000e+02   2.1034199e-01
   2.9900000e+02   2.0384191e-01
   3.0000000e+02   1.9734208e-01
   3.0100000e+02   1.9701676e-01
   3.0200000e+02   1.9668648e-01
   3.0300000e+02   1.9635120e-01
   3.0400000e+02   1.9601092e-01
   3.0500000e+02   1.9566558e-01
   3.0600000e+02   1.9531517e-01
   3.0700000e+02   1.9495966e-01
   3.0800000e+02   1.9459903e-01
   3.0900000e+02   1.9423324e-01
   3.1000000e+02   1.9386226e-01
   3.1100000e+02   1.9348609e-01
   3.1200000e+02   1.9310467e-01
   3.1300000e+02   1.9271800e-01
   3.1400000e+02   1.9232602e-01
   3.1500000e+02   1.9192873e-01
   3.1600000e+02   1.9152607e-01
   3.1700000e+02   1.9111805e-01
   3.1800000e+02   1.9070461e-01
   3.1900000e+02   1.9028574e-01
   3.2000000e+02   1.8986140e-01
   3.2100000e+02   1.8943156e-01
   3.2200000e+02   1.8899620e-01
   3.2300000e+02   1.8855527e-01
   3.2400000e+02   1.8810877e-01
   3.2500000e+02   1.8765666e-01
   3.2600000e+02   1.8719891e-01
   3.2700000e+02   1.8673547e-01
   3.2800000e+02   1.8626635e-01
   3.2900000e+02   1.8579148e-01
   3.3000000e+02   1.8531086e-01
   3.3100000e+02   1.8576089e-01
   3.3200000e+02   1.8621096e-01
   3.3300000e+02   1.8666108e-01
   3.3400000e+02   1.8711127e-01
   3.3500000e+02   1.8756150e-01
   3.3600000e+02   1.8801178e-01
   3.3700000e+02   1.8846211e-01
   3.3800000e+02   1.8891250e-01
   3.3900000e+02   1.8936294e-01
   3.4000000e+02   1.8981344e-01
   3.4100000e+02   1.9026399e-01
   3.4200000e+02   1.9071460e-01
   3.4300000e+02   1.9116525e-01
   3.4400000e+02   1.9161598e-01
   3.4500000e+02   1.9206674e-01
   3.4600000e+02   1.9251758e-01
   3.4700000e+02   1.9296846e-01
   3.4800000e+02   1.9341941e-01
   3.4900000e+02   1.9387041e-01
   3.5000000e+02   1.9432147e-01
   3.5100000e+02   1.9477259e-01
   3.5200000e+02   1.9522376e-01
   3.5300000e+02   1.9567502e-01
   3.5400000e+02   1.9612630e-01
   3.5500000e+02   1.9657765e-01
   3.5600000e+02   1.9702907e-01
   3.5700000e+02   1.9748053e-01
   3.5800000e+02   1.9793205e-01
   3.5900000e+02   1.9838363e-01
   1.4226848e-06   1.9883527e-01
