   0.0000000e+00   1.5072668e+04
   1.0000000e+00   3.5309332e+04
   2.0000000e+00   3.5300238e+04
   3.0000000e+00   3.5292441e+04
   4.0000000e+00   3.5286273e+04
   5.0000000e+00   3.5281457e+04
   6.0000000e+00   3.5278438e+04
   7.0000000e+00   3.5276578e+04
   8.0000000e+00   3.5276027e+04
   9.0000000e+00   3.5276875e+04
   1.0000000e+01   3.5279031e+04
   1.1000000e+01   3.5282602e+04
   1.2000000e+01   3.5287703e+04
   1.3000000e+01   3.5294148e+04
   1.4000000e+01   3.5301898e+04
   1.5000000e+01   3.5311094e+04
   1.6000000e+01   3.5321715e+04
   1.7000000e+01   3.5333684e+04
   1.8000000e+01   3.5346965e+04
   1.9000000e+01   3.5361648e+04
   2.0000000e+01   3.5377938e+04
   2.1000000e+01   3.5395582e+04
   2.2000000e+01   3.5414738e+04
   2.3000000e+01   3.5435281e+04
   2.4000000e+01   3.5457238e+04
   2.5000000e+01   3.5480602e+04
   2.6000000e+01   3.5505309e+04
   2.7000000e+01   3.5531359e+04
   2.8000000e+01   3.5558688e+04
   2.9000000e+01   3.5587254e+04
   3.0000000e+01   3.5617152e+04
   3.1000000e+01   3.5646875e+04
   3.2000000e+01   3.5678391e+04
   3.3000000e+01   3.5711617e+04
   3.4000000e+01   3.5746125e+04
   3.5000000e+01   3.5781914e+04
   3.6000000e+01   3.5819063e+04
   3.7000000e+01   3.5856863e+04
   3.8000000e+01   3.5895609e+04
   3.9000000e+01   3.5935625e+04
   4.0000000e+01   3.5976887e+04
   4.1000000e+01   3.6019297e+04
   4.2000000e+01   3.6062879e+04
   4.3000000e+01   3.6107590e+04
   4.4000000e+01   3.6153492e+04
   4.5000000e+01   3.6200762e+04
   4.6000000e+01   3.6249227e+04
   4.7000000e+01   3.6299613e+04
   4.8000000e+01   3.6351320e+04
   4.9000000e+01   3.6404113e+04
   5.0000000e+01   3.6457992e+04
   5.1000000e+01   3.6511316e+04
   5.2000000e+01   3.6563934e+04
   5.3000000e+01   3.6617422e+04
   5.4000000e+01   3.6672129e+04
   5.5000000e+01   3.6727992e+04
   5.6000000e+01   3.6784977e+04
   5.7000000e+01   3.6843129e+04
   5.8000000e+01   3.6902355e+04
   5.9000000e+01   3.6962551e+04
   6.0000000e+01   3.7023945e+04
   6.1000000e+01   3.7084660e+04
   6.2000000e+01   3.7145781e+04
   6.3000000e+01   3.7207297e+04
   6.4000000e+01   3.7268859e+04
   6.5000000e+01   3.7330207e+04
   6.6000000e+01   3.7391316e+04
   6.7000000e+01   3.7453125e+04
   6.8000000e+01   3.7517492e+04
   6.9000000e+01   3.7581805e+04
   7.0000000e+01   3.7646082e+04
   7.1000000e+01   3.7710586e+04
   7.2000000e+01   3.7775301e+04
   7.3000000e+01   3.7839953e+04
   7.4000000e+01   3.7904512e+04
   7.5000000e+01   3.7969145e+04
   7.6000000e+01   3.8033766e+04
   7.7000000e+01   3.8098199e+04
   7.8000000e+01   3.8162539e+04
   7.9000000e+01   3.8226547e+04
   8.0000000e+01   3.8290207e+04
   8.1000000e+01   3.8353441e+04
   8.2000000e+01   3.8429344e+04
   8.3000000e+01   3.8514492e+04
   8.4000000e+01   3.8599695e+04
   8.5000000e+01   3.8684695e+04
   8.6000000e+01   3.8769516e+04
   8.7000000e+01   3.8853988e+04
   8.8000000e+01   3.8938133e+04
   8.9000000e+01   3.9021977e+04
   9.0000000e+01   3.9100863e+04
   9.1000000e+01   3.9102461e+04
   9.2000000e+01   3.9102305e+04
   9.3000000e+01   3.9098113e+04
   9.4000000e+01   3.9088793e+04
   9.5000000e+01   3.9072766e+04
   9.6000000e+01   3.9048035e+04
   9.7000000e+01   3.9012168e+04
   9.8000000e+01   3.8967426e+04
   9.9000000e+01   3.8934695e+04
   1.0000000e+02   3.8890176e+04
   1.0100000e+02   3.8839195e+04
   1.0200000e+02   3.8781410e+04
   1.0300000e+02   3.8716379e+04
   1.0400000e+02   3.8654195e+04
   1.0500000e+02   3.8588328e+04
   1.0600000e+02   3.8517441e+04
   1.0700000e+02   3.8469699e+04
   1.0800000e+02   3.8420969e+04
   1.0900000e+02   3.8368527e+04
   1.1000000e+02   3.8313082e+04
   1.1100000e+02   3.8253652e+04
   1.1200000e+02   3.8190551e+04
   1.1300000e+02   3.8126277e+04
   1.1400000e+02   3.8087754e+04
   1.1500000e+02   3.8048176e+04
   1.1600000e+02   3.8007555e+04
   1.1700000e+02   3.7970422e+04
   1.1800000e+02   3.7961414e+04
   1.1900000e+02   3.8007125e+04
   1.2000000e+02   3.8054313e+04
   1.2100000e+02   3.8190191e+04
   1.2200000e+02   3.8321535e+04
   1.2300000e+02   3.8454164e+04
   1.2400000e+02   3.8606461e+04
   1.2500000e+02   3.8748082e+04
   1.2600000e+02   3.8892195e+04
   1.2700000e+02   3.9038469e+04
   1.2800000e+02   3.9173668e+04
   1.2900000e+02   3.9301035e+04
   1.3000000e+02   3.9425422e+04
   1.3100000e+02   3.9538438e+04
   1.3200000e+02   3.9640746e+04
   1.3300000e+02   3.9739410e+04
   1.3400000e+02   3.9831758e+04
   1.3500000e+02   3.9916980e+04
   1.3600000e+02   4.0002762e+04
   1.3700000e+02   4.0081695e+04
   1.3800000e+02   4.0149617e+04
   1.3900000e+02   4.0212059e+04
   1.4000000e+02   4.0269398e+04
   1.4100000e+02   4.0321914e+04
   1.4200000e+02   4.0369777e+04
   1.4300000e+02   4.0425086e+04
   1.4400000e+02   4.0487398e+04
   1.4500000e+02   4.0547063e+04
   1.4600000e+02   4.0604051e+04
   1.4700000e+02   4.0658418e+04
   1.4800000e+02   4.0710254e+04
   1.4900000e+02   4.0759234e+04
   1.5000000e+02   4.0806574e+04
   1.5100000e+02   4.0849547e+04
   1.5200000e+02   4.0889793e+04
   1.5300000e+02   4.0929129e+04
   1.5400000e+02   4.0967012e+04
   1.5500000e+02   4.1016359e+04
   1.5600000e+02   4.1063270e+04
   1.5700000e+02   4.1106578e+04
   1.5800000e+02   4.1146582e+04
   1.5900000e+02   4.1183473e+04
   1.6000000e+02   4.1217316e+04
   1.6100000e+02   4.1248273e+04
   1.6200000e+02   4.1276441e+04
   1.6300000e+02   4.1301918e+04
   1.6400000e+02   4.1324805e+04
   1.6500000e+02   4.1345207e+04
   1.6600000e+02   4.1367258e+04
   1.6700000e+02   4.1391934e+04
   1.6800000e+02   4.1414813e+04
   1.6900000e+02   4.1435742e+04
   1.7000000e+02   4.1454711e+04
   1.7100000e+02   4.1471750e+04
   1.7200000e+02   4.1486922e+04
   1.7300000e+02   4.1502199e+04
   1.7400000e+02   4.1514828e+04
   1.7500000e+02   4.1524824e+04
   1.7600000e+02   4.1532297e+04
   1.7700000e+02   4.1537359e+04
   1.7800000e+02   4.1540113e+04
   1.7900000e+02   4.1540656e+04
   1.8000000e+02   4.1539031e+04
   1.8100000e+02   4.1534969e+04
   1.8200000e+02   4.1528992e+04
   1.8300000e+02   4.1521207e+04
   1.8400000e+02   4.1511621e+04
   1.8500000e+02   4.1500156e+04
   1.8600000e+02   4.1486816e+04
   1.8700000e+02   4.1471621e+04
   1.8800000e+02   4.1454563e+04
   1.8900000e+02   4.1435621e+04
   1.9000000e+02   4.1419746e+04
   1.9100000e+02   4.1401375e+04
   1.9200000e+02   4.1380316e+04
   1.9300000e+02   4.1356711e+04
   1.9400000e+02   4.1330637e+04
   1.9500000e+02   4.1300809e+04
   1.9600000e+02   4.1266664e+04
   1.9700000e+02   4.1229891e+04
   1.9800000e+02   4.1190535e+04
   1.9900000e+02   4.1148656e+04
   2.0000000e+02   4.1104313e+04
   2.0100000e+02   4.1057539e+04
   2.0200000e+02   4.1008383e+04
   2.0300000e+02   4.0956875e+04
   2.0400000e+02   4.0903078e+04
   2.0500000e+02   4.0847066e+04
   2.0600000e+02   4.0788801e+04
   2.0700000e+02   4.0728277e+04
   2.0800000e+02   4.0665551e+04
   2.0900000e+02   4.0600652e+04
   2.1000000e+02   4.0533602e+04
   2.1100000e+02   4.0511883e+04
   2.1200000e+02   4.0487449e+04
   2.1300000e+02   4.0460324e+04
   2.1400000e+02   4.0430484e+04
   2.1500000e+02   4.0397938e+04
   2.1600000e+02   4.0363527e+04
   2.1700000e+02   4.0328867e+04
   2.1800000e+02   4.0292734e+04
   2.1900000e+02   4.0254219e+04
   2.2000000e+02   4.0213324e+04
   2.2100000e+02   4.0170094e+04
   2.2200000e+02   4.0126828e+04
   2.2300000e+02   4.0082430e+04
   2.2400000e+02   4.0035473e+04
   2.2500000e+02   3.9985957e+04
   2.2600000e+02   3.9933910e+04
   2.2700000e+02   3.9880086e+04
   2.2800000e+02   3.9825563e+04
   2.2900000e+02   3.9768895e+04
   2.3000000e+02   3.9710129e+04
   2.3100000e+02   3.9649285e+04
   2.3200000e+02   3.9586387e+04
   2.3300000e+02   3.9521461e+04
   2.3400000e+02   3.9454531e+04
   2.3500000e+02   3.9385621e+04
   2.3600000e+02   3.9314738e+04
   2.3700000e+02   3.9241914e+04
   2.3800000e+02   3.9168863e+04
   2.3900000e+02   3.9104117e+04
   2.4000000e+02   3.9038438e+04
   2.4100000e+02   3.9042309e+04
   2.4200000e+02   3.9045891e+04
   2.4300000e+02   3.9049207e+04
   2.4400000e+02   3.9052289e+04
   2.4500000e+02   3.9055164e+04
   2.4600000e+02   3.9057855e+04
   2.4700000e+02   3.9060402e+04
   2.4800000e+02   3.9062832e+04
   2.4900000e+02   3.9065195e+04
   2.5000000e+02   3.9075820e+04
   2.5100000e+02   3.9091766e+04
   2.5200000e+02   3.9105918e+04
   2.5300000e+02   3.9118305e+04
   2.5400000e+02   3.9129031e+04
   2.5500000e+02   3.9138211e+04
   2.5600000e+02   3.9145938e+04
   2.5700000e+02   3.9152309e+04
   2.5800000e+02   3.9157422e+04
   2.5900000e+02   3.9161359e+04
   2.6000000e+02   3.9163781e+04
   2.6100000e+02   3.9164652e+04
   2.6200000e+02   3.9164508e+04
   2.6300000e+02   3.9163406e+04
   2.6400000e+02   3.9163188e+04
   2.6500000e+02   3.9161391e+04
   2.6600000e+02   3.9158250e+04
   2.6700000e+02   3.9153883e+04
   2.6800000e+02   3.9148410e+04
   2.6900000e+02   3.9141938e+04
   2.7000000e+02   3.9134570e+04
   2.7100000e+02   3.9051141e+04
   2.7200000e+02   3.8967879e+04
   2.7300000e+02   3.8884809e+04
   2.7400000e+02   3.8801957e+04
   2.7500000e+02   3.8719355e+04
   2.7600000e+02   3.8637035e+04
   2.7700000e+02   3.8555031e+04
   2.7800000e+02   3.8473371e+04
   2.7900000e+02   3.8392090e+04
   2.8000000e+02   3.8311215e+04
   2.8100000e+02   3.8230785e+04
   2.8200000e+02   3.8150832e+04
   2.8300000e+02   3.8071391e+04
   2.8400000e+02   3.7992508e+04
   2.8500000e+02   3.7914191e+04
   2.8600000e+02   3.7836484e+04
   2.8700000e+02   3.7759418e+04
   2.8800000e+02   3.7683031e+04
   2.8900000e+02   3.7607348e+04
   2.9000000e+02   3.7532406e+04
   2.9100000e+02   3.7458238e+04
   2.9200000e+02   3.7384879e+04
   2.9300000e+02   3.7312367e+04
   2.9400000e+02   3.7240734e+04
   2.9500000e+02   3.7170043e+04
   2.9600000e+02   3.7100316e+04
   2.9700000e+02   3.7031574e+04
   2.9800000e+02   3.6963859e+04
   2.9900000e+02   3.6897199e+04
   3.0000000e+02   3.6831641e+04
   3.0100000e+02   3.6755520e+04
   3.0200000e+02   3.6680176e+04
   3.0300000e+02   3.6605629e+04
   3.0400000e+02   3.6531906e+04
   3.0500000e+02   3.6459000e+04
   3.0600000e+02   3.6386926e+04
   3.0700000e+02   3.6315715e+04
   3.0800000e+02   3.6245398e+04
   3.0900000e+02   3.6175988e+04
   3.1000000e+02   3.6107508e+04
   3.1100000e+02   3.6039980e+04
   3.1200000e+02   3.5973418e+04
   3.1300000e+02   3.5907852e+04
   3.1400000e+02   3.5843293e+04
   3.1500000e+02   3.5779766e+04
   3.1600000e+02   3.5717285e+04
   3.1700000e+02   3.5655871e+04
   3.1800000e+02   3.5595543e+04
   3.1900000e+02   3.5536313e+04
   3.2000000e+02   3.5478207e+04
   3.2100000e+02   3.5421234e+04
   3.2200000e+02   3.5365418e+04
   3.2300000e+02   3.5310770e+04
   3.2400000e+02   3.5257305e+04
   3.2500000e+02   3.5205047e+04
   3.2600000e+02   3.5154000e+04
   3.2700000e+02   3.5104184e+04
   3.2800000e+02   3.5055613e+04
   3.2900000e+02   3.5008301e+04
   3.3000000e+02   3.4962262e+04
   3.3100000e+02   3.4916719e+04
   3.3200000e+02   3.4872488e+04
   3.3300000e+02   3.4829582e+04
   3.3400000e+02   3.4788008e+04
   3.3500000e+02   3.4747785e+04
   3.3600000e+02   3.4708914e+04
   3.3700000e+02   3.4671406e+04
   3.3800000e+02   3.4635281e+04
   3.3900000e+02   3.4600535e+04
   3.4000000e+02   3.4567188e+04
   3.4100000e+02   3.4535238e+04
   3.4200000e+02   3.4504723e+04
   3.4300000e+02   3.4475672e+04
   3.4400000e+02   3.4448047e+04
   3.4500000e+02   3.4421855e+04
   3.4600000e+02   3.4397105e+04
   3.4700000e+02   3.4373809e+04
   3.4800000e+02   3.4351961e+04
   3.4900000e+02   3.4331570e+04
   3.5000000e+02   3.4312648e+04
   3.5100000e+02   3.4295195e+04
   3.5200000e+02   3.4279219e+04
   3.5300000e+02   3.4264715e+04
   3.5400000e+02   3.4251691e+04
   3.5500000e+02   3.4240152e+04
   3.5600000e+02   3.4230102e+04
   3.5700000e+02   3.4221539e+04
   3.5800000e+02   3.4214461e+04
   3.5900000e+02   3.4208879e+04
   7.1133672e-07   3.4204789e+04
   1.0000007e+00   3.4201301e+04
   2.0000007e+00   3.4199313e+04
   3.0000007e+00   3.4198816e+04
   4.0000010e+00   3.4199820e+04
   5.0000010e+00   3.4202320e+04
   6.0000010e+00   3.4206313e+04
   7.0000010e+00   3.4211797e+04
   8.0000010e+00   3.4218773e+04
   9.0000010e+00   3.4227238e+04
   1.0000001e+01   3.4237184e+04
   1.1000001e+01   3.4248613e+04
   1.2000001e+01   3.4261512e+04
   1.3000001e+01   3.4275781e+04
   1.4000001e+01   3.4291531e+04
   1.5000001e+01   3.4308766e+04
   1.6000000e+01   3.4327469e+04
   1.7000000e+01   3.4347641e+04
   1.8000000e+01   3.4369266e+04
   1.9000000e+01   3.4392359e+04
   2.0000000e+01   3.4416891e+04
   2.1000000e+01   3.4442863e+04
   2.2000000e+01   3.4470262e+04
   2.3000000e+01   3.4499074e+04
   2.4000000e+01   3.4529301e+04
   2.5000000e+01   3.4560922e+04
   2.6000000e+01   3.4593938e+04
   2.7000000e+01   3.4628324e+04
   2.8000000e+01   3.4664082e+04
   2.9000000e+01   3.4701195e+04
   3.0000000e+01   3.4739652e+04
   3.1000000e+01   3.4758551e+04
   3.2000000e+01   3.4779094e+04
   3.3000000e+01   3.4801270e+04
   3.4000000e+01   3.4825066e+04
   3.5000000e+01   3.4850484e+04
   3.6000000e+01   3.4877492e+04
   3.7000000e+01   3.4906098e+04
   3.8000000e+01   3.4936285e+04
   3.9000000e+01   3.4968039e+04
   4.0000000e+01   3.5001344e+04
   4.1000000e+01   3.5036191e+04
   4.2000000e+01   3.5072555e+04
   4.3000000e+01   3.5110430e+04
   4.4000000e+01   3.5149797e+04
   4.5000000e+01   3.5190645e+04
   4.6000000e+01   3.5232945e+04
   4.7000000e+01   3.5276695e+04
   4.8000000e+01   3.5321867e+04
   4.9000000e+01   3.5368449e+04
   5.0000000e+01   3.5416422e+04
   5.1000000e+01   3.5465766e+04
   5.2000000e+01   3.5516461e+04
   5.3000000e+01   3.5568488e+04
   5.4000000e+01   3.5621824e+04
   5.5000000e+01   3.5676453e+04
   5.6000000e+01   3.5732352e+04
   5.7000000e+01   3.5789504e+04
   5.8000000e+01   3.5847879e+04
   5.9000000e+01   3.5907457e+04
   6.0000000e+01   3.5968219e+04
   6.1000000e+01   3.6011891e+04
   6.2000000e+01   3.6056652e+04
   6.3000000e+01   3.6102465e+04
   6.4000000e+01   3.6149309e+04
   6.5000000e+01   3.6197152e+04
   6.6000000e+01   3.6245977e+04
   6.7000000e+01   3.6295754e+04
   6.8000000e+01   3.6346457e+04
   6.9000000e+01   3.6398059e+04
   7.0000000e+01   3.6450531e+04
   7.1000000e+01   3.6503852e+04
   7.2000000e+01   3.6557926e+04
   7.3000000e+01   3.6612785e+04
   7.4000000e+01   3.6668418e+04
   7.5000000e+01   3.6724797e+04
   7.6000000e+01   3.6781891e+04
   7.7000000e+01   3.6839676e+04
   7.8000000e+01   3.6898121e+04
   7.9000000e+01   3.6957195e+04
   8.0000000e+01   3.7016867e+04
   8.1000000e+01   3.7077113e+04
   8.2000000e+01   3.7137895e+04
   8.3000000e+01   3.7199188e+04
   8.4000000e+01   3.7260957e+04
   8.5000000e+01   3.7323176e+04
   8.6000000e+01   3.7385816e+04
   8.7000000e+01   3.7448840e+04
   8.8000000e+01   3.7512219e+04
   8.9000000e+01   3.7575930e+04
   9.0000000e+01   3.7639938e+04
   9.1000000e+01   3.7724176e+04
   9.2000000e+01   3.7809004e+04
   9.3000000e+01   3.7894020e+04
   9.4000000e+01   3.7979094e+04
   9.5000000e+01   3.8064215e+04
   9.6000000e+01   3.8149277e+04
   9.7000000e+01   3.8234258e+04
   9.8000000e+01   3.8319129e+04
   9.9000000e+01   3.8403855e+04
   1.0000000e+02   3.8488422e+04
   1.0100000e+02   3.8572793e+04
   1.0200000e+02   3.8656941e+04
   1.0300000e+02   3.8740840e+04
   1.0400000e+02   3.8824465e+04
   1.0500000e+02   3.8907789e+04
   1.0600000e+02   3.8990781e+04
   1.0700000e+02   3.9073418e+04
   1.0800000e+02   3.9155668e+04
   1.0900000e+02   3.9237508e+04
   1.1000000e+02   3.9318918e+04
   1.1100000e+02   3.9399859e+04
   1.1200000e+02   3.9480313e+04
   1.1300000e+02   3.9560250e+04
   1.1400000e+02   3.9639648e+04
   1.1500000e+02   3.9718477e+04
   1.1600000e+02   3.9796715e+04
   1.1700000e+02   3.9874336e+04
   1.1800000e+02   3.9951309e+04
   1.1900000e+02   4.0027621e+04
   1.2000000e+02   4.0103238e+04
   1.2100000e+02   4.0176156e+04
   1.2200000e+02   4.0248281e+04
   1.2300000e+02   4.0319578e+04
   1.2400000e+02   4.0390031e+04
   1.2500000e+02   4.0459613e+04
   1.2600000e+02   4.0528309e+04
   1.2700000e+02   4.0596086e+04
   1.2800000e+02   4.0662930e+04
   1.2900000e+02   4.0728816e+04
   1.3000000e+02   4.0793723e+04
   1.3100000e+02   4.0857629e+04
   1.3200000e+02   4.0920512e+04
   1.3300000e+02   4.0982359e+04
   1.3400000e+02   4.1043141e+04
   1.3500000e+02   4.1102840e+04
   1.3600000e+02   4.1161441e+04
   1.3700000e+02   4.1218918e+04
   1.3800000e+02   4.1275262e+04
   1.3900000e+02   4.1330445e+04
   1.4000000e+02   4.1384449e+04
   1.4100000e+02   4.1437262e+04
   1.4200000e+02   4.1488863e+04
   1.4300000e+02   4.1539234e+04
   1.4400000e+02   4.1588359e+04
   1.4500000e+02   4.1636223e+04
   1.4600000e+02   4.1682809e+04
   1.4700000e+02   4.1728102e+04
   1.4800000e+02   4.1772082e+04
   1.4900000e+02   4.1814746e+04
   1.5000000e+02   4.1856066e+04
   1.5100000e+02   4.1892008e+04
   1.5200000e+02   4.1926594e+04
   1.5300000e+02   4.1959813e+04
   1.5400000e+02   4.1991656e+04
   1.5500000e+02   4.2022102e+04
   1.5600000e+02   4.2051148e+04
   1.5700000e+02   4.2078777e+04
   1.5800000e+02   4.2104988e+04
   1.5900000e+02   4.2129758e+04
   1.6000000e+02   4.2153082e+04
   1.6100000e+02   4.2174945e+04
   1.6200000e+02   4.2195344e+04
   1.6300000e+02   4.2214266e+04
   1.6400000e+02   4.2231703e+04
   1.6500000e+02   4.2247648e+04
   1.6600000e+02   4.2262094e+04
   1.6700000e+02   4.2275035e+04
   1.6800000e+02   4.2286461e+04
   1.6900000e+02   4.2296371e+04
   1.7000000e+02   4.2304758e+04
   1.7100000e+02   4.2311609e+04
   1.7200000e+02   4.2316934e+04
   1.7300000e+02   4.2320715e+04
   1.7400000e+02   4.2322957e+04
   1.7500000e+02   4.2323656e+04
   1.7600000e+02   4.2322813e+04
   1.7700000e+02   4.2320410e+04
   1.7800000e+02   4.2316465e+04
   1.7900000e+02   4.2310965e+04
   1.8000000e+02   4.2303914e+04
   1.8100000e+02   4.2290746e+04
   1.8200000e+02   4.2276055e+04
   1.8300000e+02   4.2259836e+04
   1.8400000e+02   4.2242090e+04
   1.8500000e+02   4.2222813e+04
   1.8600000e+02   4.2202008e+04
   1.8700000e+02   4.2179684e+04
   1.8800000e+02   4.2155832e+04
   1.8900000e+02   4.2130465e+04
   1.9000000e+02   4.2103578e+04
   1.9100000e+02   4.2075176e+04
   1.9200000e+02   4.2045266e+04
   1.9300000e+02   4.2013852e+04
   1.9400000e+02   4.1980938e+04
   1.9500000e+02   4.1946531e+04
   1.9600000e+02   4.1910641e+04
   1.9700000e+02   4.1873266e+04
   1.9800000e+02   4.1834422e+04
   1.9900000e+02   4.1794109e+04
   2.0000000e+02   4.1752340e+04
   2.0100000e+02   4.1709121e+04
   2.0200000e+02   4.1664473e+04
   2.0300000e+02   4.1618387e+04
   2.0400000e+02   4.1570883e+04
   2.0500000e+02   4.1521977e+04
   2.0600000e+02   4.1471672e+04
   2.0700000e+02   4.1419980e+04
   2.0800000e+02   4.1366914e+04
   2.0900000e+02   4.1312488e+04
   2.1000000e+02   4.1256715e+04
   2.1100000e+02   4.1216844e+04
   2.1200000e+02   4.1175539e+04
   2.1300000e+02   4.1132809e+04
   2.1400000e+02   4.1088668e+04
   2.1500000e+02   4.1043133e+04
   2.1600000e+02   4.0996219e+04
   2.1700000e+02   4.0947949e+04
   2.1800000e+02   4.0898332e+04
   2.1900000e+02   4.0847395e+04
   2.2000000e+02   4.0795145e+04
   2.2100000e+02   4.0742523e+04
   2.2200000e+02   4.0688828e+04
   2.2300000e+02   4.0634039e+04
   2.2400000e+02   4.0578176e+04
   2.2500000e+02   4.0521258e+04
   2.2600000e+02   4.0463297e+04
   2.2700000e+02   4.0404316e+04
   2.2800000e+02   4.0344336e+04
   2.2900000e+02   4.0283371e+04
   2.3000000e+02   4.0221441e+04
   2.3100000e+02   4.0158566e+04
   2.3200000e+02   4.0094773e+04
   2.3300000e+02   4.0030070e+04
   2.3400000e+02   3.9964488e+04
   2.3500000e+02   3.9898047e+04
   2.3600000e+02   3.9830762e+04
   2.3700000e+02   3.9762660e+04
   2.3800000e+02   3.9693762e+04
   2.3900000e+02   3.9624090e+04
   2.4000000e+02   3.9553664e+04
   2.4100000e+02   3.9516156e+04
   2.4200000e+02   3.9477965e+04
   2.4300000e+02   3.9439113e+04
   2.4400000e+02   3.9399637e+04
   2.4500000e+02   3.9359555e+04
   2.4600000e+02   3.9318898e+04
   2.4700000e+02   3.9277695e+04
   2.4800000e+02   3.9235973e+04
   2.4900000e+02   3.9193754e+04
   2.5000000e+02   3.9151070e+04
   2.5100000e+02   3.9107945e+04
   2.5200000e+02   3.9064414e+04
   2.5300000e+02   3.9020500e+04
   2.5400000e+02   3.8976230e+04
   2.5500000e+02   3.8931633e+04
   2.5600000e+02   3.8886742e+04
   2.5700000e+02   3.8841578e+04
   2.5800000e+02   3.8796176e+04
   2.5900000e+02   3.8750555e+04
   2.6000000e+02   3.8704750e+04
   2.6100000e+02   3.8658789e+04
   2.6200000e+02   3.8612703e+04
   2.6300000e+02   3.8566512e+04
   2.6400000e+02   3.8520254e+04
   2.6500000e+02   3.8473949e+04
   2.6600000e+02   3.8427629e+04
   2.6700000e+02   3.8381324e+04
   2.6800000e+02   3.8335063e+04
   2.6900000e+02   3.8288867e+04
   2.7000000e+02   3.8242770e+04
   2.7100000e+02   3.8183945e+04
   2.7200000e+02   3.8125465e+04
   2.7300000e+02   3.8067348e+04
   2.7400000e+02   3.8009629e+04
   2.7500000e+02   3.7952344e+04
   2.7600000e+02   3.7895516e+04
   2.7700000e+02   3.7839172e+04
   2.7800000e+02   3.7783340e+04
   2.7900000e+02   3.7728043e+04
   2.8000000e+02   3.7673316e+04
   2.8100000e+02   3.7619180e+04
   2.8200000e+02   3.7565660e+04
   2.8300000e+02   3.7512785e+04
   2.8400000e+02   3.7460578e+04
   2.8500000e+02   3.7409070e+04
   2.8600000e+02   3.7358277e+04
   2.8700000e+02   3.7308238e+04
   2.8800000e+02   3.7258969e+04
   2.8900000e+02   3.7210492e+04
   2.9000000e+02   3.7162840e+04
   2.9100000e+02   3.7116031e+04
   2.9200000e+02   3.7070094e+04
   2.9300000e+02   3.7025047e+04
   2.9400000e+02   3.6980918e+04
   2.9500000e+02   3.6937727e+04
   2.9600000e+02   3.6895492e+04
   2.9700000e+02   3.6854246e+04
   2.9800000e+02   3.6814004e+04
   2.9900000e+02   3.6774793e+04
   3.0000000e+02   3.6736629e+04
   3.0100000e+02   3.6660039e+04
   3.0200000e+02   3.6584238e+04
   3.0300000e+02   3.6509258e+04
   3.0400000e+02   3.6435117e+04
   3.0500000e+02   3.6361840e+04
   3.0600000e+02   3.6289441e+04
   3.0700000e+02   3.6217949e+04
   3.0800000e+02   3.6147402e+04
   3.0900000e+02   3.6077816e+04
   3.1000000e+02   3.6009203e+04
   3.1100000e+02   3.5941574e+04
   3.1200000e+02   3.5874949e+04
   3.1300000e+02   3.5809355e+04
   3.1400000e+02   3.5744801e+04
   3.1500000e+02   3.5681309e+04
   3.1600000e+02   3.5618902e+04
   3.1700000e+02   3.5557594e+04
   3.1800000e+02   3.5497402e+04
   3.1900000e+02   3.5438348e+04
   3.2000000e+02   3.5380441e+04
   3.2100000e+02   3.5323707e+04
   3.2200000e+02   3.5268156e+04
   3.2300000e+02   3.5213805e+04
   3.2400000e+02   3.5160668e+04
   3.2500000e+02   3.5108770e+04
   3.2600000e+02   3.5058109e+04
   3.2700000e+02   3.5008715e+04
   3.2800000e+02   3.4960594e+04
   3.2900000e+02   3.4913770e+04
   3.3000000e+02   3.4868246e+04
   3.3100000e+02   3.4822762e+04
   3.3200000e+02   3.4778574e+04
   3.3300000e+02   3.4735707e+04
   3.3400000e+02   3.4694168e+04
   3.3500000e+02   3.4653961e+04
   3.3600000e+02   3.4615105e+04
   3.3700000e+02   3.4577609e+04
   3.3800000e+02   3.4541484e+04
   3.3900000e+02   3.4506734e+04
   3.4000000e+02   3.4473375e+04
   3.4100000e+02   3.4441414e+04
   3.4200000e+02   3.4410863e+04
   3.4300000e+02   3.4381723e+04
   3.4400000e+02   3.4354008e+04
   3.4500000e+02   3.4327723e+04
   3.4600000e+02   3.4302875e+04
   3.4700000e+02   3.4279473e+04
   3.4800000e+02   3.4257516e+04
   3.4900000e+02   3.4237023e+04
   3.5000000e+02   3.4217988e+04
   3.5100000e+02   3.4200422e+04
   3.5200000e+02   3.4184324e+04
   3.5300000e+02   3.4169699e+04
   3.5400000e+02   3.4156559e+04
   3.5500000e+02   3.4144895e+04
   3.5600000e+02   3.4134719e+04
   3.5700000e+02   3.4126023e+04
   3.5800000e+02   3.4118824e+04
   3.5900000e+02   3.4113113e+04
   1.4226848e-06   3.4108895e+04
