   0.0000000e+00   8.0053310e+00
   1.0000000e+00   8.0053310e+00
   2.0000000e+00   7.9915895e+00
   3.0000000e+00   7.9773517e+00
   4.0000000e+00   7.9625511e+00
   5.0000000e+00   7.9471922e+00
   6.0000000e+00   7.9312778e+00
   7.0000000e+00   7.9148130e+00
   8.0000000e+00   7.8978024e+00
   9.0000000e+00   7.8802495e+00
   1.0000000e+01   7.8621602e+00
   1.1000000e+01   7.8435402e+00
   1.2000000e+01   7.8243933e+00
   1.3000000e+01   7.8047256e+00
   1.4000000e+01   7.7845435e+00
   1.5000000e+01   7.7638531e+00
   1.6000000e+01   7.7426605e+00
   1.7000000e+01   7.7209725e+00
   1.8000000e+01   7.6987953e+00
   1.9000000e+01   7.6761370e+00
   2.0000000e+01   7.6530037e+00
   2.1000000e+01   7.6294031e+00
   2.2000000e+01   7.6053433e+00
   2.3000000e+01   7.5808315e+00
   2.4000000e+01   7.5558763e+00
   2.5000000e+01   7.5304852e+00
   2.6000000e+01   7.5046663e+00
   2.7000000e+01   7.4784288e+00
   2.8000000e+01   7.4517808e+00
   2.9000000e+01   7.4247313e+00
   3.0000000e+01   7.3972893e+00
   3.1000000e+01   7.3687019e+00
   3.2000000e+01   7.3397117e+00
   3.3000000e+01   7.3103280e+00
   3.4000000e+01   7.2805610e+00
   3.5000000e+01   7.2504210e+00
   3.6000000e+01   7.2199202e+00
   3.7000000e+01   7.1890674e+00
   3.8000000e+01   7.1578732e+00
   3.9000000e+01   7.1263490e+00
   4.0000000e+01   7.0945044e+00
   4.1000000e+01   7.0623512e+00
   4.2000000e+01   7.0298986e+00
   4.3000000e+01   6.9971585e+00
   4.4000000e+01   6.9641414e+00
   4.5000000e+01   6.9308586e+00
   4.6000000e+01   6.8973193e+00
   4.7000000e+01   6.8635354e+00
   4.8000000e+01   6.8295178e+00
   4.9000000e+01   6.7952762e+00
   5.0000000e+01   6.7608228e+00
   5.1000000e+01   6.7261667e+00
   5.2000000e+01   6.6913199e+00
   5.3000000e+01   6.6562924e+00
   5.4000000e+01   6.6210942e+00
   5.5000000e+01   6.5857363e+00
   5.6000000e+01   6.5502295e+00
   5.7000000e+01   6.5145836e+00
   5.8000000e+01   6.4788084e+00
   5.9000000e+01   6.4429154e+00
   6.0000000e+01   6.4069138e+00
   6.1000000e+01   6.3710885e+00
   6.2000000e+01   6.3351841e+00
   6.3000000e+01   6.2992105e+00
   6.4000000e+01   6.2631774e+00
   6.5000000e+01   6.2270937e+00
   6.6000000e+01   6.1909704e+00
   6.7000000e+01   6.1548152e+00
   6.8000000e+01   6.1186380e+00
   6.9000000e+01   6.0824480e+00
   7.0000000e+01   6.0462546e+00
   7.1000000e+01   6.0100660e+00
   7.2000000e+01   5.9738917e+00
   7.3000000e+01   5.9377394e+00
   7.4000000e+01   5.9016185e+00
   7.5000000e+01   5.8655362e+00
   7.6000000e+01   5.8295016e+00
   7.7000000e+01   5.7935233e+00
   7.8000000e+01   5.7576079e+00
   7.9000000e+01   5.7217641e+00
   8.0000000e+01   5.6859994e+00
   8.1000000e+01   5.6503210e+00
   8.2000000e+01   5.6147375e+00
   8.3000000e+01   5.5792546e+00
   8.4000000e+01   5.5438800e+00
   8.5000000e+01   5.5086207e+00
   8.6000000e+01   5.4734836e+00
   8.7000000e+01   5.4384751e+00
   8.8000000e+01   5.4036016e+00
   8.9000000e+01   5.3688698e+00
   9.0000000e+01   5.3342862e+00
   9.1000000e+01   5.3019609e+00
   9.2000000e+01   5.2698193e+00
   9.3000000e+01   5.2378669e+00
   9.4000000e+01   5.2061081e+00
   9.5000000e+01   5.1745491e+00
   9.6000000e+01   5.1431942e+00
   9.7000000e+01   5.1120491e+00
   9.8000000e+01   5.0811176e+00
   9.9000000e+01   5.0504055e+00
   1.0000000e+02   5.0199165e+00
   1.0100000e+02   4.9896555e+00
   1.0200000e+02   4.9596267e+00
   1.0300000e+02   4.9298339e+00
   1.0400000e+02   4.9002810e+00
   1.0500000e+02   4.8709726e+00
   1.0600000e+02   4.8419127e+00
   1.0700000e+02   4.8131037e+00
   1.0800000e+02   4.7845502e+00
   1.0900000e+02   4.7562556e+00
   1.1000000e+02   4.7282224e+00
   1.1100000e+02   4.7004547e+00
   1.1200000e+02   4.6729555e+00
   1.1300000e+02   4.6457276e+00
   1.1400000e+02   4.6187735e+00
   1.1500000e+02   4.5920963e+00
   1.1600000e+02   4.5656991e+00
   1.1700000e+02   4.5395842e+00
   1.1800000e+02   4.5137534e+00
   1.1900000e+02   4.4882102e+00
   1.2000000e+02   4.4629560e+00
   1.2100000e+02   4.4412622e+00
   1.2200000e+02   4.4198732e+00
   1.2300000e+02   4.3987894e+00
   1.2400000e+02   4.3780127e+00
   1.2500000e+02   4.3575444e+00
   1.2600000e+02   4.3373857e+00
   1.2700000e+02   4.3175378e+00
   1.2800000e+02   4.2980027e+00
   1.2900000e+02   4.2787800e+00
   1.3000000e+02   4.2598715e+00
   1.3100000e+02   4.2412791e+00
   1.3200000e+02   4.2230020e+00
   1.3300000e+02   4.2050428e+00
   1.3400000e+02   4.1874008e+00
   1.3500000e+02   4.1700783e+00
   1.3600000e+02   4.1530743e+00
   1.3700000e+02   4.1363912e+00
   1.3800000e+02   4.1200280e+00
   1.3900000e+02   4.1039867e+00
   1.4000000e+02   4.0882673e+00
   1.4100000e+02   4.0728698e+00
   1.4200000e+02   4.0577950e+00
   1.4300000e+02   4.0430441e+00
   1.4400000e+02   4.0286160e+00
   1.4500000e+02   4.0145121e+00
   1.4600000e+02   4.0007319e+00
   1.4700000e+02   3.9872768e+00
   1.4800000e+02   3.9741457e+00
   1.4900000e+02   3.9613395e+00
   1.5000000e+02   3.9488580e+00
   1.5100000e+02   3.9394553e+00
   1.5200000e+02   3.9303846e+00
   1.5300000e+02   3.9216464e+00
   1.5400000e+02   3.9132402e+00
   1.5500000e+02   3.9051661e+00
   1.5600000e+02   3.8974271e+00
   1.5700000e+02   3.8900232e+00
   1.5800000e+02   3.8829529e+00
   1.5900000e+02   3.8762157e+00
   1.6000000e+02   3.8698115e+00
   1.6100000e+02   3.8637404e+00
   1.6200000e+02   3.8580017e+00
   1.6300000e+02   3.8525975e+00
   1.6400000e+02   3.8475261e+00
   1.6500000e+02   3.8427875e+00
   1.6600000e+02   3.8383820e+00
   1.6700000e+02   3.8343103e+00
   1.6800000e+02   3.8305707e+00
   1.6900000e+02   3.8271627e+00
   1.7000000e+02   3.8240855e+00
   1.7100000e+02   3.8213396e+00
   1.7200000e+02   3.8189237e+00
   1.7300000e+02   3.8168378e+00
   1.7400000e+02   3.8150814e+00
   1.7500000e+02   3.8136539e+00
   1.7600000e+02   3.8125548e+00
   1.7700000e+02   3.8117836e+00
   1.7800000e+02   3.8113396e+00
   1.7900000e+02   3.8112223e+00
   1.8000000e+02   3.8114314e+00
   1.8100000e+02   3.8135226e+00
   1.8200000e+02   3.8159411e+00
   1.8300000e+02   3.8186867e+00
   1.8400000e+02   3.8217585e+00
   1.8500000e+02   3.8251557e+00
   1.8600000e+02   3.8288777e+00
   1.8700000e+02   3.8329237e+00
   1.8800000e+02   3.8372927e+00
   1.8900000e+02   3.8419840e+00
   1.9000000e+02   3.8469973e+00
   1.9100000e+02   3.8523309e+00
   1.9200000e+02   3.8579848e+00
   1.9300000e+02   3.8639574e+00
   1.9400000e+02   3.8702483e+00
   1.9500000e+02   3.8768566e+00
   1.9600000e+02   3.8837810e+00
   1.9700000e+02   3.8910205e+00
   1.9800000e+02   3.8985748e+00
   1.9900000e+02   3.9064424e+00
   2.0000000e+02   3.9146223e+00
   2.0100000e+02   3.9231133e+00
   2.0200000e+02   3.9319148e+00
   2.0300000e+02   3.9410253e+00
   2.0400000e+02   3.9504435e+00
   2.0500000e+02   3.9601684e+00
   2.0600000e+02   3.9701991e+00
   2.0700000e+02   3.9805341e+00
   2.0800000e+02   3.9911721e+00
   2.0900000e+02   4.0021114e+00
   2.1000000e+02   4.0133519e+00
   2.1100000e+02   4.0250301e+00
   2.1200000e+02   4.0370126e+00
   2.1300000e+02   4.0492969e+00
   2.1400000e+02   4.0618820e+00
   2.1500000e+02   4.0747676e+00
   2.1600000e+02   4.0879512e+00
   2.1700000e+02   4.1014309e+00
   2.1800000e+02   4.1152062e+00
   2.1900000e+02   4.1292753e+00
   2.2000000e+02   4.1436357e+00
   2.2100000e+02   4.1582870e+00
   2.2200000e+02   4.1732268e+00
   2.2300000e+02   4.1884532e+00
   2.2400000e+02   4.2039647e+00
   2.2500000e+02   4.2197595e+00
   2.2600000e+02   4.2358346e+00
   2.2700000e+02   4.2521896e+00
   2.2800000e+02   4.2688212e+00
   2.2900000e+02   4.2857275e+00
   2.3000000e+02   4.3029065e+00
   2.3100000e+02   4.3203564e+00
   2.3200000e+02   4.3380742e+00
   2.3300000e+02   4.3560576e+00
   2.3400000e+02   4.3743043e+00
   2.3500000e+02   4.3928123e+00
   2.3600000e+02   4.4115777e+00
   2.3700000e+02   4.4305992e+00
   2.3800000e+02   4.4498730e+00
   2.3900000e+02   4.4693971e+00
   2.4000000e+02   4.4891682e+00
   2.4100000e+02   4.5080442e+00
   2.4200000e+02   4.5271554e+00
   2.4300000e+02   4.5464978e+00
   2.4400000e+02   4.5660682e+00
   2.4500000e+02   4.5858636e+00
   2.4600000e+02   4.6058803e+00
   2.4700000e+02   4.6261144e+00
   2.4800000e+02   4.6465626e+00
   2.4900000e+02   4.6672215e+00
   2.5000000e+02   4.6880865e+00
   2.5100000e+02   4.7091546e+00
   2.5200000e+02   4.7304211e+00
   2.5300000e+02   4.7518826e+00
   2.5400000e+02   4.7735343e+00
   2.5500000e+02   4.7953720e+00
   2.5600000e+02   4.8173914e+00
   2.5700000e+02   4.8395886e+00
   2.5800000e+02   4.8619585e+00
   2.5900000e+02   4.8844967e+00
   2.6000000e+02   4.9071980e+00
   2.6100000e+02   4.9300575e+00
   2.6200000e+02   4.9530711e+00
   2.6300000e+02   4.9762335e+00
   2.6400000e+02   4.9995389e+00
   2.6500000e+02   5.0229831e+00
   2.6600000e+02   5.0465593e+00
   2.6700000e+02   5.0702629e+00
   2.6800000e+02   5.0940890e+00
   2.6900000e+02   5.1180305e+00
   2.7000000e+02   5.1420832e+00
   2.7100000e+02   5.1639185e+00
   2.7200000e+02   5.1858435e+00
   2.7300000e+02   5.2078519e+00
   2.7400000e+02   5.2299376e+00
   2.7500000e+02   5.2520943e+00
   2.7600000e+02   5.2743158e+00
   2.7700000e+02   5.2965951e+00
   2.7800000e+02   5.3189268e+00
   2.7900000e+02   5.3413043e+00
   2.8000000e+02   5.3637195e+00
   2.8100000e+02   5.3861666e+00
   2.8200000e+02   5.4086385e+00
   2.8300000e+02   5.4311285e+00
   2.8400000e+02   5.4536295e+00
   2.8500000e+02   5.4761343e+00
   2.8600000e+02   5.4986353e+00
   2.8700000e+02   5.5211258e+00
   2.8800000e+02   5.5435982e+00
   2.8900000e+02   5.5660448e+00
   2.9000000e+02   5.5884585e+00
   2.9100000e+02   5.6108322e+00
   2.9200000e+02   5.6331573e+00
   2.9300000e+02   5.6554260e+00
   2.9400000e+02   5.6776314e+00
   2.9500000e+02   5.6997652e+00
   2.9600000e+02   5.7218194e+00
   2.9700000e+02   5.7437863e+00
   2.9800000e+02   5.7656579e+00
   2.9900000e+02   5.7874265e+00
   3.0000000e+02   5.8090835e+00
   3.0100000e+02   5.8274994e+00
   3.0200000e+02   5.8457718e+00
   3.0300000e+02   5.8638930e+00
   3.0400000e+02   5.8818545e+00
   3.0500000e+02   5.8996487e+00
   3.0600000e+02   5.9172673e+00
   3.0700000e+02   5.9347024e+00
   3.0800000e+02   5.9519458e+00
   3.0900000e+02   5.9689898e+00
   3.1000000e+02   5.9858265e+00
   3.1100000e+02   6.0024471e+00
   3.1200000e+02   6.0188451e+00
   3.1300000e+02   6.0350118e+00
   3.1400000e+02   6.0509391e+00
   3.1500000e+02   6.0666194e+00
   3.1600000e+02   6.0820460e+00
   3.1700000e+02   6.0972095e+00
   3.1800000e+02   6.1121030e+00
   3.1900000e+02   6.1267195e+00
   3.2000000e+02   6.1410508e+00
   3.2100000e+02   6.1550903e+00
   3.2200000e+02   6.1688299e+00
   3.2300000e+02   6.1822624e+00
   3.2400000e+02   6.1953812e+00
   3.2500000e+02   6.2081790e+00
   3.2600000e+02   6.2206492e+00
   3.2700000e+02   6.2327852e+00
   3.2800000e+02   6.2445793e+00
   3.2900000e+02   6.2560263e+00
   3.3000000e+02   6.2671189e+00
   3.3100000e+02   6.2740369e+00
   3.3200000e+02   6.2805758e+00
   3.3300000e+02   6.2867298e+00
   3.3400000e+02   6.2924938e+00
   3.3500000e+02   6.2978630e+00
   3.3600000e+02   6.3028316e+00
   3.3700000e+02   6.3073955e+00
   3.3800000e+02   6.3115497e+00
   3.3900000e+02   6.3152905e+00
   3.4000000e+02   6.3186121e+00
   3.4100000e+02   6.3215122e+00
   3.4200000e+02   6.3239856e+00
   3.4300000e+02   6.3260303e+00
   3.4400000e+02   6.3276415e+00
   3.4500000e+02   6.3288169e+00
   3.4600000e+02   6.3295527e+00
   3.4700000e+02   6.3298473e+00
   3.4800000e+02   6.3296976e+00
   3.4900000e+02   6.3291011e+00
   3.5000000e+02   6.3280563e+00
   3.5100000e+02   6.3265610e+00
   3.5200000e+02   6.3246145e+00
   3.5300000e+02   6.3222146e+00
   3.5400000e+02   6.3193603e+00
   3.5500000e+02   6.3160515e+00
   3.5600000e+02   6.3122873e+00
   3.5700000e+02   6.3080673e+00
   3.5800000e+02   6.3033915e+00
   3.5900000e+02   6.2982602e+00
   2.6219766e-08   6.2926736e+00
