   0.0000000e+00   0.0000000e+00
   1.0000000e+00   8.3109066e-05
   2.0000000e+00   1.0538183e-03
   3.0000000e+00   2.0286874e-03
   4.0000000e+00   3.0072900e-03
   5.0000000e+00   3.9895461e-03
   6.0000000e+00   4.9753767e-03
   7.0000000e+00   5.9647015e-03
   8.0000000e+00   6.9574425e-03
   9.0000000e+00   7.9535227e-03
   1.0000000e+01   8.9528644e-03
   1.1000000e+01   9.9553969e-03
   1.2000000e+01   1.0961049e-02
   1.3000000e+01   1.1969748e-02
   1.4000000e+01   1.2981420e-02
   1.5000000e+01   1.3995997e-02
   1.6000000e+01   1.5013409e-02
   1.7000000e+01   1.6033588e-02
   1.8000000e+01   1.7056473e-02
   1.9000000e+01   1.8081995e-02
   2.0000000e+01   1.9110087e-02
   2.1000000e+01   2.0140687e-02
   2.2000000e+01   2.1173732e-02
   2.3000000e+01   2.2209160e-02
   2.4000000e+01   2.3246909e-02
   2.5000000e+01   2.4286916e-02
   2.6000000e+01   2.5329122e-02
   2.7000000e+01   2.6373468e-02
   2.8000000e+01   2.7419899e-02
   2.9000000e+01   2.8468354e-02
   3.0000000e+01   2.9518776e-02
   3.1000000e+01   3.0618614e-02
   3.2000000e+01   3.1722896e-02
   3.3000000e+01   3.2831509e-02
   3.4000000e+01   3.3944350e-02
   3.5000000e+01   3.5061311e-02
   3.6000000e+01   3.6182281e-02
   3.7000000e+01   3.7307154e-02
   3.8000000e+01   3.8435813e-02
   3.9000000e+01   3.9568163e-02
   4.0000000e+01   4.0704105e-02
   4.1000000e+01   4.1843530e-02
   4.2000000e+01   4.2986345e-02
   4.3000000e+01   4.4132445e-02
   4.4000000e+01   4.5281734e-02
   4.5000000e+01   4.6434116e-02
   4.6000000e+01   4.7589503e-02
   4.7000000e+01   4.8747797e-02
   4.8000000e+01   4.9908910e-02
   4.9000000e+01   5.1072750e-02
   5.0000000e+01   5.2239224e-02
   5.1000000e+01   5.3408246e-02
   5.2000000e+01   5.4579735e-02
   5.3000000e+01   5.5753600e-02
   5.4000000e+01   5.6929775e-02
   5.5000000e+01   5.8108166e-02
   5.6000000e+01   5.9288703e-02
   5.7000000e+01   6.0471304e-02
   5.8000000e+01   6.1655883e-02
   5.9000000e+01   6.2842369e-02
   6.0000000e+01   6.4030692e-02
   6.1000000e+01   6.5194391e-02
   6.2000000e+01   6.6358954e-02
   6.3000000e+01   6.7524306e-02
   6.4000000e+01   6.8690367e-02
   6.5000000e+01   6.9857061e-02
   6.6000000e+01   7.1024343e-02
   6.7000000e+01   7.2192132e-02
   6.8000000e+01   7.3360369e-02
   6.9000000e+01   7.4528985e-02
   7.0000000e+01   7.5697914e-02
   7.1000000e+01   7.6867096e-02
   7.2000000e+01   7.8036472e-02
   7.3000000e+01   7.9205982e-02
   7.4000000e+01   8.0375575e-02
   7.5000000e+01   8.1545182e-02
   7.6000000e+01   8.2714759e-02
   7.7000000e+01   8.3884247e-02
   7.8000000e+01   8.5053593e-02
   7.9000000e+01   8.6222738e-02
   8.0000000e+01   8.7391630e-02
   8.1000000e+01   8.8560224e-02
   8.2000000e+01   8.9728467e-02
   8.3000000e+01   9.0896308e-02
   8.4000000e+01   9.2063703e-02
   8.5000000e+01   9.3230605e-02
   8.6000000e+01   9.4396979e-02
   8.7000000e+01   9.5562764e-02
   8.8000000e+01   9.6727930e-02
   8.9000000e+01   9.7892433e-02
   9.0000000e+01   9.9056229e-02
   9.1000000e+01   1.0003614e-01
   9.2000000e+01   1.0101252e-01
   9.3000000e+01   1.0198533e-01
   9.4000000e+01   1.0295454e-01
   9.5000000e+01   1.0392015e-01
   9.6000000e+01   1.0488212e-01
   9.7000000e+01   1.0584045e-01
   9.8000000e+01   1.0679511e-01
   9.9000000e+01   1.0774609e-01
   1.0000000e+02   1.0869336e-01
   1.0100000e+02   1.0963693e-01
   1.0200000e+02   1.1057675e-01
   1.0300000e+02   1.1151282e-01
   1.0400000e+02   1.1244515e-01
   1.0500000e+02   1.1337370e-01
   1.0600000e+02   1.1429846e-01
   1.0700000e+02   1.1521941e-01
   1.0800000e+02   1.1613657e-01
   1.0900000e+02   1.1704990e-01
   1.1000000e+02   1.1795940e-01
   1.1100000e+02   1.1886507e-01
   1.1200000e+02   1.1976688e-01
   1.1300000e+02   1.2066485e-01
   1.1400000e+02   1.2155895e-01
   1.1500000e+02   1.2244918e-01
   1.1600000e+02   1.2333553e-01
   1.1700000e+02   1.2421802e-01
   1.1800000e+02   1.2509662e-01
   1.1900000e+02   1.2597132e-01
   1.2000000e+02   1.2684214e-01
   1.2100000e+02   1.2740885e-01
   1.2200000e+02   1.2796964e-01
   1.2300000e+02   1.2852459e-01
   1.2400000e+02   1.2907374e-01
   1.2500000e+02   1.2961714e-01
   1.2600000e+02   1.3015485e-01
   1.2700000e+02   1.3068694e-01
   1.2800000e+02   1.3121344e-01
   1.2900000e+02   1.3173443e-01
   1.3000000e+02   1.3224995e-01
   1.3100000e+02   1.3276005e-01
   1.3200000e+02   1.3326481e-01
   1.3300000e+02   1.3376422e-01
   1.3400000e+02   1.3425840e-01
   1.3500000e+02   1.3474736e-01
   1.3600000e+02   1.3523117e-01
   1.3700000e+02   1.3570987e-01
   1.3800000e+02   1.3618352e-01
   1.3900000e+02   1.3665214e-01
   1.4000000e+02   1.3711582e-01
   1.4100000e+02   1.3757460e-01
   1.4200000e+02   1.3802850e-01
   1.4300000e+02   1.3847759e-01
   1.4400000e+02   1.3892192e-01
   1.4500000e+02   1.3936152e-01
   1.4600000e+02   1.3979644e-01
   1.4700000e+02   1.4022674e-01
   1.4800000e+02   1.4065245e-01
   1.4900000e+02   1.4107361e-01
   1.5000000e+02   1.4149028e-01
   1.5100000e+02   1.4164022e-01
   1.5200000e+02   1.4178459e-01
   1.5300000e+02   1.4192344e-01
   1.5400000e+02   1.4205687e-01
   1.5500000e+02   1.4218488e-01
   1.5600000e+02   1.4230759e-01
   1.5700000e+02   1.4242496e-01
   1.5800000e+02   1.4253695e-01
   1.5900000e+02   1.4264368e-01
   1.6000000e+02   1.4274517e-01
   1.6100000e+02   1.4284150e-01
   1.6200000e+02   1.4293273e-01
   1.6300000e+02   1.4301890e-01
   1.6400000e+02   1.4310005e-01
   1.6500000e+02   1.4317623e-01
   1.6600000e+02   1.4324747e-01
   1.6700000e+02   1.4331380e-01
   1.6800000e+02   1.4337526e-01
   1.6900000e+02   1.4343193e-01
   1.7000000e+02   1.4348382e-01
   1.7100000e+02   1.4353104e-01
   1.7200000e+02   1.4357360e-01
   1.7300000e+02   1.4361158e-01
   1.7400000e+02   1.4364502e-01
   1.7500000e+02   1.4367400e-01
   1.7600000e+02   1.4369854e-01
   1.7700000e+02   1.4371873e-01
   1.7800000e+02   1.4373459e-01
   1.7900000e+02   1.4374618e-01
   1.8000000e+02   1.4375356e-01
   1.8100000e+02   1.4360856e-01
   1.8200000e+02   1.4345914e-01
   1.8300000e+02   1.4330538e-01
   1.8400000e+02   1.4314733e-01
   1.8500000e+02   1.4298509e-01
   1.8600000e+02   1.4281870e-01
   1.8700000e+02   1.4264823e-01
   1.8800000e+02   1.4247374e-01
   1.8900000e+02   1.4229532e-01
   1.9000000e+02   1.4211300e-01
   1.9100000e+02   1.4192685e-01
   1.9200000e+02   1.4173695e-01
   1.9300000e+02   1.4154333e-01
   1.9400000e+02   1.4134608e-01
   1.9500000e+02   1.4114523e-01
   1.9600000e+02   1.4094086e-01
   1.9700000e+02   1.4073300e-01
   1.9800000e+02   1.4052173e-01
   1.9900000e+02   1.4030711e-01
   2.0000000e+02   1.4008917e-01
   2.0100000e+02   1.3986798e-01
   2.0200000e+02   1.3964358e-01
   2.0300000e+02   1.3941602e-01
   2.0400000e+02   1.3918538e-01
   2.0500000e+02   1.3895167e-01
   2.0600000e+02   1.3871497e-01
   2.0700000e+02   1.3847531e-01
   2.0800000e+02   1.3823275e-01
   2.0900000e+02   1.3798733e-01
   2.1000000e+02   1.3773911e-01
   2.1100000e+02   1.3748197e-01
   2.1200000e+02   1.3722160e-01
   2.1300000e+02   1.3695805e-01
   2.1400000e+02   1.3669133e-01
   2.1500000e+02   1.3642149e-01
   2.1600000e+02   1.3614856e-01
   2.1700000e+02   1.3587257e-01
   2.1800000e+02   1.3559356e-01
   2.1900000e+02   1.3531156e-01
   2.2000000e+02   1.3502659e-01
   2.2100000e+02   1.3473867e-01
   2.2200000e+02   1.3444787e-01
   2.2300000e+02   1.3415420e-01
   2.2400000e+02   1.3385770e-01
   2.2500000e+02   1.3355836e-01
   2.2600000e+02   1.3325627e-01
   2.2700000e+02   1.3295142e-01
   2.2800000e+02   1.3264385e-01
   2.2900000e+02   1.3233359e-01
   2.3000000e+02   1.3202067e-01
   2.3100000e+02   1.3170509e-01
   2.3200000e+02   1.3138692e-01
   2.3300000e+02   1.3106617e-01
   2.3400000e+02   1.3074286e-01
   2.3500000e+02   1.3041703e-01
   2.3600000e+02   1.3008870e-01
   2.3700000e+02   1.2975788e-01
   2.3800000e+02   1.2942462e-01
   2.3900000e+02   1.2908892e-01
   2.4000000e+02   1.2875083e-01
   2.4100000e+02   1.2852418e-01
   2.4200000e+02   1.2829547e-01
   2.4300000e+02   1.2806469e-01
   2.4400000e+02   1.2783188e-01
   2.4500000e+02   1.2759705e-01
   2.4600000e+02   1.2736024e-01
   2.4700000e+02   1.2712148e-01
   2.4800000e+02   1.2688078e-01
   2.4900000e+02   1.2663816e-01
   2.5000000e+02   1.2639366e-01
   2.5100000e+02   1.2614729e-01
   2.5200000e+02   1.2589906e-01
   2.5300000e+02   1.2564902e-01
   2.5400000e+02   1.2539718e-01
   2.5500000e+02   1.2514356e-01
   2.5600000e+02   1.2488818e-01
   2.5700000e+02   1.2463105e-01
   2.5800000e+02   1.2437221e-01
   2.5900000e+02   1.2411168e-01
   2.6000000e+02   1.2384947e-01
   2.6100000e+02   1.2358560e-01
   2.6200000e+02   1.2332010e-01
   2.6300000e+02   1.2305298e-01
   2.6400000e+02   1.2278426e-01
   2.6500000e+02   1.2251396e-01
   2.6600000e+02   1.2224211e-01
   2.6700000e+02   1.2196871e-01
   2.6800000e+02   1.2169379e-01
   2.6900000e+02   1.2141737e-01
   2.7000000e+02   1.2113945e-01
   2.7100000e+02   1.2107033e-01
   2.7200000e+02   1.2099982e-01
   2.7300000e+02   1.2092792e-01
   2.7400000e+02   1.2085465e-01
   2.7500000e+02   1.2078003e-01
   2.7600000e+02   1.2070405e-01
   2.7700000e+02   1.2062675e-01
   2.7800000e+02   1.2054811e-01
   2.7900000e+02   1.2046815e-01
   2.8000000e+02   1.2038690e-01
   2.8100000e+02   1.2030435e-01
   2.8200000e+02   1.2022051e-01
   2.8300000e+02   1.2013540e-01
   2.8400000e+02   1.2004904e-01
   2.8500000e+02   1.1996141e-01
   2.8600000e+02   1.1987254e-01
   2.8700000e+02   1.1978244e-01
   2.8800000e+02   1.1969112e-01
   2.8900000e+02   1.1959858e-01
   2.9000000e+02   1.1950485e-01
   2.9100000e+02   1.1940991e-01
   2.9200000e+02   1.1931380e-01
   2.9300000e+02   1.1921651e-01
   2.9400000e+02   1.1911806e-01
   2.9500000e+02   1.1901844e-01
   2.9600000e+02   1.1891769e-01
   2.9700000e+02   1.1881579e-01
   2.9800000e+02   1.1871278e-01
   2.9900000e+02   1.1860864e-01
   3.0000000e+02   1.1850339e-01
   3.0100000e+02   1.1865379e-01
   3.0200000e+02   1.1880349e-01
   3.0300000e+02   1.1895250e-01
   3.0400000e+02   1.1910082e-01
   3.0500000e+02   1.1924848e-01
   3.0600000e+02   1.1939545e-01
   3.0700000e+02   1.1954176e-01
   3.0800000e+02   1.1968739e-01
   3.0900000e+02   1.1983238e-01
   3.1000000e+02   1.1997671e-01
   3.1100000e+02   1.2012039e-01
   3.1200000e+02   1.2026343e-01
   3.1300000e+02   1.2040583e-01
   3.1400000e+02   1.2054760e-01
   3.1500000e+02   1.2068874e-01
   3.1600000e+02   1.2082925e-01
   3.1700000e+02   1.2096914e-01
   3.1800000e+02   1.2110842e-01
   3.1900000e+02   1.2124709e-01
   3.2000000e+02   1.2138515e-01
   3.2100000e+02   1.2152261e-01
   3.2200000e+02   1.2165948e-01
   3.2300000e+02   1.2179576e-01
   3.2400000e+02   1.2193144e-01
   3.2500000e+02   1.2206655e-01
   3.2600000e+02   1.2220107e-01
   3.2700000e+02   1.2233502e-01
   3.2800000e+02   1.2246841e-01
   3.2900000e+02   1.2260123e-01
   3.3000000e+02   1.2273349e-01
   3.3100000e+02   1.2315738e-01
   3.3200000e+02   1.2358109e-01
   3.3300000e+02   1.2400461e-01
   3.3400000e+02   1.2442794e-01
   3.3500000e+02   1.2485109e-01
   3.3600000e+02   1.2527405e-01
   3.3700000e+02   1.2569682e-01
   3.3800000e+02   1.2611941e-01
   3.3900000e+02   1.2654181e-01
   3.4000000e+02   1.2696403e-01
   3.4100000e+02   1.2738606e-01
   3.4200000e+02   1.2780790e-01
   3.4300000e+02   1.2822957e-01
   3.4400000e+02   1.2865105e-01
   3.4500000e+02   1.2907235e-01
   3.4600000e+02   1.2949346e-01
   3.4700000e+02   1.2991439e-01
   3.4800000e+02   1.3033514e-01
   3.4900000e+02   1.3075571e-01
   3.5000000e+02   1.3117610e-01
   3.5100000e+02   1.3159630e-01
   3.5200000e+02   1.3201633e-01
   3.5300000e+02   1.3243617e-01
   3.5400000e+02   1.3285583e-01
   3.5500000e+02   1.3327533e-01
   3.5600000e+02   1.3369463e-01
   3.5700000e+02   1.3411377e-01
   3.5800000e+02   1.3453273e-01
   3.5900000e+02   1.3495152e-01
   2.6219766e-08   1.3537012e-01
