   0.0000000e+00   4.3618398e+03
   1.0000000e+00   1.6664201e+04
   2.0000000e+00   1.6664482e+04
   3.0000000e+00   1.6665328e+04
   4.0000000e+00   1.6666816e+04
   5.0000000e+00   1.6668949e+04
   6.0000000e+00   1.6671725e+04
   7.0000000e+00   1.6675145e+04
   8.0000000e+00   1.6679205e+04
   9.0000000e+00   1.6683904e+04
   1.0000000e+01   1.6689244e+04
   1.1000000e+01   1.6695221e+04
   1.2000000e+01   1.6701834e+04
   1.3000000e+01   1.6709078e+04
   1.4000000e+01   1.6716953e+04
   1.5000000e+01   1.6725459e+04
   1.6000000e+01   1.6734590e+04
   1.7000000e+01   1.6744344e+04
   1.8000000e+01   1.6754719e+04
   1.9000000e+01   1.6765711e+04
   2.0000000e+01   1.6777314e+04
   2.1000000e+01   1.6789531e+04
   2.2000000e+01   1.6802354e+04
   2.3000000e+01   1.6815779e+04
   2.4000000e+01   1.6829801e+04
   2.5000000e+01   1.6844418e+04
   2.6000000e+01   1.6859627e+04
   2.7000000e+01   1.6875420e+04
   2.8000000e+01   1.6891791e+04
   2.9000000e+01   1.6908738e+04
   3.0000000e+01   1.6926258e+04
   3.1000000e+01   1.6944527e+04
   3.2000000e+01   1.6963352e+04
   3.3000000e+01   1.6982727e+04
   3.4000000e+01   1.7002645e+04
   3.5000000e+01   1.7023104e+04
   3.6000000e+01   1.7044092e+04
   3.7000000e+01   1.7065605e+04
   3.8000000e+01   1.7087639e+04
   3.9000000e+01   1.7110186e+04
   4.0000000e+01   1.7133238e+04
   4.1000000e+01   1.7156789e+04
   4.2000000e+01   1.7180832e+04
   4.3000000e+01   1.7205359e+04
   4.4000000e+01   1.7230363e+04
   4.5000000e+01   1.7255836e+04
   4.6000000e+01   1.7281773e+04
   4.7000000e+01   1.7308162e+04
   4.8000000e+01   1.7334998e+04
   4.9000000e+01   1.7362271e+04
   5.0000000e+01   1.7389977e+04
   5.1000000e+01   1.7418100e+04
   5.2000000e+01   1.7446639e+04
   5.3000000e+01   1.7475580e+04
   5.4000000e+01   1.7504918e+04
   5.5000000e+01   1.7534641e+04
   5.6000000e+01   1.7564740e+04
   5.7000000e+01   1.7595211e+04
   5.8000000e+01   1.7626037e+04
   5.9000000e+01   1.7657215e+04
   6.0000000e+01   1.7688732e+04
   6.1000000e+01   1.7720658e+04
   6.2000000e+01   1.7752904e+04
   6.3000000e+01   1.7785463e+04
   6.4000000e+01   1.7818322e+04
   6.5000000e+01   1.7851473e+04
   6.6000000e+01   1.7884904e+04
   6.7000000e+01   1.7918605e+04
   6.8000000e+01   1.7952570e+04
   6.9000000e+01   1.7986783e+04
   7.0000000e+01   1.8021234e+04
   7.1000000e+01   1.8055918e+04
   7.2000000e+01   1.8090816e+04
   7.3000000e+01   1.8125926e+04
   7.4000000e+01   1.8161230e+04
   7.5000000e+01   1.8196721e+04
   7.6000000e+01   1.8232387e+04
   7.7000000e+01   1.8268217e+04
   7.8000000e+01   1.8304201e+04
   7.9000000e+01   1.8340326e+04
   8.0000000e+01   1.8376584e+04
   8.1000000e+01   1.8412959e+04
   8.2000000e+01   1.8449445e+04
   8.3000000e+01   1.8486027e+04
   8.4000000e+01   1.8522697e+04
   8.5000000e+01   1.8559439e+04
   8.6000000e+01   1.8596246e+04
   8.7000000e+01   1.8633105e+04
   8.8000000e+01   1.8670006e+04
   8.9000000e+01   1.8706934e+04
   9.0000000e+01   1.8743881e+04
   9.1000000e+01   1.8780902e+04
   9.2000000e+01   1.8817920e+04
   9.3000000e+01   1.8854922e+04
   9.4000000e+01   1.8891896e+04
   9.5000000e+01   1.8928832e+04
   9.6000000e+01   1.8965717e+04
   9.7000000e+01   1.9002541e+04
   9.8000000e+01   1.9039291e+04
   9.9000000e+01   1.9075957e+04
   1.0000000e+02   1.9112527e+04
   1.0100000e+02   1.9148990e+04
   1.0200000e+02   1.9185334e+04
   1.0300000e+02   1.9221549e+04
   1.0400000e+02   1.9257621e+04
   1.0500000e+02   1.9293543e+04
   1.0600000e+02   1.9329301e+04
   1.0700000e+02   1.9364885e+04
   1.0800000e+02   1.9400283e+04
   1.0900000e+02   1.9435484e+04
   1.1000000e+02   1.9470479e+04
   1.1100000e+02   1.9505254e+04
   1.1200000e+02   1.9539801e+04
   1.1300000e+02   1.9574109e+04
   1.1400000e+02   1.9608164e+04
   1.1500000e+02   1.9641961e+04
   1.1600000e+02   1.9675484e+04
   1.1700000e+02   1.9708727e+04
   1.1800000e+02   1.9741678e+04
   1.1900000e+02   1.9774326e+04
   1.2000000e+02   1.9806660e+04
   1.2100000e+02   1.9838785e+04
   1.2200000e+02   1.9870580e+04
   1.2300000e+02   1.9902037e+04
   1.2400000e+02   1.9933143e+04
   1.2500000e+02   1.9963889e+04
   1.2600000e+02   1.9994266e+04
   1.2700000e+02   2.0024264e+04
   1.2800000e+02   2.0053873e+04
   1.2900000e+02   2.0083086e+04
   1.3000000e+02   2.0111893e+04
   1.3100000e+02   2.0140283e+04
   1.3200000e+02   2.0168250e+04
   1.3300000e+02   2.0195783e+04
   1.3400000e+02   2.0222875e+04
   1.3500000e+02   2.0249518e+04
   1.3600000e+02   2.0275701e+04
   1.3700000e+02   2.0301418e+04
   1.3800000e+02   2.0326660e+04
   1.3900000e+02   2.0351420e+04
   1.4000000e+02   2.0375689e+04
   1.4100000e+02   2.0399463e+04
   1.4200000e+02   2.0422730e+04
   1.4300000e+02   2.0445484e+04
   1.4400000e+02   2.0467719e+04
   1.4500000e+02   2.0489428e+04
   1.4600000e+02   2.0510604e+04
   1.4700000e+02   2.0531240e+04
   1.4800000e+02   2.0551328e+04
   1.4900000e+02   2.0570865e+04
   1.5000000e+02   2.0589844e+04
   1.5100000e+02   2.0608336e+04
   1.5200000e+02   2.0626260e+04
   1.5300000e+02   2.0643609e+04
   1.5400000e+02   2.0660377e+04
   1.5500000e+02   2.0676559e+04
   1.5600000e+02   2.0692145e+04
   1.5700000e+02   2.0707127e+04
   1.5800000e+02   2.0721512e+04
   1.5900000e+02   2.0735289e+04
   1.6000000e+02   2.0748459e+04
   1.6100000e+02   2.0761016e+04
   1.6200000e+02   2.0772955e+04
   1.6300000e+02   2.0784270e+04
   1.6400000e+02   2.0794957e+04
   1.6500000e+02   2.0805018e+04
   1.6600000e+02   2.0814445e+04
   1.6700000e+02   2.0823238e+04
   1.6800000e+02   2.0831391e+04
   1.6900000e+02   2.0838906e+04
   1.7000000e+02   2.0845781e+04
   1.7100000e+02   2.0852012e+04
   1.7200000e+02   2.0857598e+04
   1.7300000e+02   2.0862535e+04
   1.7400000e+02   2.0866826e+04
   1.7500000e+02   2.0870467e+04
   1.7600000e+02   2.0873455e+04
   1.7700000e+02   2.0875793e+04
   1.7800000e+02   2.0877477e+04
   1.7900000e+02   2.0878506e+04
   1.8000000e+02   2.0878883e+04
   1.8100000e+02   2.0878602e+04
   1.8200000e+02   2.0877670e+04
   1.8300000e+02   2.0876086e+04
   1.8400000e+02   2.0873850e+04
   1.8500000e+02   2.0870961e+04
   1.8600000e+02   2.0867424e+04
   1.8700000e+02   2.0863238e+04
   1.8800000e+02   2.0858404e+04
   1.8900000e+02   2.0852924e+04
   1.9000000e+02   2.0846799e+04
   1.9100000e+02   2.0840029e+04
   1.9200000e+02   2.0832621e+04
   1.9300000e+02   2.0824574e+04
   1.9400000e+02   2.0815891e+04
   1.9500000e+02   2.0806574e+04
   1.9600000e+02   2.0796627e+04
   1.9700000e+02   2.0786051e+04
   1.9800000e+02   2.0774854e+04
   1.9900000e+02   2.0763031e+04
   2.0000000e+02   2.0750596e+04
   2.0100000e+02   2.0737545e+04
   2.0200000e+02   2.0723883e+04
   2.0300000e+02   2.0709617e+04
   2.0400000e+02   2.0694752e+04
   2.0500000e+02   2.0679289e+04
   2.0600000e+02   2.0663236e+04
   2.0700000e+02   2.0646596e+04
   2.0800000e+02   2.0629373e+04
   2.0900000e+02   2.0611576e+04
   2.1000000e+02   2.0593207e+04
   2.1100000e+02   2.0574113e+04
   2.1200000e+02   2.0554459e+04
   2.1300000e+02   2.0534250e+04
   2.1400000e+02   2.0513496e+04
   2.1500000e+02   2.0492199e+04
   2.1600000e+02   2.0470369e+04
   2.1700000e+02   2.0448008e+04
   2.1800000e+02   2.0425127e+04
   2.1900000e+02   2.0401734e+04
   2.2000000e+02   2.0377834e+04
   2.2100000e+02   2.0353434e+04
   2.2200000e+02   2.0328541e+04
   2.2300000e+02   2.0303164e+04
   2.2400000e+02   2.0277311e+04
   2.2500000e+02   2.0250986e+04
   2.2600000e+02   2.0224205e+04
   2.2700000e+02   2.0196969e+04
   2.2800000e+02   2.0169291e+04
   2.2900000e+02   2.0141176e+04
   2.3000000e+02   2.0112635e+04
   2.3100000e+02   2.0083676e+04
   2.3200000e+02   2.0054305e+04
   2.3300000e+02   2.0024537e+04
   2.3400000e+02   1.9994377e+04
   2.3500000e+02   1.9963836e+04
   2.3600000e+02   1.9932922e+04
   2.3700000e+02   1.9901645e+04
   2.3800000e+02   1.9870014e+04
   2.3900000e+02   1.9838039e+04
   2.4000000e+02   1.9805732e+04
   2.4100000e+02   1.9772861e+04
   2.4200000e+02   1.9739676e+04
   2.4300000e+02   1.9706188e+04
   2.4400000e+02   1.9672404e+04
   2.4500000e+02   1.9638338e+04
   2.4600000e+02   1.9604000e+04
   2.4700000e+02   1.9569398e+04
   2.4800000e+02   1.9534545e+04
   2.4900000e+02   1.9499451e+04
   2.5000000e+02   1.9464127e+04
   2.5100000e+02   1.9428582e+04
   2.5200000e+02   1.9392830e+04
   2.5300000e+02   1.9356879e+04
   2.5400000e+02   1.9320740e+04
   2.5500000e+02   1.9284426e+04
   2.5600000e+02   1.9247947e+04
   2.5700000e+02   1.9211314e+04
   2.5800000e+02   1.9174537e+04
   2.5900000e+02   1.9137631e+04
   2.6000000e+02   1.9100602e+04
   2.6100000e+02   1.9063465e+04
   2.6200000e+02   1.9026230e+04
   2.6300000e+02   1.8988910e+04
   2.6400000e+02   1.8951514e+04
   2.6500000e+02   1.8914053e+04
   2.6600000e+02   1.8876541e+04
   2.6700000e+02   1.8838988e+04
   2.6800000e+02   1.8801404e+04
   2.6900000e+02   1.8763805e+04
   2.7000000e+02   1.8726195e+04
   2.7100000e+02   1.8688324e+04
   2.7200000e+02   1.8650467e+04
   2.7300000e+02   1.8612635e+04
   2.7400000e+02   1.8574842e+04
   2.7500000e+02   1.8537098e+04
   2.7600000e+02   1.8499414e+04
   2.7700000e+02   1.8461803e+04
   2.7800000e+02   1.8424277e+04
   2.7900000e+02   1.8386846e+04
   2.8000000e+02   1.8349520e+04
   2.8100000e+02   1.8312311e+04
   2.8200000e+02   1.8275230e+04
   2.8300000e+02   1.8238289e+04
   2.8400000e+02   1.8201500e+04
   2.8500000e+02   1.8164873e+04
   2.8600000e+02   1.8128418e+04
   2.8700000e+02   1.8092148e+04
   2.8800000e+02   1.8056074e+04
   2.8900000e+02   1.8020203e+04
   2.9000000e+02   1.7984551e+04
   2.9100000e+02   1.7949125e+04
   2.9200000e+02   1.7913938e+04
   2.9300000e+02   1.7878998e+04
   2.9400000e+02   1.7844318e+04
   2.9500000e+02   1.7809906e+04
   2.9600000e+02   1.7775775e+04
   2.9700000e+02   1.7741936e+04
   2.9800000e+02   1.7708393e+04
   2.9900000e+02   1.7675162e+04
   3.0000000e+02   1.7642252e+04
   3.0100000e+02   1.7609518e+04
   3.0200000e+02   1.7577123e+04
   3.0300000e+02   1.7545078e+04
   3.0400000e+02   1.7513391e+04
   3.0500000e+02   1.7482070e+04
   3.0600000e+02   1.7451127e+04
   3.0700000e+02   1.7420568e+04
   3.0800000e+02   1.7390406e+04
   3.0900000e+02   1.7360648e+04
   3.1000000e+02   1.7331305e+04
   3.1100000e+02   1.7302381e+04
   3.1200000e+02   1.7273889e+04
   3.1300000e+02   1.7245834e+04
   3.1400000e+02   1.7218225e+04
   3.1500000e+02   1.7191074e+04
   3.1600000e+02   1.7164385e+04
   3.1700000e+02   1.7138168e+04
   3.1800000e+02   1.7112430e+04
   3.1900000e+02   1.7087178e+04
   3.2000000e+02   1.7062420e+04
   3.2100000e+02   1.7038164e+04
   3.2200000e+02   1.7014418e+04
   3.2300000e+02   1.6991186e+04
   3.2400000e+02   1.6968477e+04
   3.2500000e+02   1.6946297e+04
   3.2600000e+02   1.6924652e+04
   3.2700000e+02   1.6903551e+04
   3.2800000e+02   1.6882996e+04
   3.2900000e+02   1.6862996e+04
   3.3000000e+02   1.6843559e+04
   3.3100000e+02   1.6824646e+04
   3.3200000e+02   1.6806307e+04
   3.3300000e+02   1.6788543e+04
   3.3400000e+02   1.6771361e+04
   3.3500000e+02   1.6754764e+04
   3.3600000e+02   1.6738760e+04
   3.3700000e+02   1.6723352e+04
   3.3800000e+02   1.6708543e+04
   3.3900000e+02   1.6694340e+04
   3.4000000e+02   1.6680746e+04
   3.4100000e+02   1.6667764e+04
   3.4200000e+02   1.6655400e+04
   3.4300000e+02   1.6643656e+04
   3.4400000e+02   1.6632535e+04
   3.4500000e+02   1.6622043e+04
   3.4600000e+02   1.6612180e+04
   3.4700000e+02   1.6602949e+04
   3.4800000e+02   1.6594355e+04
   3.4900000e+02   1.6586398e+04
   3.5000000e+02   1.6579082e+04
   3.5100000e+02   1.6572410e+04
   3.5200000e+02   1.6566379e+04
   3.5300000e+02   1.6560996e+04
   3.5400000e+02   1.6556262e+04
   3.5500000e+02   1.6552174e+04
   3.5600000e+02   1.6548736e+04
   3.5700000e+02   1.6545951e+04
   3.5800000e+02   1.6543816e+04
   3.5900000e+02   1.6542334e+04
   2.6219766e-08   1.6541504e+04
