   0.0000000e+00   9.5731590e+01
   1.0000000e+00   1.4942101e+01
   2.0000000e+00   1.4899825e+01
   3.0000000e+00   1.4844111e+01
   4.0000000e+00   1.4786314e+01
   5.0000000e+00   1.4727333e+01
   6.0000000e+00   1.4667824e+01
   7.0000000e+00   1.4606783e+01
   8.0000000e+00   1.4545133e+01
   9.0000000e+00   1.4482870e+01
   1.0000000e+01   1.4421465e+01
   1.1000000e+01   1.4360402e+01
   1.2000000e+01   1.4299002e+01
   1.3000000e+01   1.4237673e+01
   1.4000000e+01   1.4176973e+01
   1.5000000e+01   1.4116133e+01
   1.6000000e+01   1.4055680e+01
   1.7000000e+01   1.3994789e+01
   1.8000000e+01   1.3932355e+01
   1.9000000e+01   1.3870009e+01
   2.0000000e+01   1.3807909e+01
   2.1000000e+01   1.3745693e+01
   2.2000000e+01   1.3683889e+01
   2.3000000e+01   1.3621726e+01
   2.4000000e+01   1.3559031e+01
   2.5000000e+01   1.3498187e+01
   2.6000000e+01   1.3437296e+01
   2.7000000e+01   1.3375768e+01
   2.8000000e+01   1.3315048e+01
   2.9000000e+01   1.3253284e+01
   3.0000000e+01   1.3192605e+01
   3.1000000e+01   1.3164228e+01
   3.2000000e+01   1.3136104e+01
   3.3000000e+01   1.3108212e+01
   3.4000000e+01   1.3080534e+01
   3.5000000e+01   1.3052784e+01
   3.6000000e+01   1.3026475e+01
   3.7000000e+01   1.2999333e+01
   3.8000000e+01   1.2972326e+01
   3.9000000e+01   1.2945444e+01
   4.0000000e+01   1.2918673e+01
   4.1000000e+01   1.2891734e+01
   4.2000000e+01   1.2864856e+01
   4.3000000e+01   1.2837799e+01
   4.4000000e+01   1.2811076e+01
   4.5000000e+01   1.2784451e+01
   4.6000000e+01   1.2757899e+01
   4.7000000e+01   1.2731144e+01
   4.8000000e+01   1.2704455e+01
   4.9000000e+01   1.2677564e+01
   5.0000000e+01   1.2650482e+01
   5.1000000e+01   1.2623499e+01
   5.2000000e+01   1.2596325e+01
   5.3000000e+01   1.2568994e+01
   5.4000000e+01   1.2542071e+01
   5.5000000e+01   1.2514661e+01
   5.6000000e+01   1.2487173e+01
   5.7000000e+01   1.2459584e+01
   5.8000000e+01   1.2432751e+01
   5.9000000e+01   1.2406210e+01
   6.0000000e+01   1.2379437e+01
   6.1000000e+01   1.2164146e+01
   6.2000000e+01   1.1955646e+01
   6.3000000e+01   1.1751913e+01
   6.4000000e+01   1.1551782e+01
   6.5000000e+01   1.1357276e+01
   6.6000000e+01   1.1168381e+01
   6.7000000e+01   1.0984509e+01
   6.8000000e+01   1.0805355e+01
   6.9000000e+01   1.0631398e+01
   7.0000000e+01   1.0461782e+01
   7.1000000e+01   1.0296542e+01
   7.2000000e+01   1.0135145e+01
   7.3000000e+01   9.9774227e+00
   7.4000000e+01   9.8232107e+00
   7.5000000e+01   9.6723566e+00
   7.6000000e+01   9.5247278e+00
   7.7000000e+01   9.3811235e+00
   7.8000000e+01   9.2402744e+00
   7.9000000e+01   9.1024485e+00
   8.0000000e+01   8.9670448e+00
   8.1000000e+01   8.8336840e+00
   8.2000000e+01   8.7026339e+00
   8.3000000e+01   8.5737610e+00
   8.4000000e+01   8.4469776e+00
   8.5000000e+01   8.3221989e+00
   8.6000000e+01   8.1993465e+00
   8.7000000e+01   8.0779629e+00
   8.8000000e+01   7.9582782e+00
   8.9000000e+01   7.8406463e+00
   9.0000000e+01   7.7247167e+00
   9.1000000e+01   7.7492466e+00
   9.2000000e+01   7.7740979e+00
   9.3000000e+01   7.7995296e+00
   9.4000000e+01   7.8248506e+00
   9.5000000e+01   7.8507552e+00
   9.6000000e+01   7.8775115e+00
   9.7000000e+01   7.9052172e+00
   9.8000000e+01   7.9339800e+00
   9.9000000e+01   7.9639144e+00
   1.0000000e+02   7.9943881e+00
   1.0100000e+02   8.0262928e+00
   1.0200000e+02   8.0598307e+00
   1.0300000e+02   8.0951595e+00
   1.0400000e+02   8.1324511e+00
   1.0500000e+02   8.1718884e+00
   1.0600000e+02   8.2136707e+00
   1.0700000e+02   8.2572775e+00
   1.0800000e+02   8.3033476e+00
   1.0900000e+02   8.3523760e+00
   1.1000000e+02   8.4052925e+00
   1.1100000e+02   8.4627657e+00
   1.1200000e+02   8.5246487e+00
   1.1300000e+02   8.5893145e+00
   1.1400000e+02   8.6601620e+00
   1.1500000e+02   8.7390213e+00
   1.1600000e+02   8.8257132e+00
   1.1700000e+02   8.9226694e+00
   1.1800000e+02   9.0320730e+00
   1.1900000e+02   9.1555567e+00
   1.2000000e+02   9.2943125e+00
   1.2100000e+02   9.3104076e+00
   1.2200000e+02   9.3352575e+00
   1.2300000e+02   9.3564463e+00
   1.2400000e+02   9.3873119e+00
   1.2500000e+02   9.4284687e+00
   1.2600000e+02   9.4818239e+00
   1.2700000e+02   9.5498533e+00
   1.2800000e+02   9.6389179e+00
   1.2900000e+02   9.7548351e+00
   1.3000000e+02   9.9117908e+00
   1.3100000e+02   1.0150956e+01
   1.3200000e+02   1.0269602e+01
   1.3300000e+02   1.0173062e+01
   1.3400000e+02   1.0141361e+01
   1.3500000e+02   1.0227321e+01
   1.3600000e+02   9.7599602e+00
   1.3700000e+02   9.3383904e+00
   1.3800000e+02   9.0048237e+00
   1.3900000e+02   8.7189674e+00
   1.4000000e+02   8.4664421e+00
   1.4100000e+02   8.2368832e+00
   1.4200000e+02   8.0251265e+00
   1.4300000e+02   7.8270903e+00
   1.4400000e+02   7.6428475e+00
   1.4500000e+02   7.4703641e+00
   1.4600000e+02   7.3078613e+00
   1.4700000e+02   7.1532826e+00
   1.4800000e+02   7.0061889e+00
   1.4900000e+02   6.8655334e+00
   1.5000000e+02   6.7299767e+00
   1.5100000e+02   6.6021581e+00
   1.5200000e+02   6.4793549e+00
   1.5300000e+02   6.3612280e+00
   1.5400000e+02   6.2474780e+00
   1.5500000e+02   6.1378474e+00
   1.5600000e+02   6.0321393e+00
   1.5700000e+02   5.9301052e+00
   1.5800000e+02   5.8315544e+00
   1.5900000e+02   5.7363887e+00
   1.6000000e+02   5.6445622e+00
   1.6100000e+02   5.5557947e+00
   1.6200000e+02   5.4702477e+00
   1.6300000e+02   5.3875127e+00
   1.6400000e+02   5.3074064e+00
   1.6500000e+02   5.2298236e+00
   1.6600000e+02   5.1546764e+00
   1.6700000e+02   5.0818753e+00
   1.6800000e+02   5.0113358e+00
   1.6900000e+02   4.9429684e+00
   1.7000000e+02   4.8776431e+00
   1.7100000e+02   4.8146763e+00
   1.7200000e+02   4.7536778e+00
   1.7300000e+02   4.6945715e+00
   1.7400000e+02   4.6372819e+00
   1.7500000e+02   4.5818710e+00
   1.7600000e+02   4.5282001e+00
   1.7700000e+02   4.4760623e+00
   1.7800000e+02   4.4254136e+00
   1.7900000e+02   4.3762159e+00
   1.8000000e+02   4.3276982e+00
   1.8100000e+02   4.2805667e+00
   1.8200000e+02   4.2348614e+00
   1.8300000e+02   4.1905413e+00
   1.8400000e+02   4.1475716e+00
   1.8500000e+02   4.1059103e+00
   1.8600000e+02   4.0654931e+00
   1.8700000e+02   4.0263233e+00
   1.8800000e+02   3.9884663e+00
   1.8900000e+02   3.9518099e+00
   1.9000000e+02   3.9163208e+00
   1.9100000e+02   3.8819659e+00
   1.9200000e+02   3.8487175e+00
   1.9300000e+02   3.8165846e+00
   1.9400000e+02   3.7854979e+00
   1.9500000e+02   3.7554331e+00
   1.9600000e+02   3.7261572e+00
   1.9700000e+02   3.6976776e+00
   1.9800000e+02   3.6702182e+00
   1.9900000e+02   3.6437457e+00
   2.0000000e+02   3.6182280e+00
   2.0100000e+02   3.5935190e+00
   2.0200000e+02   3.5696657e+00
   2.0300000e+02   3.5467243e+00
   2.0400000e+02   3.5246618e+00
   2.0500000e+02   3.5034468e+00
   2.0600000e+02   3.4825037e+00
   2.0700000e+02   3.4617181e+00
   2.0800000e+02   3.4416928e+00
   2.0900000e+02   3.4224167e+00
   2.1000000e+02   3.4038732e+00
   2.1100000e+02   3.3925095e+00
   2.1200000e+02   3.3818359e+00
   2.1300000e+02   3.3718686e+00
   2.1400000e+02   3.3625643e+00
   2.1500000e+02   3.3538868e+00
   2.1600000e+02   3.3557537e+00
   2.1700000e+02   3.3645706e+00
   2.1800000e+02   3.3742561e+00
   2.1900000e+02   3.3847239e+00
   2.2000000e+02   3.3959596e+00
   2.2100000e+02   3.4079485e+00
   2.2200000e+02   3.4206769e+00
   2.2300000e+02   3.4341314e+00
   2.2400000e+02   3.4482923e+00
   2.2500000e+02   3.4631553e+00
   2.2600000e+02   3.4786954e+00
   2.2700000e+02   3.4949074e+00
   2.2800000e+02   3.5117779e+00
   2.2900000e+02   3.5292912e+00
   2.3000000e+02   3.5474260e+00
   2.3100000e+02   3.5660973e+00
   2.3200000e+02   3.5854397e+00
   2.3300000e+02   3.6053874e+00
   2.3400000e+02   3.6259155e+00
   2.3500000e+02   3.6470122e+00
   2.3600000e+02   3.6686618e+00
   2.3700000e+02   3.6908481e+00
   2.3800000e+02   3.7135649e+00
   2.3900000e+02   3.7367902e+00
   2.4000000e+02   3.7605062e+00
   2.4100000e+02   3.8105447e+00
   2.4200000e+02   3.8605111e+00
   2.4300000e+02   3.9104023e+00
   2.4400000e+02   3.9602401e+00
   2.4500000e+02   4.0100474e+00
   2.4600000e+02   4.0598040e+00
   2.4700000e+02   4.1094990e+00
   2.4800000e+02   4.1591330e+00
   2.4900000e+02   4.2087049e+00
   2.5000000e+02   4.2582116e+00
   2.5100000e+02   4.3076520e+00
   2.5200000e+02   4.3570585e+00
   2.5300000e+02   4.4064088e+00
   2.5400000e+02   4.4556804e+00
   2.5500000e+02   4.5048714e+00
   2.5600000e+02   4.5539756e+00
   2.5700000e+02   4.6029854e+00
   2.5800000e+02   4.6518965e+00
   2.5900000e+02   4.7007313e+00
   2.6000000e+02   4.7494640e+00
   2.6100000e+02   4.7980866e+00
   2.6200000e+02   4.8465819e+00
   2.6300000e+02   4.8949404e+00
   2.6400000e+02   4.9431539e+00
   2.6500000e+02   4.9912229e+00
   2.6600000e+02   5.0391293e+00
   2.6700000e+02   5.0868669e+00
   2.6800000e+02   5.1344275e+00
   2.6900000e+02   5.1818023e+00
   2.7000000e+02   5.2289777e+00
   2.7100000e+02   5.3451333e+00
   2.7200000e+02   5.4660025e+00
   2.7300000e+02   5.5919800e+00
   2.7400000e+02   5.7235098e+00
   2.7500000e+02   5.8668079e+00
   2.7600000e+02   6.0208836e+00
   2.7700000e+02   6.1856461e+00
   2.7800000e+02   6.3637276e+00
   2.7900000e+02   6.5576043e+00
   2.8000000e+02   6.7707562e+00
   2.8100000e+02   7.0084238e+00
   2.8200000e+02   7.2793832e+00
   2.8300000e+02   7.6015263e+00
   2.8400000e+02   8.0333738e+00
   2.8500000e+02   8.2263365e+00
   2.8600000e+02   8.2333832e+00
   2.8700000e+02   8.2864923e+00
   2.8800000e+02   8.3547049e+00
   2.8900000e+02   8.4290714e+00
   2.9000000e+02   8.5059834e+00
   2.9100000e+02   8.5835199e+00
   2.9200000e+02   8.6605959e+00
   2.9300000e+02   8.7365570e+00
   2.9400000e+02   8.8109903e+00
   2.9500000e+02   8.8836384e+00
   2.9600000e+02   8.9543180e+00
   2.9700000e+02   9.0229101e+00
   2.9800000e+02   9.0893412e+00
   2.9900000e+02   9.1875372e+00
   3.0000000e+02   9.2891083e+00
   3.0100000e+02   9.2423573e+00
   3.0200000e+02   9.2045345e+00
   3.0300000e+02   9.1752052e+00
   3.0400000e+02   9.1540394e+00
   3.0500000e+02   9.1408110e+00
   3.0600000e+02   9.1353970e+00
   3.0700000e+02   9.1377754e+00
   3.0800000e+02   9.1480398e+00
   3.0900000e+02   9.1664028e+00
   3.1000000e+02   9.1932173e+00
   3.1100000e+02   9.2289963e+00
   3.1200000e+02   9.2744398e+00
   3.1300000e+02   9.3267555e+00
   3.1400000e+02   9.3601933e+00
   3.1500000e+02   9.4136009e+00
   3.1600000e+02   9.4543152e+00
   3.1700000e+02   9.5052519e+00
   3.1800000e+02   9.5677061e+00
   3.1900000e+02   9.6416016e+00
   3.2000000e+02   9.7270031e+00
   3.2100000e+02   9.8241796e+00
   3.2200000e+02   9.9336109e+00
   3.2300000e+02   1.0055986e+01
   3.2400000e+02   1.0192272e+01
   3.2500000e+02   1.0343738e+01
   3.2600000e+02   1.0512016e+01
   3.2700000e+02   1.0699186e+01
   3.2800000e+02   1.0866093e+01
   3.2900000e+02   1.1020787e+01
   3.3000000e+02   1.1185679e+01
   3.3100000e+02   1.1215273e+01
   3.3200000e+02   1.1247706e+01
   3.3300000e+02   1.1279077e+01
   3.3400000e+02   1.1310837e+01
   3.3500000e+02   1.1343066e+01
   3.3600000e+02   1.1375875e+01
   3.3700000e+02   1.1409388e+01
   3.3800000e+02   1.1443739e+01
   3.3900000e+02   1.1468111e+01
   3.4000000e+02   1.1490684e+01
   3.4100000e+02   1.1514728e+01
   3.4200000e+02   1.1536558e+01
   3.4300000e+02   1.1555641e+01
   3.4400000e+02   1.1574981e+01
   3.4500000e+02   1.1594654e+01
   3.4600000e+02   1.1614765e+01
   3.4700000e+02   1.1635400e+01
   3.4800000e+02   1.1656686e+01
   3.4900000e+02   1.1651718e+01
   3.5000000e+02   1.1629180e+01
   3.5100000e+02   1.1596300e+01
   3.5200000e+02   1.1505638e+01
   3.5300000e+02   1.1414180e+01
   3.5400000e+02   1.1321994e+01
   3.5500000e+02   1.1229084e+01
   3.5600000e+02   1.1135457e+01
   3.5700000e+02   1.1041120e+01
   3.5800000e+02   1.0946078e+01
   3.5900000e+02   1.0849686e+01
   2.6219766e-08   1.0749957e+01
