   0.0000000e+00   0.0000000e+00
   1.0000000e+00   3.9579606e-04
   2.0000000e+00   1.9531216e-03
   3.0000000e+00   3.5136938e-03
   4.0000000e+00   5.0928718e-03
   5.0000000e+00   6.6481098e-03
   6.0000000e+00   8.1731370e-03
   7.0000000e+00   9.6787279e-03
   8.0000000e+00   1.1189587e-02
   9.0000000e+00   1.2662494e-02
   1.0000000e+01   1.4056016e-02
   1.1000000e+01   1.5409119e-02
   1.2000000e+01   1.6736679e-02
   1.3000000e+01   1.8015252e-02
   1.4000000e+01   1.9231936e-02
   1.5000000e+01   2.0424260e-02
   1.6000000e+01   2.1556929e-02
   1.7000000e+01   2.2678502e-02
   1.8000000e+01   2.3779346e-02
   1.9000000e+01   2.4871344e-02
   2.0000000e+01   2.5907848e-02
   2.1000000e+01   2.6922807e-02
   2.2000000e+01   2.7882427e-02
   2.3000000e+01   2.8832449e-02
   2.4000000e+01   2.9762806e-02
   2.5000000e+01   3.0661903e-02
   2.6000000e+01   3.1496778e-02
   2.7000000e+01   3.2300297e-02
   2.8000000e+01   3.3084914e-02
   2.9000000e+01   3.3840045e-02
   3.0000000e+01   3.4565806e-02
   3.1000000e+01   3.5393640e-02
   3.2000000e+01   3.6209717e-02
   3.3000000e+01   3.7013978e-02
   3.4000000e+01   3.7806340e-02
   3.5000000e+01   3.8597755e-02
   3.6000000e+01   3.9367177e-02
   3.7000000e+01   4.0124860e-02
   3.8000000e+01   4.0871043e-02
   3.9000000e+01   4.1605659e-02
   4.0000000e+01   4.2328812e-02
   4.1000000e+01   4.3051332e-02
   4.2000000e+01   4.3762691e-02
   4.3000000e+01   4.4473540e-02
   4.4000000e+01   4.5162484e-02
   4.5000000e+01   4.5839779e-02
   4.6000000e+01   4.6505462e-02
   4.7000000e+01   4.7170512e-02
   4.8000000e+01   4.7824323e-02
   4.9000000e+01   4.8477691e-02
   5.0000000e+01   4.9130868e-02
   5.1000000e+01   4.9772825e-02
   5.2000000e+01   5.0414402e-02
   5.3000000e+01   5.1055867e-02
   5.4000000e+01   5.1674891e-02
   5.5000000e+01   5.2304260e-02
   5.6000000e+01   5.2933507e-02
   5.7000000e+01   5.3562507e-02
   5.8000000e+01   5.4157298e-02
   5.9000000e+01   5.4728322e-02
   6.0000000e+01   5.5298544e-02
   6.1000000e+01   5.7918355e-02
   6.2000000e+01   6.0538299e-02
   6.3000000e+01   6.3156910e-02
   6.4000000e+01   6.5785609e-02
   6.5000000e+01   6.8424314e-02
   6.6000000e+01   7.1059629e-02
   6.7000000e+01   7.3703714e-02
   6.8000000e+01   7.6356538e-02
   6.9000000e+01   7.8989886e-02
   7.0000000e+01   8.1630111e-02
   7.1000000e+01   8.4262945e-02
   7.2000000e+01   8.6902075e-02
   7.3000000e+01   8.9547634e-02
   7.4000000e+01   9.2199460e-02
   7.5000000e+01   9.4857410e-02
   7.6000000e+01   9.7521335e-02
   7.7000000e+01   1.0019109e-01
   7.8000000e+01   1.0286663e-01
   7.9000000e+01   1.0553098e-01
   8.0000000e+01   1.0820556e-01
   8.1000000e+01   1.1090760e-01
   8.2000000e+01   1.1362076e-01
   8.3000000e+01   1.1634542e-01
   8.4000000e+01   1.1908172e-01
   8.5000000e+01   1.2182981e-01
   8.6000000e+01   1.2458981e-01
   8.7000000e+01   1.2738056e-01
   8.8000000e+01   1.3018420e-01
   8.9000000e+01   1.3298193e-01
   9.0000000e+01   1.3579255e-01
   9.1000000e+01   1.3687922e-01
   9.2000000e+01   1.3796686e-01
   9.3000000e+01   1.3905586e-01
   9.4000000e+01   1.4018367e-01
   9.5000000e+01   1.4131244e-01
   9.6000000e+01   1.4244258e-01
   9.7000000e+01   1.4357400e-01
   9.8000000e+01   1.4470665e-01
   9.9000000e+01   1.4584050e-01
   1.0000000e+02   1.4701086e-01
   1.0100000e+02   1.4818193e-01
   1.0200000e+02   1.4935401e-01
   1.0300000e+02   1.5052694e-01
   1.0400000e+02   1.5170062e-01
   1.0500000e+02   1.5287492e-01
   1.0600000e+02   1.5404974e-01
   1.0700000e+02   1.5525784e-01
   1.0800000e+02   1.5649837e-01
   1.0900000e+02   1.5777077e-01
   1.1000000e+02   1.5905857e-01
   1.1100000e+02   1.6034622e-01
   1.1200000e+02   1.6164885e-01
   1.1300000e+02   1.6296573e-01
   1.1400000e+02   1.6429642e-01
   1.1500000e+02   1.6562594e-01
   1.1600000e+02   1.6698226e-01
   1.1700000e+02   1.6836408e-01
   1.1800000e+02   1.6975704e-01
   1.1900000e+02   1.7114720e-01
   1.2000000e+02   1.7253406e-01
   1.2100000e+02   1.7334832e-01
   1.2200000e+02   1.7416829e-01
   1.2300000e+02   1.7501895e-01
   1.2400000e+02   1.7589998e-01
   1.2500000e+02   1.7678733e-01
   1.2600000e+02   1.7768091e-01
   1.2700000e+02   1.7859246e-01
   1.2800000e+02   1.7951038e-01
   1.2900000e+02   1.8043466e-01
   1.3000000e+02   1.8136512e-01
   1.3100000e+02   1.8231289e-01
   1.3200000e+02   1.8327761e-01
   1.3300000e+02   1.8425907e-01
   1.3400000e+02   1.8524668e-01
   1.3500000e+02   1.8624027e-01
   1.3600000e+02   1.8723971e-01
   1.3700000e+02   1.8825504e-01
   1.3800000e+02   1.8928601e-01
   1.3900000e+02   1.9032243e-01
   1.4000000e+02   1.9137375e-01
   1.4100000e+02   1.9243957e-01
   1.4200000e+02   1.9352892e-01
   1.4300000e+02   1.9462350e-01
   1.4400000e+02   1.9572309e-01
   1.4500000e+02   1.9682752e-01
   1.4600000e+02   1.9794528e-01
   1.4700000e+02   1.9907612e-01
   1.4800000e+02   2.0021971e-01
   1.4900000e+02   2.0136790e-01
   1.5000000e+02   2.0252042e-01
   1.5100000e+02   2.0377567e-01
   1.5200000e+02   2.0503689e-01
   1.5300000e+02   2.0630394e-01
   1.5400000e+02   2.0757654e-01
   1.5500000e+02   2.0885450e-01
   1.5600000e+02   2.1013759e-01
   1.5700000e+02   2.1142574e-01
   1.5800000e+02   2.1271868e-01
   1.5900000e+02   2.1401618e-01
   1.6000000e+02   2.1531802e-01
   1.6100000e+02   2.1662407e-01
   1.6200000e+02   2.1793412e-01
   1.6300000e+02   2.1924812e-01
   1.6400000e+02   2.2056596e-01
   1.6500000e+02   2.2188754e-01
   1.6600000e+02   2.2321273e-01
   1.6700000e+02   2.2454138e-01
   1.6800000e+02   2.2587340e-01
   1.6900000e+02   2.2720869e-01
   1.7000000e+02   2.2854714e-01
   1.7100000e+02   2.2988893e-01
   1.7200000e+02   2.3123415e-01
   1.7300000e+02   2.3258279e-01
   1.7400000e+02   2.3393479e-01
   1.7500000e+02   2.3529014e-01
   1.7600000e+02   2.3664893e-01
   1.7700000e+02   2.3801114e-01
   1.7800000e+02   2.3937672e-01
   1.7900000e+02   2.4074562e-01
   1.8000000e+02   2.4211778e-01
   1.8100000e+02   2.4356124e-01
   1.8200000e+02   2.4500787e-01
   1.8300000e+02   2.4645777e-01
   1.8400000e+02   2.4791087e-01
   1.8500000e+02   2.4936719e-01
   1.8600000e+02   2.5082675e-01
   1.8700000e+02   2.5228950e-01
   1.8800000e+02   2.5375533e-01
   1.8900000e+02   2.5522432e-01
   1.9000000e+02   2.5669640e-01
   1.9100000e+02   2.5817162e-01
   1.9200000e+02   2.5965002e-01
   1.9300000e+02   2.6113153e-01
   1.9400000e+02   2.6261628e-01
   1.9500000e+02   2.6410419e-01
   1.9600000e+02   2.6559535e-01
   1.9700000e+02   2.6708952e-01
   1.9800000e+02   2.6858672e-01
   1.9900000e+02   2.7008697e-01
   2.0000000e+02   2.7159035e-01
   2.0100000e+02   2.7309704e-01
   2.0200000e+02   2.7460715e-01
   2.0300000e+02   2.7612075e-01
   2.0400000e+02   2.7763781e-01
   2.0500000e+02   2.7915838e-01
   2.0600000e+02   2.8068244e-01
   2.0700000e+02   2.8220969e-01
   2.0800000e+02   2.8373966e-01
   2.0900000e+02   2.8527221e-01
   2.1000000e+02   2.8680733e-01
   2.1100000e+02   2.8811592e-01
   2.1200000e+02   2.8942716e-01
   2.1300000e+02   2.9074106e-01
   2.1400000e+02   2.9205769e-01
   2.1500000e+02   2.9337704e-01
   2.1600000e+02   2.9422271e-01
   2.1700000e+02   2.9505309e-01
   2.1800000e+02   2.9587373e-01
   2.1900000e+02   2.9668492e-01
   2.2000000e+02   2.9748678e-01
   2.2100000e+02   2.9827940e-01
   2.2200000e+02   2.9906288e-01
   2.2300000e+02   2.9983732e-01
   2.2400000e+02   3.0060291e-01
   2.2500000e+02   3.0135977e-01
   2.2600000e+02   3.0210799e-01
   2.2700000e+02   3.0284765e-01
   2.2800000e+02   3.0357900e-01
   2.2900000e+02   3.0430210e-01
   2.3000000e+02   3.0501705e-01
   2.3100000e+02   3.0572399e-01
   2.3200000e+02   3.0642310e-01
   2.3300000e+02   3.0711460e-01
   2.3400000e+02   3.0779871e-01
   2.3500000e+02   3.0847558e-01
   2.3600000e+02   3.0914539e-01
   2.3700000e+02   3.0980819e-01
   2.3800000e+02   3.1046420e-01
   2.3900000e+02   3.1111348e-01
   2.4000000e+02   3.1175625e-01
   2.4100000e+02   3.1150350e-01
   2.4200000e+02   3.1126049e-01
   2.4300000e+02   3.1102705e-01
   2.4400000e+02   3.1080303e-01
   2.4500000e+02   3.1058818e-01
   2.4600000e+02   3.1038246e-01
   2.4700000e+02   3.1018564e-01
   2.4800000e+02   3.0999759e-01
   2.4900000e+02   3.0981809e-01
   2.5000000e+02   3.0964699e-01
   2.5100000e+02   3.0948409e-01
   2.5200000e+02   3.0932930e-01
   2.5300000e+02   3.0918252e-01
   2.5400000e+02   3.0904362e-01
   2.5500000e+02   3.0891249e-01
   2.5600000e+02   3.0878899e-01
   2.5700000e+02   3.0867299e-01
   2.5800000e+02   3.0856439e-01
   2.5900000e+02   3.0846304e-01
   2.6000000e+02   3.0836883e-01
   2.6100000e+02   3.0828166e-01
   2.6200000e+02   3.0820140e-01
   2.6300000e+02   3.0812797e-01
   2.6400000e+02   3.0806121e-01
   2.6500000e+02   3.0800110e-01
   2.6600000e+02   3.0794746e-01
   2.6700000e+02   3.0790019e-01
   2.6800000e+02   3.0785927e-01
   2.6900000e+02   3.0782455e-01
   2.7000000e+02   3.0779597e-01
   2.7100000e+02   3.0607077e-01
   2.7200000e+02   3.0439550e-01
   2.7300000e+02   3.0276945e-01
   2.7400000e+02   3.0119202e-01
   2.7500000e+02   2.9966256e-01
   2.7600000e+02   2.9818001e-01
   2.7700000e+02   2.9674354e-01
   2.7800000e+02   2.9535192e-01
   2.7900000e+02   2.9400420e-01
   2.8000000e+02   2.9269955e-01
   2.8100000e+02   2.9143721e-01
   2.8200000e+02   2.9021636e-01
   2.8300000e+02   2.8903612e-01
   2.8400000e+02   2.8789574e-01
   2.8500000e+02   2.8679433e-01
   2.8600000e+02   2.8573117e-01
   2.8700000e+02   2.8470543e-01
   2.8800000e+02   2.8371623e-01
   2.8900000e+02   2.8276274e-01
   2.9000000e+02   2.8184411e-01
   2.9100000e+02   2.8095955e-01
   2.9200000e+02   2.8010833e-01
   2.9300000e+02   2.7928978e-01
   2.9400000e+02   2.7850315e-01
   2.9500000e+02   2.7774769e-01
   2.9600000e+02   2.7702284e-01
   2.9700000e+02   2.7632791e-01
   2.9800000e+02   2.7566224e-01
   2.9900000e+02   2.7502519e-01
   3.0000000e+02   2.7441895e-01
   3.0100000e+02   2.7253917e-01
   3.0200000e+02   2.7064377e-01
   3.0300000e+02   2.6873460e-01
   3.0400000e+02   2.6681355e-01
   3.0500000e+02   2.6488250e-01
   3.0600000e+02   2.6294357e-01
   3.0700000e+02   2.6099876e-01
   3.0800000e+02   2.5905025e-01
   3.0900000e+02   2.5710031e-01
   3.1000000e+02   2.5515124e-01
   3.1100000e+02   2.5320548e-01
   3.1200000e+02   2.5126553e-01
   3.1300000e+02   2.4933404e-01
   3.1400000e+02   2.4741332e-01
   3.1500000e+02   2.4550305e-01
   3.1600000e+02   2.4360704e-01
   3.1700000e+02   2.4172251e-01
   3.1800000e+02   2.3985134e-01
   3.1900000e+02   2.3799582e-01
   3.2000000e+02   2.3615822e-01
   3.2100000e+02   2.3434083e-01
   3.2200000e+02   2.3254600e-01
   3.2300000e+02   2.3077603e-01
   3.2400000e+02   2.2903323e-01
   3.2500000e+02   2.2731990e-01
   3.2600000e+02   2.2563832e-01
   3.2700000e+02   2.2399081e-01
   3.2800000e+02   2.2237970e-01
   3.2900000e+02   2.2080278e-01
   3.3000000e+02   2.1925898e-01
   3.3100000e+02   2.2042900e-01
   3.3200000e+02   2.2160730e-01
   3.3300000e+02   2.2279444e-01
   3.3400000e+02   2.2399035e-01
   3.3500000e+02   2.2519511e-01
   3.3600000e+02   2.2640878e-01
   3.3700000e+02   2.2763145e-01
   3.3800000e+02   2.2886316e-01
   3.3900000e+02   2.3010406e-01
   3.4000000e+02   2.3135345e-01
   3.4100000e+02   2.3261130e-01
   3.4200000e+02   2.3387785e-01
   3.4300000e+02   2.3515293e-01
   3.4400000e+02   2.3643634e-01
   3.4500000e+02   2.3772809e-01
   3.4600000e+02   2.3902826e-01
   3.4700000e+02   2.4033691e-01
   3.4800000e+02   2.4165407e-01
   3.4900000e+02   2.4297981e-01
   3.5000000e+02   2.4431294e-01
   3.5100000e+02   2.4565297e-01
   3.5200000e+02   2.4699928e-01
   3.5300000e+02   2.4834777e-01
   3.5400000e+02   2.4969837e-01
   3.5500000e+02   2.5105101e-01
   3.5600000e+02   2.5240561e-01
   3.5700000e+02   2.5376219e-01
   3.5800000e+02   2.5512066e-01
   3.5900000e+02   2.5648090e-01
   2.6219766e-08   2.5784296e-01
