   0.0000000e+00   1.4859186e+04
   1.0000000e+00   3.0281844e+04
   2.0000000e+00   3.0258660e+04
   3.0000000e+00   3.0246863e+04
   4.0000000e+00   3.0236828e+04
   5.0000000e+00   3.0228797e+04
   6.0000000e+00   3.0222275e+04
   7.0000000e+00   3.0210717e+04
   8.0000000e+00   3.0207596e+04
   9.0000000e+00   3.0206344e+04
   1.0000000e+01   3.0206861e+04
   1.1000000e+01   3.0208494e+04
   1.2000000e+01   3.0211451e+04
   1.3000000e+01   3.0216191e+04
   1.4000000e+01   3.0222463e+04
   1.5000000e+01   3.0229900e+04
   1.6000000e+01   3.0239043e+04
   1.7000000e+01   3.0249262e+04
   1.8000000e+01   3.0254455e+04
   1.9000000e+01   3.0267723e+04
   2.0000000e+01   3.0282801e+04
   2.1000000e+01   3.0299021e+04
   2.2000000e+01   3.0316873e+04
   2.3000000e+01   3.0335748e+04
   2.4000000e+01   3.0356070e+04
   2.5000000e+01   3.0391283e+04
   2.6000000e+01   3.0421873e+04
   2.7000000e+01   3.0446619e+04
   2.8000000e+01   3.0479492e+04
   2.9000000e+01   3.0507150e+04
   3.0000000e+01   3.0542746e+04
   3.1000000e+01   3.0535686e+04
   3.2000000e+01   3.0529031e+04
   3.3000000e+01   3.0522867e+04
   3.4000000e+01   3.0517221e+04
   3.5000000e+01   3.0512043e+04
   3.6000000e+01   3.0514283e+04
   3.7000000e+01   3.0510371e+04
   3.8000000e+01   3.0507031e+04
   3.9000000e+01   3.0504307e+04
   4.0000000e+01   3.0502211e+04
   4.1000000e+01   3.0500701e+04
   4.2000000e+01   3.0499885e+04
   4.3000000e+01   3.0499666e+04
   4.4000000e+01   3.0500219e+04
   4.5000000e+01   3.0501430e+04
   4.6000000e+01   3.0503332e+04
   4.7000000e+01   3.0505861e+04
   4.8000000e+01   3.0509092e+04
   4.9000000e+01   3.0512967e+04
   5.0000000e+01   3.0517479e+04
   5.1000000e+01   3.0522684e+04
   5.2000000e+01   3.0528521e+04
   5.3000000e+01   3.0534975e+04
   5.4000000e+01   3.0542162e+04
   5.5000000e+01   3.0549936e+04
   5.6000000e+01   3.0558270e+04
   5.7000000e+01   3.0567178e+04
   5.8000000e+01   3.0576838e+04
   5.9000000e+01   3.0587332e+04
   6.0000000e+01   3.0598492e+04
   6.1000000e+01   3.0822271e+04
   6.2000000e+01   3.1045834e+04
   6.3000000e+01   3.1270693e+04
   6.4000000e+01   3.1497289e+04
   6.5000000e+01   3.1723350e+04
   6.6000000e+01   3.1948910e+04
   6.7000000e+01   3.2174107e+04
   6.8000000e+01   3.2398785e+04
   6.9000000e+01   3.2622889e+04
   7.0000000e+01   3.2846988e+04
   7.1000000e+01   3.3070707e+04
   7.2000000e+01   3.3294457e+04
   7.3000000e+01   3.3517805e+04
   7.4000000e+01   3.3740723e+04
   7.5000000e+01   3.3963184e+04
   7.6000000e+01   3.4185133e+04
   7.7000000e+01   3.4404035e+04
   7.8000000e+01   3.4622816e+04
   7.9000000e+01   3.4841523e+04
   8.0000000e+01   3.5061145e+04
   8.1000000e+01   3.5280215e+04
   8.2000000e+01   3.5497578e+04
   8.3000000e+01   3.5714250e+04
   8.4000000e+01   3.5930156e+04
   8.5000000e+01   3.6145234e+04
   8.6000000e+01   3.6359434e+04
   8.7000000e+01   3.6572609e+04
   8.8000000e+01   3.6783395e+04
   8.9000000e+01   3.6993113e+04
   9.0000000e+01   3.7203082e+04
   9.1000000e+01   3.7033484e+04
   9.2000000e+01   3.6859352e+04
   9.3000000e+01   3.6683543e+04
   9.4000000e+01   3.6505813e+04
   9.5000000e+01   3.6323031e+04
   9.6000000e+01   3.6138211e+04
   9.7000000e+01   3.5951242e+04
   9.8000000e+01   3.5762059e+04
   9.9000000e+01   3.5570590e+04
   1.0000000e+02   3.5376609e+04
   1.0100000e+02   3.5176617e+04
   1.0200000e+02   3.4973945e+04
   1.0300000e+02   3.4768473e+04
   1.0400000e+02   3.4560117e+04
   1.0500000e+02   3.4348785e+04
   1.0600000e+02   3.4134391e+04
   1.0700000e+02   3.3916680e+04
   1.0800000e+02   3.3691551e+04
   1.0900000e+02   3.3458625e+04
   1.1000000e+02   3.3217547e+04
   1.1100000e+02   3.2970016e+04
   1.1200000e+02   3.2717723e+04
   1.1300000e+02   3.2464369e+04
   1.1400000e+02   3.2202965e+04
   1.1500000e+02   3.1931797e+04
   1.1600000e+02   3.1652279e+04
   1.1700000e+02   3.1359592e+04
   1.1800000e+02   3.1052834e+04
   1.1900000e+02   3.0733291e+04
   1.2000000e+02   3.0402480e+04
   1.2100000e+02   3.0300887e+04
   1.2200000e+02   3.0190475e+04
   1.2300000e+02   3.0091777e+04
   1.2400000e+02   2.9982100e+04
   1.2500000e+02   2.9862807e+04
   1.2600000e+02   2.9732719e+04
   1.2700000e+02   2.9589033e+04
   1.2800000e+02   2.9424936e+04
   1.2900000e+02   2.9235615e+04
   1.3000000e+02   2.9006975e+04
   1.3100000e+02   2.8696674e+04
   1.3200000e+02   2.8546910e+04
   1.3300000e+02   2.8645746e+04
   1.3400000e+02   2.8672258e+04
   1.3500000e+02   2.8570557e+04
   1.3600000e+02   2.9092141e+04
   1.3700000e+02   2.9594387e+04
   1.3800000e+02   3.0011299e+04
   1.3900000e+02   3.0382092e+04
   1.4000000e+02   3.0719229e+04
   1.4100000e+02   3.1033307e+04
   1.4200000e+02   3.1328826e+04
   1.4300000e+02   3.1610830e+04
   1.4400000e+02   3.1877658e+04
   1.4500000e+02   3.2131215e+04
   1.4600000e+02   3.2372967e+04
   1.4700000e+02   3.2605510e+04
   1.4800000e+02   3.2828875e+04
   1.4900000e+02   3.3044715e+04
   1.5000000e+02   3.3255180e+04
   1.5100000e+02   3.3451961e+04
   1.5200000e+02   3.3642516e+04
   1.5300000e+02   3.3827059e+04
   1.5400000e+02   3.4005844e+04
   1.5500000e+02   3.4179090e+04
   1.5600000e+02   3.4347090e+04
   1.5700000e+02   3.4509902e+04
   1.5800000e+02   3.4667715e+04
   1.5900000e+02   3.4820602e+04
   1.6000000e+02   3.4968477e+04
   1.6100000e+02   3.5111676e+04
   1.6200000e+02   3.5249840e+04
   1.6300000e+02   3.5383520e+04
   1.6400000e+02   3.5512930e+04
   1.6500000e+02   3.5638172e+04
   1.6600000e+02   3.5759363e+04
   1.6700000e+02   3.5876570e+04
   1.6800000e+02   3.5989879e+04
   1.6900000e+02   3.6099332e+04
   1.7000000e+02   3.6202566e+04
   1.7100000e+02   3.6301141e+04
   1.7200000e+02   3.6396004e+04
   1.7300000e+02   3.6487242e+04
   1.7400000e+02   3.6574902e+04
   1.7500000e+02   3.6658738e+04
   1.7600000e+02   3.6739000e+04
   1.7700000e+02   3.6816188e+04
   1.7800000e+02   3.6890328e+04
   1.7900000e+02   3.6961453e+04
   1.8000000e+02   3.7030883e+04
   1.8100000e+02   3.7094656e+04
   1.8200000e+02   3.7155316e+04
   1.8300000e+02   3.7212887e+04
   1.8400000e+02   3.7267430e+04
   1.8500000e+02   3.7318977e+04
   1.8600000e+02   3.7367488e+04
   1.8700000e+02   3.7413090e+04
   1.8800000e+02   3.7455637e+04
   1.8900000e+02   3.7495301e+04
   1.9000000e+02   3.7532129e+04
   1.9100000e+02   3.7566160e+04
   1.9200000e+02   3.7597441e+04
   1.9300000e+02   3.7626109e+04
   1.9400000e+02   3.7652102e+04
   1.9500000e+02   3.7675469e+04
   1.9600000e+02   3.7696813e+04
   1.9700000e+02   3.7716078e+04
   1.9800000e+02   3.7732566e+04
   1.9900000e+02   3.7746316e+04
   2.0000000e+02   3.7757383e+04
   2.0100000e+02   3.7766035e+04
   2.0200000e+02   3.7772172e+04
   2.0300000e+02   3.7775723e+04
   2.0400000e+02   3.7776727e+04
   2.0500000e+02   3.7775219e+04
   2.0600000e+02   3.7772563e+04
   2.0700000e+02   3.7769078e+04
   2.0800000e+02   3.7763277e+04
   2.0900000e+02   3.7755180e+04
   2.1000000e+02   3.7744824e+04
   2.1100000e+02   3.7728941e+04
   2.1200000e+02   3.7710895e+04
   2.1300000e+02   3.7690813e+04
   2.1400000e+02   3.7668680e+04
   2.1500000e+02   3.7644496e+04
   2.1600000e+02   3.7620039e+04
   2.1700000e+02   3.7579777e+04
   2.1800000e+02   3.7537648e+04
   2.1900000e+02   3.7493840e+04
   2.2000000e+02   3.7448398e+04
   2.2100000e+02   3.7401348e+04
   2.2200000e+02   3.7352715e+04
   2.2300000e+02   3.7302531e+04
   2.2400000e+02   3.7250770e+04
   2.2500000e+02   3.7197461e+04
   2.2600000e+02   3.7142668e+04
   2.2700000e+02   3.7086445e+04
   2.2800000e+02   3.7028824e+04
   2.2900000e+02   3.6969840e+04
   2.3000000e+02   3.6909539e+04
   2.3100000e+02   3.6848055e+04
   2.3200000e+02   3.6785387e+04
   2.3300000e+02   3.6721449e+04
   2.3400000e+02   3.6656262e+04
   2.3500000e+02   3.6589867e+04
   2.3600000e+02   3.6522305e+04
   2.3700000e+02   3.6453598e+04
   2.3800000e+02   3.6383801e+04
   2.3900000e+02   3.6312938e+04
   2.4000000e+02   3.6241031e+04
   2.4100000e+02   3.6150621e+04
   2.4200000e+02   3.6060277e+04
   2.4300000e+02   3.5969980e+04
   2.4400000e+02   3.5879684e+04
   2.4500000e+02   3.5789367e+04
   2.4600000e+02   3.5699051e+04
   2.4700000e+02   3.5608715e+04
   2.4800000e+02   3.5518363e+04
   2.4900000e+02   3.5427992e+04
   2.5000000e+02   3.5337598e+04
   2.5100000e+02   3.5247188e+04
   2.5200000e+02   3.5156852e+04
   2.5300000e+02   3.5066539e+04
   2.5400000e+02   3.4976223e+04
   2.5500000e+02   3.4885910e+04
   2.5600000e+02   3.4795609e+04
   2.5700000e+02   3.4705316e+04
   2.5800000e+02   3.4615035e+04
   2.5900000e+02   3.4524734e+04
   2.6000000e+02   3.4434500e+04
   2.6100000e+02   3.4344352e+04
   2.6200000e+02   3.4254273e+04
   2.6300000e+02   3.4164277e+04
   2.6400000e+02   3.4074363e+04
   2.6500000e+02   3.3984570e+04
   2.6600000e+02   3.3894887e+04
   2.6700000e+02   3.3805324e+04
   2.6800000e+02   3.3715914e+04
   2.6900000e+02   3.3626656e+04
   2.7000000e+02   3.3537570e+04
   2.7100000e+02   3.3379965e+04
   2.7200000e+02   3.3211551e+04
   2.7300000e+02   3.3032258e+04
   2.7400000e+02   3.2841965e+04
   2.7500000e+02   3.2628480e+04
   2.7600000e+02   3.2395639e+04
   2.7700000e+02   3.2145314e+04
   2.7800000e+02   3.1874951e+04
   2.7900000e+02   3.1582504e+04
   2.8000000e+02   3.1264945e+04
   2.8100000e+02   3.0917453e+04
   2.8200000e+02   3.0531346e+04
   2.8300000e+02   3.0088043e+04
   2.8400000e+02   2.9521914e+04
   2.8500000e+02   2.9301016e+04
   2.8600000e+02   2.9321900e+04
   2.8700000e+02   2.9281316e+04
   2.8800000e+02   2.9219650e+04
   2.8900000e+02   2.9148736e+04
   2.9000000e+02   2.9073363e+04
   2.9100000e+02   2.8996082e+04
   2.9200000e+02   2.8918316e+04
   2.9300000e+02   2.8840912e+04
   2.9400000e+02   2.8764391e+04
   2.9500000e+02   2.8689104e+04
   2.9600000e+02   2.8615225e+04
   2.9700000e+02   2.8542879e+04
   2.9800000e+02   2.8472141e+04
   2.9900000e+02   2.8363203e+04
   3.0000000e+02   2.8250189e+04
   3.0100000e+02   2.8359031e+04
   3.0200000e+02   2.8459717e+04
   3.0300000e+02   2.8552158e+04
   3.0400000e+02   2.8636195e+04
   3.0500000e+02   2.8711605e+04
   3.0600000e+02   2.8778088e+04
   3.0700000e+02   2.8835248e+04
   3.0800000e+02   2.8882596e+04
   3.0900000e+02   2.8919527e+04
   3.1000000e+02   2.8945307e+04
   3.1100000e+02   2.8959039e+04
   3.1200000e+02   2.8959623e+04
   3.1300000e+02   2.8950637e+04
   3.1400000e+02   2.8965453e+04
   3.1500000e+02   2.8953631e+04
   3.1600000e+02   2.8957490e+04
   3.1700000e+02   2.8947352e+04
   3.1800000e+02   2.8921584e+04
   3.1900000e+02   2.8880443e+04
   3.2000000e+02   2.8824117e+04
   3.2100000e+02   2.8752705e+04
   3.2200000e+02   2.8666170e+04
   3.2300000e+02   2.8564221e+04
   3.2400000e+02   2.8446471e+04
   3.2500000e+02   2.8312393e+04
   3.2600000e+02   2.8161301e+04
   3.2700000e+02   2.7992334e+04
   3.2800000e+02   2.7848570e+04
   3.2900000e+02   2.7719941e+04
   3.3000000e+02   2.7582863e+04
   3.3100000e+02   2.7492574e+04
   3.3200000e+02   2.7399566e+04
   3.3300000e+02   2.7307770e+04
   3.3400000e+02   2.7215729e+04
   3.3500000e+02   2.7123402e+04
   3.3600000e+02   2.7030723e+04
   3.3700000e+02   2.6937617e+04
   3.3800000e+02   2.6843996e+04
   3.3900000e+02   2.6759889e+04
   3.4000000e+02   2.6677590e+04
   3.4100000e+02   2.6594113e+04
   3.4200000e+02   2.6512830e+04
   3.4300000e+02   2.6434182e+04
   3.4400000e+02   2.6355479e+04
   3.4500000e+02   2.6276682e+04
   3.4600000e+02   2.6197732e+04
   3.4700000e+02   2.6118600e+04
   3.4800000e+02   2.6039207e+04
   3.4900000e+02   2.5982281e+04
   3.5000000e+02   2.5940189e+04
   3.5100000e+02   2.5906752e+04
   3.5200000e+02   2.5922154e+04
   3.5300000e+02   2.5938746e+04
   3.5400000e+02   2.5956480e+04
   3.5500000e+02   2.5975371e+04
   3.5600000e+02   2.5995434e+04
   3.5700000e+02   2.6016678e+04
   3.5800000e+02   2.6039117e+04
   3.5900000e+02   2.6063361e+04
   2.6219766e-08   2.6091281e+04
