   0.0000000e+00   2.3568105e-02
   1.0000000e+00   2.2583682e-02
   2.0000000e+00   2.2099953e-02
   3.0000000e+00   2.2013810e-02
   4.0000000e+00   2.1937165e-02
   5.0000000e+00   2.1874478e-02
   6.0000000e+00   2.1808822e-02
   7.0000000e+00   2.1739552e-02
   8.0000000e+00   2.1670807e-02
   9.0000000e+00   2.1610497e-02
   1.0000000e+01   2.1543959e-02
   1.1000000e+01   2.1456756e-02
   1.2000000e+01   2.1360265e-02
   1.3000000e+01   2.1261197e-02
   1.4000000e+01   2.1151520e-02
   1.5000000e+01   2.1026669e-02
   1.6000000e+01   2.0898888e-02
   1.7000000e+01   2.0756174e-02
   1.8000000e+01   2.0614522e-02
   1.9000000e+01   2.0470548e-02
   2.0000000e+01   2.0328073e-02
   2.1000000e+01   2.0171236e-02
   2.2000000e+01   2.0011259e-02
   2.3000000e+01   1.9836551e-02
   2.4000000e+01   1.9662395e-02
   2.5000000e+01   1.9485259e-02
   2.6000000e+01   1.9301044e-02
   2.7000000e+01   1.9098289e-02
   2.8000000e+01   1.8888013e-02
   2.9000000e+01   1.8674338e-02
   3.0000000e+01   1.8453481e-02
   3.1000000e+01   1.6887380e-02
   3.2000000e+01   1.5289115e-02
   3.3000000e+01   1.3660345e-02
   3.4000000e+01   1.2002444e-02
   3.5000000e+01   1.0316750e-02
   3.6000000e+01   8.6068837e-03
   3.7000000e+01   6.8694702e-03
   3.8000000e+01   5.1081330e-03
   3.9000000e+01   3.3241198e-03
   4.0000000e+01   1.5185931e-03
   4.1000000e+01  -3.0729332e-04
   4.2000000e+01  -2.1515251e-03
   4.3000000e+01  -4.0143509e-03
   4.4000000e+01  -5.8942460e-03
   4.5000000e+01  -7.7913851e-03
   4.6000000e+01  -9.7041018e-03
   4.7000000e+01  -1.1631413e-02
   4.8000000e+01  -1.3572684e-02
   4.9000000e+01  -1.5527092e-02
   5.0000000e+01  -1.7494444e-02
   5.1000000e+01  -1.9474460e-02
   5.2000000e+01  -2.1465769e-02
   5.3000000e+01  -2.3468807e-02
   5.4000000e+01  -2.5483333e-02
   5.5000000e+01  -2.7505791e-02
   5.6000000e+01  -2.9540261e-02
   5.7000000e+01  -3.1585116e-02
   5.8000000e+01  -3.3640120e-02
   5.9000000e+01  -3.5697892e-02
   6.0000000e+01  -3.7759047e-02
   6.1000000e+01  -3.2974944e-02
   6.2000000e+01  -2.8243151e-02
   6.3000000e+01  -2.3504380e-02
   6.4000000e+01  -1.8738264e-02
   6.5000000e+01  -1.4028199e-02
   6.6000000e+01  -9.3731899e-03
   6.7000000e+01  -4.7666845e-03
   6.8000000e+01  -2.1033664e-04
   6.9000000e+01   4.2917463e-03
   7.0000000e+01   8.7586055e-03
   7.1000000e+01   1.3181841e-02
   7.2000000e+01   1.7575199e-02
   7.3000000e+01   2.1929272e-02
   7.4000000e+01   2.6244521e-02
   7.5000000e+01   3.0521668e-02
   7.6000000e+01   3.4760624e-02
   7.7000000e+01   3.8886942e-02
   7.8000000e+01   4.2989474e-02
   7.9000000e+01   4.7068540e-02
   8.0000000e+01   5.1153909e-02
   8.1000000e+01   5.5209693e-02
   8.2000000e+01   5.9204709e-02
   8.3000000e+01   6.3167006e-02
   8.4000000e+01   6.7095704e-02
   8.5000000e+01   7.0990354e-02
   8.6000000e+01   7.4850485e-02
   8.7000000e+01   7.8675568e-02
   8.8000000e+01   8.2428537e-02
   8.9000000e+01   8.6143270e-02
   9.0000000e+01   8.9857310e-02
   9.1000000e+01   8.2104579e-02
   9.2000000e+01   7.4234396e-02
   9.3000000e+01   6.6322125e-02
   9.4000000e+01   5.8365725e-02
   9.5000000e+01   5.0279919e-02
   9.6000000e+01   4.2143576e-02
   9.7000000e+01   3.3954348e-02
   9.8000000e+01   2.5710745e-02
   9.9000000e+01   1.7411152e-02
   1.0000000e+02   9.0538394e-03
   1.0100000e+02   5.4348120e-04
   1.0200000e+02  -8.0328342e-03
   1.0300000e+02  -1.6678030e-02
   1.0400000e+02  -2.5394255e-02
   1.0500000e+02  -3.4183826e-02
   1.0600000e+02  -4.3049213e-02
   1.0700000e+02  -5.1993005e-02
   1.0800000e+02  -6.1124649e-02
   1.0900000e+02  -7.0455216e-02
   1.1000000e+02  -7.9997607e-02
   1.1100000e+02  -8.9709327e-02
   1.1200000e+02  -9.9544503e-02
   1.1300000e+02  -1.0938620e-01
   1.1400000e+02  -1.1944484e-01
   1.1500000e+02  -1.2977523e-01
   1.1600000e+02  -1.4033717e-01
   1.1700000e+02  -1.5126568e-01
   1.1800000e+02  -1.6259278e-01
   1.1900000e+02  -1.7429052e-01
   1.2000000e+02  -1.8632224e-01
   1.2100000e+02  -1.9119404e-01
   1.2200000e+02  -1.9631419e-01
   1.2300000e+02  -2.0106122e-01
   1.2400000e+02  -2.0611434e-01
   1.2500000e+02  -2.1143742e-01
   1.2600000e+02  -2.1707712e-01
   1.2700000e+02  -2.2311912e-01
   1.2800000e+02  -2.2977270e-01
   1.2900000e+02  -2.3719484e-01
   1.3000000e+02  -2.4582782e-01
   1.3100000e+02  -2.5699681e-01
   1.3200000e+02  -2.6319978e-01
   1.3300000e+02  -2.6165134e-01
   1.3400000e+02  -2.6231533e-01
   1.3500000e+02  -2.6694697e-01
   1.3600000e+02  -2.5216493e-01
   1.3700000e+02  -2.3803094e-01
   1.3800000e+02  -2.2654974e-01
   1.3900000e+02  -2.1648861e-01
   1.4000000e+02  -2.0745124e-01
   1.4100000e+02  -1.9910237e-01
   1.4200000e+02  -1.9129802e-01
   1.4300000e+02  -1.8388122e-01
   1.4400000e+02  -1.7690396e-01
   1.4500000e+02  -1.7030558e-01
   1.4600000e+02  -1.6403817e-01
   1.4700000e+02  -1.5801913e-01
   1.4800000e+02  -1.5224606e-01
   1.4900000e+02  -1.4666887e-01
   1.5000000e+02  -1.4122395e-01
   1.5100000e+02  -1.3618849e-01
   1.5200000e+02  -1.3130875e-01
   1.5300000e+02  -1.2657605e-01
   1.5400000e+02  -1.2198201e-01
   1.5500000e+02  -1.1751939e-01
   1.5600000e+02  -1.1318175e-01
   1.5700000e+02  -1.0896328e-01
   1.5800000e+02  -1.0485819e-01
   1.5900000e+02  -1.0086506e-01
   1.6000000e+02  -9.6986316e-02
   1.6100000e+02  -9.3210086e-02
   1.6200000e+02  -8.9549571e-02
   1.6300000e+02  -8.5984871e-02
   1.6400000e+02  -8.2508668e-02
   1.6500000e+02  -7.9117678e-02
   1.6600000e+02  -7.5808823e-02
   1.6700000e+02  -7.2579503e-02
   1.6800000e+02  -6.9427043e-02
   1.6900000e+02  -6.6349000e-02
   1.7000000e+02  -6.3415110e-02
   1.7100000e+02  -6.0578488e-02
   1.7200000e+02  -5.7811782e-02
   1.7300000e+02  -5.5112131e-02
   1.7400000e+02  -5.2477065e-02
   1.7500000e+02  -4.9913976e-02
   1.7600000e+02  -4.7414817e-02
   1.7700000e+02  -4.4965222e-02
   1.7800000e+02  -4.2563930e-02
   1.7900000e+02  -4.0209811e-02
   1.8000000e+02  -3.7855681e-02
   1.8100000e+02  -3.5633188e-02
   1.8200000e+02  -3.3460889e-02
   1.8300000e+02  -3.1337664e-02
   1.8400000e+02  -2.9262057e-02
   1.8500000e+02  -2.7232818e-02
   1.8600000e+02  -2.5248704e-02
   1.8700000e+02  -2.3308823e-02
   1.8800000e+02  -2.1418411e-02
   1.8900000e+02  -1.9571256e-02
   1.9000000e+02  -1.7766183e-02
   1.9100000e+02  -1.6002050e-02
   1.9200000e+02  -1.4277739e-02
   1.9300000e+02  -1.2592201e-02
   1.9400000e+02  -1.0944409e-02
   1.9500000e+02  -9.3332799e-03
   1.9600000e+02  -7.7404864e-03
   1.9700000e+02  -6.1677820e-03
   1.9800000e+02  -4.6359971e-03
   1.9900000e+02  -3.1438735e-03
   2.0000000e+02  -1.6900178e-03
   2.0100000e+02  -2.6556873e-04
   2.0200000e+02   1.1255826e-03
   2.0300000e+02   2.4795858e-03
   2.0400000e+02   3.7976759e-03
   2.0500000e+02   5.0810627e-03
   2.0600000e+02   6.3730380e-03
   2.0700000e+02   7.6829758e-03
   2.0800000e+02   8.9634405e-03
   2.0900000e+02   1.0214590e-02
   2.1000000e+02   1.1437055e-02
   2.1100000e+02   1.2501025e-02
   2.1200000e+02   1.3538233e-02
   2.1300000e+02   1.4549495e-02
   2.1400000e+02   1.5535645e-02
   2.1500000e+02   1.6497517e-02
   2.1600000e+02   1.7435838e-02
   2.1700000e+02   1.7898627e-02
   2.1800000e+02   1.8339580e-02
   2.1900000e+02   1.8764408e-02
   2.2000000e+02   1.9173719e-02
   2.2100000e+02   1.9567927e-02
   2.2200000e+02   1.9947449e-02
   2.2300000e+02   2.0312691e-02
   2.2400000e+02   2.0663373e-02
   2.2500000e+02   2.0999566e-02
   2.2600000e+02   2.1322563e-02
   2.2700000e+02   2.1632766e-02
   2.2800000e+02   2.1930577e-02
   2.2900000e+02   2.2216426e-02
   2.3000000e+02   2.2491250e-02
   2.3100000e+02   2.2759650e-02
   2.3200000e+02   2.3015892e-02
   2.3300000e+02   2.3260402e-02
   2.3400000e+02   2.3493720e-02
   2.3500000e+02   2.3716282e-02
   2.3600000e+02   2.3928497e-02
   2.3700000e+02   2.4130758e-02
   2.3800000e+02   2.4323426e-02
   2.3900000e+02   2.4506861e-02
   2.4000000e+02   2.4681423e-02
   2.4100000e+02   2.4246916e-02
   2.4200000e+02   2.3835223e-02
   2.4300000e+02   2.3445474e-02
   2.4400000e+02   2.3075398e-02
   2.4500000e+02   2.2722915e-02
   2.4600000e+02   2.2388371e-02
   2.4700000e+02   2.2070995e-02
   2.4800000e+02   2.1770015e-02
   2.4900000e+02   2.1484651e-02
   2.5000000e+02   2.1214169e-02
   2.5100000e+02   2.0957856e-02
   2.5200000e+02   2.0715030e-02
   2.5300000e+02   2.0485036e-02
   2.5400000e+02   2.0267304e-02
   2.5500000e+02   2.0061279e-02
   2.5600000e+02   1.9866386e-02
   2.5700000e+02   1.9682085e-02
   2.5800000e+02   1.9507844e-02
   2.5900000e+02   1.9341471e-02
   2.6000000e+02   1.9184323e-02
   2.6100000e+02   1.9036137e-02
   2.6200000e+02   1.8896462e-02
   2.6300000e+02   1.8764878e-02
   2.6400000e+02   1.8640969e-02
   2.6500000e+02   1.8524328e-02
   2.6600000e+02   1.8414566e-02
   2.6700000e+02   1.8311325e-02
   2.6800000e+02   1.8214252e-02
   2.6900000e+02   1.8123033e-02
   2.7000000e+02   1.8037355e-02
   2.7100000e+02   1.5762363e-02
   2.7200000e+02   1.3165828e-02
   2.7300000e+02   1.0242830e-02
   2.7400000e+02   6.9872984e-03
   2.7500000e+02   3.0319649e-03
   2.7600000e+02  -1.5081479e-03
   2.7700000e+02  -6.5759844e-03
   2.7800000e+02  -1.2259214e-02
   2.7900000e+02  -1.8623613e-02
   2.8000000e+02  -2.5765928e-02
   2.8100000e+02  -3.3839088e-02
   2.8200000e+02  -4.3113679e-02
   2.8300000e+02  -5.4170966e-02
   2.8400000e+02  -6.9046028e-02
   2.8500000e+02  -7.3412046e-02
   2.8600000e+02  -7.0372120e-02
   2.8700000e+02  -6.9225907e-02
   2.8800000e+02  -6.8734393e-02
   2.8900000e+02  -6.8535596e-02
   2.9000000e+02  -6.8484694e-02
   2.9100000e+02  -6.8504274e-02
   2.9200000e+02  -6.8551391e-02
   2.9300000e+02  -6.8600819e-02
   2.9400000e+02  -6.8637304e-02
   2.9500000e+02  -6.8651587e-02
   2.9600000e+02  -6.8638138e-02
   2.9700000e+02  -6.8593651e-02
   2.9800000e+02  -6.8516463e-02
   2.9900000e+02  -6.9638073e-02
   3.0000000e+02  -7.0905820e-02
   3.0100000e+02  -6.5517858e-02
   3.0200000e+02  -6.0411263e-02
   3.0300000e+02  -5.5588350e-02
   3.0400000e+02  -5.1053539e-02
   3.0500000e+02  -4.6813533e-02
   3.0600000e+02  -4.2877533e-02
   3.0700000e+02  -3.9257508e-02
   3.0800000e+02  -3.5968591e-02
   3.0900000e+02  -3.3029467e-02
   3.1000000e+02  -3.0463047e-02
   3.1100000e+02  -2.8297139e-02
   3.1200000e+02  -2.6565427e-02
   3.1300000e+02  -2.5158994e-02
   3.1400000e+02  -2.3049472e-02
   3.1500000e+02  -2.1792764e-02
   3.1600000e+02  -2.0084795e-02
   3.1700000e+02  -1.8839996e-02
   3.1800000e+02  -1.8109769e-02
   3.1900000e+02  -1.7888024e-02
   3.2000000e+02  -1.8170387e-02
   3.2100000e+02  -1.8956669e-02
   3.2200000e+02  -2.0251248e-02
   3.2300000e+02  -2.2063376e-02
   3.2400000e+02  -2.4407221e-02
   3.2500000e+02  -2.7302215e-02
   3.2600000e+02  -3.0773582e-02
   3.2700000e+02  -3.4853198e-02
   3.2800000e+02  -3.8189538e-02
   3.2900000e+02  -4.1095164e-02
   3.3000000e+02  -4.4313710e-02
   3.3100000e+02  -4.5615658e-02
   3.3200000e+02  -4.7043230e-02
   3.3300000e+02  -4.8472665e-02
   3.3400000e+02  -4.9949534e-02
   3.3500000e+02  -5.1475633e-02
   3.3600000e+02  -5.3053599e-02
   3.3700000e+02  -5.4686312e-02
   3.3800000e+02  -5.6376871e-02
   3.3900000e+02  -5.7806227e-02
   3.4000000e+02  -5.9219744e-02
   3.4100000e+02  -6.0712993e-02
   3.4200000e+02  -6.2178995e-02
   3.4300000e+02  -6.3603535e-02
   3.4400000e+02  -6.5072820e-02
   3.4500000e+02  -6.6588327e-02
   3.4600000e+02  -6.8152279e-02
   3.4700000e+02  -6.9765843e-02
   3.4800000e+02  -7.1431689e-02
   3.4900000e+02  -7.2422348e-02
   3.5000000e+02  -7.2982408e-02
   3.5100000e+02  -7.3309913e-02
   3.5200000e+02  -7.2120145e-02
   3.5300000e+02  -7.0940822e-02
   3.5400000e+02  -6.9773450e-02
   3.5500000e+02  -6.8617739e-02
   3.5600000e+02  -6.7473471e-02
   3.5700000e+02  -6.6340394e-02
   3.5800000e+02  -6.5218292e-02
   3.5900000e+02  -6.4087905e-02
   2.6219766e-08  -6.2890433e-02
