   0.0000000e+00   3.8528931e+01
   1.0000000e+00   1.8208410e+01
   2.0000000e+00   1.8054449e+01
   3.0000000e+00   1.7878580e+01
   4.0000000e+00   1.7696323e+01
   5.0000000e+00   1.7507790e+01
   6.0000000e+00   1.7313032e+01
   7.0000000e+00   1.7112129e+01
   8.0000000e+00   1.6905140e+01
   9.0000000e+00   1.6692129e+01
   1.0000000e+01   1.6473185e+01
   1.1000000e+01   1.6248394e+01
   1.2000000e+01   1.6017839e+01
   1.3000000e+01   1.5781618e+01
   1.4000000e+01   1.5539829e+01
   1.5000000e+01   1.5292578e+01
   1.6000000e+01   1.5039947e+01
   1.7000000e+01   1.4782051e+01
   1.8000000e+01   1.4519009e+01
   1.9000000e+01   1.4250949e+01
   2.0000000e+01   1.3977975e+01
   2.1000000e+01   1.3700200e+01
   2.2000000e+01   1.3417768e+01
   2.3000000e+01   1.3130827e+01
   2.4000000e+01   1.2839518e+01
   2.5000000e+01   1.2543984e+01
   2.6000000e+01   1.2244370e+01
   2.7000000e+01   1.1940842e+01
   2.8000000e+01   1.1633552e+01
   2.9000000e+01   1.1322657e+01
   3.0000000e+01   1.1008311e+01
   3.1000000e+01   1.0669747e+01
   3.2000000e+01   1.0327507e+01
   3.3000000e+01   9.9817724e+00
   3.4000000e+01   9.6327200e+00
   3.5000000e+01   9.2805452e+00
   3.6000000e+01   8.9254341e+00
   3.7000000e+01   8.5675783e+00
   3.8000000e+01   8.2071724e+00
   3.9000000e+01   7.8444166e+00
   4.0000000e+01   7.4795036e+00
   4.1000000e+01   7.1126232e+00
   4.2000000e+01   6.7439718e+00
   4.3000000e+01   6.3737445e+00
   4.4000000e+01   6.0021343e+00
   4.5000000e+01   5.6293378e+00
   4.6000000e+01   5.2555547e+00
   4.7000000e+01   4.8809748e+00
   4.8000000e+01   4.5057821e+00
   4.9000000e+01   4.1301656e+00
   5.0000000e+01   3.7543125e+00
   5.1000000e+01   3.3784080e+00
   5.2000000e+01   3.0026329e+00
   5.3000000e+01   2.6271713e+00
   5.4000000e+01   2.2522013e+00
   5.5000000e+01   1.8778963e+00
   5.6000000e+01   1.5044271e+00
   5.7000000e+01   1.1319588e+00
   5.8000000e+01   7.6065671e-01
   5.9000000e+01   3.9068177e-01
   6.0000000e+01   2.2188837e-02
   6.1000000e+01  -3.5555947e-01
   6.2000000e+01  -7.3314333e-01
   6.3000000e+01  -1.1103346e+00
   6.4000000e+01  -1.4869134e+00
   6.5000000e+01  -1.8626673e+00
   6.6000000e+01  -2.2373848e+00
   6.7000000e+01  -2.6108570e+00
   6.8000000e+01  -2.9828932e+00
   6.9000000e+01  -3.3533041e+00
   7.0000000e+01  -3.7219079e+00
   7.1000000e+01  -4.0885305e+00
   7.2000000e+01  -4.4530063e+00
   7.3000000e+01  -4.8151808e+00
   7.4000000e+01  -5.1748996e+00
   7.5000000e+01  -5.5320158e+00
   7.6000000e+01  -5.8863907e+00
   7.7000000e+01  -6.2378974e+00
   7.8000000e+01  -6.5864115e+00
   7.9000000e+01  -6.9318161e+00
   8.0000000e+01  -7.2740192e+00
   8.1000000e+01  -7.6128964e+00
   8.2000000e+01  -7.9483433e+00
   8.3000000e+01  -8.2802668e+00
   8.4000000e+01  -8.6085777e+00
   8.5000000e+01  -8.9331942e+00
   8.6000000e+01  -9.2540417e+00
   8.7000000e+01  -9.5710506e+00
   8.8000000e+01  -9.8841591e+00
   8.9000000e+01  -1.0193309e+01
   9.0000000e+01  -1.0498446e+01
   9.1000000e+01  -1.0686328e+01
   9.2000000e+01  -1.0869150e+01
   9.3000000e+01  -1.1046943e+01
   9.4000000e+01  -1.1219743e+01
   9.5000000e+01  -1.1387583e+01
   9.6000000e+01  -1.1550498e+01
   9.7000000e+01  -1.1709011e+01
   9.8000000e+01  -1.1863366e+01
   9.9000000e+01  -1.2012899e+01
   1.0000000e+02  -1.2157630e+01
   1.0100000e+02  -1.2297577e+01
   1.0200000e+02  -1.2432763e+01
   1.0300000e+02  -1.2563209e+01
   1.0400000e+02  -1.2688937e+01
   1.0500000e+02  -1.2809975e+01
   1.0600000e+02  -1.2926344e+01
   1.0700000e+02  -1.3038064e+01
   1.0800000e+02  -1.3145171e+01
   1.0900000e+02  -1.3247690e+01
   1.1000000e+02  -1.3345651e+01
   1.1100000e+02  -1.3439078e+01
   1.1200000e+02  -1.3528005e+01
   1.1300000e+02  -1.3612453e+01
   1.1400000e+02  -1.3692455e+01
   1.1500000e+02  -1.3768039e+01
   1.1600000e+02  -1.3839231e+01
   1.1700000e+02  -1.3906059e+01
   1.1800000e+02  -1.3968554e+01
   1.1900000e+02  -1.4026744e+01
   1.2000000e+02  -1.4080654e+01
   1.2100000e+02  -1.4123075e+01
   1.2200000e+02  -1.4161876e+01
   1.2300000e+02  -1.4196789e+01
   1.2400000e+02  -1.4227866e+01
   1.2500000e+02  -1.4255150e+01
   1.2600000e+02  -1.4278681e+01
   1.2700000e+02  -1.4298493e+01
   1.2800000e+02  -1.4314622e+01
   1.2900000e+02  -1.4327102e+01
   1.3000000e+02  -1.4335962e+01
   1.3100000e+02  -1.4341235e+01
   1.3200000e+02  -1.4342949e+01
   1.3300000e+02  -1.4341132e+01
   1.3400000e+02  -1.4335811e+01
   1.3500000e+02  -1.4327011e+01
   1.3600000e+02  -1.4314758e+01
   1.3700000e+02  -1.4299077e+01
   1.3800000e+02  -1.4279988e+01
   1.3900000e+02  -1.4257515e+01
   1.4000000e+02  -1.4231679e+01
   1.4100000e+02  -1.4202499e+01
   1.4200000e+02  -1.4169997e+01
   1.4300000e+02  -1.4134192e+01
   1.4400000e+02  -1.4095098e+01
   1.4500000e+02  -1.4052736e+01
   1.4600000e+02  -1.4007123e+01
   1.4700000e+02  -1.3958271e+01
   1.4800000e+02  -1.3906197e+01
   1.4900000e+02  -1.3850917e+01
   1.5000000e+02  -1.3792444e+01
   1.5100000e+02  -1.3804024e+01
   1.5200000e+02  -1.3812610e+01
   1.5300000e+02  -1.3818179e+01
   1.5400000e+02  -1.3820768e+01
   1.5500000e+02  -1.3820424e+01
   1.5600000e+02  -1.3817166e+01
   1.5700000e+02  -1.3811012e+01
   1.5800000e+02  -1.3801976e+01
   1.5900000e+02  -1.3790077e+01
   1.6000000e+02  -1.3775330e+01
   1.6100000e+02  -1.3757751e+01
   1.6200000e+02  -1.3737356e+01
   1.6300000e+02  -1.3714160e+01
   1.6400000e+02  -1.3688181e+01
   1.6500000e+02  -1.3659430e+01
   1.6600000e+02  -1.3627926e+01
   1.6700000e+02  -1.3593681e+01
   1.6800000e+02  -1.3556711e+01
   1.6900000e+02  -1.3517028e+01
   1.7000000e+02  -1.3474648e+01
   1.7100000e+02  -1.3429585e+01
   1.7200000e+02  -1.3381850e+01
   1.7300000e+02  -1.3331459e+01
   1.7400000e+02  -1.3278423e+01
   1.7500000e+02  -1.3222757e+01
   1.7600000e+02  -1.3164472e+01
   1.7700000e+02  -1.3103582e+01
   1.7800000e+02  -1.3040098e+01
   1.7900000e+02  -1.2974034e+01
   1.8000000e+02  -1.2905400e+01
   1.8100000e+02  -1.2866969e+01
   1.8200000e+02  -1.2826449e+01
   1.8300000e+02  -1.2783855e+01
   1.8400000e+02  -1.2739203e+01
   1.8500000e+02  -1.2692512e+01
   1.8600000e+02  -1.2643792e+01
   1.8700000e+02  -1.2593062e+01
   1.8800000e+02  -1.2540340e+01
   1.8900000e+02  -1.2485641e+01
   1.9000000e+02  -1.2428979e+01
   1.9100000e+02  -1.2370374e+01
   1.9200000e+02  -1.2309825e+01
   1.9300000e+02  -1.2247355e+01
   1.9400000e+02  -1.2182992e+01
   1.9500000e+02  -1.2116753e+01
   1.9600000e+02  -1.2048656e+01
   1.9700000e+02  -1.1978717e+01
   1.9800000e+02  -1.1906955e+01
   1.9900000e+02  -1.1833385e+01
   2.0000000e+02  -1.1758027e+01
   2.0100000e+02  -1.1680899e+01
   2.0200000e+02  -1.1602016e+01
   2.0300000e+02  -1.1521401e+01
   2.0400000e+02  -1.1439071e+01
   2.0500000e+02  -1.1355044e+01
   2.0600000e+02  -1.1269341e+01
   2.0700000e+02  -1.1181981e+01
   2.0800000e+02  -1.1092986e+01
   2.0900000e+02  -1.1002374e+01
   2.1000000e+02  -1.0910167e+01
   2.1100000e+02  -1.0725235e+01
   2.1200000e+02  -1.0537963e+01
   2.1300000e+02  -1.0348357e+01
   2.1400000e+02  -1.0156427e+01
   2.1500000e+02  -9.9621830e+00
   2.1600000e+02  -9.7656336e+00
   2.1700000e+02  -9.5667896e+00
   2.1800000e+02  -9.3648806e+00
   2.1900000e+02  -9.1600666e+00
   2.2000000e+02  -8.9530993e+00
   2.2100000e+02  -8.7440023e+00
   2.2200000e+02  -8.5327940e+00
   2.2300000e+02  -8.3194933e+00
   2.2400000e+02  -8.1041231e+00
   2.2500000e+02  -7.8867035e+00
   2.2600000e+02  -7.6672573e+00
   2.2700000e+02  -7.4458079e+00
   2.2800000e+02  -7.2223792e+00
   2.2900000e+02  -6.9969969e+00
   2.3000000e+02  -6.7696862e+00
   2.3100000e+02  -6.5404749e+00
   2.3200000e+02  -6.3093915e+00
   2.3300000e+02  -6.0764656e+00
   2.3400000e+02  -5.8417282e+00
   2.3500000e+02  -5.6052113e+00
   2.3600000e+02  -5.3669481e+00
   2.3700000e+02  -5.1269736e+00
   2.3800000e+02  -4.8853230e+00
   2.3900000e+02  -4.6420341e+00
   2.4000000e+02  -4.3971453e+00
   2.4100000e+02  -4.0436463e+00
   2.4200000e+02  -3.6876831e+00
   2.4300000e+02  -3.3293059e+00
   2.4400000e+02  -2.9685678e+00
   2.4500000e+02  -2.6055248e+00
   2.4600000e+02  -2.2402341e+00
   2.4700000e+02  -1.8727566e+00
   2.4800000e+02  -1.5031554e+00
   2.4900000e+02  -1.1314958e+00
   2.5000000e+02  -7.5784624e-01
   2.5100000e+02  -3.8227746e-01
   2.5200000e+02  -4.8625348e-03
   2.5300000e+02   3.7432250e-01
   2.5400000e+02   7.5519919e-01
   2.5500000e+02   1.1376865e+00
   2.5600000e+02   1.5217006e+00
   2.5700000e+02   1.9071554e+00
   2.5800000e+02   2.2939620e+00
   2.5900000e+02   2.6820288e+00
   2.6000000e+02   3.0712624e+00
   2.6100000e+02   3.4615662e+00
   2.6200000e+02   3.8528416e+00
   2.6300000e+02   4.2449870e+00
   2.6400000e+02   4.6378999e+00
   2.6500000e+02   5.0314732e+00
   2.6600000e+02   5.4255996e+00
   2.6700000e+02   5.8201690e+00
   2.6800000e+02   6.2150698e+00
   2.6900000e+02   6.6101866e+00
   2.7000000e+02   7.0054040e+00
   2.7100000e+02   7.3158178e+00
   2.7200000e+02   7.6261268e+00
   2.7300000e+02   7.9362311e+00
   2.7400000e+02   8.2460308e+00
   2.7500000e+02   8.5554228e+00
   2.7600000e+02   8.8643036e+00
   2.7700000e+02   9.1725664e+00
   2.7800000e+02   9.4801073e+00
   2.7900000e+02   9.7868147e+00
   2.8000000e+02   1.0092582e+01
   2.8100000e+02   1.0397297e+01
   2.8200000e+02   1.0700848e+01
   2.8300000e+02   1.1003123e+01
   2.8400000e+02   1.1304007e+01
   2.8500000e+02   1.1603386e+01
   2.8600000e+02   1.1901144e+01
   2.8700000e+02   1.2197166e+01
   2.8800000e+02   1.2491334e+01
   2.8900000e+02   1.2783530e+01
   2.9000000e+02   1.3073637e+01
   2.9100000e+02   1.3361537e+01
   2.9200000e+02   1.3647110e+01
   2.9300000e+02   1.3930238e+01
   2.9400000e+02   1.4210801e+01
   2.9500000e+02   1.4488682e+01
   2.9600000e+02   1.4763760e+01
   2.9700000e+02   1.5035915e+01
   2.9800000e+02   1.5305033e+01
   2.9900000e+02   1.5570992e+01
   3.0000000e+02   1.5833673e+01
   3.0100000e+02   1.6053057e+01
   3.0200000e+02   1.6268818e+01
   3.0300000e+02   1.6480843e+01
   3.0400000e+02   1.6689016e+01
   3.0500000e+02   1.6893230e+01
   3.0600000e+02   1.7093369e+01
   3.0700000e+02   1.7289324e+01
   3.0800000e+02   1.7480984e+01
   3.0900000e+02   1.7668242e+01
   3.1000000e+02   1.7850988e+01
   3.1100000e+02   1.8029118e+01
   3.1200000e+02   1.8202524e+01
   3.1300000e+02   1.8371101e+01
   3.1400000e+02   1.8534748e+01
   3.1500000e+02   1.8693363e+01
   3.1600000e+02   1.8846842e+01
   3.1700000e+02   1.8995092e+01
   3.1800000e+02   1.9138012e+01
   3.1900000e+02   1.9275509e+01
   3.2000000e+02   1.9407484e+01
   3.2100000e+02   1.9533854e+01
   3.2200000e+02   1.9654522e+01
   3.2300000e+02   1.9769403e+01
   3.2400000e+02   1.9878410e+01
   3.2500000e+02   1.9981461e+01
   3.2600000e+02   2.0078472e+01
   3.2700000e+02   2.0169365e+01
   3.2800000e+02   2.0254066e+01
   3.2900000e+02   2.0332497e+01
   3.3000000e+02   2.0404587e+01
   3.3100000e+02   2.0441204e+01
   3.3200000e+02   2.0471222e+01
   3.3300000e+02   2.0494572e+01
   3.3400000e+02   2.0511192e+01
   3.3500000e+02   2.0521025e+01
   3.3600000e+02   2.0524012e+01
   3.3700000e+02   2.0520100e+01
   3.3800000e+02   2.0509237e+01
   3.3900000e+02   2.0491375e+01
   3.4000000e+02   2.0466475e+01
   3.4100000e+02   2.0434488e+01
   3.4200000e+02   2.0395386e+01
   3.4300000e+02   2.0349133e+01
   3.4400000e+02   2.0295696e+01
   3.4500000e+02   2.0235054e+01
   3.4600000e+02   2.0167183e+01
   3.4700000e+02   2.0092068e+01
   3.4800000e+02   2.0009693e+01
   3.4900000e+02   1.9920052e+01
   3.5000000e+02   1.9823139e+01
   3.5100000e+02   1.9718958e+01
   3.5200000e+02   1.9607512e+01
   3.5300000e+02   1.9488808e+01
   3.5400000e+02   1.9362865e+01
   3.5500000e+02   1.9229700e+01
   3.5600000e+02   1.9089340e+01
   3.5700000e+02   1.8941814e+01
   3.5800000e+02   1.8787155e+01
   3.5900000e+02   1.8625406e+01
   7.1133672e-07   1.8456612e+01
   1.0000007e+00   1.8254541e+01
   2.0000007e+00   1.8045372e+01
   3.0000007e+00   1.7829172e+01
   4.0000010e+00   1.7606012e+01
   5.0000010e+00   1.7375963e+01
   6.0000010e+00   1.7139111e+01
   7.0000010e+00   1.6895540e+01
   8.0000010e+00   1.6645351e+01
   9.0000010e+00   1.6388636e+01
   1.0000001e+01   1.6125505e+01
   1.1000001e+01   1.5856072e+01
   1.2000001e+01   1.5580455e+01
   1.3000001e+01   1.5298777e+01
   1.4000001e+01   1.5011171e+01
   1.5000001e+01   1.4717772e+01
   1.6000000e+01   1.4418723e+01
   1.7000000e+01   1.4114172e+01
   1.8000000e+01   1.3804275e+01
   1.9000000e+01   1.3489186e+01
   2.0000000e+01   1.3169075e+01
   2.1000000e+01   1.2844109e+01
   2.2000000e+01   1.2514462e+01
   2.3000000e+01   1.2180313e+01
   2.4000000e+01   1.1841847e+01
   2.5000000e+01   1.1499249e+01
   2.6000000e+01   1.1152714e+01
   2.7000000e+01   1.0802434e+01
   2.8000000e+01   1.0448609e+01
   2.9000000e+01   1.0091441e+01
   3.0000000e+01   9.7311344e+00
   3.1000000e+01   9.3098478e+00
   3.2000000e+01   8.8855686e+00
   3.3000000e+01   8.4585314e+00
   3.4000000e+01   8.0289745e+00
   3.5000000e+01   7.5971394e+00
   3.6000000e+01   7.1632652e+00
   3.7000000e+01   6.7275953e+00
   3.8000000e+01   6.2903719e+00
   3.9000000e+01   5.8518381e+00
   4.0000000e+01   5.4122362e+00
   4.1000000e+01   4.9718075e+00
   4.2000000e+01   4.5307918e+00
   4.3000000e+01   4.0894284e+00
   4.4000000e+01   3.6479530e+00
   4.5000000e+01   3.2065995e+00
   4.6000000e+01   2.7655988e+00
   4.7000000e+01   2.3251786e+00
   4.8000000e+01   1.8855624e+00
   4.9000000e+01   1.4469699e+00
   5.0000000e+01   1.0096165e+00
   5.1000000e+01   5.7371265e-01
   5.2000000e+01   1.3946401e-01
   5.3000000e+01  -2.9292914e-01
   5.4000000e+01  -7.2327209e-01
   5.5000000e+01  -1.1513758e+00
   5.6000000e+01  -1.5770572e+00
   5.7000000e+01  -2.0001395e+00
   5.8000000e+01  -2.4204524e+00
   5.9000000e+01  -2.8378310e+00
   6.0000000e+01  -3.2521183e+00
   6.1000000e+01  -3.6805098e+00
   6.2000000e+01  -4.1057391e+00
   6.3000000e+01  -4.5276518e+00
   6.4000000e+01  -4.9460993e+00
   6.5000000e+01  -5.3609419e+00
   6.6000000e+01  -5.7720447e+00
   6.7000000e+01  -6.1792817e+00
   6.8000000e+01  -6.5825324e+00
   6.9000000e+01  -6.9816847e+00
   7.0000000e+01  -7.3766317e+00
   7.1000000e+01  -7.7672749e+00
   7.2000000e+01  -8.1535215e+00
   7.3000000e+01  -8.5352850e+00
   7.4000000e+01  -8.9124870e+00
   7.5000000e+01  -9.2850552e+00
   7.6000000e+01  -9.6529217e+00
   7.7000000e+01  -1.0016027e+01
   7.8000000e+01  -1.0374316e+01
   7.9000000e+01  -1.0727740e+01
   8.0000000e+01  -1.1076258e+01
   8.1000000e+01  -1.1419829e+01
   8.2000000e+01  -1.1758424e+01
   8.3000000e+01  -1.2092014e+01
   8.4000000e+01  -1.2420578e+01
   8.5000000e+01  -1.2744097e+01
   8.6000000e+01  -1.3062559e+01
   8.7000000e+01  -1.3375957e+01
   8.8000000e+01  -1.3684283e+01
   8.9000000e+01  -1.3987539e+01
   9.0000000e+01  -1.4285728e+01
   9.1000000e+01  -1.4354091e+01
   9.2000000e+01  -1.4419362e+01
   9.3000000e+01  -1.4481541e+01
   9.4000000e+01  -1.4540626e+01
   9.5000000e+01  -1.4596616e+01
   9.6000000e+01  -1.4649511e+01
   9.7000000e+01  -1.4699314e+01
   9.8000000e+01  -1.4746026e+01
   9.9000000e+01  -1.4789650e+01
   1.0000000e+02  -1.4830188e+01
   1.0100000e+02  -1.4867645e+01
   1.0200000e+02  -1.4902025e+01
   1.0300000e+02  -1.4933332e+01
   1.0400000e+02  -1.4961573e+01
   1.0500000e+02  -1.4986752e+01
   1.0600000e+02  -1.5008875e+01
   1.0700000e+02  -1.5027958e+01
   1.0800000e+02  -1.5044009e+01
   1.0900000e+02  -1.5057020e+01
   1.1000000e+02  -1.5066999e+01
   1.1100000e+02  -1.5073953e+01
   1.1200000e+02  -1.5077888e+01
   1.1300000e+02  -1.5078814e+01
   1.1400000e+02  -1.5076736e+01
   1.1500000e+02  -1.5071663e+01
   1.1600000e+02  -1.5063601e+01
   1.1700000e+02  -1.5052560e+01
   1.1800000e+02  -1.5038545e+01
   1.1900000e+02  -1.5021565e+01
   1.2000000e+02  -1.5001626e+01
   1.2100000e+02  -1.5012541e+01
   1.2200000e+02  -1.5020318e+01
   1.2300000e+02  -1.5024970e+01
   1.2400000e+02  -1.5026507e+01
   1.2500000e+02  -1.5024943e+01
   1.2600000e+02  -1.5020290e+01
   1.2700000e+02  -1.5012558e+01
   1.2800000e+02  -1.5001758e+01
   1.2900000e+02  -1.4987901e+01
   1.3000000e+02  -1.4970999e+01
   1.3100000e+02  -1.4951062e+01
   1.3200000e+02  -1.4928100e+01
   1.3300000e+02  -1.4902122e+01
   1.3400000e+02  -1.4873141e+01
   1.3500000e+02  -1.4841164e+01
   1.3600000e+02  -1.4806201e+01
   1.3700000e+02  -1.4768260e+01
   1.3800000e+02  -1.4727351e+01
   1.3900000e+02  -1.4683481e+01
   1.4000000e+02  -1.4636661e+01
   1.4100000e+02  -1.4586896e+01
   1.4200000e+02  -1.4534193e+01
   1.4300000e+02  -1.4478561e+01
   1.4400000e+02  -1.4420007e+01
   1.4500000e+02  -1.4358536e+01
   1.4600000e+02  -1.4294155e+01
   1.4700000e+02  -1.4226871e+01
   1.4800000e+02  -1.4156686e+01
   1.4900000e+02  -1.4083610e+01
   1.5000000e+02  -1.4007644e+01
   1.5100000e+02  -1.4024868e+01
   1.5200000e+02  -1.4038955e+01
   1.5300000e+02  -1.4049929e+01
   1.5400000e+02  -1.4057816e+01
   1.5500000e+02  -1.4062637e+01
   1.5600000e+02  -1.4064417e+01
   1.5700000e+02  -1.4063177e+01
   1.5800000e+02  -1.4058941e+01
   1.5900000e+02  -1.4051729e+01
   1.6000000e+02  -1.4041564e+01
   1.6100000e+02  -1.4028467e+01
   1.6200000e+02  -1.4012458e+01
   1.6300000e+02  -1.3993557e+01
   1.6400000e+02  -1.3971785e+01
   1.6500000e+02  -1.3947159e+01
   1.6600000e+02  -1.3919701e+01
   1.6700000e+02  -1.3889427e+01
   1.6800000e+02  -1.3856357e+01
   1.6900000e+02  -1.3820509e+01
   1.7000000e+02  -1.3781900e+01
   1.7100000e+02  -1.3740548e+01
   1.7200000e+02  -1.3696469e+01
   1.7300000e+02  -1.3649681e+01
   1.7400000e+02  -1.3600200e+01
   1.7500000e+02  -1.3548040e+01
   1.7600000e+02  -1.3493220e+01
   1.7700000e+02  -1.3435754e+01
   1.7800000e+02  -1.3375657e+01
   1.7900000e+02  -1.3312944e+01
   1.8000000e+02  -1.3247631e+01
   1.8100000e+02  -1.3225051e+01
   1.8200000e+02  -1.3199936e+01
   1.8300000e+02  -1.3172309e+01
   1.8400000e+02  -1.3142190e+01
   1.8500000e+02  -1.3109603e+01
   1.8600000e+02  -1.3074569e+01
   1.8700000e+02  -1.3037108e+01
   1.8800000e+02  -1.2997244e+01
   1.8900000e+02  -1.2954996e+01
   1.9000000e+02  -1.2910387e+01
   1.9100000e+02  -1.2863437e+01
   1.9200000e+02  -1.2814165e+01
   1.9300000e+02  -1.2762595e+01
   1.9400000e+02  -1.2708748e+01
   1.9500000e+02  -1.2652641e+01
   1.9600000e+02  -1.2594299e+01
   1.9700000e+02  -1.2533741e+01
   1.9800000e+02  -1.2470987e+01
   1.9900000e+02  -1.2406060e+01
   2.0000000e+02  -1.2338979e+01
   2.0100000e+02  -1.2269765e+01
   2.0200000e+02  -1.2198440e+01
   2.0300000e+02  -1.2125025e+01
   2.0400000e+02  -1.2049541e+01
   2.0500000e+02  -1.1972011e+01
   2.0600000e+02  -1.1892454e+01
   2.0700000e+02  -1.1810896e+01
   2.0800000e+02  -1.1727354e+01
   2.0900000e+02  -1.1641854e+01
   2.1000000e+02  -1.1554419e+01
   2.1100000e+02  -1.1373871e+01
   2.1200000e+02  -1.1191065e+01
   2.1300000e+02  -1.1006011e+01
   2.1400000e+02  -1.0818719e+01
   2.1500000e+02  -1.0629198e+01
   2.1600000e+02  -1.0437463e+01
   2.1700000e+02  -1.0243525e+01
   2.1800000e+02  -1.0047397e+01
   2.1900000e+02  -9.8490915e+00
   2.2000000e+02  -9.6486235e+00
   2.2100000e+02  -9.4460096e+00
   2.2200000e+02  -9.2412634e+00
   2.2300000e+02  -9.0344048e+00
   2.2400000e+02  -8.8254490e+00
   2.2500000e+02  -8.6144161e+00
   2.2600000e+02  -8.4013243e+00
   2.2700000e+02  -8.1861954e+00
   2.2800000e+02  -7.9690504e+00
   2.2900000e+02  -7.7499123e+00
   2.3000000e+02  -7.5288053e+00
   2.3100000e+02  -7.3057532e+00
   2.3200000e+02  -7.0807829e+00
   2.3300000e+02  -6.8539214e+00
   2.3400000e+02  -6.6251974e+00
   2.3500000e+02  -6.3946404e+00
   2.3600000e+02  -6.1622815e+00
   2.3700000e+02  -5.9281535e+00
   2.3800000e+02  -5.6922898e+00
   2.3900000e+02  -5.4547257e+00
   2.4000000e+02  -5.2154975e+00
   2.4100000e+02  -4.8425283e+00
   2.4200000e+02  -4.4672756e+00
   2.4300000e+02  -4.0897889e+00
   2.4400000e+02  -3.7101173e+00
   2.4500000e+02  -3.3283157e+00
   2.4600000e+02  -2.9444404e+00
   2.4700000e+02  -2.5585496e+00
   2.4800000e+02  -2.1707058e+00
   2.4900000e+02  -1.7809727e+00
   2.5000000e+02  -1.3894179e+00
   2.5100000e+02  -9.9611121e-01
   2.5200000e+02  -6.0112530e-01
   2.5300000e+02  -2.0453557e-01
   2.5400000e+02   1.9357978e-01
   2.5500000e+02   5.9313971e-01
   2.5600000e+02   9.9406064e-01
   2.5700000e+02   1.3962560e+00
   2.5800000e+02   1.7996370e+00
   2.5900000e+02   2.2041113e+00
   2.6000000e+02   2.6095850e+00
   2.6100000e+02   3.0159609e+00
   2.6200000e+02   3.4231393e+00
   2.6300000e+02   3.8310187e+00
   2.6400000e+02   4.2394938e+00
   2.6500000e+02   4.6484590e+00
   2.6600000e+02   5.0578036e+00
   2.6700000e+02   5.4674177e+00
   2.6800000e+02   5.8771873e+00
   2.6900000e+02   6.2869964e+00
   2.7000000e+02   6.6967273e+00
   2.7100000e+02   7.0183291e+00
   2.7200000e+02   7.3397489e+00
   2.7300000e+02   7.6608863e+00
   2.7400000e+02   7.9816370e+00
   2.7500000e+02   8.3018961e+00
   2.7600000e+02   8.6215582e+00
   2.7700000e+02   8.9405146e+00
   2.7800000e+02   9.2586555e+00
   2.7900000e+02   9.5758705e+00
   2.8000000e+02   9.8920469e+00
   2.8100000e+02   1.0207073e+01
   2.8200000e+02   1.0520833e+01
   2.8300000e+02   1.0833212e+01
   2.8400000e+02   1.1144094e+01
   2.8500000e+02   1.1453361e+01
   2.8600000e+02   1.1760895e+01
   2.8700000e+02   1.2066578e+01
   2.8800000e+02   1.2370290e+01
   2.8900000e+02   1.2671910e+01
   2.9000000e+02   1.2971320e+01
   2.9100000e+02   1.3268397e+01
   2.9200000e+02   1.3563022e+01
   2.9300000e+02   1.3855072e+01
   2.9400000e+02   1.4144427e+01
   2.9500000e+02   1.4430965e+01
   2.9600000e+02   1.4714566e+01
   2.9700000e+02   1.4995108e+01
   2.9800000e+02   1.5272470e+01
   2.9900000e+02   1.5546534e+01
   3.0000000e+02   1.5817178e+01
   3.0100000e+02   1.6041815e+01
   3.0200000e+02   1.6262728e+01
   3.0300000e+02   1.6479799e+01
   3.0400000e+02   1.6692919e+01
   3.0500000e+02   1.6901968e+01
   3.0600000e+02   1.7106836e+01
   3.0700000e+02   1.7307407e+01
   3.0800000e+02   1.7503574e+01
   3.0900000e+02   1.7695225e+01
   3.1000000e+02   1.7882246e+01
   3.1100000e+02   1.8064533e+01
   3.1200000e+02   1.8241980e+01
   3.1300000e+02   1.8414476e+01
   3.1400000e+02   1.8581923e+01
   3.1500000e+02   1.8744211e+01
   3.1600000e+02   1.8901243e+01
   3.1700000e+02   1.9052917e+01
   3.1800000e+02   1.9199137e+01
   3.1900000e+02   1.9339804e+01
   3.2000000e+02   1.9474821e+01
   3.2100000e+02   1.9604103e+01
   3.2200000e+02   1.9727551e+01
   3.2300000e+02   1.9845079e+01
   3.2400000e+02   1.9956604e+01
   3.2500000e+02   2.0062037e+01
   3.2600000e+02   2.0161299e+01
   3.2700000e+02   2.0254307e+01
   3.2800000e+02   2.0340986e+01
   3.2900000e+02   2.0421259e+01
   3.3000000e+02   2.0495058e+01
   3.3100000e+02   2.0531878e+01
   3.3200000e+02   2.0561968e+01
   3.3300000e+02   2.0585260e+01
   3.3400000e+02   2.0601692e+01
   3.3500000e+02   2.0611204e+01
   3.3600000e+02   2.0613735e+01
   3.3700000e+02   2.0609232e+01
   3.3800000e+02   2.0597643e+01
   3.3900000e+02   2.0578922e+01
   3.4000000e+02   2.0553022e+01
   3.4100000e+02   2.0519901e+01
   3.4200000e+02   2.0479527e+01
   3.4300000e+02   2.0431858e+01
   3.4400000e+02   2.0376873e+01
   3.4500000e+02   2.0314543e+01
   3.4600000e+02   2.0244844e+01
   3.4700000e+02   2.0167763e+01
   3.4800000e+02   2.0083284e+01
   3.4900000e+02   1.9991402e+01
   3.5000000e+02   1.9892109e+01
   3.5100000e+02   1.9785410e+01
   3.5200000e+02   1.9671309e+01
   3.5300000e+02   1.9549816e+01
   3.5400000e+02   1.9420950e+01
   3.5500000e+02   1.9284727e+01
   3.5600000e+02   1.9141176e+01
   3.5700000e+02   1.8990326e+01
   3.5800000e+02   1.8832218e+01
   3.5900000e+02   1.8666889e+01
   1.4226848e-06   1.8494390e+01
