   0.0000000e+00   8.7978897e+01
   1.0000000e+00   3.8168655e+01
   2.0000000e+00   3.8112179e+01
   3.0000000e+00   3.8048931e+01
   4.0000000e+00   3.7981396e+01
   5.0000000e+00   3.7909595e+01
   6.0000000e+00   3.7833565e+01
   7.0000000e+00   3.7753323e+01
   8.0000000e+00   3.7668900e+01
   9.0000000e+00   3.7580322e+01
   1.0000000e+01   3.7487633e+01
   1.1000000e+01   3.7390873e+01
   1.2000000e+01   3.7290085e+01
   1.3000000e+01   3.7185310e+01
   1.4000000e+01   3.7076599e+01
   1.5000000e+01   3.6964005e+01
   1.6000000e+01   3.6847561e+01
   1.7000000e+01   3.6727318e+01
   1.8000000e+01   3.6603329e+01
   1.9000000e+01   3.6475647e+01
   2.0000000e+01   3.6344326e+01
   2.1000000e+01   3.6209400e+01
   2.2000000e+01   3.6070946e+01
   2.3000000e+01   3.5929020e+01
   2.4000000e+01   3.5783695e+01
   2.5000000e+01   3.5635029e+01
   2.6000000e+01   3.5483101e+01
   2.7000000e+01   3.5327988e+01
   2.8000000e+01   3.5169762e+01
   2.9000000e+01   3.5008499e+01
   3.0000000e+01   3.4844284e+01
   3.1000000e+01   3.4665993e+01
   3.2000000e+01   3.4484840e+01
   3.3000000e+01   3.4300915e+01
   3.4000000e+01   3.4114304e+01
   3.5000000e+01   3.3925087e+01
   3.6000000e+01   3.3733353e+01
   3.7000000e+01   3.3539200e+01
   3.8000000e+01   3.3342716e+01
   3.9000000e+01   3.3144001e+01
   4.0000000e+01   3.2943138e+01
   4.1000000e+01   3.2740227e+01
   4.2000000e+01   3.2535358e+01
   4.3000000e+01   3.2328629e+01
   4.4000000e+01   3.2120129e+01
   4.5000000e+01   3.1909962e+01
   4.6000000e+01   3.1698221e+01
   4.7000000e+01   3.1485001e+01
   4.8000000e+01   3.1270393e+01
   4.9000000e+01   3.1054497e+01
   5.0000000e+01   3.0837400e+01
   5.1000000e+01   3.0619205e+01
   5.2000000e+01   3.0400000e+01
   5.3000000e+01   3.0179882e+01
   5.4000000e+01   2.9958946e+01
   5.5000000e+01   2.9737284e+01
   5.6000000e+01   2.9514986e+01
   5.7000000e+01   2.9292143e+01
   5.8000000e+01   2.9068848e+01
   5.9000000e+01   2.8845186e+01
   6.0000000e+01   2.8621248e+01
   6.1000000e+01   2.8390665e+01
   6.2000000e+01   2.8159891e+01
   6.3000000e+01   2.7929016e+01
   6.4000000e+01   2.7698126e+01
   6.5000000e+01   2.7467300e+01
   6.6000000e+01   2.7236622e+01
   6.7000000e+01   2.7006172e+01
   6.8000000e+01   2.6776031e+01
   6.9000000e+01   2.6546278e+01
   7.0000000e+01   2.6316984e+01
   7.1000000e+01   2.6088226e+01
   7.2000000e+01   2.5860077e+01
   7.3000000e+01   2.5632586e+01
   7.4000000e+01   2.5405836e+01
   7.5000000e+01   2.5179901e+01
   7.6000000e+01   2.4954842e+01
   7.7000000e+01   2.4730724e+01
   7.8000000e+01   2.4507610e+01
   7.9000000e+01   2.4285557e+01
   8.0000000e+01   2.4064623e+01
   8.1000000e+01   2.3844868e+01
   8.2000000e+01   2.3626341e+01
   8.3000000e+01   2.3409100e+01
   8.4000000e+01   2.3193192e+01
   8.5000000e+01   2.2978672e+01
   8.6000000e+01   2.2765583e+01
   8.7000000e+01   2.2553972e+01
   8.8000000e+01   2.2343882e+01
   8.9000000e+01   2.2135351e+01
   9.0000000e+01   2.1928425e+01
   9.1000000e+01   2.1721556e+01
   9.2000000e+01   2.1516245e+01
   9.3000000e+01   2.1312532e+01
   9.4000000e+01   2.1110445e+01
   9.5000000e+01   2.0910025e+01
   9.6000000e+01   2.0711298e+01
   9.7000000e+01   2.0514296e+01
   9.8000000e+01   2.0319048e+01
   9.9000000e+01   2.0125580e+01
   1.0000000e+02   1.9933916e+01
   1.0100000e+02   1.9744081e+01
   1.0200000e+02   1.9556097e+01
   1.0300000e+02   1.9369984e+01
   1.0400000e+02   1.9185760e+01
   1.0500000e+02   1.9003448e+01
   1.0600000e+02   1.8823061e+01
   1.0700000e+02   1.8644615e+01
   1.0800000e+02   1.8468105e+01
   1.0900000e+02   1.8293516e+01
   1.1000000e+02   1.8120899e+01
   1.1100000e+02   1.7950264e+01
   1.1200000e+02   1.7781620e+01
   1.1300000e+02   1.7614977e+01
   1.1400000e+02   1.7450336e+01
   1.1500000e+02   1.7287695e+01
   1.1600000e+02   1.7127069e+01
   1.1700000e+02   1.6968466e+01
   1.1800000e+02   1.6811886e+01
   1.1900000e+02   1.6657333e+01
   1.2000000e+02   1.6504812e+01
   1.2100000e+02   1.6366768e+01
   1.2200000e+02   1.6230701e+01
   1.2300000e+02   1.6096609e+01
   1.2400000e+02   1.5964492e+01
   1.2500000e+02   1.5834348e+01
   1.2600000e+02   1.5706176e+01
   1.2700000e+02   1.5579973e+01
   1.2800000e+02   1.5455737e+01
   1.2900000e+02   1.5333464e+01
   1.3000000e+02   1.5213148e+01
   1.3100000e+02   1.5094787e+01
   1.3200000e+02   1.4978374e+01
   1.3300000e+02   1.4863907e+01
   1.3400000e+02   1.4751378e+01
   1.3500000e+02   1.4640782e+01
   1.3600000e+02   1.4532111e+01
   1.3700000e+02   1.4425361e+01
   1.3800000e+02   1.4320520e+01
   1.3900000e+02   1.4217587e+01
   1.4000000e+02   1.4116549e+01
   1.4100000e+02   1.4017402e+01
   1.4200000e+02   1.3920134e+01
   1.4300000e+02   1.3824735e+01
   1.4400000e+02   1.3731184e+01
   1.4500000e+02   1.3639485e+01
   1.4600000e+02   1.3549630e+01
   1.4700000e+02   1.3461609e+01
   1.4800000e+02   1.3375411e+01
   1.4900000e+02   1.3291028e+01
   1.5000000e+02   1.3208451e+01
   1.5100000e+02   1.3159369e+01
   1.5200000e+02   1.3112232e+01
   1.5300000e+02   1.3067048e+01
   1.5400000e+02   1.3023810e+01
   1.5500000e+02   1.2982511e+01
   1.5600000e+02   1.2943144e+01
   1.5700000e+02   1.2905700e+01
   1.5800000e+02   1.2870172e+01
   1.5900000e+02   1.2836554e+01
   1.6000000e+02   1.2804837e+01
   1.6100000e+02   1.2775016e+01
   1.6200000e+02   1.2747083e+01
   1.6300000e+02   1.2721030e+01
   1.6400000e+02   1.2696853e+01
   1.6500000e+02   1.2674541e+01
   1.6600000e+02   1.2654092e+01
   1.6700000e+02   1.2635495e+01
   1.6800000e+02   1.2618747e+01
   1.6900000e+02   1.2603839e+01
   1.7000000e+02   1.2590766e+01
   1.7100000e+02   1.2579521e+01
   1.7200000e+02   1.2570099e+01
   1.7300000e+02   1.2562492e+01
   1.7400000e+02   1.2556698e+01
   1.7500000e+02   1.2552708e+01
   1.7600000e+02   1.2550514e+01
   1.7700000e+02   1.2550116e+01
   1.7800000e+02   1.2551505e+01
   1.7900000e+02   1.2554675e+01
   1.8000000e+02   1.2559622e+01
   1.8100000e+02   1.2599348e+01
   1.8200000e+02   1.2641078e+01
   1.8300000e+02   1.2684810e+01
   1.8400000e+02   1.2730544e+01
   1.8500000e+02   1.2778279e+01
   1.8600000e+02   1.2828012e+01
   1.8700000e+02   1.2879745e+01
   1.8800000e+02   1.2933439e+01
   1.8900000e+02   1.2989114e+01
   1.9000000e+02   1.3046788e+01
   1.9100000e+02   1.3106458e+01
   1.9200000e+02   1.3168124e+01
   1.9300000e+02   1.3231793e+01
   1.9400000e+02   1.3297466e+01
   1.9500000e+02   1.3365144e+01
   1.9600000e+02   1.3434827e+01
   1.9700000e+02   1.3506516e+01
   1.9800000e+02   1.3580212e+01
   1.9900000e+02   1.3655916e+01
   2.0000000e+02   1.3733631e+01
   2.0100000e+02   1.3813355e+01
   2.0200000e+02   1.3895093e+01
   2.0300000e+02   1.3978843e+01
   2.0400000e+02   1.4064608e+01
   2.0500000e+02   1.4152388e+01
   2.0600000e+02   1.4242186e+01
   2.0700000e+02   1.4334001e+01
   2.0800000e+02   1.4427834e+01
   2.0900000e+02   1.4523687e+01
   2.1000000e+02   1.4621562e+01
   2.1100000e+02   1.4732021e+01
   2.1200000e+02   1.4844558e+01
   2.1300000e+02   1.4959171e+01
   2.1400000e+02   1.5075867e+01
   2.1500000e+02   1.5194643e+01
   2.1600000e+02   1.5315505e+01
   2.1700000e+02   1.5438455e+01
   2.1800000e+02   1.5563492e+01
   2.1900000e+02   1.5690619e+01
   2.2000000e+02   1.5819839e+01
   2.2100000e+02   1.5951151e+01
   2.2200000e+02   1.6084558e+01
   2.2300000e+02   1.6220057e+01
   2.2400000e+02   1.6357653e+01
   2.2500000e+02   1.6497343e+01
   2.2600000e+02   1.6639128e+01
   2.2700000e+02   1.6783005e+01
   2.2800000e+02   1.6928974e+01
   2.2900000e+02   1.7077024e+01
   2.3000000e+02   1.7227154e+01
   2.3100000e+02   1.7379374e+01
   2.3200000e+02   1.7533682e+01
   2.3300000e+02   1.7690075e+01
   2.3400000e+02   1.7848551e+01
   2.3500000e+02   1.8009104e+01
   2.3600000e+02   1.8171728e+01
   2.3700000e+02   1.8336418e+01
   2.3800000e+02   1.8503168e+01
   2.3900000e+02   1.8671972e+01
   2.4000000e+02   1.8842823e+01
   2.4100000e+02   1.9005844e+01
   2.4200000e+02   1.9170801e+01
   2.4300000e+02   1.9337685e+01
   2.4400000e+02   1.9506487e+01
   2.4500000e+02   1.9677197e+01
   2.4600000e+02   1.9849798e+01
   2.4700000e+02   2.0024284e+01
   2.4800000e+02   2.0200638e+01
   2.4900000e+02   2.0378849e+01
   2.5000000e+02   2.0558897e+01
   2.5100000e+02   2.0740768e+01
   2.5200000e+02   2.0924446e+01
   2.5300000e+02   2.1109911e+01
   2.5400000e+02   2.1297144e+01
   2.5500000e+02   2.1486126e+01
   2.5600000e+02   2.1676836e+01
   2.5700000e+02   2.1869251e+01
   2.5800000e+02   2.2063347e+01
   2.5900000e+02   2.2259096e+01
   2.6000000e+02   2.2456478e+01
   2.6100000e+02   2.2655464e+01
   2.6200000e+02   2.2856022e+01
   2.6300000e+02   2.3058126e+01
   2.6400000e+02   2.3261744e+01
   2.6500000e+02   2.3466841e+01
   2.6600000e+02   2.3673386e+01
   2.6700000e+02   2.3881342e+01
   2.6800000e+02   2.4090673e+01
   2.6900000e+02   2.4301342e+01
   2.7000000e+02   2.4513309e+01
   2.7100000e+02   2.4708683e+01
   2.7200000e+02   2.4905123e+01
   2.7300000e+02   2.5102592e+01
   2.7400000e+02   2.5301041e+01
   2.7500000e+02   2.5500423e+01
   2.7600000e+02   2.5700695e+01
   2.7700000e+02   2.5901806e+01
   2.7800000e+02   2.6103706e+01
   2.7900000e+02   2.6306345e+01
   2.8000000e+02   2.6509668e+01
   2.8100000e+02   2.6713621e+01
   2.8200000e+02   2.6918152e+01
   2.8300000e+02   2.7123198e+01
   2.8400000e+02   2.7328705e+01
   2.8500000e+02   2.7534613e+01
   2.8600000e+02   2.7740856e+01
   2.8700000e+02   2.7947378e+01
   2.8800000e+02   2.8154112e+01
   2.8900000e+02   2.8360991e+01
   2.9000000e+02   2.8567949e+01
   2.9100000e+02   2.8774920e+01
   2.9200000e+02   2.8981834e+01
   2.9300000e+02   2.9188622e+01
   2.9400000e+02   2.9395206e+01
   2.9500000e+02   2.9601522e+01
   2.9600000e+02   2.9807491e+01
   2.9700000e+02   3.0013041e+01
   2.9800000e+02   3.0218092e+01
   2.9900000e+02   3.0422571e+01
   3.0000000e+02   3.0626398e+01
   3.0100000e+02   3.0807367e+01
   3.0200000e+02   3.0987375e+01
   3.0300000e+02   3.1166336e+01
   3.0400000e+02   3.1344177e+01
   3.0500000e+02   3.1520817e+01
   3.0600000e+02   3.1696177e+01
   3.0700000e+02   3.1870174e+01
   3.0800000e+02   3.2042728e+01
   3.0900000e+02   3.2213760e+01
   3.1000000e+02   3.2383190e+01
   3.1100000e+02   3.2550930e+01
   3.1200000e+02   3.2716904e+01
   3.1300000e+02   3.2881027e+01
   3.1400000e+02   3.3043224e+01
   3.1500000e+02   3.3203403e+01
   3.1600000e+02   3.3361488e+01
   3.1700000e+02   3.3517399e+01
   3.1800000e+02   3.3671051e+01
   3.1900000e+02   3.3822369e+01
   3.2000000e+02   3.3971268e+01
   3.2100000e+02   3.4117672e+01
   3.2200000e+02   3.4261497e+01
   3.2300000e+02   3.4402668e+01
   3.2400000e+02   3.4541115e+01
   3.2500000e+02   3.4676746e+01
   3.2600000e+02   3.4809498e+01
   3.2700000e+02   3.4939289e+01
   3.2800000e+02   3.5066048e+01
   3.2900000e+02   3.5189705e+01
   3.3000000e+02   3.5310188e+01
   3.3100000e+02   3.5400333e+01
   3.3200000e+02   3.5487045e+01
   3.3300000e+02   3.5570263e+01
   3.3400000e+02   3.5649925e+01
   3.3500000e+02   3.5725964e+01
   3.3600000e+02   3.5798336e+01
   3.3700000e+02   3.5866974e+01
   3.3800000e+02   3.5931828e+01
   3.3900000e+02   3.5992844e+01
   3.4000000e+02   3.6049980e+01
   3.4100000e+02   3.6103180e+01
   3.4200000e+02   3.6152401e+01
   3.4300000e+02   3.6197598e+01
   3.4400000e+02   3.6238743e+01
   3.4500000e+02   3.6275787e+01
   3.4600000e+02   3.6308693e+01
   3.4700000e+02   3.6337429e+01
   3.4800000e+02   3.6361965e+01
   3.4900000e+02   3.6382271e+01
   3.5000000e+02   3.6398319e+01
   3.5100000e+02   3.6410091e+01
   3.5200000e+02   3.6417564e+01
   3.5300000e+02   3.6420719e+01
   3.5400000e+02   3.6419544e+01
   3.5500000e+02   3.6414024e+01
   3.5600000e+02   3.6404152e+01
   3.5700000e+02   3.6389923e+01
   3.5800000e+02   3.6371334e+01
   3.5900000e+02   3.6348381e+01
   7.1133672e-07   3.6321068e+01
   1.0000007e+00   3.6262135e+01
   2.0000007e+00   3.6198814e+01
   3.0000007e+00   3.6131126e+01
   4.0000010e+00   3.6059093e+01
   5.0000010e+00   3.5982727e+01
   6.0000010e+00   3.5902058e+01
   7.0000010e+00   3.5817112e+01
   8.0000010e+00   3.5727917e+01
   9.0000010e+00   3.5634514e+01
   1.0000001e+01   3.5536934e+01
   1.1000001e+01   3.5435215e+01
   1.2000001e+01   3.5329411e+01
   1.3000001e+01   3.5219555e+01
   1.4000001e+01   3.5105701e+01
   1.5000001e+01   3.4987904e+01
   1.6000000e+01   3.4866211e+01
   1.7000000e+01   3.4740685e+01
   1.8000000e+01   3.4611382e+01
   1.9000000e+01   3.4478367e+01
   2.0000000e+01   3.4341694e+01
   2.1000000e+01   3.4201447e+01
   2.2000000e+01   3.4057678e+01
   2.3000000e+01   3.3910469e+01
   2.4000000e+01   3.3759892e+01
   2.5000000e+01   3.3606022e+01
   2.6000000e+01   3.3448936e+01
   2.7000000e+01   3.3288715e+01
   2.8000000e+01   3.3125439e+01
   2.9000000e+01   3.2959194e+01
   3.0000000e+01   3.2790062e+01
   3.1000000e+01   3.2596870e+01
   3.2000000e+01   3.2400986e+01
   3.3000000e+01   3.2202518e+01
   3.4000000e+01   3.2001553e+01
   3.5000000e+01   3.1798189e+01
   3.6000000e+01   3.1592522e+01
   3.7000000e+01   3.1384651e+01
   3.8000000e+01   3.1174675e+01
   3.9000000e+01   3.0962692e+01
   4.0000000e+01   3.0748806e+01
   4.1000000e+01   3.0533115e+01
   4.2000000e+01   3.0315722e+01
   4.3000000e+01   3.0096724e+01
   4.4000000e+01   2.9876226e+01
   4.5000000e+01   2.9654329e+01
   4.6000000e+01   2.9431133e+01
   4.7000000e+01   2.9206739e+01
   4.8000000e+01   2.8981253e+01
   4.9000000e+01   2.8754766e+01
   5.0000000e+01   2.8527384e+01
   5.1000000e+01   2.8299202e+01
   5.2000000e+01   2.8070322e+01
   5.3000000e+01   2.7840839e+01
   5.4000000e+01   2.7610851e+01
   5.5000000e+01   2.7380453e+01
   5.6000000e+01   2.7149736e+01
   5.7000000e+01   2.6918798e+01
   5.8000000e+01   2.6687727e+01
   5.9000000e+01   2.6456614e+01
   6.0000000e+01   2.6225550e+01
   6.1000000e+01   2.5975655e+01
   6.2000000e+01   2.5726036e+01
   6.3000000e+01   2.5476782e+01
   6.4000000e+01   2.5227976e+01
   6.5000000e+01   2.4979706e+01
   6.6000000e+01   2.4732050e+01
   6.7000000e+01   2.4485090e+01
   6.8000000e+01   2.4238903e+01
   6.9000000e+01   2.3993568e+01
   7.0000000e+01   2.3749157e+01
   7.1000000e+01   2.3505741e+01
   7.2000000e+01   2.3263391e+01
   7.3000000e+01   2.3022173e+01
   7.4000000e+01   2.2782156e+01
   7.5000000e+01   2.2543400e+01
   7.6000000e+01   2.2305969e+01
   7.7000000e+01   2.2069920e+01
   7.8000000e+01   2.1835312e+01
   7.9000000e+01   2.1602198e+01
   8.0000000e+01   2.1370630e+01
   8.1000000e+01   2.1140661e+01
   8.2000000e+01   2.0912338e+01
   8.3000000e+01   2.0685709e+01
   8.4000000e+01   2.0460815e+01
   8.5000000e+01   2.0237696e+01
   8.6000000e+01   2.0016397e+01
   8.7000000e+01   1.9796957e+01
   8.8000000e+01   1.9579407e+01
   8.9000000e+01   1.9363787e+01
   9.0000000e+01   1.9150127e+01
   9.1000000e+01   1.8919647e+01
   9.2000000e+01   1.8691206e+01
   9.3000000e+01   1.8464832e+01
   9.4000000e+01   1.8240553e+01
   9.5000000e+01   1.8018396e+01
   9.6000000e+01   1.7798382e+01
   9.7000000e+01   1.7580528e+01
   9.8000000e+01   1.7364862e+01
   9.9000000e+01   1.7151398e+01
   1.0000000e+02   1.6940151e+01
   1.0100000e+02   1.6731138e+01
   1.0200000e+02   1.6524370e+01
   1.0300000e+02   1.6319862e+01
   1.0400000e+02   1.6117620e+01
   1.0500000e+02   1.5917657e+01
   1.0600000e+02   1.5719976e+01
   1.0700000e+02   1.5524586e+01
   1.0800000e+02   1.5331492e+01
   1.0900000e+02   1.5140698e+01
   1.1000000e+02   1.4952206e+01
   1.1100000e+02   1.4766016e+01
   1.1200000e+02   1.4582129e+01
   1.1300000e+02   1.4400544e+01
   1.1400000e+02   1.4221260e+01
   1.1500000e+02   1.4044273e+01
   1.1600000e+02   1.3869580e+01
   1.1700000e+02   1.3697176e+01
   1.1800000e+02   1.3527054e+01
   1.1900000e+02   1.3359210e+01
   1.2000000e+02   1.3193636e+01
   1.2100000e+02   1.3027366e+01
   1.2200000e+02   1.2863006e+01
   1.2300000e+02   1.2700550e+01
   1.2400000e+02   1.2539992e+01
   1.2500000e+02   1.2381325e+01
   1.2600000e+02   1.2224542e+01
   1.2700000e+02   1.2069632e+01
   1.2800000e+02   1.1916586e+01
   1.2900000e+02   1.1765396e+01
   1.3000000e+02   1.1616051e+01
   1.3100000e+02   1.1468539e+01
   1.3200000e+02   1.1322851e+01
   1.3300000e+02   1.1178974e+01
   1.3400000e+02   1.1036896e+01
   1.3500000e+02   1.0896603e+01
   1.3600000e+02   1.0758084e+01
   1.3700000e+02   1.0621324e+01
   1.3800000e+02   1.0486309e+01
   1.3900000e+02   1.0353026e+01
   1.4000000e+02   1.0221460e+01
   1.4100000e+02   1.0091597e+01
   1.4200000e+02   9.9634209e+00
   1.4300000e+02   9.8369160e+00
   1.4400000e+02   9.7120667e+00
   1.4500000e+02   9.5888577e+00
   1.4600000e+02   9.4672728e+00
   1.4700000e+02   9.3472958e+00
   1.4800000e+02   9.2289095e+00
   1.4900000e+02   9.1120968e+00
   1.5000000e+02   8.9968424e+00
   1.5100000e+02   8.9670639e+00
   1.5200000e+02   8.9389591e+00
   1.5300000e+02   8.9125252e+00
   1.5400000e+02   8.8877974e+00
   1.5500000e+02   8.8647709e+00
   1.5600000e+02   8.8433952e+00
   1.5700000e+02   8.8236628e+00
   1.5800000e+02   8.8055677e+00
   1.5900000e+02   8.7891035e+00
   1.6000000e+02   8.7742653e+00
   1.6100000e+02   8.7610455e+00
   1.6200000e+02   8.7494392e+00
   1.6300000e+02   8.7394409e+00
   1.6400000e+02   8.7310514e+00
   1.6500000e+02   8.7242985e+00
   1.6600000e+02   8.7191448e+00
   1.6700000e+02   8.7155876e+00
   1.6800000e+02   8.7136202e+00
   1.6900000e+02   8.7132387e+00
   1.7000000e+02   8.7144384e+00
   1.7100000e+02   8.7172155e+00
   1.7200000e+02   8.7215652e+00
   1.7300000e+02   8.7274837e+00
   1.7400000e+02   8.7349653e+00
   1.7500000e+02   8.7440090e+00
   1.7600000e+02   8.7546082e+00
   1.7700000e+02   8.7667599e+00
   1.7800000e+02   8.7804613e+00
   1.7900000e+02   8.7957087e+00
   1.8000000e+02   8.8124981e+00
   1.8100000e+02   8.9129562e+00
   1.8200000e+02   9.0151892e+00
   1.8300000e+02   9.1192045e+00
   1.8400000e+02   9.2250109e+00
   1.8500000e+02   9.3326168e+00
   1.8600000e+02   9.4420300e+00
   1.8700000e+02   9.5532589e+00
   1.8800000e+02   9.6663122e+00
   1.8900000e+02   9.7811995e+00
   1.9000000e+02   9.8979273e+00
   1.9100000e+02   1.0016504e+01
   1.9200000e+02   1.0136942e+01
   1.9300000e+02   1.0259246e+01
   1.9400000e+02   1.0383426e+01
   1.9500000e+02   1.0509491e+01
   1.9600000e+02   1.0637448e+01
   1.9700000e+02   1.0767306e+01
   1.9800000e+02   1.0899076e+01
   1.9900000e+02   1.1032763e+01
   2.0000000e+02   1.1168378e+01
   2.0100000e+02   1.1305928e+01
   2.0200000e+02   1.1445424e+01
   2.0300000e+02   1.1586873e+01
   2.0400000e+02   1.1730284e+01
   2.0500000e+02   1.1875665e+01
   2.0600000e+02   1.2023024e+01
   2.0700000e+02   1.2172368e+01
   2.0800000e+02   1.2323707e+01
   2.0900000e+02   1.2477047e+01
   2.1000000e+02   1.2632395e+01
   2.1100000e+02   1.2774009e+01
   2.1200000e+02   1.2917501e+01
   2.1300000e+02   1.3062883e+01
   2.1400000e+02   1.3210160e+01
   2.1500000e+02   1.3359340e+01
   2.1600000e+02   1.3510430e+01
   2.1700000e+02   1.3663439e+01
   2.1800000e+02   1.3818369e+01
   2.1900000e+02   1.3975231e+01
   2.2000000e+02   1.4134028e+01
   2.2100000e+02   1.4294768e+01
   2.2200000e+02   1.4457456e+01
   2.2300000e+02   1.4622095e+01
   2.2400000e+02   1.4788691e+01
   2.2500000e+02   1.4957248e+01
   2.2600000e+02   1.5127769e+01
   2.2700000e+02   1.5300259e+01
   2.2800000e+02   1.5474718e+01
   2.2900000e+02   1.5651152e+01
   2.3000000e+02   1.5829558e+01
   2.3100000e+02   1.6009943e+01
   2.3200000e+02   1.6192301e+01
   2.3300000e+02   1.6376637e+01
   2.3400000e+02   1.6562948e+01
   2.3500000e+02   1.6751232e+01
   2.3600000e+02   1.6941488e+01
   2.3700000e+02   1.7133711e+01
   2.3800000e+02   1.7327904e+01
   2.3900000e+02   1.7524055e+01
   2.4000000e+02   1.7722168e+01
   2.4100000e+02   1.7900660e+01
   2.4200000e+02   1.8081015e+01
   2.4300000e+02   1.8263224e+01
   2.4400000e+02   1.8447279e+01
   2.4500000e+02   1.8633173e+01
   2.4600000e+02   1.8820892e+01
   2.4700000e+02   1.9010429e+01
   2.4800000e+02   1.9201771e+01
   2.4900000e+02   1.9394905e+01
   2.5000000e+02   1.9589817e+01
   2.5100000e+02   1.9786493e+01
   2.5200000e+02   1.9984919e+01
   2.5300000e+02   2.0185070e+01
   2.5400000e+02   2.0386940e+01
   2.5500000e+02   2.0590502e+01
   2.5600000e+02   2.0795738e+01
   2.5700000e+02   2.1002625e+01
   2.5800000e+02   2.1211142e+01
   2.5900000e+02   2.1421263e+01
   2.6000000e+02   2.1632965e+01
   2.6100000e+02   2.1846220e+01
   2.6200000e+02   2.2061001e+01
   2.6300000e+02   2.2277279e+01
   2.6400000e+02   2.2495022e+01
   2.6500000e+02   2.2714199e+01
   2.6600000e+02   2.2934774e+01
   2.6700000e+02   2.3156715e+01
   2.6800000e+02   2.3379986e+01
   2.6900000e+02   2.3604546e+01
   2.7000000e+02   2.3830359e+01
   2.7100000e+02   2.4033846e+01
   2.7200000e+02   2.4238377e+01
   2.7300000e+02   2.4443907e+01
   2.7400000e+02   2.4650394e+01
   2.7500000e+02   2.4857790e+01
   2.7600000e+02   2.5066050e+01
   2.7700000e+02   2.5275124e+01
   2.7800000e+02   2.5484961e+01
   2.7900000e+02   2.5695511e+01
   2.8000000e+02   2.5906719e+01
   2.8100000e+02   2.6118536e+01
   2.8200000e+02   2.6330900e+01
   2.8300000e+02   2.6543756e+01
   2.8400000e+02   2.6757046e+01
   2.8500000e+02   2.6970707e+01
   2.8600000e+02   2.7184681e+01
   2.8700000e+02   2.7398903e+01
   2.8800000e+02   2.7613310e+01
   2.8900000e+02   2.7827833e+01
   2.9000000e+02   2.8042406e+01
   2.9100000e+02   2.8256964e+01
   2.9200000e+02   2.8471432e+01
   2.9300000e+02   2.8685741e+01
   2.9400000e+02   2.8899822e+01
   2.9500000e+02   2.9113598e+01
   2.9600000e+02   2.9326994e+01
   2.9700000e+02   2.9539936e+01
   2.9800000e+02   2.9752346e+01
   2.9900000e+02   2.9964148e+01
   3.0000000e+02   3.0175262e+01
   3.0100000e+02   3.0360527e+01
   3.0200000e+02   3.0544809e+01
   3.0300000e+02   3.0728029e+01
   3.0400000e+02   3.0910109e+01
   3.0500000e+02   3.1090967e+01
   3.0600000e+02   3.1270523e+01
   3.0700000e+02   3.1448694e+01
   3.0800000e+02   3.1625402e+01
   3.0900000e+02   3.1800564e+01
   3.1000000e+02   3.1974096e+01
   3.1100000e+02   3.2145920e+01
   3.1200000e+02   3.2315948e+01
   3.1300000e+02   3.2484100e+01
   3.1400000e+02   3.2650295e+01
   3.1500000e+02   3.2814449e+01
   3.1600000e+02   3.2976479e+01
   3.1700000e+02   3.3136303e+01
   3.1800000e+02   3.3293842e+01
   3.1900000e+02   3.3449013e+01
   3.2000000e+02   3.3601730e+01
   3.2100000e+02   3.3751923e+01
   3.2200000e+02   3.3899506e+01
   3.2300000e+02   3.4044399e+01
   3.2400000e+02   3.4186523e+01
   3.2500000e+02   3.4325809e+01
   3.2600000e+02   3.4462173e+01
   3.2700000e+02   3.4595543e+01
   3.2800000e+02   3.4725842e+01
   3.2900000e+02   3.4853001e+01
   3.3000000e+02   3.4976948e+01
   3.3100000e+02   3.5068447e+01
   3.3200000e+02   3.5156490e+01
   3.3300000e+02   3.5241013e+01
   3.3400000e+02   3.5321953e+01
   3.3500000e+02   3.5399246e+01
   3.3600000e+02   3.5472839e+01
   3.3700000e+02   3.5542679e+01
   3.3800000e+02   3.5608704e+01
   3.3900000e+02   3.5670860e+01
   3.4000000e+02   3.5729107e+01
   3.4100000e+02   3.5783394e+01
   3.4200000e+02   3.5833668e+01
   3.4300000e+02   3.5879894e+01
   3.4400000e+02   3.5922024e+01
   3.4500000e+02   3.5960022e+01
   3.4600000e+02   3.5993858e+01
   3.4700000e+02   3.6023487e+01
   3.4800000e+02   3.6048889e+01
   3.4900000e+02   3.6070026e+01
   3.5000000e+02   3.6086880e+01
   3.5100000e+02   3.6099419e+01
   3.5200000e+02   3.6107632e+01
   3.5300000e+02   3.6111492e+01
   3.5400000e+02   3.6110996e+01
   3.5500000e+02   3.6106125e+01
   3.5600000e+02   3.6096870e+01
   3.5700000e+02   3.6083225e+01
   3.5800000e+02   3.6065189e+01
   3.5900000e+02   3.6042763e+01
   1.4226848e-06   3.6015949e+01
