   0.0000000e+00  -5.0207952e-18
   1.0000000e+00   9.3671377e-04
   2.0000000e+00   1.5670551e-03
   3.0000000e+00   2.2005499e-03
   4.0000000e+00   2.8377071e-03
   5.0000000e+00   3.4784642e-03
   6.0000000e+00   4.1226735e-03
   7.0000000e+00   4.7702170e-03
   8.0000000e+00   5.4208981e-03
   9.0000000e+00   6.0746865e-03
   1.0000000e+01   6.7313090e-03
   1.1000000e+01   7.3903152e-03
   1.2000000e+01   8.0514764e-03
   1.3000000e+01   8.7145753e-03
   1.4000000e+01   9.3793040e-03
   1.5000000e+01   1.0045376e-02
   1.6000000e+01   1.0713168e-02
   1.7000000e+01   1.1382706e-02
   1.8000000e+01   1.2054098e-02
   1.9000000e+01   1.2727226e-02
   2.0000000e+01   1.3402503e-02
   2.1000000e+01   1.4080287e-02
   2.2000000e+01   1.4760672e-02
   2.3000000e+01   1.5443632e-02
   2.4000000e+01   1.6129125e-02
   2.5000000e+01   1.6817145e-02
   2.6000000e+01   1.7507693e-02
   2.7000000e+01   1.8200526e-02
   2.8000000e+01   1.8895479e-02
   2.9000000e+01   1.9592507e-02
   3.0000000e+01   2.0291667e-02
   3.1000000e+01   2.1059547e-02
   3.2000000e+01   2.1833381e-02
   3.3000000e+01   2.2613116e-02
   3.4000000e+01   2.3398818e-02
   3.5000000e+01   2.4190409e-02
   3.6000000e+01   2.4987824e-02
   3.7000000e+01   2.5790984e-02
   3.8000000e+01   2.6599761e-02
   3.9000000e+01   2.7413962e-02
   4.0000000e+01   2.8233515e-02
   4.1000000e+01   2.9058389e-02
   4.2000000e+01   2.9888527e-02
   4.3000000e+01   3.0723840e-02
   4.4000000e+01   3.1564288e-02
   4.5000000e+01   3.2409754e-02
   4.6000000e+01   3.3260085e-02
   4.7000000e+01   3.4115218e-02
   4.8000000e+01   3.4975205e-02
   4.9000000e+01   3.5840016e-02
   5.0000000e+01   3.6709584e-02
   5.1000000e+01   3.7583847e-02
   5.2000000e+01   3.8462769e-02
   5.3000000e+01   3.9346211e-02
   5.4000000e+01   4.0234078e-02
   5.5000000e+01   4.1126296e-02
   5.6000000e+01   4.2022809e-02
   5.7000000e+01   4.2923573e-02
   5.8000000e+01   4.3828517e-02
   5.9000000e+01   4.4737544e-02
   6.0000000e+01   4.5650609e-02
   6.1000000e+01   4.6665572e-02
   6.2000000e+01   4.7687303e-02
   6.3000000e+01   4.8715729e-02
   6.4000000e+01   4.9750786e-02
   6.5000000e+01   5.0792426e-02
   6.6000000e+01   5.1840607e-02
   6.7000000e+01   5.2895244e-02
   6.8000000e+01   5.3956248e-02
   6.9000000e+01   5.5023525e-02
   7.0000000e+01   5.6096960e-02
   7.1000000e+01   5.7176486e-02
   7.2000000e+01   5.8262035e-02
   7.3000000e+01   5.9353568e-02
   7.4000000e+01   6.0450997e-02
   7.5000000e+01   6.1554242e-02
   7.6000000e+01   6.2663235e-02
   7.7000000e+01   6.3777938e-02
   7.8000000e+01   6.4898297e-02
   7.9000000e+01   6.6024266e-02
   8.0000000e+01   6.7155786e-02
   8.1000000e+01   6.8292782e-02
   8.2000000e+01   6.9435179e-02
   8.3000000e+01   7.0582904e-02
   8.4000000e+01   7.1735851e-02
   8.5000000e+01   7.2893932e-02
   8.6000000e+01   7.4057087e-02
   8.7000000e+01   7.5225249e-02
   8.8000000e+01   7.6398373e-02
   8.9000000e+01   7.7576414e-02
   9.0000000e+01   7.8759305e-02
   9.1000000e+01   8.0028892e-02
   9.2000000e+01   8.1305355e-02
   9.3000000e+01   8.2588628e-02
   9.4000000e+01   8.3878651e-02
   9.5000000e+01   8.5175365e-02
   9.6000000e+01   8.6478710e-02
   9.7000000e+01   8.7788634e-02
   9.8000000e+01   8.9105077e-02
   9.9000000e+01   9.0427980e-02
   1.0000000e+02   9.1757327e-02
   1.0100000e+02   9.3093053e-02
   1.0200000e+02   9.4435111e-02
   1.0300000e+02   9.5783450e-02
   1.0400000e+02   9.7138017e-02
   1.0500000e+02   9.8498754e-02
   1.0600000e+02   9.9865630e-02
   1.0700000e+02   1.0123859e-01
   1.0800000e+02   1.0261759e-01
   1.0900000e+02   1.0400262e-01
   1.1000000e+02   1.0539368e-01
   1.1100000e+02   1.0679074e-01
   1.1200000e+02   1.0819379e-01
   1.1300000e+02   1.0960278e-01
   1.1400000e+02   1.1101767e-01
   1.1500000e+02   1.1243843e-01
   1.1600000e+02   1.1386504e-01
   1.1700000e+02   1.1529744e-01
   1.1800000e+02   1.1673561e-01
   1.1900000e+02   1.1817953e-01
   1.2000000e+02   1.1962913e-01
   1.2100000e+02   1.2088532e-01
   1.2200000e+02   1.2214578e-01
   1.2300000e+02   1.2341052e-01
   1.2400000e+02   1.2467955e-01
   1.2500000e+02   1.2595287e-01
   1.2600000e+02   1.2723048e-01
   1.2700000e+02   1.2851237e-01
   1.2800000e+02   1.2979858e-01
   1.2900000e+02   1.3108908e-01
   1.3000000e+02   1.3238390e-01
   1.3100000e+02   1.3368306e-01
   1.3200000e+02   1.3498649e-01
   1.3300000e+02   1.3629423e-01
   1.3400000e+02   1.3760626e-01
   1.3500000e+02   1.3892259e-01
   1.3600000e+02   1.4024323e-01
   1.3700000e+02   1.4156815e-01
   1.3800000e+02   1.4289737e-01
   1.3900000e+02   1.4423083e-01
   1.4000000e+02   1.4556858e-01
   1.4100000e+02   1.4691058e-01
   1.4200000e+02   1.4825684e-01
   1.4300000e+02   1.4960738e-01
   1.4400000e+02   1.5096219e-01
   1.4500000e+02   1.5232125e-01
   1.4600000e+02   1.5368462e-01
   1.4700000e+02   1.5505223e-01
   1.4800000e+02   1.5642411e-01
   1.4900000e+02   1.5780023e-01
   1.5000000e+02   1.5918060e-01
   1.5100000e+02   1.5973912e-01
   1.5200000e+02   1.6029364e-01
   1.5300000e+02   1.6084413e-01
   1.5400000e+02   1.6139069e-01
   1.5500000e+02   1.6193327e-01
   1.5600000e+02   1.6247196e-01
   1.5700000e+02   1.6300677e-01
   1.5800000e+02   1.6353773e-01
   1.5900000e+02   1.6406485e-01
   1.6000000e+02   1.6458815e-01
   1.6100000e+02   1.6510765e-01
   1.6200000e+02   1.6562340e-01
   1.6300000e+02   1.6613540e-01
   1.6400000e+02   1.6664366e-01
   1.6500000e+02   1.6714820e-01
   1.6600000e+02   1.6764906e-01
   1.6700000e+02   1.6814627e-01
   1.6800000e+02   1.6863982e-01
   1.6900000e+02   1.6912973e-01
   1.7000000e+02   1.6961603e-01
   1.7100000e+02   1.7009872e-01
   1.7200000e+02   1.7057782e-01
   1.7300000e+02   1.7105335e-01
   1.7400000e+02   1.7152533e-01
   1.7500000e+02   1.7199376e-01
   1.7600000e+02   1.7245865e-01
   1.7700000e+02   1.7292006e-01
   1.7800000e+02   1.7337796e-01
   1.7900000e+02   1.7383239e-01
   1.8000000e+02   1.7428336e-01
   1.8100000e+02   1.7383365e-01
   1.8200000e+02   1.7337304e-01
   1.8300000e+02   1.7290157e-01
   1.8400000e+02   1.7241925e-01
   1.8500000e+02   1.7192622e-01
   1.8600000e+02   1.7142245e-01
   1.8700000e+02   1.7090805e-01
   1.8800000e+02   1.7038307e-01
   1.8900000e+02   1.6984761e-01
   1.9000000e+02   1.6930173e-01
   1.9100000e+02   1.6874550e-01
   1.9200000e+02   1.6817895e-01
   1.9300000e+02   1.6760209e-01
   1.9400000e+02   1.6701500e-01
   1.9500000e+02   1.6641769e-01
   1.9600000e+02   1.6581018e-01
   1.9700000e+02   1.6519254e-01
   1.9800000e+02   1.6456477e-01
   1.9900000e+02   1.6392693e-01
   2.0000000e+02   1.6327904e-01
   2.0100000e+02   1.6262111e-01
   2.0200000e+02   1.6195318e-01
   2.0300000e+02   1.6127530e-01
   2.0400000e+02   1.6058749e-01
   2.0500000e+02   1.5988977e-01
   2.0600000e+02   1.5918221e-01
   2.0700000e+02   1.5846479e-01
   2.0800000e+02   1.5773758e-01
   2.0900000e+02   1.5700062e-01
   2.1000000e+02   1.5625392e-01
   2.1100000e+02   1.5537569e-01
   2.1200000e+02   1.5448843e-01
   2.1300000e+02   1.5359218e-01
   2.1400000e+02   1.5268700e-01
   2.1500000e+02   1.5177296e-01
   2.1600000e+02   1.5085012e-01
   2.1700000e+02   1.4991854e-01
   2.1800000e+02   1.4897826e-01
   2.1900000e+02   1.4802936e-01
   2.2000000e+02   1.4707185e-01
   2.2100000e+02   1.4610583e-01
   2.2200000e+02   1.4513130e-01
   2.2300000e+02   1.4414838e-01
   2.2400000e+02   1.4315708e-01
   2.2500000e+02   1.4215748e-01
   2.2600000e+02   1.4114963e-01
   2.2700000e+02   1.4013356e-01
   2.2800000e+02   1.3910934e-01
   2.2900000e+02   1.3807702e-01
   2.3000000e+02   1.3703665e-01
   2.3100000e+02   1.3598828e-01
   2.3200000e+02   1.3493197e-01
   2.3300000e+02   1.3386774e-01
   2.3400000e+02   1.3279566e-01
   2.3500000e+02   1.3171577e-01
   2.3600000e+02   1.3062811e-01
   2.3700000e+02   1.2953274e-01
   2.3800000e+02   1.2842970e-01
   2.3900000e+02   1.2731902e-01
   2.4000000e+02   1.2620077e-01
   2.4100000e+02   1.2544520e-01
   2.4200000e+02   1.2468451e-01
   2.4300000e+02   1.2391872e-01
   2.4400000e+02   1.2314789e-01
   2.4500000e+02   1.2237207e-01
   2.4600000e+02   1.2159127e-01
   2.4700000e+02   1.2080555e-01
   2.4800000e+02   1.2001493e-01
   2.4900000e+02   1.1921945e-01
   2.5000000e+02   1.1841916e-01
   2.5100000e+02   1.1761408e-01
   2.5200000e+02   1.1680426e-01
   2.5300000e+02   1.1598971e-01
   2.5400000e+02   1.1517049e-01
   2.5500000e+02   1.1434663e-01
   2.5600000e+02   1.1351816e-01
   2.5700000e+02   1.1268509e-01
   2.5800000e+02   1.1184748e-01
   2.5900000e+02   1.1100536e-01
   2.6000000e+02   1.1015874e-01
   2.6100000e+02   1.0930768e-01
   2.6200000e+02   1.0845219e-01
   2.6300000e+02   1.0759231e-01
   2.6400000e+02   1.0672810e-01
   2.6500000e+02   1.0585956e-01
   2.6600000e+02   1.0498673e-01
   2.6700000e+02   1.0410966e-01
   2.6800000e+02   1.0322837e-01
   2.6900000e+02   1.0234290e-01
   2.7000000e+02   1.0145327e-01
   2.7100000e+02   1.0097823e-01
   2.7200000e+02   1.0050055e-01
   2.7300000e+02   1.0002028e-01
   2.7400000e+02   9.9537425e-02
   2.7500000e+02   9.9051990e-02
   2.7600000e+02   9.8564021e-02
   2.7700000e+02   9.8073520e-02
   2.7800000e+02   9.7580507e-02
   2.7900000e+02   9.7085014e-02
   2.8000000e+02   9.6587040e-02
   2.8100000e+02   9.6086614e-02
   2.8200000e+02   9.5583759e-02
   2.8300000e+02   9.5078483e-02
   2.8400000e+02   9.4570816e-02
   2.8500000e+02   9.4060771e-02
   2.8600000e+02   9.3548365e-02
   2.8700000e+02   9.3033627e-02
   2.8800000e+02   9.2516556e-02
   2.8900000e+02   9.1997199e-02
   2.9000000e+02   9.1475554e-02
   2.9100000e+02   9.0951644e-02
   2.9200000e+02   9.0425491e-02
   2.9300000e+02   8.9897111e-02
   2.9400000e+02   8.9366518e-02
   2.9500000e+02   8.8833734e-02
   2.9600000e+02   8.8298775e-02
   2.9700000e+02   8.7761648e-02
   2.9800000e+02   8.7222382e-02
   2.9900000e+02   8.6680993e-02
   3.0000000e+02   8.6137481e-02
   3.0100000e+02   8.5969798e-02
   3.0200000e+02   8.5800923e-02
   3.0300000e+02   8.5630864e-02
   3.0400000e+02   8.5459635e-02
   3.0500000e+02   8.5287236e-02
   3.0600000e+02   8.5113674e-02
   3.0700000e+02   8.4938973e-02
   3.0800000e+02   8.4763125e-02
   3.0900000e+02   8.4586143e-02
   3.1000000e+02   8.4408045e-02
   3.1100000e+02   8.4228829e-02
   3.1200000e+02   8.4048495e-02
   3.1300000e+02   8.3867066e-02
   3.1400000e+02   8.3684549e-02
   3.1500000e+02   8.3500944e-02
   3.1600000e+02   8.3316252e-02
   3.1700000e+02   8.3130501e-02
   3.1800000e+02   8.2943678e-02
   3.1900000e+02   8.2755812e-02
   3.2000000e+02   8.2566887e-02
   3.2100000e+02   8.2376935e-02
   3.2200000e+02   8.2185939e-02
   3.2300000e+02   8.1993930e-02
   3.2400000e+02   8.1800893e-02
   3.2500000e+02   8.1606850e-02
   3.2600000e+02   8.1411809e-02
   3.2700000e+02   8.1215769e-02
   3.2800000e+02   8.1018738e-02
   3.2900000e+02   8.0820732e-02
   3.3000000e+02   8.0621757e-02
   3.3100000e+02   8.0804132e-02
   3.3200000e+02   8.0986246e-02
   3.3300000e+02   8.1168085e-02
   3.3400000e+02   8.1349656e-02
   3.3500000e+02   8.1530951e-02
   3.3600000e+02   8.1712000e-02
   3.3700000e+02   8.1892774e-02
   3.3800000e+02   8.2073294e-02
   3.3900000e+02   8.2253546e-02
   3.4000000e+02   8.2433544e-02
   3.4100000e+02   8.2613289e-02
   3.4200000e+02   8.2792774e-02
   3.4300000e+02   8.2972012e-02
   3.4400000e+02   8.3150990e-02
   3.4500000e+02   8.3329722e-02
   3.4600000e+02   8.3508208e-02
   3.4700000e+02   8.3686449e-02
   3.4800000e+02   8.3864443e-02
   3.4900000e+02   8.4042192e-02
   3.5000000e+02   8.4219702e-02
   3.5100000e+02   8.4396966e-02
   3.5200000e+02   8.4573999e-02
   3.5300000e+02   8.4750794e-02
   3.5400000e+02   8.4927350e-02
   3.5500000e+02   8.5103676e-02
   3.5600000e+02   8.5279763e-02
   3.5700000e+02   8.5455634e-02
   3.5800000e+02   8.5631266e-02
   3.5900000e+02   8.5806668e-02
   7.1133672e-07   8.5981853e-02
   1.0000007e+00   8.6539634e-02
   2.0000007e+00   8.7097749e-02
   3.0000007e+00   8.7656192e-02
   4.0000010e+00   8.8214964e-02
   5.0000010e+00   8.8774063e-02
   6.0000010e+00   8.9333482e-02
   7.0000010e+00   8.9893222e-02
   8.0000010e+00   9.0453275e-02
   9.0000010e+00   9.1013648e-02
   1.0000001e+01   9.1574326e-02
   1.1000001e+01   9.2135318e-02
   1.2000001e+01   9.2696622e-02
   1.3000001e+01   9.3258224e-02
   1.4000001e+01   9.3820125e-02
   1.5000001e+01   9.4382323e-02
   1.6000000e+01   9.4944820e-02
   1.7000000e+01   9.5507607e-02
   1.8000000e+01   9.6070684e-02
   1.9000000e+01   9.6634045e-02
   2.0000000e+01   9.7197689e-02
   2.1000000e+01   9.7761616e-02
   2.2000000e+01   9.8325826e-02
   2.3000000e+01   9.8890305e-02
   2.4000000e+01   9.9455059e-02
   2.5000000e+01   1.0002009e-01
   2.6000000e+01   1.0058538e-01
   2.7000000e+01   1.0115094e-01
   2.8000000e+01   1.0171676e-01
   2.9000000e+01   1.0228285e-01
   3.0000000e+01   1.0284919e-01
   3.1000000e+01   1.0375728e-01
   3.2000000e+01   1.0466608e-01
   3.3000000e+01   1.0557561e-01
   3.4000000e+01   1.0648584e-01
   3.5000000e+01   1.0739678e-01
   3.6000000e+01   1.0830842e-01
   3.7000000e+01   1.0922075e-01
   3.8000000e+01   1.1013378e-01
   3.9000000e+01   1.1104749e-01
   4.0000000e+01   1.1196189e-01
   4.1000000e+01   1.1287696e-01
   4.2000000e+01   1.1379270e-01
   4.3000000e+01   1.1470910e-01
   4.4000000e+01   1.1562617e-01
   4.5000000e+01   1.1654390e-01
   4.6000000e+01   1.1746226e-01
   4.7000000e+01   1.1838129e-01
   4.8000000e+01   1.1930096e-01
   4.9000000e+01   1.2022126e-01
   5.0000000e+01   1.2114220e-01
   5.1000000e+01   1.2206378e-01
   5.2000000e+01   1.2298597e-01
   5.3000000e+01   1.2390879e-01
   5.4000000e+01   1.2483222e-01
   5.5000000e+01   1.2575628e-01
   5.6000000e+01   1.2668094e-01
   5.7000000e+01   1.2760620e-01
   5.8000000e+01   1.2853205e-01
   5.9000000e+01   1.2945852e-01
   6.0000000e+01   1.3038558e-01
   6.1000000e+01   1.3168085e-01
   6.2000000e+01   1.3297744e-01
   6.3000000e+01   1.3427536e-01
   6.4000000e+01   1.3557458e-01
   6.5000000e+01   1.3687511e-01
   6.6000000e+01   1.3817692e-01
   6.7000000e+01   1.3948004e-01
   6.8000000e+01   1.4078443e-01
   6.9000000e+01   1.4209010e-01
   7.0000000e+01   1.4339703e-01
   7.1000000e+01   1.4470522e-01
   7.2000000e+01   1.4601468e-01
   7.3000000e+01   1.4732537e-01
   7.4000000e+01   1.4863731e-01
   7.5000000e+01   1.4995047e-01
   7.6000000e+01   1.5126489e-01
   7.7000000e+01   1.5258050e-01
   7.8000000e+01   1.5389733e-01
   7.9000000e+01   1.5521540e-01
   8.0000000e+01   1.5653463e-01
   8.1000000e+01   1.5785508e-01
   8.2000000e+01   1.5917671e-01
   8.3000000e+01   1.6049951e-01
   8.4000000e+01   1.6182351e-01
   8.5000000e+01   1.6314869e-01
   8.6000000e+01   1.6447501e-01
   8.7000000e+01   1.6580251e-01
   8.8000000e+01   1.6713114e-01
   8.9000000e+01   1.6846094e-01
   9.0000000e+01   1.6979186e-01
   9.1000000e+01   1.7159212e-01
   9.2000000e+01   1.7339523e-01
   9.3000000e+01   1.7520121e-01
   9.4000000e+01   1.7701004e-01
   9.5000000e+01   1.7882171e-01
   9.6000000e+01   1.8063621e-01
   9.7000000e+01   1.8245354e-01
   9.8000000e+01   1.8427368e-01
   9.9000000e+01   1.8609662e-01
   1.0000000e+02   1.8792233e-01
   1.0100000e+02   1.8975085e-01
   1.0200000e+02   1.9158213e-01
   1.0300000e+02   1.9341615e-01
   1.0400000e+02   1.9525295e-01
   1.0500000e+02   1.9709247e-01
   1.0600000e+02   1.9893472e-01
   1.0700000e+02   2.0077971e-01
   1.0800000e+02   2.0262739e-01
   1.0900000e+02   2.0447779e-01
   1.1000000e+02   2.0633087e-01
   1.1100000e+02   2.0818663e-01
   1.1200000e+02   2.1004505e-01
   1.1300000e+02   2.1190616e-01
   1.1400000e+02   2.1376990e-01
   1.1500000e+02   2.1563628e-01
   1.1600000e+02   2.1750532e-01
   1.1700000e+02   2.1937697e-01
   1.1800000e+02   2.2125122e-01
   1.1900000e+02   2.2312810e-01
   1.2000000e+02   2.2500756e-01
   1.2100000e+02   2.2711763e-01
   1.2200000e+02   2.2923890e-01
   1.2300000e+02   2.3137134e-01
   1.2400000e+02   2.3351492e-01
   1.2500000e+02   2.3566966e-01
   1.2600000e+02   2.3783551e-01
   1.2700000e+02   2.4001248e-01
   1.2800000e+02   2.4220055e-01
   1.2900000e+02   2.4439970e-01
   1.3000000e+02   2.4660990e-01
   1.3100000e+02   2.4883117e-01
   1.3200000e+02   2.5106350e-01
   1.3300000e+02   2.5330681e-01
   1.3400000e+02   2.5556114e-01
   1.3500000e+02   2.5782651e-01
   1.3600000e+02   2.6010284e-01
   1.3700000e+02   2.6239011e-01
   1.3800000e+02   2.6468840e-01
   1.3900000e+02   2.6699761e-01
   1.4000000e+02   2.6931772e-01
   1.4100000e+02   2.7164876e-01
   1.4200000e+02   2.7399072e-01
   1.4300000e+02   2.7634361e-01
   1.4400000e+02   2.7870733e-01
   1.4500000e+02   2.8108194e-01
   1.4600000e+02   2.8346741e-01
   1.4700000e+02   2.8586373e-01
   1.4800000e+02   2.8827089e-01
   1.4900000e+02   2.9068887e-01
   1.5000000e+02   2.9311770e-01
   1.5100000e+02   2.9324752e-01
   1.5200000e+02   2.9337594e-01
   1.5300000e+02   2.9350287e-01
   1.5400000e+02   2.9362831e-01
   1.5500000e+02   2.9375222e-01
   1.5600000e+02   2.9387453e-01
   1.5700000e+02   2.9399520e-01
   1.5800000e+02   2.9411429e-01
   1.5900000e+02   2.9423180e-01
   1.6000000e+02   2.9434779e-01
   1.6100000e+02   2.9446229e-01
   1.6200000e+02   2.9457527e-01
   1.6300000e+02   2.9468679e-01
   1.6400000e+02   2.9479685e-01
   1.6500000e+02   2.9490548e-01
   1.6600000e+02   2.9501259e-01
   1.6700000e+02   2.9511824e-01
   1.6800000e+02   2.9522237e-01
   1.6900000e+02   2.9532498e-01
   1.7000000e+02   2.9542610e-01
   1.7100000e+02   2.9552576e-01
   1.7200000e+02   2.9562393e-01
   1.7300000e+02   2.9572061e-01
   1.7400000e+02   2.9581580e-01
   1.7500000e+02   2.9590952e-01
   1.7600000e+02   2.9600179e-01
   1.7700000e+02   2.9609257e-01
   1.7800000e+02   2.9618189e-01
   1.7900000e+02   2.9626974e-01
   1.8000000e+02   2.9635614e-01
   1.8100000e+02   2.9405928e-01
   1.8200000e+02   2.9175192e-01
   1.8300000e+02   2.8943416e-01
   1.8400000e+02   2.8710607e-01
   1.8500000e+02   2.8476760e-01
   1.8600000e+02   2.8241882e-01
   1.8700000e+02   2.8005975e-01
   1.8800000e+02   2.7769047e-01
   1.8900000e+02   2.7531096e-01
   1.9000000e+02   2.7292129e-01
   1.9100000e+02   2.7052149e-01
   1.9200000e+02   2.6811159e-01
   1.9300000e+02   2.6569158e-01
   1.9400000e+02   2.6326153e-01
   1.9500000e+02   2.6082149e-01
   1.9600000e+02   2.5837147e-01
   1.9700000e+02   2.5591153e-01
   1.9800000e+02   2.5344172e-01
   1.9900000e+02   2.5096202e-01
   2.0000000e+02   2.4847251e-01
   2.0100000e+02   2.4597317e-01
   2.0200000e+02   2.4346405e-01
   2.0300000e+02   2.4094515e-01
   2.0400000e+02   2.3841651e-01
   2.0500000e+02   2.3587812e-01
   2.0600000e+02   2.3333006e-01
   2.0700000e+02   2.3077229e-01
   2.0800000e+02   2.2820486e-01
   2.0900000e+02   2.2562781e-01
   2.1000000e+02   2.2304115e-01
   2.1100000e+02   2.2114702e-01
   2.1200000e+02   2.1925029e-01
   2.1300000e+02   2.1735096e-01
   2.1400000e+02   2.1544905e-01
   2.1500000e+02   2.1354456e-01
   2.1600000e+02   2.1163751e-01
   2.1700000e+02   2.0972788e-01
   2.1800000e+02   2.0781572e-01
   2.1900000e+02   2.0590101e-01
   2.2000000e+02   2.0398377e-01
   2.2100000e+02   2.0206399e-01
   2.2200000e+02   2.0014170e-01
   2.2300000e+02   1.9821692e-01
   2.2400000e+02   1.9628961e-01
   2.2500000e+02   1.9435982e-01
   2.2600000e+02   1.9242755e-01
   2.2700000e+02   1.9049281e-01
   2.2800000e+02   1.8855560e-01
   2.2900000e+02   1.8661594e-01
   2.3000000e+02   1.8467383e-01
   2.3100000e+02   1.8272926e-01
   2.3200000e+02   1.8078227e-01
   2.3300000e+02   1.7883286e-01
   2.3400000e+02   1.7688103e-01
   2.3500000e+02   1.7492679e-01
   2.3600000e+02   1.7297015e-01
   2.3700000e+02   1.7101112e-01
   2.3800000e+02   1.6904968e-01
   2.3900000e+02   1.6708589e-01
   2.4000000e+02   1.6511971e-01
   2.4100000e+02   1.6384025e-01
   2.4200000e+02   1.6255970e-01
   2.4300000e+02   1.6127805e-01
   2.4400000e+02   1.5999532e-01
   2.4500000e+02   1.5871149e-01
   2.4600000e+02   1.5742660e-01
   2.4700000e+02   1.5614061e-01
   2.4800000e+02   1.5485354e-01
   2.4900000e+02   1.5356542e-01
   2.5000000e+02   1.5227623e-01
   2.5100000e+02   1.5098597e-01
   2.5200000e+02   1.4969464e-01
   2.5300000e+02   1.4840227e-01
   2.5400000e+02   1.4710885e-01
   2.5500000e+02   1.4581436e-01
   2.5600000e+02   1.4451885e-01
   2.5700000e+02   1.4322229e-01
   2.5800000e+02   1.4192469e-01
   2.5900000e+02   1.4062606e-01
   2.6000000e+02   1.3932641e-01
   2.6100000e+02   1.3802573e-01
   2.6200000e+02   1.3672403e-01
   2.6300000e+02   1.3542129e-01
   2.6400000e+02   1.3411754e-01
   2.6500000e+02   1.3281280e-01
   2.6600000e+02   1.3150704e-01
   2.6700000e+02   1.3020027e-01
   2.6800000e+02   1.2889251e-01
   2.6900000e+02   1.2758374e-01
   2.7000000e+02   1.2627399e-01
   2.7100000e+02   1.2552914e-01
   2.7200000e+02   1.2478375e-01
   2.7300000e+02   1.2403785e-01
   2.7400000e+02   1.2329141e-01
   2.7500000e+02   1.2254446e-01
   2.7600000e+02   1.2179698e-01
   2.7700000e+02   1.2104899e-01
   2.7800000e+02   1.2030047e-01
   2.7900000e+02   1.1955144e-01
   2.8000000e+02   1.1880190e-01
   2.8100000e+02   1.1805185e-01
   2.8200000e+02   1.1730129e-01
   2.8300000e+02   1.1655022e-01
   2.8400000e+02   1.1579864e-01
   2.8500000e+02   1.1504655e-01
   2.8600000e+02   1.1429398e-01
   2.8700000e+02   1.1354089e-01
   2.8800000e+02   1.1278731e-01
   2.8900000e+02   1.1203323e-01
   2.9000000e+02   1.1127865e-01
   2.9100000e+02   1.1052358e-01
   2.9200000e+02   1.0976803e-01
   2.9300000e+02   1.0901197e-01
   2.9400000e+02   1.0825543e-01
   2.9500000e+02   1.0749840e-01
   2.9600000e+02   1.0674088e-01
   2.9700000e+02   1.0598289e-01
   2.9800000e+02   1.0522441e-01
   2.9900000e+02   1.0446545e-01
   3.0000000e+02   1.0370602e-01
   3.0100000e+02   1.0340570e-01
   3.0200000e+02   1.0310515e-01
   3.0300000e+02   1.0280438e-01
   3.0400000e+02   1.0250337e-01
   3.0500000e+02   1.0220213e-01
   3.0600000e+02   1.0190067e-01
   3.0700000e+02   1.0159898e-01
   3.0800000e+02   1.0129707e-01
   3.0900000e+02   1.0099492e-01
   3.1000000e+02   1.0069256e-01
   3.1100000e+02   1.0038997e-01
   3.1200000e+02   1.0008717e-01
   3.1300000e+02   9.9784136e-02
   3.1400000e+02   9.9480882e-02
   3.1500000e+02   9.9177405e-02
   3.1600000e+02   9.8873720e-02
   3.1700000e+02   9.8569810e-02
   3.1800000e+02   9.8265678e-02
   3.1900000e+02   9.7961344e-02
   3.2000000e+02   9.7656779e-02
   3.2100000e+02   9.7352006e-02
   3.2200000e+02   9.7047016e-02
   3.2300000e+02   9.6741810e-02
   3.2400000e+02   9.6436396e-02
   3.2500000e+02   9.6130773e-02
   3.2600000e+02   9.5824935e-02
   3.2700000e+02   9.5518887e-02
   3.2800000e+02   9.5212623e-02
   3.2900000e+02   9.4906159e-02
   3.3000000e+02   9.4599478e-02
   3.3100000e+02   9.4738118e-02
   3.3200000e+02   9.4876729e-02
   3.3300000e+02   9.5015332e-02
   3.3400000e+02   9.5153928e-02
   3.3500000e+02   9.5292516e-02
   3.3600000e+02   9.5431089e-02
   3.3700000e+02   9.5569655e-02
   3.3800000e+02   9.5708214e-02
   3.3900000e+02   9.5846757e-02
   3.4000000e+02   9.5985286e-02
   3.4100000e+02   9.6123815e-02
   3.4200000e+02   9.6262336e-02
   3.4300000e+02   9.6400842e-02
   3.4400000e+02   9.6539348e-02
   3.4500000e+02   9.6677832e-02
   3.4600000e+02   9.6816316e-02
   3.4700000e+02   9.6954793e-02
   3.4800000e+02   9.7093262e-02
   3.4900000e+02   9.7231716e-02
   3.5000000e+02   9.7370170e-02
   3.5100000e+02   9.7508624e-02
   3.5200000e+02   9.7647056e-02
   3.5300000e+02   9.7785488e-02
   3.5400000e+02   9.7923912e-02
   3.5500000e+02   9.8062329e-02
   3.5600000e+02   9.8200746e-02
   3.5700000e+02   9.8339148e-02
   3.5800000e+02   9.8477542e-02
   3.5900000e+02   9.8615944e-02
   1.4226848e-06   9.8754324e-02
