   0.0000000e+00   1.4784758e-01
   1.0000000e+00   1.4924632e-01
   2.0000000e+00   1.4951234e-01
   3.0000000e+00   1.4984621e-01
   4.0000000e+00   1.5017989e-01
   5.0000000e+00   1.5051329e-01
   6.0000000e+00   1.5084642e-01
   7.0000000e+00   1.5117928e-01
   8.0000000e+00   1.5151192e-01
   9.0000000e+00   1.5184437e-01
   1.0000000e+01   1.5217662e-01
   1.1000000e+01   1.5250872e-01
   1.2000000e+01   1.5284078e-01
   1.3000000e+01   1.5317284e-01
   1.4000000e+01   1.5350491e-01
   1.5000000e+01   1.5383710e-01
   1.6000000e+01   1.5416941e-01
   1.7000000e+01   1.5450172e-01
   1.8000000e+01   1.5483403e-01
   1.9000000e+01   1.5516633e-01
   2.0000000e+01   1.5549868e-01
   2.1000000e+01   1.5583095e-01
   2.2000000e+01   1.5616311e-01
   2.3000000e+01   1.5649509e-01
   2.4000000e+01   1.5682693e-01
   2.5000000e+01   1.5715860e-01
   2.6000000e+01   1.5749013e-01
   2.7000000e+01   1.5782151e-01
   2.8000000e+01   1.5815276e-01
   2.9000000e+01   1.5848392e-01
   3.0000000e+01   1.5881494e-01
   3.1000000e+01   1.5941089e-01
   3.2000000e+01   1.6000685e-01
   3.3000000e+01   1.6060284e-01
   3.4000000e+01   1.6119885e-01
   3.5000000e+01   1.6179487e-01
   3.6000000e+01   1.6239089e-01
   3.7000000e+01   1.6298692e-01
   3.8000000e+01   1.6358295e-01
   3.9000000e+01   1.6417900e-01
   4.0000000e+01   1.6477510e-01
   4.1000000e+01   1.6537134e-01
   4.2000000e+01   1.6596772e-01
   4.3000000e+01   1.6656417e-01
   4.4000000e+01   1.6716067e-01
   4.5000000e+01   1.6775729e-01
   4.6000000e+01   1.6835396e-01
   4.7000000e+01   1.6895077e-01
   4.8000000e+01   1.6954768e-01
   4.9000000e+01   1.7014469e-01
   5.0000000e+01   1.7074180e-01
   5.1000000e+01   1.7133896e-01
   5.2000000e+01   1.7193623e-01
   5.3000000e+01   1.7253359e-01
   5.4000000e+01   1.7313105e-01
   5.5000000e+01   1.7372863e-01
   5.6000000e+01   1.7432630e-01
   5.7000000e+01   1.7492412e-01
   5.8000000e+01   1.7552204e-01
   5.9000000e+01   1.7612009e-01
   6.0000000e+01   1.7671826e-01
   6.1000000e+01   1.7743039e-01
   6.2000000e+01   1.7814380e-01
   6.3000000e+01   1.7885846e-01
   6.4000000e+01   1.7957437e-01
   6.5000000e+01   1.8029152e-01
   6.6000000e+01   1.8100989e-01
   6.7000000e+01   1.8172947e-01
   6.8000000e+01   1.8245023e-01
   6.9000000e+01   1.8317220e-01
   7.0000000e+01   1.8389544e-01
   7.1000000e+01   1.8461992e-01
   7.2000000e+01   1.8534559e-01
   7.3000000e+01   1.8607332e-01
   7.4000000e+01   1.8680243e-01
   7.5000000e+01   1.8753286e-01
   7.6000000e+01   1.8826456e-01
   7.7000000e+01   1.8899754e-01
   7.8000000e+01   1.8973181e-01
   7.9000000e+01   1.9046730e-01
   8.0000000e+01   1.9120406e-01
   8.1000000e+01   1.9194202e-01
   8.2000000e+01   1.9268121e-01
   8.3000000e+01   1.9342162e-01
   8.4000000e+01   1.9416320e-01
   8.5000000e+01   1.9490600e-01
   8.6000000e+01   1.9565000e-01
   8.7000000e+01   1.9639514e-01
   8.8000000e+01   1.9714148e-01
   8.9000000e+01   1.9788896e-01
   9.0000000e+01   1.9863759e-01
   9.1000000e+01   1.9934358e-01
   9.2000000e+01   2.0005229e-01
   9.3000000e+01   2.0076375e-01
   9.4000000e+01   2.0147790e-01
   9.5000000e+01   2.0219472e-01
   9.6000000e+01   2.0291419e-01
   9.7000000e+01   2.0363629e-01
   9.8000000e+01   2.0436098e-01
   9.9000000e+01   2.0508826e-01
   1.0000000e+02   2.0581807e-01
   1.0100000e+02   2.0655040e-01
   1.0200000e+02   2.0728526e-01
   1.0300000e+02   2.0802258e-01
   1.0400000e+02   2.0876235e-01
   1.0500000e+02   2.0950454e-01
   1.0600000e+02   2.1024916e-01
   1.0700000e+02   2.1099614e-01
   1.0800000e+02   2.1174636e-01
   1.0900000e+02   2.1250126e-01
   1.1000000e+02   2.1325879e-01
   1.1100000e+02   2.1401890e-01
   1.1200000e+02   2.1478160e-01
   1.1300000e+02   2.1554683e-01
   1.1400000e+02   2.1631476e-01
   1.1500000e+02   2.1708594e-01
   1.1600000e+02   2.1785966e-01
   1.1700000e+02   2.1863590e-01
   1.1800000e+02   2.1941462e-01
   1.1900000e+02   2.2019583e-01
   1.2000000e+02   2.2097947e-01
   1.2100000e+02   2.2142236e-01
   1.2200000e+02   2.2186731e-01
   1.2300000e+02   2.2231430e-01
   1.2400000e+02   2.2276329e-01
   1.2500000e+02   2.2321430e-01
   1.2600000e+02   2.2366729e-01
   1.2700000e+02   2.2412226e-01
   1.2800000e+02   2.2457916e-01
   1.2900000e+02   2.2503799e-01
   1.3000000e+02   2.2549874e-01
   1.3100000e+02   2.2596137e-01
   1.3200000e+02   2.2642592e-01
   1.3300000e+02   2.2689229e-01
   1.3400000e+02   2.2736052e-01
   1.3500000e+02   2.2783057e-01
   1.3600000e+02   2.2830243e-01
   1.3700000e+02   2.2877610e-01
   1.3800000e+02   2.2925155e-01
   1.3900000e+02   2.2972876e-01
   1.4000000e+02   2.3020770e-01
   1.4100000e+02   2.3068839e-01
   1.4200000e+02   2.3117079e-01
   1.4300000e+02   2.3165509e-01
   1.4400000e+02   2.3214202e-01
   1.4500000e+02   2.3263070e-01
   1.4600000e+02   2.3312113e-01
   1.4700000e+02   2.3361328e-01
   1.4800000e+02   2.3410714e-01
   1.4900000e+02   2.3460269e-01
   1.5000000e+02   2.3509993e-01
   1.5100000e+02   2.3514023e-01
   1.5200000e+02   2.3518150e-01
   1.5300000e+02   2.3522264e-01
   1.5400000e+02   2.3526366e-01
   1.5500000e+02   2.3530455e-01
   1.5600000e+02   2.3534533e-01
   1.5700000e+02   2.3538598e-01
   1.5800000e+02   2.3542652e-01
   1.5900000e+02   2.3546693e-01
   1.6000000e+02   2.3550722e-01
   1.6100000e+02   2.3554738e-01
   1.6200000e+02   2.3558743e-01
   1.6300000e+02   2.3562737e-01
   1.6400000e+02   2.3566715e-01
   1.6500000e+02   2.3570684e-01
   1.6600000e+02   2.3574641e-01
   1.6700000e+02   2.3578586e-01
   1.6800000e+02   2.3582518e-01
   1.6900000e+02   2.3586439e-01
   1.7000000e+02   2.3590347e-01
   1.7100000e+02   2.3594244e-01
   1.7200000e+02   2.3598127e-01
   1.7300000e+02   2.3602000e-01
   1.7400000e+02   2.3605861e-01
   1.7500000e+02   2.3609710e-01
   1.7600000e+02   2.3613547e-01
   1.7700000e+02   2.3617372e-01
   1.7800000e+02   2.3621185e-01
   1.7900000e+02   2.3624986e-01
   1.8000000e+02   2.3628777e-01
   1.8100000e+02   2.3587047e-01
   1.8200000e+02   2.3545215e-01
   1.8300000e+02   2.3503281e-01
   1.8400000e+02   2.3461248e-01
   1.8500000e+02   2.3419113e-01
   1.8600000e+02   2.3376882e-01
   1.8700000e+02   2.3334566e-01
   1.8800000e+02   2.3292387e-01
   1.8900000e+02   2.3250227e-01
   1.9000000e+02   2.3207936e-01
   1.9100000e+02   2.3165557e-01
   1.9200000e+02   2.3123087e-01
   1.9300000e+02   2.3080485e-01
   1.9400000e+02   2.3037750e-01
   1.9500000e+02   2.2994885e-01
   1.9600000e+02   2.2951891e-01
   1.9700000e+02   2.2908765e-01
   1.9800000e+02   2.2865513e-01
   1.9900000e+02   2.2822134e-01
   2.0000000e+02   2.2778630e-01
   2.0100000e+02   2.2735003e-01
   2.0200000e+02   2.2691248e-01
   2.0300000e+02   2.2647375e-01
   2.0400000e+02   2.2603378e-01
   2.0500000e+02   2.2559260e-01
   2.0600000e+02   2.2515023e-01
   2.0700000e+02   2.2470668e-01
   2.0800000e+02   2.2426194e-01
   2.0900000e+02   2.2381604e-01
   2.1000000e+02   2.2336897e-01
   2.1100000e+02   2.2249758e-01
   2.1200000e+02   2.2162512e-01
   2.1300000e+02   2.2075161e-01
   2.1400000e+02   2.1987708e-01
   2.1500000e+02   2.1900153e-01
   2.1600000e+02   2.1812499e-01
   2.1700000e+02   2.1724743e-01
   2.1800000e+02   2.1636887e-01
   2.1900000e+02   2.1548933e-01
   2.2000000e+02   2.1460882e-01
   2.2100000e+02   2.1372734e-01
   2.2200000e+02   2.1284489e-01
   2.2300000e+02   2.1196149e-01
   2.2400000e+02   2.1107717e-01
   2.2500000e+02   2.1019189e-01
   2.2600000e+02   2.0930567e-01
   2.2700000e+02   2.0841856e-01
   2.2800000e+02   2.0753053e-01
   2.2900000e+02   2.0664226e-01
   2.3000000e+02   2.0575354e-01
   2.3100000e+02   2.0486370e-01
   2.3200000e+02   2.0397273e-01
   2.3300000e+02   2.0308065e-01
   2.3400000e+02   2.0218748e-01
   2.3500000e+02   2.0129322e-01
   2.3600000e+02   2.0039788e-01
   2.3700000e+02   1.9950145e-01
   2.3800000e+02   1.9860397e-01
   2.3900000e+02   1.9770543e-01
   2.4000000e+02   1.9680586e-01
   2.4100000e+02   1.9584170e-01
   2.4200000e+02   1.9487733e-01
   2.4300000e+02   1.9391271e-01
   2.4400000e+02   1.9294791e-01
   2.4500000e+02   1.9198285e-01
   2.4600000e+02   1.9101760e-01
   2.4700000e+02   1.9005212e-01
   2.4800000e+02   1.8908645e-01
   2.4900000e+02   1.8812056e-01
   2.5000000e+02   1.8715446e-01
   2.5100000e+02   1.8618815e-01
   2.5200000e+02   1.8522164e-01
   2.5300000e+02   1.8425493e-01
   2.5400000e+02   1.8328802e-01
   2.5500000e+02   1.8232091e-01
   2.5600000e+02   1.8135361e-01
   2.5700000e+02   1.8038611e-01
   2.5800000e+02   1.7941841e-01
   2.5900000e+02   1.7845054e-01
   2.6000000e+02   1.7748249e-01
   2.6100000e+02   1.7651424e-01
   2.6200000e+02   1.7554581e-01
   2.6300000e+02   1.7457721e-01
   2.6400000e+02   1.7360841e-01
   2.6500000e+02   1.7263946e-01
   2.6600000e+02   1.7167030e-01
   2.6700000e+02   1.7070100e-01
   2.6800000e+02   1.6973151e-01
   2.6900000e+02   1.6876186e-01
   2.7000000e+02   1.6779202e-01
   2.7100000e+02   1.6701676e-01
   2.7200000e+02   1.6624165e-01
   2.7300000e+02   1.6546667e-01
   2.7400000e+02   1.6469184e-01
   2.7500000e+02   1.6391717e-01
   2.7600000e+02   1.6314264e-01
   2.7700000e+02   1.6236824e-01
   2.7800000e+02   1.6159399e-01
   2.7900000e+02   1.6081989e-01
   2.8000000e+02   1.6004592e-01
   2.8100000e+02   1.5927209e-01
   2.8200000e+02   1.5849841e-01
   2.8300000e+02   1.5772486e-01
   2.8400000e+02   1.5695144e-01
   2.8500000e+02   1.5617818e-01
   2.8600000e+02   1.5540503e-01
   2.8700000e+02   1.5463203e-01
   2.8800000e+02   1.5385917e-01
   2.8900000e+02   1.5308642e-01
   2.9000000e+02   1.5231383e-01
   2.9100000e+02   1.5154134e-01
   2.9200000e+02   1.5076898e-01
   2.9300000e+02   1.4999676e-01
   2.9400000e+02   1.4922467e-01
   2.9500000e+02   1.4845270e-01
   2.9600000e+02   1.4768086e-01
   2.9700000e+02   1.4690913e-01
   2.9800000e+02   1.4613754e-01
   2.9900000e+02   1.4536606e-01
   3.0000000e+02   1.4459471e-01
   3.0100000e+02   1.4415461e-01
   3.0200000e+02   1.4371464e-01
   3.0300000e+02   1.4327480e-01
   3.0400000e+02   1.4283511e-01
   3.0500000e+02   1.4239556e-01
   3.0600000e+02   1.4195612e-01
   3.0700000e+02   1.4151682e-01
   3.0800000e+02   1.4107767e-01
   3.0900000e+02   1.4063863e-01
   3.1000000e+02   1.4019975e-01
   3.1100000e+02   1.3976099e-01
   3.1200000e+02   1.3932233e-01
   3.1300000e+02   1.3888383e-01
   3.1400000e+02   1.3844544e-01
   3.1500000e+02   1.3800718e-01
   3.1600000e+02   1.3756905e-01
   3.1700000e+02   1.3713105e-01
   3.1800000e+02   1.3669316e-01
   3.1900000e+02   1.3625540e-01
   3.2000000e+02   1.3581775e-01
   3.2100000e+02   1.3538024e-01
   3.2200000e+02   1.3494284e-01
   3.2300000e+02   1.3450557e-01
   3.2400000e+02   1.3406841e-01
   3.2500000e+02   1.3363138e-01
   3.2600000e+02   1.3319445e-01
   3.2700000e+02   1.3275763e-01
   3.2800000e+02   1.3232094e-01
   3.2900000e+02   1.3188437e-01
   3.3000000e+02   1.3144791e-01
   3.3100000e+02   1.3143209e-01
   3.3200000e+02   1.3141631e-01
   3.3300000e+02   1.3140057e-01
   3.3400000e+02   1.3138486e-01
   3.3500000e+02   1.3136922e-01
   3.3600000e+02   1.3135362e-01
   3.3700000e+02   1.3133805e-01
   3.3800000e+02   1.3132253e-01
   3.3900000e+02   1.3130705e-01
   3.4000000e+02   1.3129161e-01
   3.4100000e+02   1.3127622e-01
   3.4200000e+02   1.3126087e-01
   3.4300000e+02   1.3124557e-01
   3.4400000e+02   1.3123029e-01
   3.4500000e+02   1.3121507e-01
   3.4600000e+02   1.3119988e-01
   3.4700000e+02   1.3118473e-01
   3.4800000e+02   1.3116963e-01
   3.4900000e+02   1.3115455e-01
   3.5000000e+02   1.3113953e-01
   3.5100000e+02   1.3112456e-01
   3.5200000e+02   1.3110960e-01
   3.5300000e+02   1.3109469e-01
   3.5400000e+02   1.3107982e-01
   3.5500000e+02   1.3106500e-01
   3.5600000e+02   1.3105020e-01
   3.5700000e+02   1.3103545e-01
   3.5800000e+02   1.3102072e-01
   3.5900000e+02   1.3100605e-01
   7.1133672e-07   1.3099140e-01
   1.0000007e+00   1.3137493e-01
   2.0000007e+00   1.3175844e-01
   3.0000007e+00   1.3214192e-01
   4.0000010e+00   1.3252538e-01
   5.0000010e+00   1.3290884e-01
   6.0000010e+00   1.3329227e-01
   7.0000010e+00   1.3367571e-01
   8.0000010e+00   1.3405912e-01
   9.0000010e+00   1.3444251e-01
   1.0000001e+01   1.3482589e-01
   1.1000001e+01   1.3520925e-01
   1.2000001e+01   1.3559259e-01
   1.3000001e+01   1.3597593e-01
   1.4000001e+01   1.3635926e-01
   1.5000001e+01   1.3674256e-01
   1.6000000e+01   1.3712586e-01
   1.7000000e+01   1.3750914e-01
   1.8000000e+01   1.3789241e-01
   1.9000000e+01   1.3827567e-01
   2.0000000e+01   1.3865891e-01
   2.1000000e+01   1.3904214e-01
   2.2000000e+01   1.3942535e-01
   2.3000000e+01   1.3980857e-01
   2.4000000e+01   1.4019176e-01
   2.5000000e+01   1.4057495e-01
   2.6000000e+01   1.4095812e-01
   2.7000000e+01   1.4134128e-01
   2.8000000e+01   1.4172442e-01
   2.9000000e+01   1.4210758e-01
   3.0000000e+01   1.4249071e-01
   3.1000000e+01   1.4315042e-01
   3.2000000e+01   1.4381015e-01
   3.3000000e+01   1.4446989e-01
   3.4000000e+01   1.4512964e-01
   3.5000000e+01   1.4578940e-01
   3.6000000e+01   1.4644921e-01
   3.7000000e+01   1.4710903e-01
   3.8000000e+01   1.4776888e-01
   3.9000000e+01   1.4842874e-01
   4.0000000e+01   1.4908862e-01
   4.1000000e+01   1.4974855e-01
   4.2000000e+01   1.5040846e-01
   4.3000000e+01   1.5106840e-01
   4.4000000e+01   1.5172838e-01
   4.5000000e+01   1.5238835e-01
   4.6000000e+01   1.5304837e-01
   4.7000000e+01   1.5370838e-01
   4.8000000e+01   1.5436843e-01
   4.9000000e+01   1.5502849e-01
   5.0000000e+01   1.5568858e-01
   5.1000000e+01   1.5634869e-01
   5.2000000e+01   1.5700880e-01
   5.3000000e+01   1.5766893e-01
   5.4000000e+01   1.5832910e-01
   5.5000000e+01   1.5898928e-01
   5.6000000e+01   1.5964948e-01
   5.7000000e+01   1.6030969e-01
   5.8000000e+01   1.6096991e-01
   5.9000000e+01   1.6163018e-01
   6.0000000e+01   1.6229044e-01
   6.1000000e+01   1.6316003e-01
   6.2000000e+01   1.6402981e-01
   6.3000000e+01   1.6489980e-01
   6.4000000e+01   1.6576996e-01
   6.5000000e+01   1.6664034e-01
   6.6000000e+01   1.6751093e-01
   6.7000000e+01   1.6838169e-01
   6.8000000e+01   1.6925265e-01
   6.9000000e+01   1.7012382e-01
   7.0000000e+01   1.7099516e-01
   7.1000000e+01   1.7186670e-01
   7.2000000e+01   1.7273842e-01
   7.3000000e+01   1.7361033e-01
   7.4000000e+01   1.7448242e-01
   7.5000000e+01   1.7535470e-01
   7.6000000e+01   1.7622717e-01
   7.7000000e+01   1.7709979e-01
   7.8000000e+01   1.7797263e-01
   7.9000000e+01   1.7884563e-01
   8.0000000e+01   1.7971881e-01
   8.1000000e+01   1.8059215e-01
   8.2000000e+01   1.8146569e-01
   8.3000000e+01   1.8233940e-01
   8.4000000e+01   1.8321326e-01
   8.5000000e+01   1.8408732e-01
   8.6000000e+01   1.8496154e-01
   8.7000000e+01   1.8583593e-01
   8.8000000e+01   1.8671049e-01
   8.9000000e+01   1.8758520e-01
   9.0000000e+01   1.8846010e-01
   9.1000000e+01   1.8945608e-01
   9.2000000e+01   1.9045267e-01
   9.3000000e+01   1.9144984e-01
   9.4000000e+01   1.9244759e-01
   9.5000000e+01   1.9344592e-01
   9.6000000e+01   1.9444485e-01
   9.7000000e+01   1.9544433e-01
   9.8000000e+01   1.9644439e-01
   9.9000000e+01   1.9744502e-01
   1.0000000e+02   1.9844621e-01
   1.0100000e+02   1.9944799e-01
   1.0200000e+02   2.0045030e-01
   1.0300000e+02   2.0145318e-01
   1.0400000e+02   2.0245661e-01
   1.0500000e+02   2.0346059e-01
   1.0600000e+02   2.0446512e-01
   1.0700000e+02   2.0547019e-01
   1.0800000e+02   2.0647581e-01
   1.0900000e+02   2.0748195e-01
   1.1000000e+02   2.0848863e-01
   1.1100000e+02   2.0949586e-01
   1.1200000e+02   2.1050362e-01
   1.1300000e+02   2.1151190e-01
   1.1400000e+02   2.1252069e-01
   1.1500000e+02   2.1353000e-01
   1.1600000e+02   2.1453986e-01
   1.1700000e+02   2.1555021e-01
   1.1800000e+02   2.1656108e-01
   1.1900000e+02   2.1757247e-01
   1.2000000e+02   2.1858434e-01
   1.2100000e+02   2.1933858e-01
   1.2200000e+02   2.2009392e-01
   1.2300000e+02   2.2085033e-01
   1.2400000e+02   2.2160782e-01
   1.2500000e+02   2.2236638e-01
   1.2600000e+02   2.2312599e-01
   1.2700000e+02   2.2388665e-01
   1.2800000e+02   2.2464837e-01
   1.2900000e+02   2.2541113e-01
   1.3000000e+02   2.2617492e-01
   1.3100000e+02   2.2693974e-01
   1.3200000e+02   2.2770555e-01
   1.3300000e+02   2.2847238e-01
   1.3400000e+02   2.2924022e-01
   1.3500000e+02   2.3000905e-01
   1.3600000e+02   2.3077886e-01
   1.3700000e+02   2.3154965e-01
   1.3800000e+02   2.3232141e-01
   1.3900000e+02   2.3309413e-01
   1.4000000e+02   2.3386779e-01
   1.4100000e+02   2.3464240e-01
   1.4200000e+02   2.3541795e-01
   1.4300000e+02   2.3619443e-01
   1.4400000e+02   2.3697183e-01
   1.4500000e+02   2.3775011e-01
   1.4600000e+02   2.3852932e-01
   1.4700000e+02   2.3930943e-01
   1.4800000e+02   2.4009040e-01
   1.4900000e+02   2.4087228e-01
   1.5000000e+02   2.4165499e-01
   1.5100000e+02   2.4167249e-01
   1.5200000e+02   2.4168971e-01
   1.5300000e+02   2.4170670e-01
   1.5400000e+02   2.4172036e-01
   1.5500000e+02   2.4173076e-01
   1.5600000e+02   2.4174145e-01
   1.5700000e+02   2.4175240e-01
   1.5800000e+02   2.4176362e-01
   1.5900000e+02   2.4177514e-01
   1.6000000e+02   2.4178691e-01
   1.6100000e+02   2.4179895e-01
   1.6200000e+02   2.4181126e-01
   1.6300000e+02   2.4182382e-01
   1.6400000e+02   2.4183612e-01
   1.6500000e+02   2.4184580e-01
   1.6600000e+02   2.4185531e-01
   1.6700000e+02   2.4186464e-01
   1.6800000e+02   2.4187380e-01
   1.6900000e+02   2.4188279e-01
   1.7000000e+02   2.4189159e-01
   1.7100000e+02   2.4190025e-01
   1.7200000e+02   2.4190871e-01
   1.7300000e+02   2.4191703e-01
   1.7400000e+02   2.4192517e-01
   1.7500000e+02   2.4193315e-01
   1.7600000e+02   2.4194095e-01
   1.7700000e+02   2.4194859e-01
   1.7800000e+02   2.4195608e-01
   1.7900000e+02   2.4196340e-01
   1.8000000e+02   2.4197055e-01
   1.8100000e+02   2.4134554e-01
   1.8200000e+02   2.4072032e-01
   1.8300000e+02   2.4009490e-01
   1.8400000e+02   2.3946927e-01
   1.8500000e+02   2.3884346e-01
   1.8600000e+02   2.3821743e-01
   1.8700000e+02   2.3759122e-01
   1.8800000e+02   2.3696482e-01
   1.8900000e+02   2.3633824e-01
   1.9000000e+02   2.3571149e-01
   1.9100000e+02   2.3508453e-01
   1.9200000e+02   2.3445742e-01
   1.9300000e+02   2.3383012e-01
   1.9400000e+02   2.3320268e-01
   1.9500000e+02   2.3257503e-01
   1.9600000e+02   2.3194730e-01
   1.9700000e+02   2.3131941e-01
   1.9800000e+02   2.3069133e-01
   1.9900000e+02   2.3006310e-01
   2.0000000e+02   2.2943468e-01
   2.0100000e+02   2.2880612e-01
   2.0200000e+02   2.2817740e-01
   2.0300000e+02   2.2754851e-01
   2.0400000e+02   2.2691947e-01
   2.0500000e+02   2.2629027e-01
   2.0600000e+02   2.2566095e-01
   2.0700000e+02   2.2503147e-01
   2.0800000e+02   2.2440185e-01
   2.0900000e+02   2.2377209e-01
   2.1000000e+02   2.2314222e-01
   2.1100000e+02   2.2215948e-01
   2.1200000e+02   2.2117639e-01
   2.1300000e+02   2.2019292e-01
   2.1400000e+02   2.1920910e-01
   2.1500000e+02   2.1822494e-01
   2.1600000e+02   2.1724042e-01
   2.1700000e+02   2.1625555e-01
   2.1800000e+02   2.1527031e-01
   2.1900000e+02   2.1428473e-01
   2.2000000e+02   2.1329881e-01
   2.2100000e+02   2.1231255e-01
   2.2200000e+02   2.1132593e-01
   2.2300000e+02   2.1033897e-01
   2.2400000e+02   2.0935166e-01
   2.2500000e+02   2.0836401e-01
   2.2600000e+02   2.0737602e-01
   2.2700000e+02   2.0638770e-01
   2.2800000e+02   2.0539902e-01
   2.2900000e+02   2.0441003e-01
   2.3000000e+02   2.0342068e-01
   2.3100000e+02   2.0243102e-01
   2.3200000e+02   2.0144100e-01
   2.3300000e+02   2.0045067e-01
   2.3400000e+02   1.9946001e-01
   2.3500000e+02   1.9846901e-01
   2.3600000e+02   1.9747768e-01
   2.3700000e+02   1.9648616e-01
   2.3800000e+02   1.9549422e-01
   2.3900000e+02   1.9450186e-01
   2.4000000e+02   1.9350912e-01
   2.4100000e+02   1.9252974e-01
   2.4200000e+02   1.9155028e-01
   2.4300000e+02   1.9057076e-01
   2.4400000e+02   1.8959112e-01
   2.4500000e+02   1.8861145e-01
   2.4600000e+02   1.8763167e-01
   2.4700000e+02   1.8665183e-01
   2.4800000e+02   1.8567191e-01
   2.4900000e+02   1.8469191e-01
   2.5000000e+02   1.8371184e-01
   2.5100000e+02   1.8273167e-01
   2.5200000e+02   1.8175144e-01
   2.5300000e+02   1.8077114e-01
   2.5400000e+02   1.7979078e-01
   2.5500000e+02   1.7881031e-01
   2.5600000e+02   1.7782979e-01
   2.5700000e+02   1.7684919e-01
   2.5800000e+02   1.7586851e-01
   2.5900000e+02   1.7488776e-01
   2.6000000e+02   1.7390694e-01
   2.6100000e+02   1.7292604e-01
   2.6200000e+02   1.7194507e-01
   2.6300000e+02   1.7096402e-01
   2.6400000e+02   1.6998291e-01
   2.6500000e+02   1.6900171e-01
   2.6600000e+02   1.6802046e-01
   2.6700000e+02   1.6703911e-01
   2.6800000e+02   1.6605771e-01
   2.6900000e+02   1.6507623e-01
   2.7000000e+02   1.6409467e-01
   2.7100000e+02   1.6333728e-01
   2.7200000e+02   1.6257989e-01
   2.7300000e+02   1.6182253e-01
   2.7400000e+02   1.6106516e-01
   2.7500000e+02   1.6030781e-01
   2.7600000e+02   1.5955047e-01
   2.7700000e+02   1.5879314e-01
   2.7800000e+02   1.5803583e-01
   2.7900000e+02   1.5727852e-01
   2.8000000e+02   1.5652123e-01
   2.8100000e+02   1.5576397e-01
   2.8200000e+02   1.5500669e-01
   2.8300000e+02   1.5424944e-01
   2.8400000e+02   1.5349221e-01
   2.8500000e+02   1.5273498e-01
   2.8600000e+02   1.5197776e-01
   2.8700000e+02   1.5122056e-01
   2.8800000e+02   1.5046336e-01
   2.8900000e+02   1.4970618e-01
   2.9000000e+02   1.4894903e-01
   2.9100000e+02   1.4819185e-01
   2.9200000e+02   1.4743471e-01
   2.9300000e+02   1.4667758e-01
   2.9400000e+02   1.4592046e-01
   2.9500000e+02   1.4516334e-01
   2.9600000e+02   1.4440624e-01
   2.9700000e+02   1.4364916e-01
   2.9800000e+02   1.4289208e-01
   2.9900000e+02   1.4213501e-01
   3.0000000e+02   1.4137797e-01
   3.0100000e+02   1.4095484e-01
   3.0200000e+02   1.4053173e-01
   3.0300000e+02   1.4010866e-01
   3.0400000e+02   1.3968559e-01
   3.0500000e+02   1.3926254e-01
   3.0600000e+02   1.3883951e-01
   3.0700000e+02   1.3841651e-01
   3.0800000e+02   1.3799351e-01
   3.0900000e+02   1.3757055e-01
   3.1000000e+02   1.3714759e-01
   3.1100000e+02   1.3672465e-01
   3.1200000e+02   1.3630174e-01
   3.1300000e+02   1.3587883e-01
   3.1400000e+02   1.3545595e-01
   3.1500000e+02   1.3503309e-01
   3.1600000e+02   1.3461024e-01
   3.1700000e+02   1.3418740e-01
   3.1800000e+02   1.3376459e-01
   3.1900000e+02   1.3334179e-01
   3.2000000e+02   1.3291901e-01
   3.2100000e+02   1.3249625e-01
   3.2200000e+02   1.3207351e-01
   3.2300000e+02   1.3165079e-01
   3.2400000e+02   1.3122807e-01
   3.2500000e+02   1.3080537e-01
   3.2600000e+02   1.3038270e-01
   3.2700000e+02   1.2996005e-01
   3.2800000e+02   1.2953740e-01
   3.2900000e+02   1.2911476e-01
   3.3000000e+02   1.2869215e-01
   3.3100000e+02   1.2868416e-01
   3.3200000e+02   1.2867619e-01
   3.3300000e+02   1.2866820e-01
   3.3400000e+02   1.2866022e-01
   3.3500000e+02   1.2865223e-01
   3.3600000e+02   1.2864424e-01
   3.3700000e+02   1.2863626e-01
   3.3800000e+02   1.2862827e-01
   3.3900000e+02   1.2862028e-01
   3.4000000e+02   1.2861229e-01
   3.4100000e+02   1.2860429e-01
   3.4200000e+02   1.2859632e-01
   3.4300000e+02   1.2858832e-01
   3.4400000e+02   1.2858033e-01
   3.4500000e+02   1.2857234e-01
   3.4600000e+02   1.2856436e-01
   3.4700000e+02   1.2855636e-01
   3.4800000e+02   1.2854837e-01
   3.4900000e+02   1.2854037e-01
   3.5000000e+02   1.2853238e-01
   3.5100000e+02   1.2852439e-01
   3.5200000e+02   1.2851639e-01
   3.5300000e+02   1.2850839e-01
   3.5400000e+02   1.2850039e-01
   3.5500000e+02   1.2849240e-01
   3.5600000e+02   1.2848440e-01
   3.5700000e+02   1.2847638e-01
   3.5800000e+02   1.2846838e-01
   3.5900000e+02   1.2846038e-01
   1.4226848e-06   1.2845238e-01
