   0.0000000e+00   1.1406480e+02
   1.0000000e+00   2.8179731e+01
   2.0000000e+00   2.8144732e+01
   3.0000000e+00   2.8106791e+01
   4.0000000e+00   2.8065716e+01
   5.0000000e+00   2.8021528e+01
   6.0000000e+00   2.7974243e+01
   7.0000000e+00   2.7923887e+01
   8.0000000e+00   2.7870481e+01
   9.0000000e+00   2.7814072e+01
   1.0000000e+01   2.7754656e+01
   1.1000000e+01   2.7692249e+01
   1.2000000e+01   2.7626883e+01
   1.3000000e+01   2.7558584e+01
   1.4000000e+01   2.7487383e+01
   1.5000000e+01   2.7413338e+01
   1.6000000e+01   2.7336493e+01
   1.7000000e+01   2.7256889e+01
   1.8000000e+01   2.7174572e+01
   1.9000000e+01   2.7089592e+01
   2.0000000e+01   2.7002005e+01
   2.1000000e+01   2.6911850e+01
   2.2000000e+01   2.6819183e+01
   2.3000000e+01   2.6724054e+01
   2.4000000e+01   2.6626514e+01
   2.5000000e+01   2.6526621e+01
   2.6000000e+01   2.6424437e+01
   2.7000000e+01   2.6320023e+01
   2.8000000e+01   2.6213432e+01
   2.9000000e+01   2.6104736e+01
   3.0000000e+01   2.5993984e+01
   3.1000000e+01   2.5868250e+01
   3.2000000e+01   2.5740284e+01
   3.3000000e+01   2.5610161e+01
   3.4000000e+01   2.5477964e+01
   3.5000000e+01   2.5343754e+01
   3.6000000e+01   2.5207607e+01
   3.7000000e+01   2.5069588e+01
   3.8000000e+01   2.4929771e+01
   3.9000000e+01   2.4788231e+01
   4.0000000e+01   2.4645046e+01
   4.1000000e+01   2.4500290e+01
   4.2000000e+01   2.4354038e+01
   4.3000000e+01   2.4206367e+01
   4.4000000e+01   2.4057352e+01
   4.5000000e+01   2.3907057e+01
   4.6000000e+01   2.3755558e+01
   4.7000000e+01   2.3602930e+01
   4.8000000e+01   2.3449234e+01
   4.9000000e+01   2.3294546e+01
   5.0000000e+01   2.3138939e+01
   5.1000000e+01   2.2982470e+01
   5.2000000e+01   2.2825226e+01
   5.3000000e+01   2.2667269e+01
   5.4000000e+01   2.2508671e+01
   5.5000000e+01   2.2349491e+01
   5.6000000e+01   2.2189810e+01
   5.7000000e+01   2.2029697e+01
   5.8000000e+01   2.1869204e+01
   5.9000000e+01   2.1708387e+01
   6.0000000e+01   2.1547304e+01
   6.1000000e+01   2.1370892e+01
   6.2000000e+01   2.1193968e+01
   6.3000000e+01   2.1016600e+01
   6.4000000e+01   2.0838856e+01
   6.5000000e+01   2.0660793e+01
   6.6000000e+01   2.0482468e+01
   6.7000000e+01   2.0303892e+01
   6.8000000e+01   2.0125139e+01
   6.9000000e+01   1.9946287e+01
   7.0000000e+01   1.9767387e+01
   7.1000000e+01   1.9588491e+01
   7.2000000e+01   1.9409695e+01
   7.3000000e+01   1.9230984e+01
   7.4000000e+01   1.9052425e+01
   7.5000000e+01   1.8874094e+01
   7.6000000e+01   1.8695976e+01
   7.7000000e+01   1.8518095e+01
   7.8000000e+01   1.8340488e+01
   7.9000000e+01   1.8163206e+01
   8.0000000e+01   1.7986282e+01
   8.1000000e+01   1.7809746e+01
   8.2000000e+01   1.7633644e+01
   8.3000000e+01   1.7458012e+01
   8.4000000e+01   1.7282810e+01
   8.5000000e+01   1.7108130e+01
   8.6000000e+01   1.6933935e+01
   8.7000000e+01   1.6760319e+01
   8.8000000e+01   1.6587309e+01
   8.9000000e+01   1.6414921e+01
   9.0000000e+01   1.6243183e+01
   9.1000000e+01   1.6070007e+01
   9.2000000e+01   1.5897317e+01
   9.3000000e+01   1.5725134e+01
   9.4000000e+01   1.5553486e+01
   9.5000000e+01   1.5382367e+01
   9.6000000e+01   1.5211808e+01
   9.7000000e+01   1.5040147e+01
   9.8000000e+01   1.4865991e+01
   9.9000000e+01   1.4691306e+01
   1.0000000e+02   1.4516074e+01
   1.0100000e+02   1.4340261e+01
   1.0200000e+02   1.4163887e+01
   1.0300000e+02   1.3986716e+01
   1.0400000e+02   1.3802755e+01
   1.0500000e+02   1.3617754e+01
   1.0600000e+02   1.3431840e+01
   1.0700000e+02   1.3245090e+01
   1.0800000e+02   1.3057904e+01
   1.0900000e+02   1.2870573e+01
   1.1000000e+02   1.2681329e+01
   1.1100000e+02   1.2489697e+01
   1.1200000e+02   1.2297730e+01
   1.1300000e+02   1.2105532e+01
   1.1400000e+02   1.1913166e+01
   1.1500000e+02   1.1720698e+01
   1.1600000e+02   1.1528196e+01
   1.1700000e+02   1.1335710e+01
   1.1800000e+02   1.1140625e+01
   1.1900000e+02   1.0945745e+01
   1.2000000e+02   1.0751269e+01
   1.2100000e+02   1.0580283e+01
   1.2200000e+02   1.0412141e+01
   1.2300000e+02   1.0246771e+01
   1.2400000e+02   1.0084112e+01
   1.2500000e+02   9.9241085e+00
   1.2600000e+02   9.7746582e+00
   1.2700000e+02   9.6282635e+00
   1.2800000e+02   9.4839811e+00
   1.2900000e+02   9.3409729e+00
   1.3000000e+02   9.1995916e+00
   1.3100000e+02   9.0601940e+00
   1.3200000e+02   8.9226637e+00
   1.3300000e+02   8.7869682e+00
   1.3400000e+02   8.6501684e+00
   1.3500000e+02   8.5143013e+00
   1.3600000e+02   8.3804445e+00
   1.3700000e+02   8.2485590e+00
   1.3800000e+02   8.1186619e+00
   1.3900000e+02   7.9909396e+00
   1.4000000e+02   7.8650227e+00
   1.4100000e+02   7.7354126e+00
   1.4200000e+02   7.6058621e+00
   1.4300000e+02   7.4799681e+00
   1.4400000e+02   7.3576918e+00
   1.4500000e+02   7.2381201e+00
   1.4600000e+02   7.1213384e+00
   1.4700000e+02   7.0081978e+00
   1.4800000e+02   6.8980870e+00
   1.4900000e+02   6.7912345e+00
   1.5000000e+02   6.6885409e+00
   1.5100000e+02   6.6633530e+00
   1.5200000e+02   6.6397057e+00
   1.5300000e+02   6.6175342e+00
   1.5400000e+02   6.5967574e+00
   1.5500000e+02   6.5771794e+00
   1.5600000e+02   6.5588560e+00
   1.5700000e+02   6.5417509e+00
   1.5800000e+02   6.5258250e+00
   1.5900000e+02   6.5107608e+00
   1.6000000e+02   6.4965019e+00
   1.6100000e+02   6.4832788e+00
   1.6200000e+02   6.4710898e+00
   1.6300000e+02   6.4599209e+00
   1.6400000e+02   6.4497666e+00
   1.6500000e+02   6.4406142e+00
   1.6600000e+02   6.4324541e+00
   1.6700000e+02   6.4252753e+00
   1.6800000e+02   6.4190683e+00
   1.6900000e+02   6.4138231e+00
   1.7000000e+02   6.4095297e+00
   1.7100000e+02   6.4061804e+00
   1.7200000e+02   6.4037633e+00
   1.7300000e+02   6.4022593e+00
   1.7400000e+02   6.4016223e+00
   1.7500000e+02   6.4019279e+00
   1.7600000e+02   6.4031634e+00
   1.7700000e+02   6.4053168e+00
   1.7800000e+02   6.4083767e+00
   1.7900000e+02   6.4123220e+00
   1.8000000e+02   6.4171667e+00
   1.8100000e+02   6.4565010e+00
   1.8200000e+02   6.4956737e+00
   1.8300000e+02   6.5347676e+00
   1.8400000e+02   6.5738602e+00
   1.8500000e+02   6.6130214e+00
   1.8600000e+02   6.6523151e+00
   1.8700000e+02   6.6918006e+00
   1.8800000e+02   6.7315364e+00
   1.8900000e+02   6.7718015e+00
   1.9000000e+02   6.8124976e+00
   1.9100000e+02   6.8536129e+00
   1.9200000e+02   6.8950973e+00
   1.9300000e+02   6.9369802e+00
   1.9400000e+02   6.9794111e+00
   1.9500000e+02   7.0224142e+00
   1.9600000e+02   7.0673890e+00
   1.9700000e+02   7.1133714e+00
   1.9800000e+02   7.1600013e+00
   1.9900000e+02   7.2072310e+00
   2.0000000e+02   7.2550583e+00
   2.0100000e+02   7.3035493e+00
   2.0200000e+02   7.3526993e+00
   2.0300000e+02   7.4025059e+00
   2.0400000e+02   7.4529653e+00
   2.0500000e+02   7.5040741e+00
   2.0600000e+02   7.5558305e+00
   2.0700000e+02   7.6082330e+00
   2.0800000e+02   7.6612806e+00
   2.0900000e+02   7.7149715e+00
   2.1000000e+02   7.7693071e+00
   2.1100000e+02   7.9061298e+00
   2.1200000e+02   8.0436611e+00
   2.1300000e+02   8.1819096e+00
   2.1400000e+02   8.3208809e+00
   2.1500000e+02   8.4605808e+00
   2.1600000e+02   8.6010189e+00
   2.1700000e+02   8.7421989e+00
   2.1800000e+02   8.8841305e+00
   2.1900000e+02   9.0268173e+00
   2.2000000e+02   9.1702690e+00
   2.2100000e+02   9.3144894e+00
   2.2200000e+02   9.4594879e+00
   2.2300000e+02   9.6052685e+00
   2.2400000e+02   9.7518387e+00
   2.2500000e+02   9.8992043e+00
   2.2600000e+02   1.0047394e+01
   2.2700000e+02   1.0196415e+01
   2.2800000e+02   1.0346252e+01
   2.2900000e+02   1.0496912e+01
   2.3000000e+02   1.0648390e+01
   2.3100000e+02   1.0800694e+01
   2.3200000e+02   1.0953834e+01
   2.3300000e+02   1.1107811e+01
   2.3400000e+02   1.1262637e+01
   2.3500000e+02   1.1418314e+01
   2.3600000e+02   1.1574837e+01
   2.3700000e+02   1.1732205e+01
   2.3800000e+02   1.1890426e+01
   2.3900000e+02   1.2049500e+01
   2.4000000e+02   1.2209430e+01
   2.4100000e+02   1.2337675e+01
   2.4200000e+02   1.2467785e+01
   2.4300000e+02   1.2599766e+01
   2.4400000e+02   1.2733623e+01
   2.4500000e+02   1.2869359e+01
   2.4600000e+02   1.3006976e+01
   2.4700000e+02   1.3146477e+01
   2.4800000e+02   1.3287863e+01
   2.4900000e+02   1.3431135e+01
   2.5000000e+02   1.3576294e+01
   2.5100000e+02   1.3723338e+01
   2.5200000e+02   1.3872264e+01
   2.5300000e+02   1.4023072e+01
   2.5400000e+02   1.4175759e+01
   2.5500000e+02   1.4330581e+01
   2.5600000e+02   1.4487449e+01
   2.5700000e+02   1.4646119e+01
   2.5800000e+02   1.4806588e+01
   2.5900000e+02   1.4968847e+01
   2.6000000e+02   1.5132887e+01
   2.6100000e+02   1.5298695e+01
   2.6200000e+02   1.5466261e+01
   2.6300000e+02   1.5635570e+01
   2.6400000e+02   1.5806606e+01
   2.6500000e+02   1.5979355e+01
   2.6600000e+02   1.6153797e+01
   2.6700000e+02   1.6329914e+01
   2.6800000e+02   1.6507685e+01
   2.6900000e+02   1.6687084e+01
   2.7000000e+02   1.6868090e+01
   2.7100000e+02   1.7000301e+01
   2.7200000e+02   1.7133690e+01
   2.7300000e+02   1.7268234e+01
   2.7400000e+02   1.7403923e+01
   2.7500000e+02   1.7540735e+01
   2.7600000e+02   1.7678654e+01
   2.7700000e+02   1.7817657e+01
   2.7800000e+02   1.7957726e+01
   2.7900000e+02   1.8098835e+01
   2.8000000e+02   1.8240963e+01
   2.8100000e+02   1.8384087e+01
   2.8200000e+02   1.8528179e+01
   2.8300000e+02   1.8673216e+01
   2.8400000e+02   1.8819170e+01
   2.8500000e+02   1.8966013e+01
   2.8600000e+02   1.9113712e+01
   2.8700000e+02   1.9262239e+01
   2.8800000e+02   1.9411562e+01
   2.8900000e+02   1.9561644e+01
   2.9000000e+02   1.9712454e+01
   2.9100000e+02   1.9863955e+01
   2.9200000e+02   2.0016106e+01
   2.9300000e+02   2.0168875e+01
   2.9400000e+02   2.0322218e+01
   2.9500000e+02   2.0476097e+01
   2.9600000e+02   2.0630466e+01
   2.9700000e+02   2.0785286e+01
   2.9800000e+02   2.0940510e+01
   2.9900000e+02   2.1096088e+01
   3.0000000e+02   2.1251980e+01
   3.0100000e+02   2.1375584e+01
   3.0200000e+02   2.1499090e+01
   3.0300000e+02   2.1622448e+01
   3.0400000e+02   2.1745607e+01
   3.0500000e+02   2.1868519e+01
   3.0600000e+02   2.1991129e+01
   3.0700000e+02   2.2113390e+01
   3.0800000e+02   2.2235247e+01
   3.0900000e+02   2.2356644e+01
   3.1000000e+02   2.2477528e+01
   3.1100000e+02   2.2597843e+01
   3.1200000e+02   2.2717535e+01
   3.1300000e+02   2.2836546e+01
   3.1400000e+02   2.2954819e+01
   3.1500000e+02   2.3072298e+01
   3.1600000e+02   2.3188923e+01
   3.1700000e+02   2.3304638e+01
   3.1800000e+02   2.3419382e+01
   3.1900000e+02   2.3533098e+01
   3.2000000e+02   2.3645725e+01
   3.2100000e+02   2.3757204e+01
   3.2200000e+02   2.3867479e+01
   3.2300000e+02   2.3976486e+01
   3.2400000e+02   2.4084169e+01
   3.2500000e+02   2.4190466e+01
   3.2600000e+02   2.4295321e+01
   3.2700000e+02   2.4398672e+01
   3.2800000e+02   2.4500463e+01
   3.2900000e+02   2.4600634e+01
   3.3000000e+02   2.4699129e+01
   3.3100000e+02   2.4765253e+01
   3.3200000e+02   2.4829382e+01
   3.3300000e+02   2.4891472e+01
   3.3400000e+02   2.4951471e+01
   3.3500000e+02   2.5009333e+01
   3.3600000e+02   2.5065014e+01
   3.3700000e+02   2.5118465e+01
   3.3800000e+02   2.5169647e+01
   3.3900000e+02   2.5218515e+01
   3.4000000e+02   2.5265032e+01
   3.4100000e+02   2.5309153e+01
   3.4200000e+02   2.5350845e+01
   3.4300000e+02   2.5390070e+01
   3.4400000e+02   2.5426790e+01
   3.4500000e+02   2.5460979e+01
   3.4600000e+02   2.5492603e+01
   3.4700000e+02   2.5521631e+01
   3.4800000e+02   2.5548040e+01
   3.4900000e+02   2.5571800e+01
   3.5000000e+02   2.5592890e+01
   3.5100000e+02   2.5611290e+01
   3.5200000e+02   2.5626978e+01
   3.5300000e+02   2.5639940e+01
   3.5400000e+02   2.5650160e+01
   3.5500000e+02   2.5657625e+01
   3.5600000e+02   2.5662325e+01
   3.5700000e+02   2.5664251e+01
   3.5800000e+02   2.5663399e+01
   3.5900000e+02   2.5659763e+01
   7.1133672e-07   2.5653343e+01
   1.0000007e+00   2.5609322e+01
   2.0000007e+00   2.5562475e+01
   3.0000007e+00   2.5512819e+01
   4.0000010e+00   2.5460371e+01
   5.0000010e+00   2.5405148e+01
   6.0000010e+00   2.5347183e+01
   7.0000010e+00   2.5286491e+01
   8.0000010e+00   2.5223095e+01
   9.0000010e+00   2.5157022e+01
   1.0000001e+01   2.5088308e+01
   1.1000001e+01   2.5016979e+01
   1.2000001e+01   2.4943071e+01
   1.3000001e+01   2.4866619e+01
   1.4000001e+01   2.4787663e+01
   1.5000001e+01   2.4706240e+01
   1.6000000e+01   2.4622393e+01
   1.7000000e+01   2.4536167e+01
   1.8000000e+01   2.4447603e+01
   1.9000000e+01   2.4356752e+01
   2.0000000e+01   2.4263660e+01
   2.1000000e+01   2.4168377e+01
   2.2000000e+01   2.4070951e+01
   2.3000000e+01   2.3971439e+01
   2.4000000e+01   2.3869892e+01
   2.5000000e+01   2.3766365e+01
   2.6000000e+01   2.3660913e+01
   2.7000000e+01   2.3553595e+01
   2.8000000e+01   2.3444466e+01
   2.9000000e+01   2.3333584e+01
   3.0000000e+01   2.3221010e+01
   3.1000000e+01   2.3058401e+01
   3.2000000e+01   2.2894352e+01
   3.3000000e+01   2.2728937e+01
   3.4000000e+01   2.2562229e+01
   3.5000000e+01   2.2394297e+01
   3.6000000e+01   2.2225216e+01
   3.7000000e+01   2.2055058e+01
   3.8000000e+01   2.1883890e+01
   3.9000000e+01   2.1711784e+01
   4.0000000e+01   2.1538818e+01
   4.1000000e+01   2.1365059e+01
   4.2000000e+01   2.1190578e+01
   4.3000000e+01   2.1015444e+01
   4.4000000e+01   2.0839727e+01
   4.5000000e+01   2.0663498e+01
   4.6000000e+01   2.0486820e+01
   4.7000000e+01   2.0309761e+01
   4.8000000e+01   2.0132389e+01
   4.9000000e+01   1.9954765e+01
   5.0000000e+01   1.9776958e+01
   5.1000000e+01   1.9599026e+01
   5.2000000e+01   1.9421032e+01
   5.3000000e+01   1.9243036e+01
   5.4000000e+01   1.9065098e+01
   5.5000000e+01   1.8887274e+01
   5.6000000e+01   1.8709623e+01
   5.7000000e+01   1.8532198e+01
   5.8000000e+01   1.8355057e+01
   5.9000000e+01   1.8178246e+01
   6.0000000e+01   1.8001820e+01
   6.1000000e+01   1.7707508e+01
   6.2000000e+01   1.7413670e+01
   6.3000000e+01   1.7120371e+01
   6.4000000e+01   1.6827675e+01
   6.5000000e+01   1.6535639e+01
   6.6000000e+01   1.6244335e+01
   6.7000000e+01   1.5953821e+01
   6.8000000e+01   1.5664155e+01
   6.9000000e+01   1.5375393e+01
   7.0000000e+01   1.5087585e+01
   7.1000000e+01   1.4800782e+01
   7.2000000e+01   1.4515032e+01
   7.3000000e+01   1.4230379e+01
   7.4000000e+01   1.3947102e+01
   7.5000000e+01   1.3665107e+01
   7.6000000e+01   1.3384325e+01
   7.7000000e+01   1.3104784e+01
   7.8000000e+01   1.2826509e+01
   7.9000000e+01   1.2549521e+01
   8.0000000e+01   1.2273842e+01
   8.1000000e+01   1.1999485e+01
   8.2000000e+01   1.1726468e+01
   8.3000000e+01   1.1454803e+01
   8.4000000e+01   1.1184500e+01
   8.5000000e+01   1.0915566e+01
   8.6000000e+01   1.0648010e+01
   8.7000000e+01   1.0381833e+01
   8.8000000e+01   1.0117037e+01
   8.9000000e+01   9.8536224e+00
   9.0000000e+01   9.5915861e+00
   9.1000000e+01   9.4496346e+00
   9.2000000e+01   9.3094015e+00
   9.3000000e+01   9.1708975e+00
   9.4000000e+01   9.0341330e+00
   9.5000000e+01   8.8991156e+00
   9.6000000e+01   8.7658558e+00
   9.7000000e+01   8.6343603e+00
   9.8000000e+01   8.5046368e+00
   9.9000000e+01   8.3766918e+00
   1.0000000e+02   8.2504921e+00
   1.0100000e+02   8.1258564e+00
   1.0200000e+02   8.0030689e+00
   1.0300000e+02   7.8821263e+00
   1.0400000e+02   7.7630281e+00
   1.0500000e+02   7.6457753e+00
   1.0600000e+02   7.5303655e+00
   1.0700000e+02   7.4167972e+00
   1.0800000e+02   7.3050685e+00
   1.0900000e+02   7.1951776e+00
   1.1000000e+02   7.0871210e+00
   1.1100000e+02   6.9808965e+00
   1.1200000e+02   6.8764997e+00
   1.1300000e+02   6.7739282e+00
   1.1400000e+02   6.6731772e+00
   1.1500000e+02   6.5742421e+00
   1.1600000e+02   6.4771199e+00
   1.1700000e+02   6.3818054e+00
   1.1800000e+02   6.2882934e+00
   1.1900000e+02   6.1965799e+00
   1.2000000e+02   6.1066594e+00
   1.2100000e+02   6.0790644e+00
   1.2200000e+02   6.0520892e+00
   1.2300000e+02   6.0257373e+00
   1.2400000e+02   6.0000086e+00
   1.2500000e+02   5.9749045e+00
   1.2600000e+02   5.9504251e+00
   1.2700000e+02   5.9265714e+00
   1.2800000e+02   5.9033432e+00
   1.2900000e+02   5.8807402e+00
   1.3000000e+02   5.8587632e+00
   1.3100000e+02   5.8374124e+00
   1.3200000e+02   5.8166876e+00
   1.3300000e+02   5.7965889e+00
   1.3400000e+02   5.7771158e+00
   1.3500000e+02   5.7582684e+00
   1.3600000e+02   5.7400465e+00
   1.3700000e+02   5.7224498e+00
   1.3800000e+02   5.7054777e+00
   1.3900000e+02   5.6891308e+00
   1.4000000e+02   5.6734080e+00
   1.4100000e+02   5.6583080e+00
   1.4200000e+02   5.6438313e+00
   1.4300000e+02   5.6299782e+00
   1.4400000e+02   5.6167474e+00
   1.4500000e+02   5.6041393e+00
   1.4600000e+02   5.5921531e+00
   1.4700000e+02   5.5807886e+00
   1.4800000e+02   5.5700445e+00
   1.4900000e+02   5.5599217e+00
   1.5000000e+02   5.5504189e+00
   1.5100000e+02   5.5458746e+00
   1.5200000e+02   5.5419159e+00
   1.5300000e+02   5.5385427e+00
   1.5400000e+02   5.5357566e+00
   1.5500000e+02   5.5335574e+00
   1.5600000e+02   5.5319462e+00
   1.5700000e+02   5.5309248e+00
   1.5800000e+02   5.5304923e+00
   1.5900000e+02   5.5306506e+00
   1.6000000e+02   5.5314002e+00
   1.6100000e+02   5.5327420e+00
   1.6200000e+02   5.5346766e+00
   1.6300000e+02   5.5372033e+00
   1.6400000e+02   5.5403252e+00
   1.6500000e+02   5.5440426e+00
   1.6600000e+02   5.5483561e+00
   1.6700000e+02   5.5532680e+00
   1.6800000e+02   5.5587783e+00
   1.6900000e+02   5.5648880e+00
   1.7000000e+02   5.5715985e+00
   1.7100000e+02   5.5789108e+00
   1.7200000e+02   5.5868254e+00
   1.7300000e+02   5.5953455e+00
   1.7400000e+02   5.6044703e+00
   1.7500000e+02   5.6142025e+00
   1.7600000e+02   5.6245422e+00
   1.7700000e+02   5.6354918e+00
   1.7800000e+02   5.6470523e+00
   1.7900000e+02   5.6592250e+00
   1.8000000e+02   5.6720109e+00
   1.8100000e+02   5.6906137e+00
   1.8200000e+02   5.7098184e+00
   1.8300000e+02   5.7296276e+00
   1.8400000e+02   5.7500448e+00
   1.8500000e+02   5.7710724e+00
   1.8600000e+02   5.7927127e+00
   1.8700000e+02   5.8149695e+00
   1.8800000e+02   5.8378453e+00
   1.8900000e+02   5.8613434e+00
   1.9000000e+02   5.8854661e+00
   1.9100000e+02   5.9102168e+00
   1.9200000e+02   5.9355984e+00
   1.9300000e+02   5.9616141e+00
   1.9400000e+02   5.9882669e+00
   1.9500000e+02   6.0155587e+00
   1.9600000e+02   6.0434942e+00
   1.9700000e+02   6.0720768e+00
   1.9800000e+02   6.1013088e+00
   1.9900000e+02   6.1311936e+00
   2.0000000e+02   6.1617355e+00
   2.0100000e+02   6.1929364e+00
   2.0200000e+02   6.2248006e+00
   2.0300000e+02   6.2573309e+00
   2.0400000e+02   6.2905312e+00
   2.0500000e+02   6.3244038e+00
   2.0600000e+02   6.3589530e+00
   2.0700000e+02   6.3941817e+00
   2.0800000e+02   6.4300933e+00
   2.0900000e+02   6.4666920e+00
   2.1000000e+02   6.5039802e+00
   2.1100000e+02   6.5621128e+00
   2.1200000e+02   6.6209068e+00
   2.1300000e+02   6.6803722e+00
   2.1400000e+02   6.7405181e+00
   2.1500000e+02   6.8013539e+00
   2.1600000e+02   6.8628879e+00
   2.1700000e+02   6.9251299e+00
   2.1800000e+02   6.9880881e+00
   2.1900000e+02   7.0517716e+00
   2.2000000e+02   7.1161885e+00
   2.2100000e+02   7.1813469e+00
   2.2200000e+02   7.2472553e+00
   2.2300000e+02   7.3139219e+00
   2.2400000e+02   7.3813539e+00
   2.2500000e+02   7.4495597e+00
   2.2600000e+02   7.5185461e+00
   2.2700000e+02   7.5883212e+00
   2.2800000e+02   7.6588917e+00
   2.2900000e+02   7.7302642e+00
   2.3000000e+02   7.8024464e+00
   2.3100000e+02   7.8754439e+00
   2.3200000e+02   7.9492640e+00
   2.3300000e+02   8.0239115e+00
   2.3400000e+02   8.0993948e+00
   2.3500000e+02   8.1757164e+00
   2.3600000e+02   8.2528849e+00
   2.3700000e+02   8.3309040e+00
   2.3800000e+02   8.4097786e+00
   2.3900000e+02   8.4895144e+00
   2.4000000e+02   8.5701151e+00
   2.4100000e+02   8.7907896e+00
   2.4200000e+02   9.0128679e+00
   2.4300000e+02   9.2363586e+00
   2.4400000e+02   9.4612694e+00
   2.4500000e+02   9.6876087e+00
   2.4600000e+02   9.9153833e+00
   2.4700000e+02   1.0144597e+01
   2.4800000e+02   1.0375257e+01
   2.4900000e+02   1.0607367e+01
   2.5000000e+02   1.0840927e+01
   2.5100000e+02   1.1075941e+01
   2.5200000e+02   1.1312408e+01
   2.5300000e+02   1.1550329e+01
   2.5400000e+02   1.1789701e+01
   2.5500000e+02   1.2030521e+01
   2.5600000e+02   1.2272785e+01
   2.5700000e+02   1.2516488e+01
   2.5800000e+02   1.2761621e+01
   2.5900000e+02   1.3008178e+01
   2.6000000e+02   1.3256149e+01
   2.6100000e+02   1.3505521e+01
   2.6200000e+02   1.3756284e+01
   2.6300000e+02   1.4008422e+01
   2.6400000e+02   1.4261920e+01
   2.6500000e+02   1.4516763e+01
   2.6600000e+02   1.4772929e+01
   2.6700000e+02   1.5030400e+01
   2.6800000e+02   1.5289153e+01
   2.6900000e+02   1.5549166e+01
   2.7000000e+02   1.5810411e+01
   2.7100000e+02   1.5958019e+01
   2.7200000e+02   1.6106825e+01
   2.7300000e+02   1.6256817e+01
   2.7400000e+02   1.6407976e+01
   2.7500000e+02   1.6560289e+01
   2.7600000e+02   1.6713739e+01
   2.7700000e+02   1.6868303e+01
   2.7800000e+02   1.7023968e+01
   2.7900000e+02   1.7180710e+01
   2.8000000e+02   1.7338505e+01
   2.8100000e+02   1.7497332e+01
   2.8200000e+02   1.7657166e+01
   2.8300000e+02   1.7817984e+01
   2.8400000e+02   1.7979755e+01
   2.8500000e+02   1.8142452e+01
   2.8600000e+02   1.8306047e+01
   2.8700000e+02   1.8470510e+01
   2.8800000e+02   1.8635807e+01
   2.8900000e+02   1.8801905e+01
   2.9000000e+02   1.8968767e+01
   2.9100000e+02   1.9136362e+01
   2.9200000e+02   1.9304649e+01
   2.9300000e+02   1.9473591e+01
   2.9400000e+02   1.9643147e+01
   2.9500000e+02   1.9813276e+01
   2.9600000e+02   1.9983931e+01
   2.9700000e+02   2.0155075e+01
   2.9800000e+02   2.0326656e+01
   2.9900000e+02   2.0498632e+01
   3.0000000e+02   2.0670952e+01
   3.0100000e+02   2.0799934e+01
   3.0200000e+02   2.0928825e+01
   3.0300000e+02   2.1057577e+01
   3.0400000e+02   2.1186140e+01
   3.0500000e+02   2.1314463e+01
   3.0600000e+02   2.1442495e+01
   3.0700000e+02   2.1570185e+01
   3.0800000e+02   2.1697477e+01
   3.0900000e+02   2.1824322e+01
   3.1000000e+02   2.1950663e+01
   3.1100000e+02   2.2076441e+01
   3.1200000e+02   2.2201607e+01
   3.1300000e+02   2.2326097e+01
   3.1400000e+02   2.2449860e+01
   3.1500000e+02   2.2572836e+01
   3.1600000e+02   2.2694965e+01
   3.1700000e+02   2.2816193e+01
   3.1800000e+02   2.2936457e+01
   3.1900000e+02   2.3055696e+01
   3.2000000e+02   2.3173857e+01
   3.2100000e+02   2.3290873e+01
   3.2200000e+02   2.3406691e+01
   3.2300000e+02   2.3521246e+01
   3.2400000e+02   2.3634481e+01
   3.2500000e+02   2.3746338e+01
   3.2600000e+02   2.3856752e+01
   3.2700000e+02   2.3965668e+01
   3.2800000e+02   2.4073027e+01
   3.2900000e+02   2.4178766e+01
   3.3000000e+02   2.4282833e+01
   3.3100000e+02   2.4349728e+01
   3.3200000e+02   2.4414644e+01
   3.3300000e+02   2.4477535e+01
   3.3400000e+02   2.4538351e+01
   3.3500000e+02   2.4597046e+01
   3.3600000e+02   2.4653570e+01
   3.3700000e+02   2.4707884e+01
   3.3800000e+02   2.4759941e+01
   3.3900000e+02   2.4809700e+01
   3.4000000e+02   2.4857119e+01
   3.4100000e+02   2.4902159e+01
   3.4200000e+02   2.4944782e+01
   3.4300000e+02   2.4984953e+01
   3.4400000e+02   2.5022638e+01
   3.4500000e+02   2.5057802e+01
   3.4600000e+02   2.5090418e+01
   3.4700000e+02   2.5120451e+01
   3.4800000e+02   2.5147879e+01
   3.4900000e+02   2.5172674e+01
   3.5000000e+02   2.5194813e+01
   3.5100000e+02   2.5214275e+01
   3.5200000e+02   2.5231043e+01
   3.5300000e+02   2.5245096e+01
   3.5400000e+02   2.5256422e+01
   3.5500000e+02   2.5265007e+01
   3.5600000e+02   2.5270840e+01
   3.5700000e+02   2.5273914e+01
   3.5800000e+02   2.5274221e+01
   3.5900000e+02   2.5271761e+01
   1.4226848e-06   2.5266529e+01
