   0.0000000e+00   1.9439649e-02
   1.0000000e+00   4.0989961e-02
   2.0000000e+00   4.1173883e-02
   3.0000000e+00   4.1352354e-02
   4.0000000e+00   4.1530747e-02
   5.0000000e+00   4.1709103e-02
   6.0000000e+00   4.1887429e-02
   7.0000000e+00   4.2065714e-02
   8.0000000e+00   4.2243976e-02
   9.0000000e+00   4.2422198e-02
   1.0000000e+01   4.2600382e-02
   1.1000000e+01   4.2778518e-02
   1.2000000e+01   4.2956606e-02
   1.3000000e+01   4.3134630e-02
   1.4000000e+01   4.3312602e-02
   1.5000000e+01   4.3490514e-02
   1.6000000e+01   4.3668371e-02
   1.7000000e+01   4.3846183e-02
   1.8000000e+01   4.4024054e-02
   1.9000000e+01   4.4202089e-02
   2.0000000e+01   4.4380113e-02
   2.1000000e+01   4.4558432e-02
   2.2000000e+01   4.4736803e-02
   2.3000000e+01   4.4915184e-02
   2.4000000e+01   4.5093589e-02
   2.5000000e+01   4.5272015e-02
   2.6000000e+01   4.5450460e-02
   2.7000000e+01   4.5628931e-02
   2.8000000e+01   4.5807414e-02
   2.9000000e+01   4.5985926e-02
   3.0000000e+01   4.6164460e-02
   3.1000000e+01   4.6554174e-02
   3.2000000e+01   4.6944372e-02
   3.3000000e+01   4.7335070e-02
   3.4000000e+01   4.7726247e-02
   3.5000000e+01   4.8117910e-02
   3.6000000e+01   4.8510052e-02
   3.7000000e+01   4.8902672e-02
   3.8000000e+01   4.9295768e-02
   3.9000000e+01   4.9689330e-02
   4.0000000e+01   5.0083362e-02
   4.1000000e+01   5.0477862e-02
   4.2000000e+01   5.0872825e-02
   4.3000000e+01   5.1268250e-02
   4.4000000e+01   5.1664133e-02
   4.5000000e+01   5.2060470e-02
   4.6000000e+01   5.2457266e-02
   4.7000000e+01   5.2854504e-02
   4.8000000e+01   5.3252760e-02
   4.9000000e+01   5.3651635e-02
   5.0000000e+01   5.4051019e-02
   5.1000000e+01   5.4450911e-02
   5.2000000e+01   5.4851301e-02
   5.3000000e+01   5.5252194e-02
   5.4000000e+01   5.5653583e-02
   5.5000000e+01   5.6055468e-02
   5.6000000e+01   5.6457832e-02
   5.7000000e+01   5.6860685e-02
   5.8000000e+01   5.7264023e-02
   5.9000000e+01   5.7667833e-02
   6.0000000e+01   5.8072116e-02
   6.1000000e+01   5.8482390e-02
   6.2000000e+01   5.8892887e-02
   6.3000000e+01   5.9305191e-02
   6.4000000e+01   5.9718732e-02
   6.5000000e+01   6.0133494e-02
   6.6000000e+01   6.0549457e-02
   6.7000000e+01   6.0967248e-02
   6.8000000e+01   6.1386455e-02
   6.9000000e+01   6.1806705e-02
   7.0000000e+01   6.2227964e-02
   7.1000000e+01   6.2650226e-02
   7.2000000e+01   6.3073464e-02
   7.3000000e+01   6.3497663e-02
   7.4000000e+01   6.3922785e-02
   7.5000000e+01   6.4348832e-02
   7.6000000e+01   6.4776428e-02
   7.7000000e+01   6.5206058e-02
   7.8000000e+01   6.5636709e-02
   7.9000000e+01   6.6068366e-02
   8.0000000e+01   6.6500999e-02
   8.1000000e+01   6.6934586e-02
   8.2000000e+01   6.7369103e-02
   8.3000000e+01   6.7804523e-02
   8.4000000e+01   6.8240821e-02
   8.5000000e+01   6.8677969e-02
   8.6000000e+01   6.9116056e-02
   8.7000000e+01   6.9554925e-02
   8.8000000e+01   6.9994502e-02
   8.9000000e+01   7.0434779e-02
   9.0000000e+01   7.0875719e-02
   9.1000000e+01   6.9790326e-02
   9.2000000e+01   6.8611771e-02
   9.3000000e+01   6.7334294e-02
   9.4000000e+01   6.5951712e-02
   9.5000000e+01   6.4457357e-02
   9.6000000e+01   6.2844075e-02
   9.7000000e+01   6.1214875e-02
   9.8000000e+01   5.9660636e-02
   9.9000000e+01   5.8059622e-02
   1.0000000e+02   5.6411579e-02
   1.0100000e+02   5.4715618e-02
   1.0200000e+02   5.2970845e-02
   1.0300000e+02   5.1194228e-02
   1.0400000e+02   4.9798496e-02
   1.0500000e+02   4.8410021e-02
   1.0600000e+02   4.7022905e-02
   1.0700000e+02   4.5634881e-02
   1.0800000e+02   4.4219702e-02
   1.0900000e+02   4.2759713e-02
   1.1000000e+02   4.1384183e-02
   1.1100000e+02   4.0139146e-02
   1.1200000e+02   3.8880244e-02
   1.1300000e+02   3.7601847e-02
   1.1400000e+02   3.6300510e-02
   1.1500000e+02   3.4972940e-02
   1.1600000e+02   3.3615947e-02
   1.1700000e+02   3.2226428e-02
   1.1800000e+02   3.1029975e-02
   1.1900000e+02   2.9803675e-02
   1.2000000e+02   2.8530365e-02
   1.2100000e+02   2.8232044e-02
   1.2200000e+02   2.7931375e-02
   1.2300000e+02   2.7632659e-02
   1.2400000e+02   2.7339885e-02
   1.2500000e+02   2.7056787e-02
   1.2600000e+02   2.6135350e-02
   1.2700000e+02   2.5162963e-02
   1.2800000e+02   2.4201835e-02
   1.2900000e+02   2.3339994e-02
   1.3000000e+02   2.2552507e-02
   1.3100000e+02   2.1810640e-02
   1.3200000e+02   2.1130316e-02
   1.3300000e+02   2.0521294e-02
   1.3400000e+02   2.0254944e-02
   1.3500000e+02   2.0172026e-02
   1.3600000e+02   2.0187270e-02
   1.3700000e+02   2.0311749e-02
   1.3800000e+02   2.0551402e-02
   1.3900000e+02   2.0892432e-02
   1.4000000e+02   2.1382896e-02
   1.4100000e+02   2.2579711e-02
   1.4200000e+02   2.4154278e-02
   1.4300000e+02   2.5760703e-02
   1.4400000e+02   2.7399302e-02
   1.4500000e+02   2.9175166e-02
   1.4600000e+02   3.1083416e-02
   1.4700000e+02   3.3025138e-02
   1.4800000e+02   3.5063505e-02
   1.4900000e+02   3.7173279e-02
   1.5000000e+02   3.9252043e-02
   1.5100000e+02   3.9474104e-02
   1.5200000e+02   3.9657030e-02
   1.5300000e+02   3.9803959e-02
   1.5400000e+02   3.9919838e-02
   1.5500000e+02   4.0022627e-02
   1.5600000e+02   4.0104039e-02
   1.5700000e+02   4.0165547e-02
   1.5800000e+02   4.0208701e-02
   1.5900000e+02   4.0271506e-02
   1.6000000e+02   4.0360805e-02
   1.6100000e+02   4.0446091e-02
   1.6200000e+02   4.0526547e-02
   1.6300000e+02   4.0602174e-02
   1.6400000e+02   4.0672999e-02
   1.6500000e+02   4.0739067e-02
   1.6600000e+02   4.0800426e-02
   1.6700000e+02   4.0857133e-02
   1.6800000e+02   4.0909257e-02
   1.6900000e+02   4.0956866e-02
   1.7000000e+02   4.1000035e-02
   1.7100000e+02   4.1038834e-02
   1.7200000e+02   4.1073345e-02
   1.7300000e+02   4.1105259e-02
   1.7400000e+02   4.1139707e-02
   1.7500000e+02   4.1166857e-02
   1.7600000e+02   4.1186910e-02
   1.7700000e+02   4.1200314e-02
   1.7800000e+02   4.1207481e-02
   1.7900000e+02   4.1209701e-02
   1.8000000e+02   4.1204602e-02
   1.8100000e+02   4.0791955e-02
   1.8200000e+02   4.0444128e-02
   1.8300000e+02   4.0154129e-02
   1.8400000e+02   3.9915755e-02
   1.8500000e+02   3.9723452e-02
   1.8600000e+02   3.9572272e-02
   1.8700000e+02   3.9457798e-02
   1.8800000e+02   3.9376073e-02
   1.8900000e+02   3.9293963e-02
   1.9000000e+02   3.9225016e-02
   1.9100000e+02   3.9172389e-02
   1.9200000e+02   3.9143402e-02
   1.9300000e+02   3.9136659e-02
   1.9400000e+02   3.9136779e-02
   1.9500000e+02   3.9142080e-02
   1.9600000e+02   3.8993727e-02
   1.9700000e+02   3.8797468e-02
   1.9800000e+02   3.8593125e-02
   1.9900000e+02   3.8386524e-02
   2.0000000e+02   3.8178340e-02
   2.0100000e+02   3.7961226e-02
   2.0200000e+02   3.7735607e-02
   2.0300000e+02   3.7502076e-02
   2.0400000e+02   3.7261184e-02
   2.0500000e+02   3.7013438e-02
   2.0600000e+02   3.6759317e-02
   2.0700000e+02   3.6499269e-02
   2.0800000e+02   3.6233705e-02
   2.0900000e+02   3.5963010e-02
   2.1000000e+02   3.5687543e-02
   2.1100000e+02   3.6753435e-02
   2.1200000e+02   3.7797309e-02
   2.1300000e+02   3.8819596e-02
   2.1400000e+02   3.9820701e-02
   2.1500000e+02   4.0801026e-02
   2.1600000e+02   4.1760948e-02
   2.1700000e+02   4.2700835e-02
   2.1800000e+02   4.3621041e-02
   2.1900000e+02   4.4521902e-02
   2.2000000e+02   4.5403752e-02
   2.2100000e+02   4.6266899e-02
   2.2200000e+02   4.7111645e-02
   2.2300000e+02   4.7938280e-02
   2.2400000e+02   4.8747089e-02
   2.2500000e+02   4.9538333e-02
   2.2600000e+02   5.0310321e-02
   2.2700000e+02   5.1062968e-02
   2.2800000e+02   5.1798269e-02
   2.2900000e+02   5.2516434e-02
   2.3000000e+02   5.3218242e-02
   2.3100000e+02   5.3903721e-02
   2.3200000e+02   5.4572780e-02
   2.3300000e+02   5.5225603e-02
   2.3400000e+02   5.5861928e-02
   2.3500000e+02   5.6481875e-02
   2.3600000e+02   5.7086516e-02
   2.3700000e+02   5.7676002e-02
   2.3800000e+02   5.8250479e-02
   2.3900000e+02   5.8810093e-02
   2.4000000e+02   5.9354980e-02
   2.4100000e+02   5.9471473e-02
   2.4200000e+02   5.9595555e-02
   2.4300000e+02   5.9727281e-02
   2.4400000e+02   5.9866708e-02
   2.4500000e+02   6.0013887e-02
   2.4600000e+02   6.0168859e-02
   2.4700000e+02   6.0331695e-02
   2.4800000e+02   6.0502436e-02
   2.4900000e+02   6.0681142e-02
   2.5000000e+02   6.0867857e-02
   2.5100000e+02   6.1062705e-02
   2.5200000e+02   6.1265893e-02
   2.5300000e+02   6.1477300e-02
   2.5400000e+02   6.1696988e-02
   2.5500000e+02   6.1907277e-02
   2.5600000e+02   6.2114011e-02
   2.5700000e+02   6.2333006e-02
   2.5800000e+02   6.2564328e-02
   2.5900000e+02   6.2808171e-02
   2.6000000e+02   6.3064761e-02
   2.6100000e+02   6.3334316e-02
   2.6200000e+02   6.3617051e-02
   2.6300000e+02   6.3913196e-02
   2.6400000e+02   6.4222991e-02
   2.6500000e+02   6.4546667e-02
   2.6600000e+02   6.4884461e-02
   2.6700000e+02   6.5236628e-02
   2.6800000e+02   6.5603405e-02
   2.6900000e+02   6.5985061e-02
   2.7000000e+02   6.6381857e-02
   2.7100000e+02   6.5892339e-02
   2.7200000e+02   6.5402515e-02
   2.7300000e+02   6.4912364e-02
   2.7400000e+02   6.4421915e-02
   2.7500000e+02   6.3931145e-02
   2.7600000e+02   6.3440070e-02
   2.7700000e+02   6.2948689e-02
   2.7800000e+02   6.2457006e-02
   2.7900000e+02   6.1965019e-02
   2.8000000e+02   6.1472740e-02
   2.8100000e+02   6.0980156e-02
   2.8200000e+02   6.0487285e-02
   2.8300000e+02   5.9994116e-02
   2.8400000e+02   5.9500657e-02
   2.8500000e+02   5.9006914e-02
   2.8600000e+02   5.8512881e-02
   2.8700000e+02   5.8018569e-02
   2.8800000e+02   5.7523970e-02
   2.8900000e+02   5.7029098e-02
   2.9000000e+02   5.6533948e-02
   2.9100000e+02   5.6038514e-02
   2.9200000e+02   5.5542815e-02
   2.9300000e+02   5.5046842e-02
   2.9400000e+02   5.4550596e-02
   2.9500000e+02   5.4054085e-02
   2.9600000e+02   5.3557307e-02
   2.9700000e+02   5.3060267e-02
   2.9800000e+02   5.2562963e-02
   2.9900000e+02   5.2065399e-02
   3.0000000e+02   5.1567577e-02
   3.0100000e+02   5.1224716e-02
   3.0200000e+02   5.0881799e-02
   3.0300000e+02   5.0538834e-02
   3.0400000e+02   5.0195817e-02
   3.0500000e+02   4.9852747e-02
   3.0600000e+02   4.9509626e-02
   3.0700000e+02   4.9166456e-02
   3.0800000e+02   4.8823237e-02
   3.0900000e+02   4.8479967e-02
   3.1000000e+02   4.8136652e-02
   3.1100000e+02   4.7793288e-02
   3.1200000e+02   4.7449876e-02
   3.1300000e+02   4.7106415e-02
   3.1400000e+02   4.6762906e-02
   3.1500000e+02   4.6419352e-02
   3.1600000e+02   4.6075754e-02
   3.1700000e+02   4.5732107e-02
   3.1800000e+02   4.5388412e-02
   3.1900000e+02   4.5044679e-02
   3.2000000e+02   4.4700895e-02
   3.2100000e+02   4.4357069e-02
   3.2200000e+02   4.4013198e-02
   3.2300000e+02   4.3669283e-02
   3.2400000e+02   4.3325327e-02
   3.2500000e+02   4.2981327e-02
   3.2600000e+02   4.2637281e-02
   3.2700000e+02   4.2293198e-02
   3.2800000e+02   4.1949071e-02
   3.2900000e+02   4.1604903e-02
   3.3000000e+02   4.1260689e-02
   3.3100000e+02   4.1180898e-02
   3.3200000e+02   4.1101098e-02
   3.3300000e+02   4.1021299e-02
   3.3400000e+02   4.0941495e-02
   3.3500000e+02   4.0861689e-02
   3.3600000e+02   4.0781882e-02
   3.3700000e+02   4.0702071e-02
   3.3800000e+02   4.0622257e-02
   3.3900000e+02   4.0542442e-02
   3.4000000e+02   4.0462624e-02
   3.4100000e+02   4.0382802e-02
   3.4200000e+02   4.0302981e-02
   3.4300000e+02   4.0223155e-02
   3.4400000e+02   4.0143326e-02
   3.4500000e+02   4.0063497e-02
   3.4600000e+02   3.9983664e-02
   3.4700000e+02   3.9903831e-02
   3.4800000e+02   3.9823994e-02
   3.4900000e+02   3.9744154e-02
   3.5000000e+02   3.9664313e-02
   3.5100000e+02   3.9584469e-02
   3.5200000e+02   3.9504625e-02
   3.5300000e+02   3.9424777e-02
   3.5400000e+02   3.9344929e-02
   3.5500000e+02   3.9265078e-02
   3.5600000e+02   3.9185226e-02
   3.5700000e+02   3.9105367e-02
   3.5800000e+02   3.9025512e-02
   3.5900000e+02   3.8945653e-02
   7.1133672e-07   3.8865790e-02
   1.0000007e+00   3.9057132e-02
   2.0000007e+00   3.9248493e-02
   3.0000007e+00   3.9439879e-02
   4.0000010e+00   3.9631281e-02
   5.0000010e+00   3.9822720e-02
   6.0000010e+00   4.0014181e-02
   7.0000010e+00   4.0205672e-02
   8.0000010e+00   4.0397186e-02
   9.0000010e+00   4.0588722e-02
   1.0000001e+01   4.0780287e-02
   1.1000001e+01   4.0971875e-02
   1.2000001e+01   4.1163512e-02
   1.3000001e+01   4.1355167e-02
   1.4000001e+01   4.1546848e-02
   1.5000001e+01   4.1738547e-02
   1.6000000e+01   4.1930269e-02
   1.7000000e+01   4.2122006e-02
   1.8000000e+01   4.2313769e-02
   1.9000000e+01   4.2505555e-02
   2.0000000e+01   4.2697359e-02
   2.1000000e+01   4.2889185e-02
   2.2000000e+01   4.3081030e-02
   2.3000000e+01   4.3272894e-02
   2.4000000e+01   4.3464780e-02
   2.5000000e+01   4.3656684e-02
   2.6000000e+01   4.3848608e-02
   2.7000000e+01   4.4040553e-02
   2.8000000e+01   4.4232517e-02
   2.9000000e+01   4.4424500e-02
   3.0000000e+01   4.4616502e-02
   3.1000000e+01   4.5068663e-02
   3.2000000e+01   4.5520708e-02
   3.3000000e+01   4.5972649e-02
   3.4000000e+01   4.6424482e-02
   3.5000000e+01   4.6876211e-02
   3.6000000e+01   4.7327835e-02
   3.7000000e+01   4.7779359e-02
   3.8000000e+01   4.8230782e-02
   3.9000000e+01   4.8682109e-02
   4.0000000e+01   4.9133334e-02
   4.1000000e+01   4.9584471e-02
   4.2000000e+01   5.0035510e-02
   4.3000000e+01   5.0486457e-02
   4.4000000e+01   5.0937314e-02
   4.5000000e+01   5.1388081e-02
   4.6000000e+01   5.1838759e-02
   4.7000000e+01   5.2289356e-02
   4.8000000e+01   5.2739862e-02
   4.9000000e+01   5.3190287e-02
   5.0000000e+01   5.3640630e-02
   5.1000000e+01   5.4090891e-02
   5.2000000e+01   5.4541074e-02
   5.3000000e+01   5.4991174e-02
   5.4000000e+01   5.5441201e-02
   5.5000000e+01   5.5891152e-02
   5.6000000e+01   5.6341030e-02
   5.7000000e+01   5.6790829e-02
   5.8000000e+01   5.7240557e-02
   5.9000000e+01   5.7690214e-02
   6.0000000e+01   5.8139805e-02
   6.1000000e+01   5.8534842e-02
   6.2000000e+01   5.8928672e-02
   6.3000000e+01   5.9321258e-02
   6.4000000e+01   5.9712563e-02
   6.5000000e+01   6.0102556e-02
   6.6000000e+01   6.0491193e-02
   6.7000000e+01   6.0878437e-02
   6.8000000e+01   6.1264262e-02
   6.9000000e+01   6.1648618e-02
   7.0000000e+01   6.2031485e-02
   7.1000000e+01   6.2412810e-02
   7.2000000e+01   6.2792562e-02
   7.3000000e+01   6.3170709e-02
   7.4000000e+01   6.3534774e-02
   7.5000000e+01   6.3889310e-02
   7.6000000e+01   6.4238586e-02
   7.7000000e+01   6.4582244e-02
   7.8000000e+01   6.4920008e-02
   7.9000000e+01   6.5251566e-02
   8.0000000e+01   6.5576613e-02
   8.1000000e+01   6.5894842e-02
   8.2000000e+01   6.6205896e-02
   8.3000000e+01   6.6509441e-02
   8.4000000e+01   6.6805109e-02
   8.5000000e+01   6.7092516e-02
   8.6000000e+01   6.7371272e-02
   8.7000000e+01   6.7640975e-02
   8.8000000e+01   6.7901179e-02
   8.9000000e+01   6.8151437e-02
   9.0000000e+01   6.8391293e-02
   9.1000000e+01   6.8236753e-02
   9.2000000e+01   6.8086587e-02
   9.3000000e+01   6.7941070e-02
   9.4000000e+01   6.7800470e-02
   9.5000000e+01   6.7665100e-02
   9.6000000e+01   6.7535251e-02
   9.7000000e+01   6.7411251e-02
   9.8000000e+01   6.7293443e-02
   9.9000000e+01   6.7182176e-02
   1.0000000e+02   6.7081138e-02
   1.0100000e+02   6.7007326e-02
   1.0200000e+02   6.6939928e-02
   1.0300000e+02   6.6879489e-02
   1.0400000e+02   6.6826269e-02
   1.0500000e+02   6.6780552e-02
   1.0600000e+02   6.6742636e-02
   1.0700000e+02   6.6712797e-02
   1.0800000e+02   6.6691346e-02
   1.0900000e+02   6.6678613e-02
   1.1000000e+02   6.6674925e-02
   1.1100000e+02   6.6680618e-02
   1.1200000e+02   6.6696040e-02
   1.1300000e+02   6.6721566e-02
   1.1400000e+02   6.6757575e-02
   1.1500000e+02   6.6804454e-02
   1.1600000e+02   6.6862606e-02
   1.1700000e+02   6.6932462e-02
   1.1800000e+02   6.7014456e-02
   1.1900000e+02   6.7109033e-02
   1.2000000e+02   6.7216672e-02
   1.2100000e+02   6.7153275e-02
   1.2200000e+02   6.7090057e-02
   1.2300000e+02   6.7027025e-02
   1.2400000e+02   6.6964172e-02
   1.2500000e+02   6.6901498e-02
   1.2600000e+02   6.6839010e-02
   1.2700000e+02   6.6776708e-02
   1.2800000e+02   6.6714577e-02
   1.2900000e+02   6.6652641e-02
   1.3000000e+02   6.6590868e-02
   1.3100000e+02   6.6529296e-02
   1.3200000e+02   6.6467889e-02
   1.3300000e+02   6.6406667e-02
   1.3400000e+02   6.6345632e-02
   1.3500000e+02   6.6284776e-02
   1.3600000e+02   6.6224098e-02
   1.3700000e+02   6.6163599e-02
   1.3800000e+02   6.6103287e-02
   1.3900000e+02   6.6043146e-02
   1.4000000e+02   6.5983191e-02
   1.4100000e+02   6.5923415e-02
   1.4200000e+02   6.5863818e-02
   1.4300000e+02   6.5804400e-02
   1.4400000e+02   6.5745167e-02
   1.4500000e+02   6.5686107e-02
   1.4600000e+02   6.5627225e-02
   1.4700000e+02   6.5568529e-02
   1.4800000e+02   6.5510005e-02
   1.4900000e+02   6.5451659e-02
   1.5000000e+02   6.5393493e-02
   1.5100000e+02   6.5234587e-02
   1.5200000e+02   6.5076008e-02
   1.5300000e+02   6.4917751e-02
   1.5400000e+02   6.4759821e-02
   1.5500000e+02   6.4602204e-02
   1.5600000e+02   6.4444914e-02
   1.5700000e+02   6.4287946e-02
   1.5800000e+02   6.4131297e-02
   1.5900000e+02   6.3974969e-02
   1.6000000e+02   6.3818946e-02
   1.6100000e+02   6.3663252e-02
   1.6200000e+02   6.3507862e-02
   1.6300000e+02   6.3352793e-02
   1.6400000e+02   6.3198037e-02
   1.6500000e+02   6.3043594e-02
   1.6600000e+02   6.2889464e-02
   1.6700000e+02   6.2735632e-02
   1.6800000e+02   6.2582120e-02
   1.6900000e+02   6.2428918e-02
   1.7000000e+02   6.2276017e-02
   1.7100000e+02   6.2123425e-02
   1.7200000e+02   6.1971135e-02
   1.7300000e+02   6.1819155e-02
   1.7400000e+02   6.1667472e-02
   1.7500000e+02   6.1516102e-02
   1.7600000e+02   6.1365027e-02
   1.7700000e+02   6.1214261e-02
   1.7800000e+02   6.1063789e-02
   1.7900000e+02   6.0913619e-02
   1.8000000e+02   6.0763750e-02
   1.8100000e+02   6.0510185e-02
   1.8200000e+02   6.0256965e-02
   1.8300000e+02   6.0004108e-02
   1.8400000e+02   5.9751589e-02
   1.8500000e+02   5.9499420e-02
   1.8600000e+02   5.9247591e-02
   1.8700000e+02   5.8996104e-02
   1.8800000e+02   5.8744960e-02
   1.8900000e+02   5.8494151e-02
   1.9000000e+02   5.8243673e-02
   1.9100000e+02   5.7993531e-02
   1.9200000e+02   5.7743724e-02
   1.9300000e+02   5.7494245e-02
   1.9400000e+02   5.7245094e-02
   1.9500000e+02   5.6996271e-02
   1.9600000e+02   5.6747768e-02
   1.9700000e+02   5.6499589e-02
   1.9800000e+02   5.6251731e-02
   1.9900000e+02   5.6004193e-02
   2.0000000e+02   5.5756975e-02
   2.0100000e+02   5.5510070e-02
   2.0200000e+02   5.5263482e-02
   2.0300000e+02   5.5017207e-02
   2.0400000e+02   5.4771245e-02
   2.0500000e+02   5.4525588e-02
   2.0600000e+02   5.4280244e-02
   2.0700000e+02   5.4035209e-02
   2.0800000e+02   5.3790480e-02
   2.0900000e+02   5.3546052e-02
   2.1000000e+02   5.3301930e-02
   2.1100000e+02   5.3194139e-02
   2.1200000e+02   5.3089578e-02
   2.1300000e+02   5.2988127e-02
   2.1400000e+02   5.2889675e-02
   2.1500000e+02   5.2794110e-02
   2.1600000e+02   5.2701328e-02
   2.1700000e+02   5.2611232e-02
   2.1800000e+02   5.2523714e-02
   2.1900000e+02   5.2438688e-02
   2.2000000e+02   5.2356061e-02
   2.2100000e+02   5.2275747e-02
   2.2200000e+02   5.2197658e-02
   2.2300000e+02   5.2121714e-02
   2.2400000e+02   5.2047838e-02
   2.2500000e+02   5.1975951e-02
   2.2600000e+02   5.1905986e-02
   2.2700000e+02   5.1837865e-02
   2.2800000e+02   5.1771525e-02
   2.2900000e+02   5.1706899e-02
   2.3000000e+02   5.1643923e-02
   2.3100000e+02   5.1582541e-02
   2.3200000e+02   5.1522691e-02
   2.3300000e+02   5.1464316e-02
   2.3400000e+02   5.1407360e-02
   2.3500000e+02   5.1351774e-02
   2.3600000e+02   5.1297504e-02
   2.3700000e+02   5.1244505e-02
   2.3800000e+02   5.1192731e-02
   2.3900000e+02   5.1142130e-02
   2.4000000e+02   5.1092666e-02
   2.4100000e+02   5.1669002e-02
   2.4200000e+02   5.2242022e-02
   2.4300000e+02   5.2811794e-02
   2.4400000e+02   5.3378385e-02
   2.4500000e+02   5.3941865e-02
   2.4600000e+02   5.4502290e-02
   2.4700000e+02   5.5059727e-02
   2.4800000e+02   5.5614237e-02
   2.4900000e+02   5.6165874e-02
   2.5000000e+02   5.6714695e-02
   2.5100000e+02   5.7260755e-02
   2.5200000e+02   5.7804108e-02
   2.5300000e+02   5.8344800e-02
   2.5400000e+02   5.8882885e-02
   2.5500000e+02   5.9418414e-02
   2.5600000e+02   5.9951425e-02
   2.5700000e+02   6.0481969e-02
   2.5800000e+02   6.1010085e-02
   2.5900000e+02   6.1535824e-02
   2.6000000e+02   6.2059220e-02
   2.6100000e+02   6.2580310e-02
   2.6200000e+02   6.3099146e-02
   2.6300000e+02   6.3615747e-02
   2.6400000e+02   6.4130157e-02
   2.6500000e+02   6.4642422e-02
   2.6600000e+02   6.5152563e-02
   2.6700000e+02   6.5660618e-02
   2.6800000e+02   6.6166624e-02
   2.6900000e+02   6.6670604e-02
   2.7000000e+02   6.7172587e-02
   2.7100000e+02   6.6650525e-02
   2.7200000e+02   6.6128358e-02
   2.7300000e+02   6.5606087e-02
   2.7400000e+02   6.5083712e-02
   2.7500000e+02   6.4561225e-02
   2.7600000e+02   6.4038642e-02
   2.7700000e+02   6.3515954e-02
   2.7800000e+02   6.2993154e-02
   2.7900000e+02   6.2470257e-02
   2.8000000e+02   6.1947253e-02
   2.8100000e+02   6.1424147e-02
   2.8200000e+02   6.0900930e-02
   2.8300000e+02   6.0377620e-02
   2.8400000e+02   5.9854202e-02
   2.8500000e+02   5.9330683e-02
   2.8600000e+02   5.8807060e-02
   2.8700000e+02   5.8283336e-02
   2.8800000e+02   5.7759512e-02
   2.8900000e+02   5.7235587e-02
   2.9000000e+02   5.6711558e-02
   2.9100000e+02   5.6187429e-02
   2.9200000e+02   5.5663198e-02
   2.9300000e+02   5.5138867e-02
   2.9400000e+02   5.4614440e-02
   2.9500000e+02   5.4089908e-02
   2.9600000e+02   5.3565279e-02
   2.9700000e+02   5.3040545e-02
   2.9800000e+02   5.2515719e-02
   2.9900000e+02   5.1990792e-02
   3.0000000e+02   5.1465765e-02
   3.0100000e+02   5.1118124e-02
   3.0200000e+02   5.0770462e-02
   3.0300000e+02   5.0422780e-02
   3.0400000e+02   5.0075080e-02
   3.0500000e+02   4.9727354e-02
   3.0600000e+02   4.9379613e-02
   3.0700000e+02   4.9031850e-02
   3.0800000e+02   4.8684068e-02
   3.0900000e+02   4.8336264e-02
   3.1000000e+02   4.7988441e-02
   3.1100000e+02   4.7640596e-02
   3.1200000e+02   4.7292735e-02
   3.1300000e+02   4.6944853e-02
   3.1400000e+02   4.6596952e-02
   3.1500000e+02   4.6249028e-02
   3.1600000e+02   4.5901090e-02
   3.1700000e+02   4.5553129e-02
   3.1800000e+02   4.5205150e-02
   3.1900000e+02   4.4857148e-02
   3.2000000e+02   4.4509128e-02
   3.2100000e+02   4.4161092e-02
   3.2200000e+02   4.3813031e-02
   3.2300000e+02   4.3464955e-02
   3.2400000e+02   4.3116860e-02
   3.2500000e+02   4.2768743e-02
   3.2600000e+02   4.2420607e-02
   3.2700000e+02   4.2072453e-02
   3.2800000e+02   4.1724280e-02
   3.2900000e+02   4.1376088e-02
   3.3000000e+02   4.1027874e-02
   3.3100000e+02   4.0948104e-02
   3.3200000e+02   4.0868327e-02
   3.3300000e+02   4.0788550e-02
   3.3400000e+02   4.0708769e-02
   3.3500000e+02   4.0628985e-02
   3.3600000e+02   4.0549200e-02
   3.3700000e+02   4.0469412e-02
   3.3800000e+02   4.0389620e-02
   3.3900000e+02   4.0309824e-02
   3.4000000e+02   4.0230025e-02
   3.4100000e+02   4.0150225e-02
   3.4200000e+02   4.0070422e-02
   3.4300000e+02   3.9990615e-02
   3.4400000e+02   3.9910808e-02
   3.4500000e+02   3.9830998e-02
   3.4600000e+02   3.9751183e-02
   3.4700000e+02   3.9671369e-02
   3.4800000e+02   3.9591547e-02
   3.4900000e+02   3.9511729e-02
   3.5000000e+02   3.9431904e-02
   3.5100000e+02   3.9352074e-02
   3.5200000e+02   3.9272245e-02
   3.5300000e+02   3.9192412e-02
   3.5400000e+02   3.9112575e-02
   3.5500000e+02   3.9032739e-02
   3.5600000e+02   3.8952895e-02
   3.5700000e+02   3.8873054e-02
   3.5800000e+02   3.8793210e-02
   3.5900000e+02   3.8713358e-02
   1.4226848e-06   3.8633507e-02
