   0.0000000e+00   4.4432734e-03
   1.0000000e+00   2.5715150e-02
   2.0000000e+00   2.5645204e-02
   3.0000000e+00   2.5519906e-02
   4.0000000e+00   2.5389960e-02
   5.0000000e+00   2.5253955e-02
   6.0000000e+00   2.5107667e-02
   7.0000000e+00   2.4954081e-02
   8.0000000e+00   2.4793027e-02
   9.0000000e+00   2.4614302e-02
   1.0000000e+01   2.4428213e-02
   1.1000000e+01   2.4235021e-02
   1.2000000e+01   2.4504976e-02
   1.3000000e+01   2.5152950e-02
   1.4000000e+01   2.5623567e-02
   1.5000000e+01   2.5923239e-02
   1.6000000e+01   2.6093148e-02
   1.7000000e+01   2.6220839e-02
   1.8000000e+01   2.6628735e-02
   1.9000000e+01   2.6806442e-02
   2.0000000e+01   2.6802570e-02
   2.1000000e+01   2.6676413e-02
   2.2000000e+01   2.6488338e-02
   2.3000000e+01   2.6475169e-02
   2.4000000e+01   2.6449284e-02
   2.5000000e+01   2.6422162e-02
   2.6000000e+01   2.6400274e-02
   2.7000000e+01   2.6387734e-02
   2.8000000e+01   2.6387030e-02
   2.9000000e+01   2.6399510e-02
   3.0000000e+01   2.6425742e-02
   3.1000000e+01   2.6471449e-02
   3.2000000e+01   2.6513748e-02
   3.3000000e+01   2.6552539e-02
   3.4000000e+01   2.6587728e-02
   3.5000000e+01   2.6619220e-02
   3.6000000e+01   2.6646918e-02
   3.7000000e+01   2.6670726e-02
   3.8000000e+01   2.6641577e-02
   3.9000000e+01   2.6497578e-02
   4.0000000e+01   2.6222341e-02
   4.1000000e+01   2.5740134e-02
   4.2000000e+01   2.4949189e-02
   4.3000000e+01   2.3696499e-02
   4.4000000e+01   2.1751028e-02
   4.5000000e+01   1.8756097e-02
   4.6000000e+01   1.4146568e-02
   4.7000000e+01   6.9960938e-03
   4.8000000e+01  -1.8064085e-04
   4.9000000e+01  -3.6824434e-03
   5.0000000e+01  -7.7076745e-03
   5.1000000e+01  -1.1725966e-02
   5.2000000e+01  -1.5954090e-02
   5.3000000e+01  -2.0535521e-02
   5.4000000e+01  -2.5473779e-02
   5.5000000e+01  -3.0821275e-02
   5.6000000e+01  -3.0882519e-02
   5.7000000e+01  -2.9624242e-02
   5.8000000e+01  -2.8715106e-02
   5.9000000e+01  -2.8298773e-02
   6.0000000e+01  -2.7912632e-02
   6.1000000e+01  -2.5958912e-02
   6.2000000e+01  -2.4217257e-02
   6.3000000e+01  -2.2532262e-02
   6.4000000e+01  -1.8200276e-02
   6.5000000e+01  -1.3931269e-02
   6.6000000e+01  -1.0478736e-02
   6.7000000e+01  -7.7441330e-03
   6.8000000e+01  -5.4713511e-03
   6.9000000e+01  -3.5776133e-03
   7.0000000e+01  -2.0064630e-03
   7.1000000e+01  -7.0140325e-04
   7.2000000e+01   6.4500680e-05
   7.3000000e+01   5.0548260e-04
   7.4000000e+01   9.1468880e-04
   7.5000000e+01   1.5203601e-03
   7.6000000e+01   2.1382859e-03
   7.7000000e+01   2.7130253e-03
   7.8000000e+01   3.2414382e-03
   7.9000000e+01   3.6725965e-03
   8.0000000e+01   4.0097502e-03
   8.1000000e+01   4.3322952e-03
   8.2000000e+01   4.6402006e-03
   8.3000000e+01   4.9334192e-03
   8.4000000e+01   5.2120690e-03
   8.5000000e+01   5.4766028e-03
   8.6000000e+01   5.7273959e-03
   8.7000000e+01   5.9648547e-03
   8.8000000e+01   6.1893915e-03
   8.9000000e+01   6.3918508e-03
   9.0000000e+01   6.6009867e-03
   9.1000000e+01   6.8130153e-03
   9.2000000e+01   6.9865286e-03
   9.3000000e+01   7.1324306e-03
   9.4000000e+01   7.2507169e-03
   9.5000000e+01   7.3409099e-03
   9.6000000e+01   7.4062278e-03
   9.7000000e+01   7.4497224e-03
   9.8000000e+01   7.4740201e-03
   9.9000000e+01   7.4814763e-03
   1.0000000e+02   7.4741510e-03
   1.0100000e+02   7.4536507e-03
   1.0200000e+02   7.4215955e-03
   1.0300000e+02   7.3793074e-03
   1.0400000e+02   7.3280758e-03
   1.0500000e+02   7.2689890e-03
   1.0600000e+02   7.2030048e-03
   1.0700000e+02   7.1309502e-03
   1.0800000e+02   7.0535676e-03
   1.0900000e+02   6.9714119e-03
   1.1000000e+02   6.8850275e-03
   1.1100000e+02   6.7948354e-03
   1.1200000e+02   6.7012482e-03
   1.1300000e+02   6.6045504e-03
   1.1400000e+02   6.5051508e-03
   1.1500000e+02   6.4034052e-03
   1.1600000e+02   6.2995879e-03
   1.1700000e+02   6.1939261e-03
   1.1800000e+02   6.0866941e-03
   1.1900000e+02   5.9781275e-03
   1.2000000e+02   5.8683744e-03
   1.2100000e+02   5.6146747e-03
   1.2200000e+02   5.3610723e-03
   1.2300000e+02   5.1075653e-03
   1.2400000e+02   4.8541194e-03
   1.2500000e+02   4.6006995e-03
   1.2600000e+02   4.3473393e-03
   1.2700000e+02   4.0940852e-03
   1.2800000e+02   3.8409466e-03
   1.2900000e+02   3.5878604e-03
   1.3000000e+02   3.3347851e-03
   1.3100000e+02   3.0817497e-03
   1.3200000e+02   2.8288127e-03
   1.3300000e+02   2.5760096e-03
   1.3400000e+02   2.3234084e-03
   1.3500000e+02   2.0710560e-03
   1.3600000e+02   1.8189701e-03
   1.3700000e+02   1.5670774e-03
   1.3800000e+02   1.3154384e-03
   1.3900000e+02   1.0641254e-03
   1.4000000e+02   8.1317488e-04
   1.4100000e+02   5.6261674e-04
   1.4200000e+02   3.1247895e-04
   1.4300000e+02   6.2665400e-05
   1.4400000e+02  -1.8679613e-04
   1.4500000e+02  -4.3590914e-04
   1.4600000e+02  -6.8466715e-04
   1.4700000e+02  -9.3304866e-04
   1.4800000e+02  -1.1810096e-03
   1.4900000e+02  -1.4285380e-03
   1.5000000e+02  -1.6756150e-03
   1.5100000e+02  -2.0694451e-03
   1.5200000e+02  -2.4624132e-03
   1.5300000e+02  -2.8545312e-03
   1.5400000e+02  -3.2458005e-03
   1.5500000e+02  -3.6362056e-03
   1.5600000e+02  -4.0257573e-03
   1.5700000e+02  -4.4145114e-03
   1.5800000e+02  -4.8025181e-03
   1.5900000e+02  -5.1897676e-03
   1.6000000e+02  -5.5762413e-03
   1.6100000e+02  -5.9619392e-03
   1.6200000e+02  -6.3468684e-03
   1.6300000e+02  -6.7310221e-03
   1.6400000e+02  -7.1143997e-03
   1.6500000e+02  -7.4969977e-03
   1.6600000e+02  -7.8788083e-03
   1.6700000e+02  -8.2587386e-03
   1.6800000e+02  -8.6364131e-03
   1.6900000e+02  -9.0138093e-03
   1.7000000e+02  -9.3909940e-03
   1.7100000e+02  -9.7679086e-03
   1.7200000e+02  -1.0144500e-02
   1.7300000e+02  -1.0520726e-02
   1.7400000e+02  -1.0896546e-02
   1.7500000e+02  -1.1271930e-02
   1.7600000e+02  -1.1646863e-02
   1.7700000e+02  -1.2021326e-02
   1.7800000e+02  -1.2395306e-02
   1.7900000e+02  -1.2768794e-02
   1.8000000e+02  -1.3141784e-02
   1.8100000e+02  -1.3624587e-02
   1.8200000e+02  -1.4106193e-02
   1.8300000e+02  -1.4586630e-02
   1.8400000e+02  -1.5065937e-02
   1.8500000e+02  -1.5544140e-02
   1.8600000e+02  -1.6021250e-02
   1.8700000e+02  -1.6497286e-02
   1.8800000e+02  -1.6972259e-02
   1.8900000e+02  -1.7446171e-02
   1.9000000e+02  -1.7919028e-02
   1.9100000e+02  -1.8390864e-02
   1.9200000e+02  -1.8861700e-02
   1.9300000e+02  -1.9331560e-02
   1.9400000e+02  -1.9800477e-02
   1.9500000e+02  -2.0268403e-02
   1.9600000e+02  -2.0735336e-02
   1.9700000e+02  -2.1201275e-02
   1.9800000e+02  -2.1666229e-02
   1.9900000e+02  -2.2130197e-02
   2.0000000e+02  -2.2593200e-02
   2.0100000e+02  -2.3055263e-02
   2.0200000e+02  -2.3516396e-02
   2.0300000e+02  -2.3976615e-02
   2.0400000e+02  -2.4435939e-02
   2.0500000e+02  -2.4894390e-02
   2.0600000e+02  -2.5351975e-02
   2.0700000e+02  -2.5808662e-02
   2.0800000e+02  -2.6264459e-02
   2.0900000e+02  -2.6719389e-02
   2.1000000e+02  -2.7173458e-02
   2.1100000e+02  -2.7528290e-02
   2.1200000e+02  -2.7882814e-02
   2.1300000e+02  -2.8237054e-02
   2.1400000e+02  -2.8591027e-02
   2.1500000e+02  -2.8944731e-02
   2.1600000e+02  -2.9298151e-02
   2.1700000e+02  -2.9651275e-02
   2.1800000e+02  -3.0004086e-02
   2.1900000e+02  -3.0356616e-02
   2.2000000e+02  -3.0708905e-02
   2.2100000e+02  -3.1060994e-02
   2.2200000e+02  -3.1412929e-02
   2.2300000e+02  -3.1764749e-02
   2.2400000e+02  -3.2116413e-02
   2.2500000e+02  -3.2467831e-02
   2.2600000e+02  -3.2819021e-02
   2.2700000e+02  -3.3170015e-02
   2.2800000e+02  -3.3520836e-02
   2.2900000e+02  -3.3871513e-02
   2.3000000e+02  -3.4222070e-02
   2.3100000e+02  -3.4572542e-02
   2.3200000e+02  -3.4922976e-02
   2.3300000e+02  -3.5273418e-02
   2.3400000e+02  -3.5623893e-02
   2.3500000e+02  -3.5974372e-02
   2.3600000e+02  -3.6324818e-02
   2.3700000e+02  -3.6675103e-02
   2.3800000e+02  -3.7025228e-02
   2.3900000e+02  -3.7375215e-02
   2.4000000e+02  -3.7725080e-02
   2.4100000e+02  -3.6711331e-02
   2.4200000e+02  -3.5700765e-02
   2.4300000e+02  -3.4693390e-02
   2.4400000e+02  -3.3689216e-02
   2.4500000e+02  -3.2688193e-02
   2.4600000e+02  -3.1690288e-02
   2.4700000e+02  -3.0695507e-02
   2.4800000e+02  -2.9703874e-02
   2.4900000e+02  -2.8715406e-02
   2.5000000e+02  -2.7730104e-02
   2.5100000e+02  -2.6747931e-02
   2.5200000e+02  -2.5768843e-02
   2.5300000e+02  -2.4792895e-02
   2.5400000e+02  -2.3820100e-02
   2.5500000e+02  -2.2850478e-02
   2.5600000e+02  -2.1884041e-02
   2.5700000e+02  -2.0920794e-02
   2.5800000e+02  -1.9960739e-02
   2.5900000e+02  -1.9003868e-02
   2.6000000e+02  -1.8050179e-02
   2.6100000e+02  -1.7099660e-02
   2.6200000e+02  -1.6152306e-02
   2.6300000e+02  -1.5208110e-02
   2.6400000e+02  -1.4267017e-02
   2.6500000e+02  -1.3328999e-02
   2.6600000e+02  -1.2394050e-02
   2.6700000e+02  -1.1462165e-02
   2.6800000e+02  -1.0533320e-02
   2.6900000e+02  -9.6075097e-03
   2.7000000e+02  -8.6847385e-03
   2.7100000e+02  -8.2126809e-03
   2.7200000e+02  -7.7392361e-03
   2.7300000e+02  -7.2644288e-03
   2.7400000e+02  -6.7882822e-03
   2.7500000e+02  -6.3108210e-03
   2.7600000e+02  -5.8320705e-03
   2.7700000e+02  -5.3520533e-03
   2.7800000e+02  -4.8707910e-03
   2.7900000e+02  -4.3883054e-03
   2.8000000e+02  -3.9046211e-03
   2.8100000e+02  -3.4197585e-03
   2.8200000e+02  -2.9337378e-03
   2.8300000e+02  -2.4465732e-03
   2.8400000e+02  -1.9582822e-03
   2.8500000e+02  -1.4688789e-03
   2.8600000e+02  -9.7837509e-04
   2.8700000e+02  -4.8678531e-04
   2.8800000e+02   5.8965688e-06
   2.8900000e+02   4.9965904e-04
   2.9000000e+02   9.9450536e-04
   2.9100000e+02   1.4904446e-03
   2.9200000e+02   1.9874673e-03
   2.9300000e+02   2.4855626e-03
   2.9400000e+02   2.9847489e-03
   2.9500000e+02   3.4850163e-03
   2.9600000e+02   3.9863558e-03
   2.9700000e+02   4.4887662e-03
   2.9800000e+02   4.9922406e-03
   2.9900000e+02   5.4965871e-03
   3.0000000e+02   6.0023502e-03
   3.0100000e+02   6.7237588e-03
   3.0200000e+02   7.4444190e-03
   3.0300000e+02   8.1643779e-03
   3.0400000e+02   8.8836681e-03
   3.0500000e+02   9.6023120e-03
   3.0600000e+02   1.0320332e-02
   3.0700000e+02   1.1037749e-02
   3.0800000e+02   1.1754581e-02
   3.0900000e+02   1.2470829e-02
   3.1000000e+02   1.3186488e-02
   3.1100000e+02   1.3901538e-02
   3.1200000e+02   1.4615948e-02
   3.1300000e+02   1.5329665e-02
   3.1400000e+02   1.6042605e-02
   3.1500000e+02   1.6754674e-02
   3.1600000e+02   1.7465750e-02
   3.1700000e+02   1.8175678e-02
   3.1800000e+02   1.8884262e-02
   3.1900000e+02   1.9591266e-02
   3.2000000e+02   2.0296399e-02
   3.2100000e+02   2.0999299e-02
   3.2200000e+02   2.1699542e-02
   3.2300000e+02   2.2396609e-02
   3.2400000e+02   2.3089888e-02
   3.2500000e+02   2.3778647e-02
   3.2600000e+02   2.4462022e-02
   3.2700000e+02   2.5138984e-02
   3.2800000e+02   2.5808316e-02
   3.2900000e+02   2.6468584e-02
   3.3000000e+02   2.7118089e-02
   3.3100000e+02   2.6736204e-02
   3.3200000e+02   2.6356213e-02
   3.3300000e+02   2.5976898e-02
   3.3400000e+02   2.5597103e-02
   3.3500000e+02   2.5215738e-02
   3.3600000e+02   2.4831783e-02
   3.3700000e+02   2.4444290e-02
   3.3800000e+02   2.4052378e-02
   3.3900000e+02   2.3655260e-02
   3.4000000e+02   2.3252247e-02
   3.4100000e+02   2.2842783e-02
   3.4200000e+02   2.2426477e-02
   3.4300000e+02   2.2003140e-02
   3.4400000e+02   2.1572853e-02
   3.4500000e+02   2.1136042e-02
   3.4600000e+02   2.0693591e-02
   3.4700000e+02   2.0246990e-02
   3.4800000e+02   1.9798519e-02
   3.4900000e+02   1.9351501e-02
   3.5000000e+02   1.8910682e-02
   3.5100000e+02   1.8482678e-02
   3.5200000e+02   1.8076649e-02
   3.5300000e+02   1.7705197e-02
   3.5400000e+02   1.7385626e-02
   3.5500000e+02   1.7383831e-02
   3.5600000e+02   1.7599938e-02
   3.5700000e+02   1.7846597e-02
   3.5800000e+02   1.8127356e-02
   3.5900000e+02   1.8443061e-02
   7.1133672e-07   1.8794619e-02
   1.0000007e+00   1.8892335e-02
   2.0000007e+00   1.8987264e-02
   3.0000007e+00   1.9079577e-02
   4.0000010e+00   1.9169427e-02
   5.0000010e+00   1.9256957e-02
   6.0000010e+00   1.9341966e-02
   7.0000010e+00   1.9424645e-02
   8.0000010e+00   1.9505460e-02
   9.0000010e+00   1.9584518e-02
   1.0000001e+01   1.9661913e-02
   1.1000001e+01   1.9737724e-02
   1.2000001e+01   1.9812033e-02
   1.3000001e+01   1.9884905e-02
   1.4000001e+01   1.9956412e-02
   1.5000001e+01   2.0026613e-02
   1.6000000e+01   2.0095564e-02
   1.7000000e+01   2.0163322e-02
   1.8000000e+01   2.0229932e-02
   1.9000000e+01   2.0295441e-02
   2.0000000e+01   2.0359892e-02
   2.1000000e+01   2.0423325e-02
   2.2000000e+01   2.0485774e-02
   2.3000000e+01   2.0547276e-02
   2.4000000e+01   2.0607861e-02
   2.5000000e+01   2.0667557e-02
   2.6000000e+01   2.0726394e-02
   2.7000000e+01   2.0784397e-02
   2.8000000e+01   2.0841585e-02
   2.9000000e+01   2.0897986e-02
   3.0000000e+01   2.0953616e-02
   3.1000000e+01   2.0770729e-02
   3.2000000e+01   2.0588521e-02
   3.3000000e+01   2.0406993e-02
   3.4000000e+01   2.0226141e-02
   3.5000000e+01   2.0045964e-02
   3.6000000e+01   1.9866455e-02
   3.7000000e+01   1.9687617e-02
   3.8000000e+01   1.9509444e-02
   3.9000000e+01   1.9331934e-02
   4.0000000e+01   1.9155087e-02
   4.1000000e+01   1.8978899e-02
   4.2000000e+01   1.8803373e-02
   4.3000000e+01   1.8628502e-02
   4.4000000e+01   1.8454289e-02
   4.5000000e+01   1.8280732e-02
   4.6000000e+01   1.8108057e-02
   4.7000000e+01   1.7938802e-02
   4.8000000e+01   1.7770533e-02
   4.9000000e+01   1.7603081e-02
   5.0000000e+01   1.7436430e-02
   5.1000000e+01   1.7270561e-02
   5.2000000e+01   1.7105464e-02
   5.3000000e+01   1.6941132e-02
   5.4000000e+01   1.6777551e-02
   5.5000000e+01   1.6614717e-02
   5.6000000e+01   1.6452625e-02
   5.7000000e+01   1.6291270e-02
   5.8000000e+01   1.6130647e-02
   5.9000000e+01   1.5970752e-02
   6.0000000e+01   1.5811579e-02
   6.1000000e+01   1.5805999e-02
   6.2000000e+01   1.5800254e-02
   6.3000000e+01   1.5794361e-02
   6.4000000e+01   1.5788335e-02
   6.5000000e+01   1.5782194e-02
   6.6000000e+01   1.5775951e-02
   6.7000000e+01   1.5769621e-02
   6.8000000e+01   1.5763216e-02
   6.9000000e+01   1.5756747e-02
   7.0000000e+01   1.5750224e-02
   7.1000000e+01   1.5743658e-02
   7.2000000e+01   1.5737057e-02
   7.3000000e+01   1.5730428e-02
   7.4000000e+01   1.5723776e-02
   7.5000000e+01   1.5717110e-02
   7.6000000e+01   1.5710434e-02
   7.7000000e+01   1.5703753e-02
   7.8000000e+01   1.5697071e-02
   7.9000000e+01   1.5690392e-02
   8.0000000e+01   1.5683714e-02
   8.1000000e+01   1.5677039e-02
   8.2000000e+01   1.5670370e-02
   8.3000000e+01   1.5663711e-02
   8.4000000e+01   1.5657065e-02
   8.5000000e+01   1.5650436e-02
   8.6000000e+01   1.5643826e-02
   8.7000000e+01   1.5637234e-02
   8.8000000e+01   1.5630664e-02
   8.9000000e+01   1.5624119e-02
   9.0000000e+01   1.5617599e-02
   9.1000000e+01   1.5517345e-02
   9.2000000e+01   1.5417269e-02
   9.3000000e+01   1.5317373e-02
   9.4000000e+01   1.5217653e-02
   9.5000000e+01   1.5118111e-02
   9.6000000e+01   1.5018744e-02
   9.7000000e+01   1.4919554e-02
   9.8000000e+01   1.4820540e-02
   9.9000000e+01   1.4721703e-02
   1.0000000e+02   1.4623041e-02
   1.0100000e+02   1.4524556e-02
   1.0200000e+02   1.4426243e-02
   1.0300000e+02   1.4328104e-02
   1.0400000e+02   1.4230139e-02
   1.0500000e+02   1.4132346e-02
   1.0600000e+02   1.4034724e-02
   1.0700000e+02   1.3937273e-02
   1.0800000e+02   1.3839992e-02
   1.0900000e+02   1.3742881e-02
   1.1000000e+02   1.3645938e-02
   1.1100000e+02   1.3549160e-02
   1.1200000e+02   1.3452546e-02
   1.1300000e+02   1.3356091e-02
   1.1400000e+02   1.3259799e-02
   1.1500000e+02   1.3163669e-02
   1.1600000e+02   1.3067702e-02
   1.1700000e+02   1.2971897e-02
   1.1800000e+02   1.2876255e-02
   1.1900000e+02   1.2780775e-02
   1.2000000e+02   1.2685459e-02
   1.2100000e+02   1.2499504e-02
   1.2200000e+02   1.2313836e-02
   1.2300000e+02   1.2128456e-02
   1.2400000e+02   1.1943364e-02
   1.2500000e+02   1.1758558e-02
   1.2600000e+02   1.1574038e-02
   1.2700000e+02   1.1389804e-02
   1.2800000e+02   1.1205856e-02
   1.2900000e+02   1.1022191e-02
   1.3000000e+02   1.0838813e-02
   1.3100000e+02   1.0655721e-02
   1.3200000e+02   1.0472912e-02
   1.3300000e+02   1.0290387e-02
   1.3400000e+02   1.0108143e-02
   1.3500000e+02   9.9261804e-03
   1.3600000e+02   9.7444979e-03
   1.3700000e+02   9.5630968e-03
   1.3800000e+02   9.3819741e-03
   1.3900000e+02   9.2011271e-03
   1.4000000e+02   9.0205520e-03
   1.4100000e+02   8.8402480e-03
   1.4200000e+02   8.6602131e-03
   1.4300000e+02   8.4804464e-03
   1.4400000e+02   8.3009498e-03
   1.4500000e+02   8.1217224e-03
   1.4600000e+02   7.9427632e-03
   1.4700000e+02   7.7640745e-03
   1.4800000e+02   7.5856545e-03
   1.4900000e+02   7.4075032e-03
   1.5000000e+02   7.2296206e-03
   1.5100000e+02   6.9211614e-03
   1.5200000e+02   6.6131391e-03
   1.5300000e+02   6.3055526e-03
   1.5400000e+02   5.9984010e-03
   1.5500000e+02   5.6916839e-03
   1.5600000e+02   5.3853998e-03
   1.5700000e+02   5.0795465e-03
   1.5800000e+02   4.7741225e-03
   1.5900000e+02   4.4691269e-03
   1.6000000e+02   4.1645546e-03
   1.6100000e+02   3.8604045e-03
   1.6200000e+02   3.5566778e-03
   1.6300000e+02   3.2533747e-03
   1.6400000e+02   2.9504953e-03
   1.6500000e+02   2.6480400e-03
   1.6600000e+02   2.3460083e-03
   1.6700000e+02   2.0444000e-03
   1.6800000e+02   1.7432143e-03
   1.6900000e+02   1.4424513e-03
   1.7000000e+02   1.1421108e-03
   1.7100000e+02   8.4219244e-04
   1.7200000e+02   5.4269593e-04
   1.7300000e+02   2.4362085e-04
   1.7400000e+02  -5.5033408e-05
   1.7500000e+02  -3.5326742e-04
   1.7600000e+02  -6.5108179e-04
   1.7700000e+02  -9.4847730e-04
   1.7800000e+02  -1.2454548e-03
   1.7900000e+02  -1.5420151e-03
   1.8000000e+02  -1.8381589e-03
   1.8100000e+02  -2.1992365e-03
   1.8200000e+02  -2.5598302e-03
   1.8300000e+02  -2.9199410e-03
   1.8400000e+02  -3.2795698e-03
   1.8500000e+02  -3.6387180e-03
   1.8600000e+02  -3.9973860e-03
   1.8700000e+02  -4.3555740e-03
   1.8800000e+02  -4.7132834e-03
   1.8900000e+02  -5.0706076e-03
   1.9000000e+02  -5.4294406e-03
   1.9100000e+02  -5.7882024e-03
   1.9200000e+02  -6.1467886e-03
   1.9300000e+02  -6.5051750e-03
   1.9400000e+02  -6.8633440e-03
   1.9500000e+02  -7.2212797e-03
   1.9600000e+02  -7.5789685e-03
   1.9700000e+02  -7.9363976e-03
   1.9800000e+02  -8.2935560e-03
   1.9900000e+02  -8.6504351e-03
   2.0000000e+02  -9.0070236e-03
   2.0100000e+02  -9.3633169e-03
   2.0200000e+02  -9.7193066e-03
   2.0300000e+02  -1.0074992e-02
   2.0400000e+02  -1.0430370e-02
   2.0500000e+02  -1.0785440e-02
   2.0600000e+02  -1.1140196e-02
   2.0700000e+02  -1.1494636e-02
   2.0800000e+02  -1.1848757e-02
   2.0900000e+02  -1.2202559e-02
   2.1000000e+02  -1.2556040e-02
   2.1100000e+02  -1.2858193e-02
   2.1200000e+02  -1.3159739e-02
   2.1300000e+02  -1.3460689e-02
   2.1400000e+02  -1.3761056e-02
   2.1500000e+02  -1.4060849e-02
   2.1600000e+02  -1.4360082e-02
   2.1700000e+02  -1.4658765e-02
   2.1800000e+02  -1.4956906e-02
   2.1900000e+02  -1.5254517e-02
   2.2000000e+02  -1.5551606e-02
   2.2100000e+02  -1.5848180e-02
   2.2200000e+02  -1.6144248e-02
   2.2300000e+02  -1.6439814e-02
   2.2400000e+02  -1.6734881e-02
   2.2500000e+02  -1.7029461e-02
   2.2600000e+02  -1.7323507e-02
   2.2700000e+02  -1.7617002e-02
   2.2800000e+02  -1.7909950e-02
   2.2900000e+02  -1.8202357e-02
   2.3000000e+02  -1.8494230e-02
   2.3100000e+02  -1.8785577e-02
   2.3200000e+02  -1.9076405e-02
   2.3300000e+02  -1.9366719e-02
   2.3400000e+02  -1.9656522e-02
   2.3500000e+02  -1.9945821e-02
   2.3600000e+02  -2.0234620e-02
   2.3700000e+02  -2.0522926e-02
   2.3800000e+02  -2.0810744e-02
   2.3900000e+02  -2.1098081e-02
   2.4000000e+02  -2.1384956e-02
   2.4100000e+02  -2.1215558e-02
   2.4200000e+02  -2.1047560e-02
   2.4300000e+02  -2.0880880e-02
   2.4400000e+02  -2.0715512e-02
   2.4500000e+02  -2.0551478e-02
   2.4600000e+02  -2.0388793e-02
   2.4700000e+02  -2.0227471e-02
   2.4800000e+02  -2.0067528e-02
   2.4900000e+02  -1.9908970e-02
   2.5000000e+02  -1.9751806e-02
   2.5100000e+02  -1.9596040e-02
   2.5200000e+02  -1.9441679e-02
   2.5300000e+02  -1.9288732e-02
   2.5400000e+02  -1.9137198e-02
   2.5500000e+02  -1.8987086e-02
   2.5600000e+02  -1.8838398e-02
   2.5700000e+02  -1.8691136e-02
   2.5800000e+02  -1.8545298e-02
   2.5900000e+02  -1.8400885e-02
   2.6000000e+02  -1.8257897e-02
   2.6100000e+02  -1.8116331e-02
   2.6200000e+02  -1.7976185e-02
   2.6300000e+02  -1.7837457e-02
   2.6400000e+02  -1.7700147e-02
   2.6500000e+02  -1.7564248e-02
   2.6600000e+02  -1.7429760e-02
   2.6700000e+02  -1.7296679e-02
   2.6800000e+02  -1.7165005e-02
   2.6900000e+02  -1.7034730e-02
   2.7000000e+02  -1.6905852e-02
   2.7100000e+02  -1.5951343e-02
   2.7200000e+02  -1.4997355e-02
   2.7300000e+02  -1.4043882e-02
   2.7400000e+02  -1.3090913e-02
   2.7500000e+02  -1.2138444e-02
   2.7600000e+02  -1.1186467e-02
   2.7700000e+02  -1.0234978e-02
   2.7800000e+02  -9.2839692e-03
   2.7900000e+02  -8.3334362e-03
   2.8000000e+02  -7.3833731e-03
   2.8100000e+02  -6.4337743e-03
   2.8200000e+02  -5.4846350e-03
   2.8300000e+02  -4.5359503e-03
   2.8400000e+02  -3.5877156e-03
   2.8500000e+02  -2.6399256e-03
   2.8600000e+02  -1.6925762e-03
   2.8700000e+02  -7.4566319e-04
   2.8800000e+02   2.0081749e-04
   2.8900000e+02   1.1468697e-03
   2.9000000e+02   2.0924974e-03
   2.9100000e+02   3.0377039e-03
   2.9200000e+02   3.9824937e-03
   2.9300000e+02   4.9268692e-03
   2.9400000e+02   5.8708349e-03
   2.9500000e+02   6.8143937e-03
   2.9600000e+02   7.7575487e-03
   2.9700000e+02   8.7003028e-03
   2.9800000e+02   9.6426597e-03
   2.9900000e+02   1.0584621e-02
   3.0000000e+02   1.1526190e-02
   3.0100000e+02   1.1714627e-02
   3.0200000e+02   1.1903222e-02
   3.0300000e+02   1.2091969e-02
   3.0400000e+02   1.2280866e-02
   3.0500000e+02   1.2469911e-02
   3.0600000e+02   1.2659102e-02
   3.0700000e+02   1.2848436e-02
   3.0800000e+02   1.3037912e-02
   3.0900000e+02   1.3227527e-02
   3.1000000e+02   1.3417282e-02
   3.1100000e+02   1.3607179e-02
   3.1200000e+02   1.3797215e-02
   3.1300000e+02   1.3987389e-02
   3.1400000e+02   1.4177701e-02
   3.1500000e+02   1.4368146e-02
   3.1600000e+02   1.4558724e-02
   3.1700000e+02   1.4749434e-02
   3.1800000e+02   1.4940274e-02
   3.1900000e+02   1.5131243e-02
   3.2000000e+02   1.5322340e-02
   3.2100000e+02   1.5513563e-02
   3.2200000e+02   1.5704911e-02
   3.2300000e+02   1.5896384e-02
   3.2400000e+02   1.6087981e-02
   3.2500000e+02   1.6279699e-02
   3.2600000e+02   1.6471539e-02
   3.2700000e+02   1.6663497e-02
   3.2800000e+02   1.6855577e-02
   3.2900000e+02   1.7047774e-02
   3.3000000e+02   1.7240090e-02
   3.3100000e+02   1.7399153e-02
   3.3200000e+02   1.7557979e-02
   3.3300000e+02   1.7716572e-02
   3.3400000e+02   1.7874932e-02
   3.3500000e+02   1.8033059e-02
   3.3600000e+02   1.8190954e-02
   3.3700000e+02   1.8348616e-02
   3.3800000e+02   1.8506048e-02
   3.3900000e+02   1.8663252e-02
   3.4000000e+02   1.8820228e-02
   3.4100000e+02   1.8976975e-02
   3.4200000e+02   1.9133495e-02
   3.4300000e+02   1.9289786e-02
   3.4400000e+02   1.9445851e-02
   3.4500000e+02   1.9601688e-02
   3.4600000e+02   1.9757297e-02
   3.4700000e+02   1.9912681e-02
   3.4800000e+02   2.0067841e-02
   3.4900000e+02   2.0222774e-02
   3.5000000e+02   2.0377487e-02
   3.5100000e+02   2.0531980e-02
   3.5200000e+02   2.0686250e-02
   3.5300000e+02   2.0840298e-02
   3.5400000e+02   2.0994121e-02
   3.5500000e+02   2.1147722e-02
   3.5600000e+02   2.1301098e-02
   3.5700000e+02   2.1454249e-02
   3.5800000e+02   2.1607175e-02
   3.5900000e+02   2.1759875e-02
   1.4226848e-06   2.1912351e-02
