   0.0000000e+00   7.5793465e+01
   1.0000000e+00   1.9982306e+01
   2.0000000e+00   1.9923784e+01
   3.0000000e+00   1.9860662e+01
   4.0000000e+00   1.9793180e+01
   5.0000000e+00   1.9721931e+01
   6.0000000e+00   1.9647486e+01
   7.0000000e+00   1.9569767e+01
   8.0000000e+00   1.9488195e+01
   9.0000000e+00   1.9403053e+01
   1.0000000e+01   1.9315483e+01
   1.1000000e+01   1.9225082e+01
   1.2000000e+01   1.9131718e+01
   1.3000000e+01   1.9035723e+01
   1.4000000e+01   1.8937302e+01
   1.5000000e+01   1.8836029e+01
   1.6000000e+01   1.8732418e+01
   1.7000000e+01   1.8625893e+01
   1.8000000e+01   1.8516649e+01
   1.9000000e+01   1.8404577e+01
   2.0000000e+01   1.8290260e+01
   2.1000000e+01   1.8173388e+01
   2.2000000e+01   1.8054491e+01
   2.3000000e+01   1.7933020e+01
   2.4000000e+01   1.7809185e+01
   2.5000000e+01   1.7683205e+01
   2.6000000e+01   1.7555595e+01
   2.7000000e+01   1.7426012e+01
   2.8000000e+01   1.7294353e+01
   2.9000000e+01   1.7160812e+01
   3.0000000e+01   1.7025461e+01
   3.1000000e+01   1.6909616e+01
   3.2000000e+01   1.6791460e+01
   3.3000000e+01   1.6671122e+01
   3.4000000e+01   1.6548765e+01
   3.5000000e+01   1.6424295e+01
   3.6000000e+01   1.6298088e+01
   3.7000000e+01   1.6170078e+01
   3.8000000e+01   1.6040331e+01
   3.9000000e+01   1.5908922e+01
   4.0000000e+01   1.5775922e+01
   4.1000000e+01   1.5641234e+01
   4.2000000e+01   1.5505093e+01
   4.3000000e+01   1.5367406e+01
   4.4000000e+01   1.5228586e+01
   4.5000000e+01   1.5088540e+01
   4.6000000e+01   1.4947344e+01
   4.7000000e+01   1.4804932e+01
   4.8000000e+01   1.4661523e+01
   4.9000000e+01   1.4516994e+01
   5.0000000e+01   1.4371413e+01
   5.1000000e+01   1.4225037e+01
   5.2000000e+01   1.4077748e+01
   5.3000000e+01   1.3929618e+01
   5.4000000e+01   1.3781094e+01
   5.5000000e+01   1.3631678e+01
   5.6000000e+01   1.3481629e+01
   5.7000000e+01   1.3331016e+01
   5.8000000e+01   1.3180490e+01
   5.9000000e+01   1.3029929e+01
   6.0000000e+01   1.2879005e+01
   6.1000000e+01   1.2772807e+01
   6.2000000e+01   1.2665807e+01
   6.3000000e+01   1.2558100e+01
   6.4000000e+01   1.2449575e+01
   6.5000000e+01   1.2340288e+01
   6.6000000e+01   1.2230512e+01
   6.7000000e+01   1.2120157e+01
   6.8000000e+01   1.2009255e+01
   6.9000000e+01   1.1898290e+01
   7.0000000e+01   1.1787053e+01
   7.1000000e+01   1.1675708e+01
   7.2000000e+01   1.1564175e+01
   7.3000000e+01   1.1452445e+01
   7.4000000e+01   1.1340574e+01
   7.5000000e+01   1.1228624e+01
   7.6000000e+01   1.1116650e+01
   7.7000000e+01   1.1004707e+01
   7.8000000e+01   1.0892852e+01
   7.9000000e+01   1.0781356e+01
   8.0000000e+01   1.0670111e+01
   8.1000000e+01   1.0558792e+01
   8.2000000e+01   1.0447531e+01
   8.3000000e+01   1.0336490e+01
   8.4000000e+01   1.0225706e+01
   8.5000000e+01   1.0115226e+01
   8.6000000e+01   1.0005085e+01
   8.7000000e+01   9.8950987e+00
   8.8000000e+01   9.7853670e+00
   8.9000000e+01   9.6763039e+00
   9.0000000e+01   9.5678930e+00
   9.1000000e+01   9.1735735e+00
   9.2000000e+01   8.7826281e+00
   9.3000000e+01   8.3954096e+00
   9.4000000e+01   8.0119123e+00
   9.5000000e+01   7.6311502e+00
   9.6000000e+01   7.2575159e+00
   9.7000000e+01   6.8972330e+00
   9.8000000e+01   6.5437841e+00
   9.9000000e+01   6.1970658e+00
   1.0000000e+02   5.8563857e+00
   1.0100000e+02   5.5223966e+00
   1.0200000e+02   5.1948938e+00
   1.0300000e+02   4.8737936e+00
   1.0400000e+02   4.5590177e+00
   1.0500000e+02   4.2504945e+00
   1.0600000e+02   3.9481635e+00
   1.0700000e+02   3.6513062e+00
   1.0800000e+02   3.3603389e+00
   1.0900000e+02   3.0852757e+00
   1.1000000e+02   2.8166828e+00
   1.1100000e+02   2.5529830e+00
   1.1200000e+02   2.2934384e+00
   1.1300000e+02   2.0389850e+00
   1.1400000e+02   1.7902050e+00
   1.1500000e+02   1.5485309e+00
   1.1600000e+02   1.3145450e+00
   1.1700000e+02   1.0950048e+00
   1.1800000e+02   9.1943485e-01
   1.1900000e+02   6.0117000e-01
   1.2000000e+02   2.9834977e-01
   1.2100000e+02   3.1673974e-01
   1.2200000e+02   3.4675762e-01
   1.2300000e+02   3.8436991e-01
   1.2400000e+02   4.2715526e-01
   1.2500000e+02   4.7481504e-01
   1.2600000e+02   6.9548708e-01
   1.2700000e+02   1.0700986e+00
   1.2800000e+02   1.4368200e+00
   1.2900000e+02   1.7864118e+00
   1.3000000e+02   2.1169312e+00
   1.3100000e+02   2.4263353e+00
   1.3200000e+02   2.7169604e+00
   1.3300000e+02   2.9867976e+00
   1.3400000e+02   3.2341900e+00
   1.3500000e+02   3.4540882e+00
   1.3600000e+02   3.6452129e+00
   1.3700000e+02   3.8062558e+00
   1.3800000e+02   3.9389844e+00
   1.3900000e+02   4.0423160e+00
   1.4000000e+02   4.1124864e+00
   1.4100000e+02   4.1509233e+00
   1.4200000e+02   4.1567745e+00
   1.4300000e+02   4.1317444e+00
   1.4400000e+02   4.0726299e+00
   1.4500000e+02   3.9821322e+00
   1.4600000e+02   3.8742211e+00
   1.4700000e+02   3.5690043e+00
   1.4800000e+02   3.1204584e+00
   1.4900000e+02   2.7987614e+00
   1.5000000e+02   2.5462298e+00
   1.5100000e+02   2.4914148e+00
   1.5200000e+02   2.4383180e+00
   1.5300000e+02   2.3869338e+00
   1.5400000e+02   2.3372588e+00
   1.5500000e+02   2.2892902e+00
   1.5600000e+02   2.2430253e+00
   1.5700000e+02   2.1984572e+00
   1.5800000e+02   2.1556151e+00
   1.5900000e+02   2.1144667e+00
   1.6000000e+02   2.0750060e+00
   1.6100000e+02   2.0372264e+00
   1.6200000e+02   2.0009320e+00
   1.6300000e+02   1.9660748e+00
   1.6400000e+02   1.9328334e+00
   1.6500000e+02   1.9012028e+00
   1.6600000e+02   1.8711826e+00
   1.6700000e+02   1.8427691e+00
   1.6800000e+02   1.8159606e+00
   1.6900000e+02   1.7906793e+00
   1.7000000e+02   1.7667344e+00
   1.7100000e+02   1.7444551e+00
   1.7200000e+02   1.7238413e+00
   1.7300000e+02   1.7048875e+00
   1.7400000e+02   1.6875876e+00
   1.7500000e+02   1.6719347e+00
   1.7600000e+02   1.6579218e+00
   1.7700000e+02   1.6455405e+00
   1.7800000e+02   1.6347858e+00
   1.7900000e+02   1.6256498e+00
   1.8000000e+02   1.6181264e+00
   1.8100000e+02   1.5877594e+00
   1.8200000e+02   1.5588803e+00
   1.8300000e+02   1.5314678e+00
   1.8400000e+02   1.5054895e+00
   1.8500000e+02   1.4809192e+00
   1.8600000e+02   1.4577329e+00
   1.8700000e+02   1.4359331e+00
   1.8800000e+02   1.4152153e+00
   1.8900000e+02   1.3957011e+00
   1.9000000e+02   1.3791697e+00
   1.9100000e+02   1.3652526e+00
   1.9200000e+02   1.3531607e+00
   1.9300000e+02   1.3428760e+00
   1.9400000e+02   1.3343778e+00
   1.9500000e+02   1.3276486e+00
   1.9600000e+02   1.3226699e+00
   1.9700000e+02   1.3194250e+00
   1.9800000e+02   1.3178955e+00
   1.9900000e+02   1.3180642e+00
   2.0000000e+02   1.3301252e+00
   2.0100000e+02   1.3547455e+00
   2.0200000e+02   1.3843136e+00
   2.0300000e+02   1.4191312e+00
   2.0400000e+02   1.4601492e+00
   2.0500000e+02   1.5089262e+00
   2.0600000e+02   1.5682869e+00
   2.0700000e+02   1.6444991e+00
   2.0800000e+02   1.7608933e+00
   2.0900000e+02   1.7698513e+00
   2.1000000e+02   1.7315828e+00
   2.1100000e+02   1.8457963e+00
   2.1200000e+02   1.9766048e+00
   2.1300000e+02   2.1175277e+00
   2.1400000e+02   2.2658718e+00
   2.1500000e+02   2.4199584e+00
   2.1600000e+02   2.5839698e+00
   2.1700000e+02   2.7548373e+00
   2.1800000e+02   2.9294863e+00
   2.1900000e+02   3.1076334e+00
   2.2000000e+02   3.2891154e+00
   2.2100000e+02   3.4738150e+00
   2.2200000e+02   3.6616433e+00
   2.2300000e+02   3.7317650e+00
   2.2400000e+02   3.7728517e+00
   2.2500000e+02   3.8080416e+00
   2.2600000e+02   3.8386219e+00
   2.2700000e+02   3.8653245e+00
   2.2800000e+02   3.8887949e+00
   2.2900000e+02   3.9096024e+00
   2.3000000e+02   3.9282672e+00
   2.3100000e+02   3.9452524e+00
   2.3200000e+02   3.9609678e+00
   2.3300000e+02   3.9757724e+00
   2.3400000e+02   3.9899757e+00
   2.3500000e+02   4.0038681e+00
   2.3600000e+02   4.0177121e+00
   2.3700000e+02   4.0317426e+00
   2.3800000e+02   4.0461717e+00
   2.3900000e+02   4.0611882e+00
   2.4000000e+02   4.0769033e+00
   2.4100000e+02   4.1089072e+00
   2.4200000e+02   4.1535134e+00
   2.4300000e+02   4.2097144e+00
   2.4400000e+02   4.2766118e+00
   2.4500000e+02   4.3533964e+00
   2.4600000e+02   4.4393392e+00
   2.4700000e+02   4.5337796e+00
   2.4800000e+02   4.6361232e+00
   2.4900000e+02   4.7458491e+00
   2.5000000e+02   4.8624325e+00
   2.5100000e+02   4.9854155e+00
   2.5200000e+02   5.1143765e+00
   2.5300000e+02   5.2489247e+00
   2.5400000e+02   5.3886981e+00
   2.5500000e+02   5.5333614e+00
   2.5600000e+02   5.6826043e+00
   2.5700000e+02   5.8361359e+00
   2.5800000e+02   5.9936867e+00
   2.5900000e+02   6.1550016e+00
   2.6000000e+02   6.3198438e+00
   2.6100000e+02   6.4879861e+00
   2.6200000e+02   6.6592150e+00
   2.6300000e+02   6.8333287e+00
   2.6400000e+02   7.0101361e+00
   2.6500000e+02   7.1894550e+00
   2.6600000e+02   7.3711085e+00
   2.6700000e+02   7.5549335e+00
   2.6800000e+02   7.7407751e+00
   2.6900000e+02   7.9284797e+00
   2.7000000e+02   8.1178598e+00
   2.7100000e+02   8.2717552e+00
   2.7200000e+02   8.4264650e+00
   2.7300000e+02   8.5819540e+00
   2.7400000e+02   8.7381830e+00
   2.7500000e+02   8.8951168e+00
   2.7600000e+02   9.0527115e+00
   2.7700000e+02   9.2109241e+00
   2.7800000e+02   9.3697119e+00
   2.7900000e+02   9.5290327e+00
   2.8000000e+02   9.6886292e+00
   2.8100000e+02   9.8486605e+00
   2.8200000e+02   1.0009090e+01
   2.8300000e+02   1.0169872e+01
   2.8400000e+02   1.0330955e+01
   2.8500000e+02   1.0492292e+01
   2.8600000e+02   1.0653832e+01
   2.8700000e+02   1.0815524e+01
   2.8800000e+02   1.0977315e+01
   2.8900000e+02   1.1139149e+01
   2.9000000e+02   1.1300974e+01
   2.9100000e+02   1.1462731e+01
   2.9200000e+02   1.1624367e+01
   2.9300000e+02   1.1785637e+01
   2.9400000e+02   1.1946432e+01
   2.9500000e+02   1.2107124e+01
   2.9600000e+02   1.2267643e+01
   2.9700000e+02   1.2427917e+01
   2.9800000e+02   1.2587532e+01
   2.9900000e+02   1.2746578e+01
   3.0000000e+02   1.2905102e+01
   3.0100000e+02   1.3054759e+01
   3.0200000e+02   1.3203840e+01
   3.0300000e+02   1.3352284e+01
   3.0400000e+02   1.3500032e+01
   3.0500000e+02   1.3647024e+01
   3.0600000e+02   1.3793195e+01
   3.0700000e+02   1.3938485e+01
   3.0800000e+02   1.4082833e+01
   3.0900000e+02   1.4226179e+01
   3.1000000e+02   1.4368458e+01
   3.1100000e+02   1.4509608e+01
   3.1200000e+02   1.4649568e+01
   3.1300000e+02   1.4788306e+01
   3.1400000e+02   1.4925727e+01
   3.1500000e+02   1.5061767e+01
   3.1600000e+02   1.5196362e+01
   3.1700000e+02   1.5329449e+01
   3.1800000e+02   1.5460965e+01
   3.1900000e+02   1.5590848e+01
   3.2000000e+02   1.5719032e+01
   3.2100000e+02   1.5845460e+01
   3.2200000e+02   1.5970067e+01
   3.2300000e+02   1.6092791e+01
   3.2400000e+02   1.6213568e+01
   3.2500000e+02   1.6332342e+01
   3.2600000e+02   1.6448938e+01
   3.2700000e+02   1.6563408e+01
   3.2800000e+02   1.6675697e+01
   3.2900000e+02   1.6785746e+01
   3.3000000e+02   1.6893499e+01
   3.3100000e+02   1.6951097e+01
   3.3200000e+02   1.7005846e+01
   3.3300000e+02   1.7057705e+01
   3.3400000e+02   1.7106627e+01
   3.3500000e+02   1.7152565e+01
   3.3600000e+02   1.7195484e+01
   3.3700000e+02   1.7235338e+01
   3.3800000e+02   1.7272089e+01
   3.3900000e+02   1.7305704e+01
   3.4000000e+02   1.7336143e+01
   3.4100000e+02   1.7363375e+01
   3.4200000e+02   1.7387367e+01
   3.4300000e+02   1.7408121e+01
   3.4400000e+02   1.7425596e+01
   3.4500000e+02   1.7439751e+01
   3.4600000e+02   1.7450558e+01
   3.4700000e+02   1.7457996e+01
   3.4800000e+02   1.7462048e+01
   3.4900000e+02   1.7462694e+01
   3.5000000e+02   1.7459919e+01
   3.5100000e+02   1.7453711e+01
   3.5200000e+02   1.7444059e+01
   3.5300000e+02   1.7430954e+01
   3.5400000e+02   1.7414408e+01
   3.5500000e+02   1.7394398e+01
   3.5600000e+02   1.7370924e+01
   3.5700000e+02   1.7343994e+01
   3.5800000e+02   1.7313604e+01
   3.5900000e+02   1.7279766e+01
   2.6219766e-08   1.7242485e+01
