   0.0000000e+00  -1.1508585e-17
   1.0000000e+00   8.2855835e-04
   2.0000000e+00   1.4302352e-03
   3.0000000e+00   2.0390626e-03
   4.0000000e+00   2.6625446e-03
   5.0000000e+00   3.2841284e-03
   6.0000000e+00   3.9011380e-03
   7.0000000e+00   4.5175515e-03
   8.0000000e+00   5.1430375e-03
   9.0000000e+00   5.7601943e-03
   1.0000000e+01   6.3519259e-03
   1.1000000e+01   6.9334898e-03
   1.2000000e+01   7.5106178e-03
   1.3000000e+01   8.0733802e-03
   1.4000000e+01   8.6160200e-03
   1.5000000e+01   9.1537442e-03
   1.6000000e+01   9.6714664e-03
   1.7000000e+01   1.0189294e-02
   1.8000000e+01   1.0702992e-02
   1.9000000e+01   1.1217480e-02
   2.0000000e+01   1.1712563e-02
   2.1000000e+01   1.2202549e-02
   2.2000000e+01   1.2672518e-02
   2.3000000e+01   1.3142113e-02
   2.4000000e+01   1.3606787e-02
   2.5000000e+01   1.4061251e-02
   2.6000000e+01   1.4490588e-02
   2.7000000e+01   1.4909064e-02
   2.8000000e+01   1.5322042e-02
   2.9000000e+01   1.5724581e-02
   3.0000000e+01   1.6116522e-02
   3.1000000e+01   1.6663322e-02
   3.2000000e+01   1.7210385e-02
   3.3000000e+01   1.7757377e-02
   3.4000000e+01   1.8303975e-02
   3.5000000e+01   1.8855123e-02
   3.6000000e+01   1.9400533e-02
   3.7000000e+01   1.9944800e-02
   3.8000000e+01   2.0487783e-02
   3.9000000e+01   2.1029199e-02
   4.0000000e+01   2.1568861e-02
   4.1000000e+01   2.2111991e-02
   4.2000000e+01   2.2653146e-02
   4.3000000e+01   2.3197562e-02
   4.4000000e+01   2.3734119e-02
   4.5000000e+01   2.4267819e-02
   4.6000000e+01   2.4798481e-02
   4.7000000e+01   2.5331689e-02
   4.8000000e+01   2.5861751e-02
   4.9000000e+01   2.6394244e-02
   5.0000000e+01   2.6929241e-02
   5.1000000e+01   2.7460722e-02
   5.2000000e+01   2.7994413e-02
   5.3000000e+01   2.8530402e-02
   5.4000000e+01   2.9056352e-02
   5.5000000e+01   2.9590141e-02
   5.6000000e+01   3.0126004e-02
   5.7000000e+01   3.0663809e-02
   5.8000000e+01   3.1184416e-02
   5.9000000e+01   3.1693384e-02
   6.0000000e+01   3.2203522e-02
   6.1000000e+01   3.2711186e-02
   6.2000000e+01   3.3212952e-02
   6.3000000e+01   3.3708580e-02
   6.4000000e+01   3.4204602e-02
   6.5000000e+01   3.4701131e-02
   6.6000000e+01   3.5191488e-02
   6.7000000e+01   3.5682183e-02
   6.8000000e+01   3.6173318e-02
   6.9000000e+01   3.6651287e-02
   7.0000000e+01   3.7129391e-02
   7.1000000e+01   3.7600975e-02
   7.2000000e+01   3.8072769e-02
   7.3000000e+01   3.8544893e-02
   7.4000000e+01   3.9017349e-02
   7.5000000e+01   3.9490122e-02
   7.6000000e+01   3.9963201e-02
   7.7000000e+01   4.0436585e-02
   7.8000000e+01   4.0910274e-02
   7.9000000e+01   4.1377053e-02
   8.0000000e+01   4.1846298e-02
   8.1000000e+01   4.2325255e-02
   8.2000000e+01   4.2806871e-02
   8.3000000e+01   4.3291278e-02
   8.4000000e+01   4.3778520e-02
   8.5000000e+01   4.4268630e-02
   8.6000000e+01   4.4761650e-02
   8.7000000e+01   4.5265108e-02
   8.8000000e+01   4.5771692e-02
   8.9000000e+01   4.6273995e-02
   9.0000000e+01   4.6779532e-02
   9.1000000e+01   4.8108231e-02
   9.2000000e+01   4.9448676e-02
   9.3000000e+01   5.0801314e-02
   9.4000000e+01   5.2183613e-02
   9.5000000e+01   5.3579774e-02
   9.6000000e+01   5.4990336e-02
   9.7000000e+01   5.6415569e-02
   9.8000000e+01   5.7855703e-02
   9.9000000e+01   5.9311010e-02
   1.0000000e+02   6.0801983e-02
   1.0100000e+02   6.2309839e-02
   1.0200000e+02   6.3835144e-02
   1.0300000e+02   6.5378204e-02
   1.0400000e+02   6.6939324e-02
   1.0500000e+02   6.8518817e-02
   1.0600000e+02   7.0117034e-02
   1.0700000e+02   7.1757838e-02
   1.0800000e+02   7.3443197e-02
   1.0900000e+02   7.5175390e-02
   1.1000000e+02   7.6944649e-02
   1.1100000e+02   7.8740075e-02
   1.1200000e+02   8.0574907e-02
   1.1300000e+02   8.2450233e-02
   1.1400000e+02   8.4367260e-02
   1.1500000e+02   8.6313955e-02
   1.1600000e+02   8.8317692e-02
   1.1700000e+02   9.0380169e-02
   1.1800000e+02   9.2490003e-02
   1.1900000e+02   9.4634697e-02
   1.2000000e+02   9.6814632e-02
   1.2100000e+02   9.7207680e-02
   1.2200000e+02   9.7582668e-02
   1.2300000e+02   9.7965106e-02
   1.2400000e+02   9.8352656e-02
   1.2500000e+02   9.8719269e-02
   1.2600000e+02   9.9064350e-02
   1.2700000e+02   9.9393487e-02
   1.2800000e+02   9.9689797e-02
   1.2900000e+02   9.9953674e-02
   1.3000000e+02   1.0018566e-01
   1.3100000e+02   1.0039621e-01
   1.3200000e+02   1.0058496e-01
   1.3300000e+02   1.0075176e-01
   1.3400000e+02   1.0088808e-01
   1.3500000e+02   1.0099458e-01
   1.3600000e+02   1.0107207e-01
   1.3700000e+02   1.0112899e-01
   1.3800000e+02   1.0116554e-01
   1.3900000e+02   1.0117484e-01
   1.4000000e+02   1.0116448e-01
   1.4100000e+02   1.0113481e-01
   1.4200000e+02   1.0109250e-01
   1.4300000e+02   1.0102583e-01
   1.4400000e+02   1.0093574e-01
   1.4500000e+02   1.0082337e-01
   1.4600000e+02   1.0069518e-01
   1.4700000e+02   1.0055197e-01
   1.4800000e+02   1.0039449e-01
   1.4900000e+02   1.0021890e-01
   1.5000000e+02   1.0002632e-01
   1.5100000e+02   1.0038825e-01
   1.5200000e+02   1.0075551e-01
   1.5300000e+02   1.0112805e-01
   1.5400000e+02   1.0150579e-01
   1.5500000e+02   1.0188862e-01
   1.5600000e+02   1.0227647e-01
   1.5700000e+02   1.0266930e-01
   1.5800000e+02   1.0306700e-01
   1.5900000e+02   1.0346945e-01
   1.6000000e+02   1.0387656e-01
   1.6100000e+02   1.0428824e-01
   1.6200000e+02   1.0470438e-01
   1.6300000e+02   1.0512489e-01
   1.6400000e+02   1.0554967e-01
   1.6500000e+02   1.0597866e-01
   1.6600000e+02   1.0641173e-01
   1.6700000e+02   1.0684882e-01
   1.6800000e+02   1.0728982e-01
   1.6900000e+02   1.0773467e-01
   1.7000000e+02   1.0818327e-01
   1.7100000e+02   1.0863548e-01
   1.7200000e+02   1.0909125e-01
   1.7300000e+02   1.0955054e-01
   1.7400000e+02   1.1001328e-01
   1.7500000e+02   1.1047944e-01
   1.7600000e+02   1.1094899e-01
   1.7700000e+02   1.1142188e-01
   1.7800000e+02   1.1189809e-01
   1.7900000e+02   1.1237754e-01
   1.8000000e+02   1.1286020e-01
   1.8100000e+02   1.1407398e-01
   1.8200000e+02   1.1528657e-01
   1.8300000e+02   1.1649805e-01
   1.8400000e+02   1.1770844e-01
   1.8500000e+02   1.1891779e-01
   1.8600000e+02   1.2012619e-01
   1.8700000e+02   1.2133361e-01
   1.8800000e+02   1.2254008e-01
   1.8900000e+02   1.2374557e-01
   1.9000000e+02   1.2495007e-01
   1.9100000e+02   1.2615360e-01
   1.9200000e+02   1.2735614e-01
   1.9300000e+02   1.2855771e-01
   1.9400000e+02   1.2975839e-01
   1.9500000e+02   1.3095823e-01
   1.9600000e+02   1.3215725e-01
   1.9700000e+02   1.3335548e-01
   1.9800000e+02   1.3455300e-01
   1.9900000e+02   1.3574986e-01
   2.0000000e+02   1.3694610e-01
   2.0100000e+02   1.3814117e-01
   2.0200000e+02   1.3933453e-01
   2.0300000e+02   1.4052609e-01
   2.0400000e+02   1.4171575e-01
   2.0500000e+02   1.4290343e-01
   2.0600000e+02   1.4408912e-01
   2.0700000e+02   1.4527276e-01
   2.0800000e+02   1.4645433e-01
   2.0900000e+02   1.4763378e-01
   2.1000000e+02   1.4881106e-01
   2.1100000e+02   1.4957234e-01
   2.1200000e+02   1.5038069e-01
   2.1300000e+02   1.5123647e-01
   2.1400000e+02   1.5213993e-01
   2.1500000e+02   1.5309148e-01
   2.1600000e+02   1.5390953e-01
   2.1700000e+02   1.5475945e-01
   2.1800000e+02   1.5564334e-01
   2.1900000e+02   1.5656166e-01
   2.2000000e+02   1.5751463e-01
   2.2100000e+02   1.5850256e-01
   2.2200000e+02   1.5952565e-01
   2.2300000e+02   1.6058417e-01
   2.2400000e+02   1.6166991e-01
   2.2500000e+02   1.6277972e-01
   2.2600000e+02   1.6391186e-01
   2.2700000e+02   1.6506474e-01
   2.2800000e+02   1.6623683e-01
   2.2900000e+02   1.6742662e-01
   2.3000000e+02   1.6863260e-01
   2.3100000e+02   1.6985339e-01
   2.3200000e+02   1.7108768e-01
   2.3300000e+02   1.7233425e-01
   2.3400000e+02   1.7359193e-01
   2.3500000e+02   1.7485945e-01
   2.3600000e+02   1.7613569e-01
   2.3700000e+02   1.7741947e-01
   2.3800000e+02   1.7870970e-01
   2.3900000e+02   1.8000530e-01
   2.4000000e+02   1.8130530e-01
   2.4100000e+02   1.7951259e-01
   2.4200000e+02   1.7768835e-01
   2.4300000e+02   1.7583413e-01
   2.4400000e+02   1.7395148e-01
   2.4500000e+02   1.7204180e-01
   2.4600000e+02   1.7010657e-01
   2.4700000e+02   1.6814718e-01
   2.4800000e+02   1.6616490e-01
   2.4900000e+02   1.6416106e-01
   2.5000000e+02   1.6213690e-01
   2.5100000e+02   1.6009365e-01
   2.5200000e+02   1.5803249e-01
   2.5300000e+02   1.5595463e-01
   2.5400000e+02   1.5386118e-01
   2.5500000e+02   1.5175325e-01
   2.5600000e+02   1.4963190e-01
   2.5700000e+02   1.4749815e-01
   2.5800000e+02   1.4535294e-01
   2.5900000e+02   1.4319730e-01
   2.6000000e+02   1.4103211e-01
   2.6100000e+02   1.3885829e-01
   2.6200000e+02   1.3667671e-01
   2.6300000e+02   1.3448821e-01
   2.6400000e+02   1.3229363e-01
   2.6500000e+02   1.3009374e-01
   2.6600000e+02   1.2788932e-01
   2.6700000e+02   1.2568110e-01
   2.6800000e+02   1.2346983e-01
   2.6900000e+02   1.2125619e-01
   2.7000000e+02   1.1904086e-01
   2.7100000e+02   1.1841105e-01
   2.7200000e+02   1.1777539e-01
   2.7300000e+02   1.1713392e-01
   2.7400000e+02   1.1648666e-01
   2.7500000e+02   1.1583369e-01
   2.7600000e+02   1.1517514e-01
   2.7700000e+02   1.1451105e-01
   2.7800000e+02   1.1384147e-01
   2.7900000e+02   1.1316646e-01
   2.8000000e+02   1.1248604e-01
   2.8100000e+02   1.1180033e-01
   2.8200000e+02   1.1110936e-01
   2.8300000e+02   1.1041316e-01
   2.8400000e+02   1.0971180e-01
   2.8500000e+02   1.0900532e-01
   2.8600000e+02   1.0829374e-01
   2.8700000e+02   1.0757714e-01
   2.8800000e+02   1.0685556e-01
   2.8900000e+02   1.0612905e-01
   2.9000000e+02   1.0539768e-01
   2.9100000e+02   1.0466149e-01
   2.9200000e+02   1.0392053e-01
   2.9300000e+02   1.0317487e-01
   2.9400000e+02   1.0242490e-01
   2.9500000e+02   1.0167111e-01
   2.9600000e+02   1.0091303e-01
   2.9700000e+02   1.0015015e-01
   2.9800000e+02   9.9381939e-02
   2.9900000e+02   9.8608039e-02
   3.0000000e+02   9.7827978e-02
   3.0100000e+02   9.7545363e-02
   3.0200000e+02   9.7257785e-02
   3.0300000e+02   9.6965201e-02
   3.0400000e+02   9.6667603e-02
   3.0500000e+02   9.6364968e-02
   3.0600000e+02   9.6057259e-02
   3.0700000e+02   9.5744468e-02
   3.0800000e+02   9.5426582e-02
   3.0900000e+02   9.5103569e-02
   3.1000000e+02   9.4775416e-02
   3.1100000e+02   9.4442099e-02
   3.1200000e+02   9.4103605e-02
   3.1300000e+02   9.3759909e-02
   3.1400000e+02   9.3410999e-02
   3.1500000e+02   9.3056858e-02
   3.1600000e+02   9.2697471e-02
   3.1700000e+02   9.2332847e-02
   3.1800000e+02   9.1962956e-02
   3.1900000e+02   9.1587789e-02
   3.2000000e+02   9.1207333e-02
   3.2100000e+02   9.0821579e-02
   3.2200000e+02   9.0430513e-02
   3.2300000e+02   9.0034142e-02
   3.2400000e+02   8.9632452e-02
   3.2500000e+02   8.9225434e-02
   3.2600000e+02   8.8813074e-02
   3.2700000e+02   8.8395372e-02
   3.2800000e+02   8.7972306e-02
   3.2900000e+02   8.7543875e-02
   3.3000000e+02   8.7110072e-02
   3.3100000e+02   8.7493166e-02
   3.3200000e+02   8.7876968e-02
   3.3300000e+02   8.8261470e-02
   3.3400000e+02   8.8646665e-02
   3.3500000e+02   8.9032538e-02
   3.3600000e+02   8.9419089e-02
   3.3700000e+02   8.9806296e-02
   3.3800000e+02   9.0194143e-02
   3.3900000e+02   9.0582632e-02
   3.4000000e+02   9.0971746e-02
   3.4100000e+02   9.1361478e-02
   3.4200000e+02   9.1751799e-02
   3.4300000e+02   9.2142716e-02
   3.4400000e+02   9.2534222e-02
   3.4500000e+02   9.2926286e-02
   3.4600000e+02   9.3318909e-02
   3.4700000e+02   9.3712084e-02
   3.4800000e+02   9.4105795e-02
   3.4900000e+02   9.4500028e-02
   3.5000000e+02   9.4894789e-02
   3.5100000e+02   9.5290057e-02
   3.5200000e+02   9.5685832e-02
   3.5300000e+02   9.6082106e-02
   3.5400000e+02   9.6478872e-02
   3.5500000e+02   9.6876115e-02
   3.5600000e+02   9.7273827e-02
   3.5700000e+02   9.7672001e-02
   3.5800000e+02   9.8070629e-02
   3.5900000e+02   9.8469697e-02
   2.6219766e-08   9.8869205e-02
