   0.0000000e+00   1.4415744e+04
   1.0000000e+00   1.9117855e+04
   2.0000000e+00   1.9114346e+04
   3.0000000e+00   1.9112205e+04
   4.0000000e+00   1.9111355e+04
   5.0000000e+00   1.9111930e+04
   6.0000000e+00   1.9113701e+04
   7.0000000e+00   1.9116617e+04
   8.0000000e+00   1.9120762e+04
   9.0000000e+00   1.9126473e+04
   1.0000000e+01   1.9133576e+04
   1.1000000e+01   1.9141898e+04
   1.2000000e+01   1.9151400e+04
   1.3000000e+01   1.9162191e+04
   1.4000000e+01   1.9174332e+04
   1.5000000e+01   1.9187672e+04
   1.6000000e+01   1.9202369e+04
   1.7000000e+01   1.9218223e+04
   1.8000000e+01   1.9235281e+04
   1.9000000e+01   1.9253510e+04
   2.0000000e+01   1.9273156e+04
   2.1000000e+01   1.9294018e+04
   2.2000000e+01   1.9316244e+04
   2.3000000e+01   1.9339631e+04
   2.4000000e+01   1.9364234e+04
   2.5000000e+01   1.9390100e+04
   2.6000000e+01   1.9417367e+04
   2.7000000e+01   1.9445871e+04
   2.8000000e+01   1.9475570e+04
   2.9000000e+01   1.9506523e+04
   3.0000000e+01   1.9538727e+04
   3.1000000e+01   1.9561227e+04
   3.2000000e+01   1.9584906e+04
   3.3000000e+01   1.9609730e+04
   3.4000000e+01   1.9635635e+04
   3.5000000e+01   1.9662572e+04
   3.6000000e+01   1.9690639e+04
   3.7000000e+01   1.9719770e+04
   3.8000000e+01   1.9749971e+04
   3.9000000e+01   1.9781230e+04
   4.0000000e+01   1.9813549e+04
   4.1000000e+01   1.9846869e+04
   4.2000000e+01   1.9881232e+04
   4.3000000e+01   1.9916584e+04
   4.4000000e+01   1.9953020e+04
   4.5000000e+01   1.9990479e+04
   4.6000000e+01   2.0028953e+04
   4.7000000e+01   2.0068354e+04
   4.8000000e+01   2.0108740e+04
   4.9000000e+01   2.0150061e+04
   5.0000000e+01   2.0192305e+04
   5.1000000e+01   2.0235516e+04
   5.2000000e+01   2.0279627e+04
   5.3000000e+01   2.0324625e+04
   5.4000000e+01   2.0370609e+04
   5.5000000e+01   2.0417404e+04
   5.6000000e+01   2.0465047e+04
   5.7000000e+01   2.0513521e+04
   5.8000000e+01   2.0562988e+04
   5.9000000e+01   2.0613381e+04
   6.0000000e+01   2.0664570e+04
   6.1000000e+01   2.0697076e+04
   6.2000000e+01   2.0730492e+04
   6.3000000e+01   2.0764791e+04
   6.4000000e+01   2.0799883e+04
   6.5000000e+01   2.0835750e+04
   6.6000000e+01   2.0872434e+04
   6.7000000e+01   2.0909834e+04
   6.8000000e+01   2.0947941e+04
   6.9000000e+01   2.0986855e+04
   7.0000000e+01   2.1026367e+04
   7.1000000e+01   2.1066563e+04
   7.2000000e+01   2.1107334e+04
   7.3000000e+01   2.1148689e+04
   7.4000000e+01   2.1190607e+04
   7.5000000e+01   2.1233064e+04
   7.6000000e+01   2.1276039e+04
   7.7000000e+01   2.1319508e+04
   7.8000000e+01   2.1363449e+04
   7.9000000e+01   2.1407902e+04
   8.0000000e+01   2.1452703e+04
   8.1000000e+01   2.1497840e+04
   8.2000000e+01   2.1543420e+04
   8.3000000e+01   2.1589359e+04
   8.4000000e+01   2.1635641e+04
   8.5000000e+01   2.1682242e+04
   8.6000000e+01   2.1729143e+04
   8.7000000e+01   2.1776260e+04
   8.8000000e+01   2.1823715e+04
   8.9000000e+01   2.1871471e+04
   9.0000000e+01   2.1919355e+04
   9.1000000e+01   2.2097674e+04
   9.2000000e+01   2.2278602e+04
   9.3000000e+01   2.2461959e+04
   9.4000000e+01   2.2647363e+04
   9.5000000e+01   2.2835771e+04
   9.6000000e+01   2.3024623e+04
   9.7000000e+01   2.3210025e+04
   9.8000000e+01   2.3395619e+04
   9.9000000e+01   2.3581350e+04
   1.0000000e+02   2.3767000e+04
   1.0100000e+02   2.3952582e+04
   1.0200000e+02   2.4138064e+04
   1.0300000e+02   2.4323385e+04
   1.0400000e+02   2.4508480e+04
   1.0500000e+02   2.4693291e+04
   1.0600000e+02   2.4877748e+04
   1.0700000e+02   2.5061627e+04
   1.0800000e+02   2.5244623e+04
   1.0900000e+02   2.5418881e+04
   1.1000000e+02   2.5591734e+04
   1.1100000e+02   2.5764732e+04
   1.1200000e+02   2.5938137e+04
   1.1300000e+02   2.6111535e+04
   1.1400000e+02   2.6284859e+04
   1.1500000e+02   2.6458023e+04
   1.1600000e+02   2.6630832e+04
   1.1700000e+02   2.6801473e+04
   1.1800000e+02   2.6963441e+04
   1.1900000e+02   2.7167676e+04
   1.2000000e+02   2.7371344e+04
   1.2100000e+02   2.7324787e+04
   1.2200000e+02   2.7275980e+04
   1.2300000e+02   2.7225332e+04
   1.2400000e+02   2.7173387e+04
   1.2500000e+02   2.7120480e+04
   1.2600000e+02   2.6912561e+04
   1.2700000e+02   2.6574352e+04
   1.2800000e+02   2.6255400e+04
   1.2900000e+02   2.5962027e+04
   1.3000000e+02   2.5693965e+04
   1.3100000e+02   2.5450824e+04
   1.3200000e+02   2.5229217e+04
   1.3300000e+02   2.5029414e+04
   1.3400000e+02   2.4851713e+04
   1.3500000e+02   2.4698701e+04
   1.3600000e+02   2.4570178e+04
   1.3700000e+02   2.4465877e+04
   1.3800000e+02   2.4383730e+04
   1.3900000e+02   2.4324084e+04
   1.4000000e+02   2.4288904e+04
   1.4100000e+02   2.4276826e+04
   1.4200000e+02   2.4288100e+04
   1.4300000e+02   2.4321836e+04
   1.4400000e+02   2.4380467e+04
   1.4500000e+02   2.4462336e+04
   1.4600000e+02   2.4557695e+04
   1.4700000e+02   2.4797920e+04
   1.4800000e+02   2.5151855e+04
   1.4900000e+02   2.5418957e+04
   1.5000000e+02   2.5637980e+04
   1.5100000e+02   2.5686678e+04
   1.5200000e+02   2.5734090e+04
   1.5300000e+02   2.5780201e+04
   1.5400000e+02   2.5825000e+04
   1.5500000e+02   2.5868467e+04
   1.5600000e+02   2.5910592e+04
   1.5700000e+02   2.5951357e+04
   1.5800000e+02   2.5990691e+04
   1.5900000e+02   2.6028637e+04
   1.6000000e+02   2.6065188e+04
   1.6100000e+02   2.6100328e+04
   1.6200000e+02   2.6134213e+04
   1.6300000e+02   2.6166857e+04
   1.6400000e+02   2.6198111e+04
   1.6500000e+02   2.6227965e+04
   1.6600000e+02   2.6256408e+04
   1.6700000e+02   2.6283432e+04
   1.6800000e+02   2.6309027e+04
   1.6900000e+02   2.6333246e+04
   1.7000000e+02   2.6356240e+04
   1.7100000e+02   2.6377729e+04
   1.7200000e+02   2.6397693e+04
   1.7300000e+02   2.6416133e+04
   1.7400000e+02   2.6433045e+04
   1.7500000e+02   2.6448420e+04
   1.7600000e+02   2.6462260e+04
   1.7700000e+02   2.6474559e+04
   1.7800000e+02   2.6485318e+04
   1.7900000e+02   2.6494533e+04
   1.8000000e+02   2.6502207e+04
   1.8100000e+02   2.6507547e+04
   1.8200000e+02   2.6511502e+04
   1.8300000e+02   2.6514074e+04
   1.8400000e+02   2.6515287e+04
   1.8500000e+02   2.6515156e+04
   1.8600000e+02   2.6513684e+04
   1.8700000e+02   2.6510832e+04
   1.8800000e+02   2.6506896e+04
   1.8900000e+02   2.6501775e+04
   1.9000000e+02   2.6494143e+04
   1.9100000e+02   2.6484254e+04
   1.9200000e+02   2.6472684e+04
   1.9300000e+02   2.6459439e+04
   1.9400000e+02   2.6444531e+04
   1.9500000e+02   2.6427971e+04
   1.9600000e+02   2.6409771e+04
   1.9700000e+02   2.6389945e+04
   1.9800000e+02   2.6368500e+04
   1.9900000e+02   2.6345453e+04
   2.0000000e+02   2.6313246e+04
   2.0100000e+02   2.6271994e+04
   2.0200000e+02   2.6227797e+04
   2.0300000e+02   2.6180807e+04
   2.0400000e+02   2.6130855e+04
   2.0500000e+02   2.6077623e+04
   2.0600000e+02   2.6020488e+04
   2.0700000e+02   2.5957990e+04
   2.0800000e+02   2.5884438e+04
   2.0900000e+02   2.5848482e+04
   2.1000000e+02   2.5828395e+04
   2.1100000e+02   2.5699564e+04
   2.1200000e+02   2.5565070e+04
   2.1300000e+02   2.5426693e+04
   2.1400000e+02   2.5285039e+04
   2.1500000e+02   2.5140639e+04
   2.1600000e+02   2.4995070e+04
   2.1700000e+02   2.4846031e+04
   2.1800000e+02   2.4695299e+04
   2.1900000e+02   2.4543025e+04
   2.2000000e+02   2.4389313e+04
   2.2100000e+02   2.4234250e+04
   2.2200000e+02   2.4077914e+04
   2.2300000e+02   2.4005641e+04
   2.2400000e+02   2.3953293e+04
   2.2500000e+02   2.3904398e+04
   2.2600000e+02   2.3858049e+04
   2.2700000e+02   2.3813736e+04
   2.2800000e+02   2.3771021e+04
   2.2900000e+02   2.3729529e+04
   2.3000000e+02   2.3688916e+04
   2.3100000e+02   2.3648889e+04
   2.3200000e+02   2.3609186e+04
   2.3300000e+02   2.3569590e+04
   2.3400000e+02   2.3529910e+04
   2.3500000e+02   2.3489979e+04
   2.3600000e+02   2.3449645e+04
   2.3700000e+02   2.3408777e+04
   2.3800000e+02   2.3367262e+04
   2.3900000e+02   2.3325000e+04
   2.4000000e+02   2.3281941e+04
   2.4100000e+02   2.3313180e+04
   2.4200000e+02   2.3336445e+04
   2.4300000e+02   2.3352389e+04
   2.4400000e+02   2.3361605e+04
   2.4500000e+02   2.3364646e+04
   2.4600000e+02   2.3362010e+04
   2.4700000e+02   2.3354156e+04
   2.4800000e+02   2.3341506e+04
   2.4900000e+02   2.3324422e+04
   2.5000000e+02   2.3303299e+04
   2.5100000e+02   2.3278477e+04
   2.5200000e+02   2.3250262e+04
   2.5300000e+02   2.3218943e+04
   2.5400000e+02   2.3184789e+04
   2.5500000e+02   2.3148043e+04
   2.5600000e+02   2.3108939e+04
   2.5700000e+02   2.3067686e+04
   2.5800000e+02   2.3024484e+04
   2.5900000e+02   2.2979518e+04
   2.6000000e+02   2.2932955e+04
   2.6100000e+02   2.2884959e+04
   2.6200000e+02   2.2835680e+04
   2.6300000e+02   2.2785260e+04
   2.6400000e+02   2.2733822e+04
   2.6500000e+02   2.2681494e+04
   2.6600000e+02   2.2628389e+04
   2.6700000e+02   2.2574613e+04
   2.6800000e+02   2.2520264e+04
   2.6900000e+02   2.2465434e+04
   2.7000000e+02   2.2410254e+04
   2.7100000e+02   2.2336234e+04
   2.7200000e+02   2.2262410e+04
   2.7300000e+02   2.2188805e+04
   2.7400000e+02   2.2115445e+04
   2.7500000e+02   2.2042359e+04
   2.7600000e+02   2.1969566e+04
   2.7700000e+02   2.1897084e+04
   2.7800000e+02   2.1824939e+04
   2.7900000e+02   2.1753152e+04
   2.8000000e+02   2.1681957e+04
   2.8100000e+02   2.1611170e+04
   2.8200000e+02   2.1540797e+04
   2.8300000e+02   2.1470863e+04
   2.8400000e+02   2.1401393e+04
   2.8500000e+02   2.1332404e+04
   2.8600000e+02   2.1263918e+04
   2.8700000e+02   2.1195957e+04
   2.8800000e+02   2.1128541e+04
   2.8900000e+02   2.1061691e+04
   2.9000000e+02   2.0995428e+04
   2.9100000e+02   2.0929768e+04
   2.9200000e+02   2.0864732e+04
   2.9300000e+02   2.0800418e+04
   2.9400000e+02   2.0736844e+04
   2.9500000e+02   2.0673844e+04
   2.9600000e+02   2.0611451e+04
   2.9700000e+02   2.0549705e+04
   2.9800000e+02   2.0488787e+04
   2.9900000e+02   2.0428658e+04
   3.0000000e+02   2.0369301e+04
   3.0100000e+02   2.0303016e+04
   3.0200000e+02   2.0237492e+04
   3.0300000e+02   2.0172744e+04
   3.0400000e+02   2.0108785e+04
   3.0500000e+02   2.0045635e+04
   3.0600000e+02   1.9983307e+04
   3.0700000e+02   1.9921818e+04
   3.0800000e+02   1.9861180e+04
   3.0900000e+02   1.9801406e+04
   3.1000000e+02   1.9742512e+04
   3.1100000e+02   1.9684510e+04
   3.1200000e+02   1.9627412e+04
   3.1300000e+02   1.9571207e+04
   3.1400000e+02   1.9515932e+04
   3.1500000e+02   1.9461598e+04
   3.1600000e+02   1.9408219e+04
   3.1700000e+02   1.9355803e+04
   3.1800000e+02   1.9304361e+04
   3.1900000e+02   1.9253904e+04
   3.2000000e+02   1.9204445e+04
   3.2100000e+02   1.9155988e+04
   3.2200000e+02   1.9108547e+04
   3.2300000e+02   1.9062129e+04
   3.2400000e+02   1.9016744e+04
   3.2500000e+02   1.8972398e+04
   3.2600000e+02   1.8929178e+04
   3.2700000e+02   1.8887010e+04
   3.2800000e+02   1.8845910e+04
   3.2900000e+02   1.8805879e+04
   3.3000000e+02   1.8766924e+04
   3.3100000e+02   1.8728434e+04
   3.3200000e+02   1.8690953e+04
   3.3300000e+02   1.8654492e+04
   3.3400000e+02   1.8619053e+04
   3.3500000e+02   1.8584646e+04
   3.3600000e+02   1.8551279e+04
   3.3700000e+02   1.8518957e+04
   3.3800000e+02   1.8487691e+04
   3.3900000e+02   1.8457482e+04
   3.4000000e+02   1.8428340e+04
   3.4100000e+02   1.8400270e+04
   3.4200000e+02   1.8373279e+04
   3.4300000e+02   1.8347354e+04
   3.4400000e+02   1.8322508e+04
   3.4500000e+02   1.8298758e+04
   3.4600000e+02   1.8276111e+04
   3.4700000e+02   1.8254572e+04
   3.4800000e+02   1.8234146e+04
   3.4900000e+02   1.8214838e+04
   3.5000000e+02   1.8196654e+04
   3.5100000e+02   1.8179598e+04
   3.5200000e+02   1.8163672e+04
   3.5300000e+02   1.8148883e+04
   3.5400000e+02   1.8135229e+04
   3.5500000e+02   1.8122719e+04
   3.5600000e+02   1.8111355e+04
   3.5700000e+02   1.8101146e+04
   3.5800000e+02   1.8092094e+04
   3.5900000e+02   1.8084201e+04
   2.6219766e-08   1.8077469e+04
