   0.0000000e+00   1.4542490e-01
   1.0000000e+00   1.6667739e-01
   2.0000000e+00   1.6701114e-01
   3.0000000e+00   1.6737328e-01
   4.0000000e+00   1.6773771e-01
   5.0000000e+00   1.6810359e-01
   6.0000000e+00   1.6847259e-01
   7.0000000e+00   1.6884488e-01
   8.0000000e+00   1.6922000e-01
   9.0000000e+00   1.6959694e-01
   1.0000000e+01   1.6997729e-01
   1.1000000e+01   1.7036238e-01
   1.2000000e+01   1.7075071e-01
   1.3000000e+01   1.7114165e-01
   1.4000000e+01   1.7153598e-01
   1.5000000e+01   1.7193396e-01
   1.6000000e+01   1.7233428e-01
   1.7000000e+01   1.7273797e-01
   1.8000000e+01   1.7314343e-01
   1.9000000e+01   1.7355089e-01
   2.0000000e+01   1.7395997e-01
   2.1000000e+01   1.7437197e-01
   2.2000000e+01   1.7478585e-01
   2.3000000e+01   1.7520249e-01
   2.4000000e+01   1.7562050e-01
   2.5000000e+01   1.7604014e-01
   2.6000000e+01   1.7646170e-01
   2.7000000e+01   1.7688592e-01
   2.8000000e+01   1.7731188e-01
   2.9000000e+01   1.7773920e-01
   3.0000000e+01   1.7816807e-01
   3.1000000e+01   1.7779304e-01
   3.2000000e+01   1.7741796e-01
   3.3000000e+01   1.7704287e-01
   3.4000000e+01   1.7666776e-01
   3.5000000e+01   1.7629285e-01
   3.6000000e+01   1.7591797e-01
   3.7000000e+01   1.7554335e-01
   3.8000000e+01   1.7516875e-01
   3.9000000e+01   1.7479418e-01
   4.0000000e+01   1.7441969e-01
   4.1000000e+01   1.7404525e-01
   4.2000000e+01   1.7367062e-01
   4.3000000e+01   1.7329608e-01
   4.4000000e+01   1.7292136e-01
   4.5000000e+01   1.7254704e-01
   4.6000000e+01   1.7217287e-01
   4.7000000e+01   1.7179886e-01
   4.8000000e+01   1.7142472e-01
   4.9000000e+01   1.7105074e-01
   5.0000000e+01   1.7067665e-01
   5.1000000e+01   1.7030242e-01
   5.2000000e+01   1.6992839e-01
   5.3000000e+01   1.6955425e-01
   5.4000000e+01   1.6917999e-01
   5.5000000e+01   1.6880627e-01
   5.6000000e+01   1.6843215e-01
   5.7000000e+01   1.6805792e-01
   5.8000000e+01   1.6768362e-01
   5.9000000e+01   1.6731022e-01
   6.0000000e+01   1.6693744e-01
   6.1000000e+01   1.6498671e-01
   6.2000000e+01   1.6304871e-01
   6.3000000e+01   1.6112266e-01
   6.4000000e+01   1.5920752e-01
   6.5000000e+01   1.5730317e-01
   6.6000000e+01   1.5540941e-01
   6.7000000e+01   1.5352449e-01
   6.8000000e+01   1.5164918e-01
   6.9000000e+01   1.4978324e-01
   7.0000000e+01   1.4792205e-01
   7.1000000e+01   1.4606883e-01
   7.2000000e+01   1.4422074e-01
   7.3000000e+01   1.4237984e-01
   7.4000000e+01   1.4054601e-01
   7.5000000e+01   1.3871911e-01
   7.6000000e+01   1.3689901e-01
   7.7000000e+01   1.3508555e-01
   7.8000000e+01   1.3327859e-01
   7.9000000e+01   1.3147804e-01
   8.0000000e+01   1.2967914e-01
   8.1000000e+01   1.2788743e-01
   8.2000000e+01   1.2610799e-01
   8.3000000e+01   1.2433644e-01
   8.4000000e+01   1.2257294e-01
   8.5000000e+01   1.2081760e-01
   8.6000000e+01   1.1907054e-01
   8.7000000e+01   1.1733188e-01
   8.8000000e+01   1.1560813e-01
   8.9000000e+01   1.1389352e-01
   9.0000000e+01   1.1218146e-01
   9.1000000e+01   1.2100614e-01
   9.2000000e+01   1.2995444e-01
   9.3000000e+01   1.3901488e-01
   9.4000000e+01   1.4816628e-01
   9.5000000e+01   1.5747604e-01
   9.6000000e+01   1.6675457e-01
   9.7000000e+01   1.7571543e-01
   9.8000000e+01   1.8463713e-01
   9.9000000e+01   1.9351889e-01
   1.0000000e+02   2.0235988e-01
   1.0100000e+02   2.1115053e-01
   1.0200000e+02   2.1989486e-01
   1.0300000e+02   2.2859162e-01
   1.0400000e+02   2.3723951e-01
   1.0500000e+02   2.4583709e-01
   1.0600000e+02   2.5438273e-01
   1.0700000e+02   2.6287460e-01
   1.0800000e+02   2.7128890e-01
   1.0900000e+02   2.7906892e-01
   1.1000000e+02   2.8673503e-01
   1.1100000e+02   2.9439428e-01
   1.1200000e+02   3.0207324e-01
   1.1300000e+02   3.0973724e-01
   1.1400000e+02   3.1737572e-01
   1.1500000e+02   3.2496640e-01
   1.1600000e+02   3.3249357e-01
   1.1700000e+02   3.3976489e-01
   1.1800000e+02   3.4602252e-01
   1.1900000e+02   3.5672846e-01
   1.2000000e+02   3.6726978e-01
   1.2100000e+02   3.5979840e-01
   1.2200000e+02   3.5210794e-01
   1.2300000e+02   3.4427202e-01
   1.2400000e+02   3.3635467e-01
   1.2500000e+02   3.2837903e-01
   1.2600000e+02   3.0960554e-01
   1.2700000e+02   2.8170219e-01
   1.2800000e+02   2.5508490e-01
   1.2900000e+02   2.3021360e-01
   1.3000000e+02   2.0708862e-01
   1.3100000e+02   1.8570586e-01
   1.3200000e+02   1.6584145e-01
   1.3300000e+02   1.4752926e-01
   1.3400000e+02   1.3079974e-01
   1.3500000e+02   1.1585244e-01
   1.3600000e+02   1.0268631e-01
   1.3700000e+02   9.1299139e-02
   1.3800000e+02   8.1552319e-02
   1.3900000e+02   7.3475733e-02
   1.4000000e+02   6.7221925e-02
   1.4100000e+02   6.2698446e-02
   1.4200000e+02   5.9930079e-02
   1.4300000e+02   5.8848519e-02
   1.4400000e+02   5.9622332e-02
   1.4500000e+02   6.2136121e-02
   1.4600000e+02   6.5689094e-02
   1.4700000e+02   7.9730853e-02
   1.4800000e+02   1.0193665e-01
   1.4900000e+02   1.1791849e-01
   1.5000000e+02   1.3050020e-01
   1.5100000e+02   1.3129710e-01
   1.5200000e+02   1.3209029e-01
   1.5300000e+02   1.3287961e-01
   1.5400000e+02   1.3366495e-01
   1.5500000e+02   1.3444611e-01
   1.5600000e+02   1.3522291e-01
   1.5700000e+02   1.3599521e-01
   1.5800000e+02   1.3676289e-01
   1.5900000e+02   1.3752580e-01
   1.6000000e+02   1.3828374e-01
   1.6100000e+02   1.3903658e-01
   1.6200000e+02   1.3979542e-01
   1.6300000e+02   1.4056340e-01
   1.6400000e+02   1.4132929e-01
   1.6500000e+02   1.4209291e-01
   1.6600000e+02   1.4285405e-01
   1.6700000e+02   1.4361249e-01
   1.6800000e+02   1.4436805e-01
   1.6900000e+02   1.4512488e-01
   1.7000000e+02   1.4589401e-01
   1.7100000e+02   1.4665569e-01
   1.7200000e+02   1.4740945e-01
   1.7300000e+02   1.4815520e-01
   1.7400000e+02   1.4889289e-01
   1.7500000e+02   1.4962249e-01
   1.7600000e+02   1.5034394e-01
   1.7700000e+02   1.5105726e-01
   1.7800000e+02   1.5176244e-01
   1.7900000e+02   1.5245946e-01
   1.8000000e+02   1.5314831e-01
   1.8100000e+02   1.5410531e-01
   1.8200000e+02   1.5506943e-01
   1.8300000e+02   1.5604122e-01
   1.8400000e+02   1.5702139e-01
   1.8500000e+02   1.5801065e-01
   1.8600000e+02   1.5901025e-01
   1.8700000e+02   1.6002133e-01
   1.8800000e+02   1.6106001e-01
   1.8900000e+02   1.6211882e-01
   1.9000000e+02   1.6308448e-01
   1.9100000e+02   1.6397898e-01
   1.9200000e+02   1.6485181e-01
   1.9300000e+02   1.6570345e-01
   1.9400000e+02   1.6653432e-01
   1.9500000e+02   1.6734485e-01
   1.9600000e+02   1.6813551e-01
   1.9700000e+02   1.6890670e-01
   1.9800000e+02   1.6965887e-01
   1.9900000e+02   1.7039245e-01
   2.0000000e+02   1.7044905e-01
   2.0100000e+02   1.6983050e-01
   2.0200000e+02   1.6906139e-01
   2.0300000e+02   1.6814925e-01
   2.0400000e+02   1.6707188e-01
   2.0500000e+02   1.6578990e-01
   2.0600000e+02   1.6422921e-01
   2.0700000e+02   1.6222015e-01
   2.0800000e+02   1.5911196e-01
   2.0900000e+02   1.5992576e-01
   2.1000000e+02   1.6246861e-01
   2.1100000e+02   1.5716876e-01
   2.1200000e+02   1.5140158e-01
   2.1300000e+02   1.4535753e-01
   2.1400000e+02   1.3910985e-01
   2.1500000e+02   1.3271230e-01
   2.1600000e+02   1.2620047e-01
   2.1700000e+02   1.1948033e-01
   2.1800000e+02   1.1270108e-01
   2.1900000e+02   1.0587567e-01
   2.2000000e+02   9.9012129e-02
   2.2100000e+02   9.2116974e-02
   2.2200000e+02   8.5195690e-02
   2.2300000e+02   8.4380873e-02
   2.2400000e+02   8.5075952e-02
   2.2500000e+02   8.6097248e-02
   2.2600000e+02   8.7378107e-02
   2.2700000e+02   8.8880681e-02
   2.2800000e+02   9.0571977e-02
   2.2900000e+02   9.2423230e-02
   2.3000000e+02   9.4408408e-02
   2.3100000e+02   9.6504487e-02
   2.3200000e+02   9.8691188e-02
   2.3300000e+02   1.0095069e-01
   2.3400000e+02   1.0326792e-01
   2.3500000e+02   1.0562869e-01
   2.3600000e+02   1.0802037e-01
   2.3700000e+02   1.1043164e-01
   2.3800000e+02   1.1285230e-01
   2.3900000e+02   1.1527339e-01
   2.4000000e+02   1.1768964e-01
   2.4100000e+02   1.2394568e-01
   2.4200000e+02   1.2965831e-01
   2.4300000e+02   1.3487309e-01
   2.4400000e+02   1.3963126e-01
   2.4500000e+02   1.4397043e-01
   2.4600000e+02   1.4792505e-01
   2.4700000e+02   1.5152654e-01
   2.4800000e+02   1.5480366e-01
   2.4900000e+02   1.5778269e-01
   2.5000000e+02   1.6048780e-01
   2.5100000e+02   1.6294119e-01
   2.5200000e+02   1.6516329e-01
   2.5300000e+02   1.6717288e-01
   2.5400000e+02   1.6898736e-01
   2.5500000e+02   1.7062265e-01
   2.5600000e+02   1.7209345e-01
   2.5700000e+02   1.7341329e-01
   2.5800000e+02   1.7459463e-01
   2.5900000e+02   1.7564897e-01
   2.6000000e+02   1.7658699e-01
   2.6100000e+02   1.7741849e-01
   2.6200000e+02   1.7815258e-01
   2.6300000e+02   1.7879765e-01
   2.6400000e+02   1.7936146e-01
   2.6500000e+02   1.7985122e-01
   2.6600000e+02   1.8027370e-01
   2.6700000e+02   1.8063493e-01
   2.6800000e+02   1.8094039e-01
   2.6900000e+02   1.8119541e-01
   2.7000000e+02   1.8140486e-01
   2.7100000e+02   1.8111542e-01
   2.7200000e+02   1.8082500e-01
   2.7300000e+02   1.8053357e-01
   2.7400000e+02   1.8024126e-01
   2.7500000e+02   1.7994802e-01
   2.7600000e+02   1.7965394e-01
   2.7700000e+02   1.7935903e-01
   2.7800000e+02   1.7906334e-01
   2.7900000e+02   1.7876689e-01
   2.8000000e+02   1.7846975e-01
   2.8100000e+02   1.7817190e-01
   2.8200000e+02   1.7787342e-01
   2.8300000e+02   1.7757434e-01
   2.8400000e+02   1.7727469e-01
   2.8500000e+02   1.7697448e-01
   2.8600000e+02   1.7667377e-01
   2.8700000e+02   1.7637256e-01
   2.8800000e+02   1.7607091e-01
   2.8900000e+02   1.7576884e-01
   2.9000000e+02   1.7546637e-01
   2.9100000e+02   1.7516355e-01
   2.9200000e+02   1.7486039e-01
   2.9300000e+02   1.7456442e-01
   2.9400000e+02   1.7427763e-01
   2.9500000e+02   1.7398264e-01
   2.9600000e+02   1.7368068e-01
   2.9700000e+02   1.7337285e-01
   2.9800000e+02   1.7307226e-01
   2.9900000e+02   1.7277402e-01
   3.0000000e+02   1.7247488e-01
   3.0100000e+02   1.7191726e-01
   3.0200000e+02   1.7135744e-01
   3.0300000e+02   1.7079541e-01
   3.0400000e+02   1.7023118e-01
   3.0500000e+02   1.6966476e-01
   3.0600000e+02   1.6909616e-01
   3.0700000e+02   1.6852540e-01
   3.0800000e+02   1.6795248e-01
   3.0900000e+02   1.6737743e-01
   3.1000000e+02   1.6680023e-01
   3.1100000e+02   1.6622090e-01
   3.1200000e+02   1.6563949e-01
   3.1300000e+02   1.6505596e-01
   3.1400000e+02   1.6447033e-01
   3.1500000e+02   1.6388261e-01
   3.1600000e+02   1.6329284e-01
   3.1700000e+02   1.6270101e-01
   3.1800000e+02   1.6210710e-01
   3.1900000e+02   1.6151117e-01
   3.2000000e+02   1.6091321e-01
   3.2100000e+02   1.6031323e-01
   3.2200000e+02   1.5971123e-01
   3.2300000e+02   1.5910724e-01
   3.2400000e+02   1.5850125e-01
   3.2500000e+02   1.5789329e-01
   3.2600000e+02   1.5728335e-01
   3.2700000e+02   1.5667145e-01
   3.2800000e+02   1.5605761e-01
   3.2900000e+02   1.5544182e-01
   3.3000000e+02   1.5482409e-01
   3.3100000e+02   1.5483361e-01
   3.3200000e+02   1.5484302e-01
   3.3300000e+02   1.5485232e-01
   3.3400000e+02   1.5486148e-01
   3.3500000e+02   1.5487053e-01
   3.3600000e+02   1.5487948e-01
   3.3700000e+02   1.5488830e-01
   3.3800000e+02   1.5489702e-01
   3.3900000e+02   1.5490563e-01
   3.4000000e+02   1.5491411e-01
   3.4100000e+02   1.5492252e-01
   3.4200000e+02   1.5493079e-01
   3.4300000e+02   1.5493898e-01
   3.4400000e+02   1.5494706e-01
   3.4500000e+02   1.5495503e-01
   3.4600000e+02   1.5496290e-01
   3.4700000e+02   1.5497068e-01
   3.4800000e+02   1.5497835e-01
   3.4900000e+02   1.5498593e-01
   3.5000000e+02   1.5499341e-01
   3.5100000e+02   1.5500081e-01
   3.5200000e+02   1.5500811e-01
   3.5300000e+02   1.5501532e-01
   3.5400000e+02   1.5502243e-01
   3.5500000e+02   1.5502945e-01
   3.5600000e+02   1.5503637e-01
   3.5700000e+02   1.5504321e-01
   3.5800000e+02   1.5504998e-01
   3.5900000e+02   1.5505666e-01
   2.6219766e-08   1.5506323e-01
