   0.0000000e+00   1.1149339e+02
   1.0000000e+00   3.2667229e+01
   2.0000000e+00   3.2622402e+01
   3.0000000e+00   3.2573605e+01
   4.0000000e+00   3.2520527e+01
   5.0000000e+00   3.2463295e+01
   6.0000000e+00   3.2401943e+01
   7.0000000e+00   3.2336487e+01
   8.0000000e+00   3.2266956e+01
   9.0000000e+00   3.2193401e+01
   1.0000000e+01   3.2115849e+01
   1.1000000e+01   3.2034344e+01
   1.2000000e+01   3.1948919e+01
   1.3000000e+01   3.1859581e+01
   1.4000000e+01   3.1766403e+01
   1.5000000e+01   3.1669472e+01
   1.6000000e+01   3.1568855e+01
   1.7000000e+01   3.1464607e+01
   1.8000000e+01   3.1356796e+01
   1.9000000e+01   3.1245493e+01
   2.0000000e+01   3.1130812e+01
   2.1000000e+01   3.1012802e+01
   2.2000000e+01   3.0891495e+01
   2.3000000e+01   3.0766977e+01
   2.4000000e+01   3.0639336e+01
   2.5000000e+01   3.0508646e+01
   2.6000000e+01   3.0374985e+01
   2.7000000e+01   3.0238438e+01
   2.8000000e+01   3.0099091e+01
   2.9000000e+01   2.9957026e+01
   3.0000000e+01   2.9812334e+01
   3.1000000e+01   2.9649424e+01
   3.2000000e+01   2.9483858e+01
   3.3000000e+01   2.9315731e+01
   3.4000000e+01   2.9145149e+01
   3.5000000e+01   2.8972204e+01
   3.6000000e+01   2.8796999e+01
   3.7000000e+01   2.8619577e+01
   3.8000000e+01   2.8440086e+01
   3.9000000e+01   2.8258636e+01
   4.0000000e+01   2.8075329e+01
   4.1000000e+01   2.7890266e+01
   4.2000000e+01   2.7703552e+01
   4.3000000e+01   2.7515282e+01
   4.4000000e+01   2.7325556e+01
   4.5000000e+01   2.7134470e+01
   4.6000000e+01   2.6942129e+01
   4.7000000e+01   2.6748629e+01
   4.8000000e+01   2.6554041e+01
   4.9000000e+01   2.6358471e+01
   5.0000000e+01   2.6162025e+01
   5.1000000e+01   2.5964794e+01
   5.2000000e+01   2.5766867e+01
   5.3000000e+01   2.5568342e+01
   5.4000000e+01   2.5369305e+01
   5.5000000e+01   2.5169844e+01
   5.6000000e+01   2.4970047e+01
   5.7000000e+01   2.4769997e+01
   5.8000000e+01   2.4569777e+01
   5.9000000e+01   2.4369465e+01
   6.0000000e+01   2.4169140e+01
   6.1000000e+01   2.3953096e+01
   6.2000000e+01   2.3736874e+01
   6.3000000e+01   2.3520548e+01
   6.4000000e+01   2.3304201e+01
   6.5000000e+01   2.3087910e+01
   6.6000000e+01   2.2871750e+01
   6.7000000e+01   2.2655798e+01
   6.8000000e+01   2.2440117e+01
   6.9000000e+01   2.2224768e+01
   7.0000000e+01   2.2009819e+01
   7.1000000e+01   2.1795334e+01
   7.2000000e+01   2.1581375e+01
   7.3000000e+01   2.1368000e+01
   7.4000000e+01   2.1155268e+01
   7.5000000e+01   2.0943233e+01
   7.6000000e+01   2.0731949e+01
   7.7000000e+01   2.0521469e+01
   7.8000000e+01   2.0311840e+01
   7.9000000e+01   2.0103111e+01
   8.0000000e+01   1.9895340e+01
   8.1000000e+01   1.9688591e+01
   8.2000000e+01   1.9482895e+01
   8.3000000e+01   1.9278265e+01
   8.4000000e+01   1.9074741e+01
   8.5000000e+01   1.8872356e+01
   8.6000000e+01   1.8671146e+01
   8.7000000e+01   1.8471151e+01
   8.8000000e+01   1.8272398e+01
   8.9000000e+01   1.8074907e+01
   9.0000000e+01   1.7878702e+01
   9.1000000e+01   1.7670534e+01
   9.2000000e+01   1.7462603e+01
   9.3000000e+01   1.7254869e+01
   9.4000000e+01   1.7047380e+01
   9.5000000e+01   1.6840172e+01
   9.6000000e+01   1.6633261e+01
   9.7000000e+01   1.6426659e+01
   9.8000000e+01   1.6220362e+01
   9.9000000e+01   1.6014360e+01
   1.0000000e+02   1.5808693e+01
   1.0100000e+02   1.5603348e+01
   1.0200000e+02   1.5398319e+01
   1.0300000e+02   1.5193632e+01
   1.0400000e+02   1.4989264e+01
   1.0500000e+02   1.4785240e+01
   1.0600000e+02   1.4581748e+01
   1.0700000e+02   1.4379122e+01
   1.0800000e+02   1.4176887e+01
   1.0900000e+02   1.3975018e+01
   1.1000000e+02   1.3773513e+01
   1.1100000e+02   1.3572372e+01
   1.1200000e+02   1.3371592e+01
   1.1300000e+02   1.3171158e+01
   1.1400000e+02   1.2971053e+01
   1.1500000e+02   1.2771245e+01
   1.1600000e+02   1.2571721e+01
   1.1700000e+02   1.2372458e+01
   1.1800000e+02   1.2173446e+01
   1.1900000e+02   1.1974667e+01
   1.2000000e+02   1.1776097e+01
   1.2100000e+02   1.1586071e+01
   1.2200000e+02   1.1390145e+01
   1.2300000e+02   1.1190157e+01
   1.2400000e+02   1.0991244e+01
   1.2500000e+02   1.0794241e+01
   1.2600000e+02   1.0597851e+01
   1.2700000e+02   1.0402114e+01
   1.2800000e+02   1.0207264e+01
   1.2900000e+02   1.0013597e+01
   1.3000000e+02   9.8213892e+00
   1.3100000e+02   9.6308851e+00
   1.3200000e+02   9.4423084e+00
   1.3300000e+02   9.2558613e+00
   1.3400000e+02   9.0717220e+00
   1.3500000e+02   8.8900566e+00
   1.3600000e+02   8.7110100e+00
   1.3700000e+02   8.5347157e+00
   1.3800000e+02   8.3612890e+00
   1.3900000e+02   8.1908407e+00
   1.4000000e+02   8.0234604e+00
   1.4100000e+02   7.8592358e+00
   1.4200000e+02   7.6982398e+00
   1.4300000e+02   7.5422449e+00
   1.4400000e+02   7.3900928e+00
   1.4500000e+02   7.2405124e+00
   1.4600000e+02   7.0935740e+00
   1.4700000e+02   6.9493208e+00
   1.4800000e+02   6.8077850e+00
   1.4900000e+02   6.6689954e+00
   1.5000000e+02   6.5329719e+00
   1.5100000e+02   6.5057168e+00
   1.5200000e+02   6.4800301e+00
   1.5300000e+02   6.4558778e+00
   1.5400000e+02   6.4332275e+00
   1.5500000e+02   6.4120512e+00
   1.5600000e+02   6.3923192e+00
   1.5700000e+02   6.3740053e+00
   1.5800000e+02   6.3570876e+00
   1.5900000e+02   6.3415394e+00
   1.6000000e+02   6.3273411e+00
   1.6100000e+02   6.3144665e+00
   1.6200000e+02   6.3028941e+00
   1.6300000e+02   6.2926054e+00
   1.6400000e+02   6.2835813e+00
   1.6500000e+02   6.2758036e+00
   1.6600000e+02   6.2692571e+00
   1.6700000e+02   6.2639308e+00
   1.6800000e+02   6.2598042e+00
   1.6900000e+02   6.2568617e+00
   1.7000000e+02   6.2550907e+00
   1.7100000e+02   6.2544780e+00
   1.7200000e+02   6.2550106e+00
   1.7300000e+02   6.2566781e+00
   1.7400000e+02   6.2594733e+00
   1.7500000e+02   6.2633829e+00
   1.7600000e+02   6.2683992e+00
   1.7700000e+02   6.2745094e+00
   1.7800000e+02   6.2817049e+00
   1.7900000e+02   6.2899771e+00
   1.8000000e+02   6.2993188e+00
   1.8100000e+02   6.3932362e+00
   1.8200000e+02   6.4843802e+00
   1.8300000e+02   6.5728588e+00
   1.8400000e+02   6.6587782e+00
   1.8500000e+02   6.7405577e+00
   1.8600000e+02   6.8131585e+00
   1.8700000e+02   6.8815532e+00
   1.8800000e+02   6.9462886e+00
   1.8900000e+02   7.0077353e+00
   1.9000000e+02   7.0658183e+00
   1.9100000e+02   7.1208582e+00
   1.9200000e+02   7.1734362e+00
   1.9300000e+02   7.2238169e+00
   1.9400000e+02   7.2722383e+00
   1.9500000e+02   7.3189163e+00
   1.9600000e+02   7.3640485e+00
   1.9700000e+02   7.4078178e+00
   1.9800000e+02   7.4422545e+00
   1.9900000e+02   7.4684758e+00
   2.0000000e+02   7.4943380e+00
   2.0100000e+02   7.5203261e+00
   2.0200000e+02   7.5465918e+00
   2.0300000e+02   7.5732570e+00
   2.0400000e+02   7.6004267e+00
   2.0500000e+02   7.6281924e+00
   2.0600000e+02   7.6564684e+00
   2.0700000e+02   7.6846161e+00
   2.0800000e+02   7.7136049e+00
   2.0900000e+02   7.7435260e+00
   2.1000000e+02   7.7744265e+00
   2.1100000e+02   7.9232969e+00
   2.1200000e+02   8.0764246e+00
   2.1300000e+02   8.2335043e+00
   2.1400000e+02   8.3942690e+00
   2.1500000e+02   8.5584774e+00
   2.1600000e+02   8.7259140e+00
   2.1700000e+02   8.8963871e+00
   2.1800000e+02   9.0697241e+00
   2.1900000e+02   9.2457666e+00
   2.2000000e+02   9.4243746e+00
   2.2100000e+02   9.6054220e+00
   2.2200000e+02   9.7887917e+00
   2.2300000e+02   9.9744949e+00
   2.2400000e+02   1.0164993e+01
   2.2500000e+02   1.0356995e+01
   2.2600000e+02   1.0550426e+01
   2.2700000e+02   1.0745271e+01
   2.2800000e+02   1.0941515e+01
   2.2900000e+02   1.1139145e+01
   2.3000000e+02   1.1338150e+01
   2.3100000e+02   1.1538516e+01
   2.3200000e+02   1.1740232e+01
   2.3300000e+02   1.1943288e+01
   2.3400000e+02   1.2147673e+01
   2.3500000e+02   1.2353376e+01
   2.3600000e+02   1.2560388e+01
   2.3700000e+02   1.2768699e+01
   2.3800000e+02   1.2978298e+01
   2.3900000e+02   1.3189176e+01
   2.4000000e+02   1.3401323e+01
   2.4100000e+02   1.3560133e+01
   2.4200000e+02   1.3721236e+01
   2.4300000e+02   1.3884643e+01
   2.4400000e+02   1.4050359e+01
   2.4500000e+02   1.4218395e+01
   2.4600000e+02   1.4388758e+01
   2.4700000e+02   1.4561454e+01
   2.4800000e+02   1.4736489e+01
   2.4900000e+02   1.4913871e+01
   2.5000000e+02   1.5093600e+01
   2.5100000e+02   1.5275684e+01
   2.5200000e+02   1.5460123e+01
   2.5300000e+02   1.5646922e+01
   2.5400000e+02   1.5836080e+01
   2.5500000e+02   1.6027597e+01
   2.5600000e+02   1.6221474e+01
   2.5700000e+02   1.6417706e+01
   2.5800000e+02   1.6616291e+01
   2.5900000e+02   1.6817225e+01
   2.6000000e+02   1.7020502e+01
   2.6100000e+02   1.7226116e+01
   2.6200000e+02   1.7434057e+01
   2.6300000e+02   1.7644320e+01
   2.6400000e+02   1.7856886e+01
   2.6500000e+02   1.8071751e+01
   2.6600000e+02   1.8288900e+01
   2.6700000e+02   1.8508312e+01
   2.6800000e+02   1.8729965e+01
   2.6900000e+02   1.8953842e+01
   2.7000000e+02   1.9179918e+01
   2.7100000e+02   1.9346386e+01
   2.7200000e+02   1.9514374e+01
   2.7300000e+02   1.9683868e+01
   2.7400000e+02   1.9854845e+01
   2.7500000e+02   2.0027277e+01
   2.7600000e+02   2.0201147e+01
   2.7700000e+02   2.0376423e+01
   2.7800000e+02   2.0553078e+01
   2.7900000e+02   2.0731083e+01
   2.8000000e+02   2.0910410e+01
   2.8100000e+02   2.1091022e+01
   2.8200000e+02   2.1272890e+01
   2.8300000e+02   2.1455976e+01
   2.8400000e+02   2.1640244e+01
   2.8500000e+02   2.1825653e+01
   2.8600000e+02   2.2012163e+01
   2.8700000e+02   2.2199734e+01
   2.8800000e+02   2.2388317e+01
   2.8900000e+02   2.2577869e+01
   2.9000000e+02   2.2768343e+01
   2.9100000e+02   2.2959688e+01
   2.9200000e+02   2.3151854e+01
   2.9300000e+02   2.3344784e+01
   2.9400000e+02   2.3538427e+01
   2.9500000e+02   2.3732723e+01
   2.9600000e+02   2.3927618e+01
   2.9700000e+02   2.4123045e+01
   2.9800000e+02   2.4318945e+01
   2.9900000e+02   2.4515253e+01
   3.0000000e+02   2.4711906e+01
   3.0100000e+02   2.4874655e+01
   3.0200000e+02   2.5037241e+01
   3.0300000e+02   2.5199594e+01
   3.0400000e+02   2.5361645e+01
   3.0500000e+02   2.5523321e+01
   3.0600000e+02   2.5684549e+01
   3.0700000e+02   2.5845259e+01
   3.0800000e+02   2.6005371e+01
   3.0900000e+02   2.6164808e+01
   3.1000000e+02   2.6323498e+01
   3.1100000e+02   2.6481358e+01
   3.1200000e+02   2.6638311e+01
   3.1300000e+02   2.6794275e+01
   3.1400000e+02   2.6949173e+01
   3.1500000e+02   2.7102917e+01
   3.1600000e+02   2.7255430e+01
   3.1700000e+02   2.7406626e+01
   3.1800000e+02   2.7556421e+01
   3.1900000e+02   2.7704733e+01
   3.2000000e+02   2.7851473e+01
   3.2100000e+02   2.7996563e+01
   3.2200000e+02   2.8139914e+01
   3.2300000e+02   2.8281441e+01
   3.2400000e+02   2.8421062e+01
   3.2500000e+02   2.8558691e+01
   3.2600000e+02   2.8694241e+01
   3.2700000e+02   2.8827633e+01
   3.2800000e+02   2.8958780e+01
   3.2900000e+02   2.9087601e+01
   3.3000000e+02   2.9214014e+01
   3.3100000e+02   2.9304646e+01
   3.3200000e+02   2.9392473e+01
   3.3300000e+02   2.9477425e+01
   3.3400000e+02   2.9559433e+01
   3.3500000e+02   2.9638426e+01
   3.3600000e+02   2.9714336e+01
   3.3700000e+02   2.9787104e+01
   3.3800000e+02   2.9856661e+01
   3.3900000e+02   2.9922949e+01
   3.4000000e+02   2.9985909e+01
   3.4100000e+02   3.0045481e+01
   3.4200000e+02   3.0101614e+01
   3.4300000e+02   3.0154253e+01
   3.4400000e+02   3.0203348e+01
   3.4500000e+02   3.0248857e+01
   3.4600000e+02   3.0290731e+01
   3.4700000e+02   3.0328928e+01
   3.4800000e+02   3.0363413e+01
   3.4900000e+02   3.0394146e+01
   3.5000000e+02   3.0421095e+01
   3.5100000e+02   3.0444231e+01
   3.5200000e+02   3.0463524e+01
   3.5300000e+02   3.0478956e+01
   3.5400000e+02   3.0490503e+01
   3.5500000e+02   3.0498144e+01
   3.5600000e+02   3.0501873e+01
   3.5700000e+02   3.0501673e+01
   3.5800000e+02   3.0497540e+01
   3.5900000e+02   3.0489466e+01
   7.1133672e-07   3.0477453e+01
   1.0000007e+00   3.0424385e+01
   2.0000007e+00   3.0367338e+01
   3.0000007e+00   3.0306337e+01
   4.0000010e+00   3.0241405e+01
   5.0000010e+00   3.0172569e+01
   6.0000010e+00   3.0099861e+01
   7.0000010e+00   3.0023312e+01
   8.0000010e+00   2.9942961e+01
   9.0000010e+00   2.9858849e+01
   1.0000001e+01   2.9771019e+01
   1.1000001e+01   2.9679516e+01
   1.2000001e+01   2.9584394e+01
   1.3000001e+01   2.9485704e+01
   1.4000001e+01   2.9383503e+01
   1.5000001e+01   2.9277847e+01
   1.6000000e+01   2.9168798e+01
   1.7000000e+01   2.9056423e+01
   1.8000000e+01   2.8940788e+01
   1.9000000e+01   2.8821957e+01
   2.0000000e+01   2.8700006e+01
   2.1000000e+01   2.8575008e+01
   2.2000000e+01   2.8447041e+01
   2.3000000e+01   2.8316177e+01
   2.4000000e+01   2.8182497e+01
   2.5000000e+01   2.8046087e+01
   2.6000000e+01   2.7907024e+01
   2.7000000e+01   2.7765398e+01
   2.8000000e+01   2.7621290e+01
   2.9000000e+01   2.7474789e+01
   3.0000000e+01   2.7325981e+01
   3.1000000e+01   2.7130182e+01
   3.2000000e+01   2.6932394e+01
   3.3000000e+01   2.6732718e+01
   3.4000000e+01   2.6531258e+01
   3.5000000e+01   2.6328119e+01
   3.6000000e+01   2.6123400e+01
   3.7000000e+01   2.5917206e+01
   3.8000000e+01   2.5709641e+01
   3.9000000e+01   2.5500803e+01
   4.0000000e+01   2.5290796e+01
   4.1000000e+01   2.5079721e+01
   4.2000000e+01   2.4867682e+01
   4.3000000e+01   2.4654772e+01
   4.4000000e+01   2.4441093e+01
   4.5000000e+01   2.4226744e+01
   4.6000000e+01   2.4011820e+01
   4.7000000e+01   2.3796413e+01
   4.8000000e+01   2.3580622e+01
   4.9000000e+01   2.3364534e+01
   5.0000000e+01   2.3148245e+01
   5.1000000e+01   2.2931839e+01
   5.2000000e+01   2.2715406e+01
   5.3000000e+01   2.2499031e+01
   5.4000000e+01   2.2282799e+01
   5.5000000e+01   2.2066788e+01
   5.6000000e+01   2.1851080e+01
   5.7000000e+01   2.1635752e+01
   5.8000000e+01   2.1420879e+01
   5.9000000e+01   2.1206537e+01
   6.0000000e+01   2.0992794e+01
   6.1000000e+01   2.0659466e+01
   6.2000000e+01   2.0326952e+01
   6.3000000e+01   1.9995350e+01
   6.4000000e+01   1.9664745e+01
   6.5000000e+01   1.9335228e+01
   6.6000000e+01   1.9006884e+01
   6.7000000e+01   1.8679790e+01
   6.8000000e+01   1.8354029e+01
   6.9000000e+01   1.8029671e+01
   7.0000000e+01   1.7706787e+01
   7.1000000e+01   1.7385447e+01
   7.2000000e+01   1.7065716e+01
   7.3000000e+01   1.6747654e+01
   7.4000000e+01   1.6431316e+01
   7.5000000e+01   1.6116756e+01
   7.6000000e+01   1.5804027e+01
   7.7000000e+01   1.5493172e+01
   7.8000000e+01   1.5184239e+01
   7.9000000e+01   1.4877270e+01
   8.0000000e+01   1.4572301e+01
   8.1000000e+01   1.4269368e+01
   8.2000000e+01   1.3968505e+01
   8.3000000e+01   1.3669742e+01
   8.4000000e+01   1.3373104e+01
   8.5000000e+01   1.3078616e+01
   8.6000000e+01   1.2786301e+01
   8.7000000e+01   1.2496176e+01
   8.8000000e+01   1.2208259e+01
   8.9000000e+01   1.1922564e+01
   9.0000000e+01   1.1639100e+01
   9.1000000e+01   1.1417759e+01
   9.2000000e+01   1.1199036e+01
   9.3000000e+01   1.0982932e+01
   9.4000000e+01   1.0769447e+01
   9.5000000e+01   1.0558581e+01
   9.6000000e+01   1.0350329e+01
   9.7000000e+01   1.0144690e+01
   9.8000000e+01   9.9416513e+00
   9.9000000e+01   9.7412119e+00
   1.0000000e+02   9.5433578e+00
   1.0100000e+02   9.3480825e+00
   1.0200000e+02   9.1553717e+00
   1.0300000e+02   8.9652157e+00
   1.0400000e+02   8.7775984e+00
   1.0500000e+02   8.5925083e+00
   1.0600000e+02   8.4099264e+00
   1.0700000e+02   8.2298384e+00
   1.0800000e+02   8.0522261e+00
   1.0900000e+02   7.8770719e+00
   1.1000000e+02   7.7043567e+00
   1.1100000e+02   7.5340605e+00
   1.1200000e+02   7.3661642e+00
   1.1300000e+02   7.2006464e+00
   1.1400000e+02   7.0374861e+00
   1.1500000e+02   6.8766613e+00
   1.1600000e+02   6.7181497e+00
   1.1700000e+02   6.5619287e+00
   1.1800000e+02   6.4079757e+00
   1.1900000e+02   6.2562666e+00
   1.2000000e+02   6.1067777e+00
   1.2100000e+02   6.0732784e+00
   1.2200000e+02   6.0406666e+00
   1.2300000e+02   6.0089412e+00
   1.2400000e+02   5.9781008e+00
   1.2500000e+02   5.9481430e+00
   1.2600000e+02   5.9190664e+00
   1.2700000e+02   5.8908701e+00
   1.2800000e+02   5.8635502e+00
   1.2900000e+02   5.8371062e+00
   1.3000000e+02   5.8115354e+00
   1.3100000e+02   5.7868366e+00
   1.3200000e+02   5.7630062e+00
   1.3300000e+02   5.7400427e+00
   1.3400000e+02   5.7179441e+00
   1.3500000e+02   5.6967082e+00
   1.3600000e+02   5.6763325e+00
   1.3700000e+02   5.6568151e+00
   1.3800000e+02   5.6381531e+00
   1.3900000e+02   5.6203446e+00
   1.4000000e+02   5.6033878e+00
   1.4100000e+02   5.5872798e+00
   1.4200000e+02   5.5720191e+00
   1.4300000e+02   5.5576024e+00
   1.4400000e+02   5.5440288e+00
   1.4500000e+02   5.5312958e+00
   1.4600000e+02   5.5194011e+00
   1.4700000e+02   5.5083427e+00
   1.4800000e+02   5.4981189e+00
   1.4900000e+02   5.4887276e+00
   1.5000000e+02   5.4801669e+00
   1.5100000e+02   5.4732614e+00
   1.5200000e+02   5.4671741e+00
   1.5300000e+02   5.4619036e+00
   1.5400000e+02   5.4574490e+00
   1.5500000e+02   5.4538088e+00
   1.5600000e+02   5.4509811e+00
   1.5700000e+02   5.4489660e+00
   1.5800000e+02   5.4477620e+00
   1.5900000e+02   5.4473677e+00
   1.6000000e+02   5.4477830e+00
   1.6100000e+02   5.4490066e+00
   1.6200000e+02   5.4510384e+00
   1.6300000e+02   5.4538765e+00
   1.6400000e+02   5.4575210e+00
   1.6500000e+02   5.4619713e+00
   1.6600000e+02   5.4672275e+00
   1.6700000e+02   5.4732885e+00
   1.6800000e+02   5.4801550e+00
   1.6900000e+02   5.4878254e+00
   1.7000000e+02   5.4963007e+00
   1.7100000e+02   5.5055809e+00
   1.7200000e+02   5.5156651e+00
   1.7300000e+02   5.5265541e+00
   1.7400000e+02   5.5382485e+00
   1.7500000e+02   5.5507483e+00
   1.7600000e+02   5.5640535e+00
   1.7700000e+02   5.5781651e+00
   1.7800000e+02   5.5930834e+00
   1.7900000e+02   5.6088095e+00
   1.8000000e+02   5.6253438e+00
   1.8100000e+02   5.6428609e+00
   1.8200000e+02   5.6611872e+00
   1.8300000e+02   5.6803231e+00
   1.8400000e+02   5.7002711e+00
   1.8500000e+02   5.7210307e+00
   1.8600000e+02   5.7426052e+00
   1.8700000e+02   5.7649956e+00
   1.8800000e+02   5.7882028e+00
   1.8900000e+02   5.8122296e+00
   1.9000000e+02   5.8370776e+00
   1.9100000e+02   5.8627481e+00
   1.9200000e+02   5.8892441e+00
   1.9300000e+02   5.9165664e+00
   1.9400000e+02   5.9447188e+00
   1.9500000e+02   5.9737020e+00
   1.9600000e+02   6.0035191e+00
   1.9700000e+02   6.0341721e+00
   1.9800000e+02   6.0656638e+00
   1.9900000e+02   6.0979962e+00
   2.0000000e+02   6.1311717e+00
   2.0100000e+02   6.1651940e+00
   2.0200000e+02   6.2000647e+00
   2.0300000e+02   6.2357869e+00
   2.0400000e+02   6.2723637e+00
   2.0500000e+02   6.3097973e+00
   2.0600000e+02   6.3480911e+00
   2.0700000e+02   6.3872480e+00
   2.0800000e+02   6.4272704e+00
   2.0900000e+02   6.4681616e+00
   2.1000000e+02   6.5099254e+00
   2.1100000e+02   6.6181440e+00
   2.1200000e+02   6.7270799e+00
   2.1300000e+02   6.8367467e+00
   2.1400000e+02   6.9471564e+00
   2.1500000e+02   7.0583220e+00
   2.1600000e+02   7.1702557e+00
   2.1700000e+02   7.2829704e+00
   2.1800000e+02   7.3964772e+00
   2.1900000e+02   7.5107894e+00
   2.2000000e+02   7.6259184e+00
   2.2100000e+02   7.7418766e+00
   2.2200000e+02   7.8586760e+00
   2.2300000e+02   7.9763279e+00
   2.2400000e+02   8.0948439e+00
   2.2500000e+02   8.2142344e+00
   2.2600000e+02   8.3345137e+00
   2.2700000e+02   8.4556894e+00
   2.2800000e+02   8.5777750e+00
   2.2900000e+02   8.7007809e+00
   2.3000000e+02   8.8247166e+00
   2.3100000e+02   8.9495945e+00
   2.3200000e+02   9.0754223e+00
   2.3300000e+02   9.2022133e+00
   2.3400000e+02   9.3299742e+00
   2.3500000e+02   9.4587173e+00
   2.3600000e+02   9.5884514e+00
   2.3700000e+02   9.7191858e+00
   2.3800000e+02   9.8509283e+00
   2.3900000e+02   9.9836903e+00
   2.4000000e+02   1.0117479e+01
   2.4100000e+02   1.0355068e+01
   2.4200000e+02   1.0594879e+01
   2.4300000e+02   1.0836924e+01
   2.4400000e+02   1.1081212e+01
   2.4500000e+02   1.1327753e+01
   2.4600000e+02   1.1576555e+01
   2.4700000e+02   1.1827626e+01
   2.4800000e+02   1.2080970e+01
   2.4900000e+02   1.2336588e+01
   2.5000000e+02   1.2594484e+01
   2.5100000e+02   1.2854658e+01
   2.5200000e+02   1.3117107e+01
   2.5300000e+02   1.3381829e+01
   2.5400000e+02   1.3648815e+01
   2.5500000e+02   1.3918061e+01
   2.5600000e+02   1.4189555e+01
   2.5700000e+02   1.4463286e+01
   2.5800000e+02   1.4739240e+01
   2.5900000e+02   1.5017399e+01
   2.6000000e+02   1.5297825e+01
   2.6100000e+02   1.5580452e+01
   2.6200000e+02   1.5865195e+01
   2.6300000e+02   1.6152029e+01
   2.6400000e+02   1.6440920e+01
   2.6500000e+02   1.6731838e+01
   2.6600000e+02   1.7024742e+01
   2.6700000e+02   1.7319599e+01
   2.6800000e+02   1.7616364e+01
   2.6900000e+02   1.7914989e+01
   2.7000000e+02   1.8215431e+01
   2.7100000e+02   1.8395786e+01
   2.7200000e+02   1.8577667e+01
   2.7300000e+02   1.8761057e+01
   2.7400000e+02   1.8945930e+01
   2.7500000e+02   1.9132271e+01
   2.7600000e+02   1.9320051e+01
   2.7700000e+02   1.9509247e+01
   2.7800000e+02   1.9699833e+01
   2.7900000e+02   1.9891783e+01
   2.8000000e+02   2.0085060e+01
   2.8100000e+02   2.0279640e+01
   2.8200000e+02   2.0475485e+01
   2.8300000e+02   2.0672564e+01
   2.8400000e+02   2.0870838e+01
   2.8500000e+02   2.1070267e+01
   2.8600000e+02   2.1270813e+01
   2.8700000e+02   2.1472433e+01
   2.8800000e+02   2.1675083e+01
   2.8900000e+02   2.1878716e+01
   2.9000000e+02   2.2083286e+01
   2.9100000e+02   2.2288740e+01
   2.9200000e+02   2.2495029e+01
   2.9300000e+02   2.2702101e+01
   2.9400000e+02   2.2909897e+01
   2.9500000e+02   2.3118359e+01
   2.9600000e+02   2.3327431e+01
   2.9700000e+02   2.3537046e+01
   2.9800000e+02   2.3747149e+01
   2.9900000e+02   2.3957666e+01
   3.0000000e+02   2.4168537e+01
   3.0100000e+02   2.4336479e+01
   3.0200000e+02   2.4504257e+01
   3.0300000e+02   2.4671810e+01
   3.0400000e+02   2.4839069e+01
   3.0500000e+02   2.5005962e+01
   3.0600000e+02   2.5172417e+01
   3.0700000e+02   2.5338358e+01
   3.0800000e+02   2.5503712e+01
   3.0900000e+02   2.5668400e+01
   3.1000000e+02   2.5832344e+01
   3.1100000e+02   2.5995468e+01
   3.1200000e+02   2.6157692e+01
   3.1300000e+02   2.6318933e+01
   3.1400000e+02   2.6479111e+01
   3.1500000e+02   2.6638144e+01
   3.1600000e+02   2.6795946e+01
   3.1700000e+02   2.6952438e+01
   3.1800000e+02   2.7107533e+01
   3.1900000e+02   2.7261145e+01
   3.2000000e+02   2.7413191e+01
   3.2100000e+02   2.7563587e+01
   3.2200000e+02   2.7712244e+01
   3.2300000e+02   2.7859077e+01
   3.2400000e+02   2.8004004e+01
   3.2500000e+02   2.8146936e+01
   3.2600000e+02   2.8287777e+01
   3.2700000e+02   2.8426451e+01
   3.2800000e+02   2.8562876e+01
   3.2900000e+02   2.8696968e+01
   3.3000000e+02   2.8828650e+01
   3.3100000e+02   2.8920227e+01
   3.3200000e+02   2.9009010e+01
   3.3300000e+02   2.9094929e+01
   3.3400000e+02   2.9177908e+01
   3.3500000e+02   2.9257883e+01
   3.3600000e+02   2.9334784e+01
   3.3700000e+02   2.9408550e+01
   3.3800000e+02   2.9479109e+01
   3.3900000e+02   2.9546400e+01
   3.4000000e+02   2.9610369e+01
   3.4100000e+02   2.9670961e+01
   3.4200000e+02   2.9728117e+01
   3.4300000e+02   2.9781788e+01
   3.4400000e+02   2.9831923e+01
   3.4500000e+02   2.9878473e+01
   3.4600000e+02   2.9921396e+01
   3.4700000e+02   2.9960649e+01
   3.4800000e+02   2.9996193e+01
   3.4900000e+02   3.0027990e+01
   3.5000000e+02   3.0056011e+01
   3.5100000e+02   3.0080221e+01
   3.5200000e+02   3.0100588e+01
   3.5300000e+02   3.0117094e+01
   3.5400000e+02   3.0129719e+01
   3.5500000e+02   3.0138445e+01
   3.5600000e+02   3.0143259e+01
   3.5700000e+02   3.0144154e+01
   3.5800000e+02   3.0141117e+01
   3.5900000e+02   3.0134148e+01
   1.4226848e-06   3.0123243e+01
