   0.0000000e+00   1.4803184e+04
   1.0000000e+00   2.0732832e+04
   2.0000000e+00   2.0732471e+04
   3.0000000e+00   2.0733641e+04
   4.0000000e+00   2.0736650e+04
   5.0000000e+00   2.0741418e+04
   6.0000000e+00   2.0747947e+04
   7.0000000e+00   2.0756248e+04
   8.0000000e+00   2.0766326e+04
   9.0000000e+00   2.0778172e+04
   1.0000000e+01   2.0791789e+04
   1.1000000e+01   2.0807170e+04
   1.2000000e+01   2.0824316e+04
   1.3000000e+01   2.0843281e+04
   1.4000000e+01   2.0864029e+04
   1.5000000e+01   2.0886549e+04
   1.6000000e+01   2.0910840e+04
   1.7000000e+01   2.0936902e+04
   1.8000000e+01   2.0964738e+04
   1.9000000e+01   2.0994352e+04
   2.0000000e+01   2.1025695e+04
   2.1000000e+01   2.1058787e+04
   2.2000000e+01   2.1093656e+04
   2.3000000e+01   2.1130289e+04
   2.4000000e+01   2.1168688e+04
   2.5000000e+01   2.1208842e+04
   2.6000000e+01   2.1250752e+04
   2.7000000e+01   2.1294416e+04
   2.8000000e+01   2.1339826e+04
   2.9000000e+01   2.1386977e+04
   3.0000000e+01   2.1435857e+04
   3.1000000e+01   2.1490201e+04
   3.2000000e+01   2.1546215e+04
   3.3000000e+01   2.1603895e+04
   3.4000000e+01   2.1663229e+04
   3.5000000e+01   2.1724215e+04
   3.6000000e+01   2.1786846e+04
   3.7000000e+01   2.1851170e+04
   3.8000000e+01   2.1917135e+04
   3.9000000e+01   2.1984717e+04
   4.0000000e+01   2.2053910e+04
   4.1000000e+01   2.2124705e+04
   4.2000000e+01   2.2197090e+04
   4.3000000e+01   2.2271049e+04
   4.4000000e+01   2.2346580e+04
   4.5000000e+01   2.2423662e+04
   4.6000000e+01   2.2502285e+04
   4.7000000e+01   2.2582430e+04
   4.8000000e+01   2.2664094e+04
   4.9000000e+01   2.2747258e+04
   5.0000000e+01   2.2831896e+04
   5.1000000e+01   2.2917994e+04
   5.2000000e+01   2.3005535e+04
   5.3000000e+01   2.3094486e+04
   5.4000000e+01   2.3184838e+04
   5.5000000e+01   2.3276566e+04
   5.6000000e+01   2.3369643e+04
   5.7000000e+01   2.3464059e+04
   5.8000000e+01   2.3559781e+04
   5.9000000e+01   2.3656797e+04
   6.0000000e+01   2.3755072e+04
   6.1000000e+01   2.3853434e+04
   6.2000000e+01   2.3952986e+04
   6.3000000e+01   2.4053705e+04
   6.4000000e+01   2.4155566e+04
   6.5000000e+01   2.4258543e+04
   6.6000000e+01   2.4362607e+04
   6.7000000e+01   2.4467727e+04
   6.8000000e+01   2.4573869e+04
   6.9000000e+01   2.4681018e+04
   7.0000000e+01   2.4789145e+04
   7.1000000e+01   2.4898221e+04
   7.2000000e+01   2.5008215e+04
   7.3000000e+01   2.5119098e+04
   7.4000000e+01   2.5230840e+04
   7.5000000e+01   2.5343408e+04
   7.6000000e+01   2.5456771e+04
   7.7000000e+01   2.5570895e+04
   7.8000000e+01   2.5685746e+04
   7.9000000e+01   2.5801287e+04
   8.0000000e+01   2.5917455e+04
   8.1000000e+01   2.6034168e+04
   8.2000000e+01   2.6151404e+04
   8.3000000e+01   2.6269188e+04
   8.4000000e+01   2.6387482e+04
   8.5000000e+01   2.6506252e+04
   8.6000000e+01   2.6625459e+04
   8.7000000e+01   2.6745047e+04
   8.8000000e+01   2.6864975e+04
   8.9000000e+01   2.6985221e+04
   9.0000000e+01   2.7105758e+04
   9.1000000e+01   2.7191957e+04
   9.2000000e+01   2.7277604e+04
   9.3000000e+01   2.7362828e+04
   9.4000000e+01   2.7447510e+04
   9.5000000e+01   2.7531516e+04
   9.6000000e+01   2.7614809e+04
   9.7000000e+01   2.7697334e+04
   9.8000000e+01   2.7779092e+04
   9.9000000e+01   2.7860109e+04
   1.0000000e+02   2.7940227e+04
   1.0100000e+02   2.8019422e+04
   1.0200000e+02   2.8097658e+04
   1.0300000e+02   2.8174879e+04
   1.0400000e+02   2.8251145e+04
   1.0500000e+02   2.8326320e+04
   1.0600000e+02   2.8400072e+04
   1.0700000e+02   2.8471895e+04
   1.0800000e+02   2.8542328e+04
   1.0900000e+02   2.8611428e+04
   1.1000000e+02   2.8679113e+04
   1.1100000e+02   2.8745266e+04
   1.1200000e+02   2.8809781e+04
   1.1300000e+02   2.8872605e+04
   1.1400000e+02   2.8933688e+04
   1.1500000e+02   2.8993078e+04
   1.1600000e+02   2.9050686e+04
   1.1700000e+02   2.9106496e+04
   1.1800000e+02   2.9160379e+04
   1.1900000e+02   2.9212238e+04
   1.2000000e+02   2.9262027e+04
   1.2100000e+02   2.9294746e+04
   1.2200000e+02   2.9339119e+04
   1.2300000e+02   2.9393043e+04
   1.2400000e+02   2.9448670e+04
   1.2500000e+02   2.9504865e+04
   1.2600000e+02   2.9564057e+04
   1.2700000e+02   2.9626375e+04
   1.2800000e+02   2.9691717e+04
   1.2900000e+02   2.9759857e+04
   1.3000000e+02   2.9830555e+04
   1.3100000e+02   2.9903602e+04
   1.3200000e+02   2.9978801e+04
   1.3300000e+02   3.0055975e+04
   1.3400000e+02   3.0134963e+04
   1.3500000e+02   3.0215615e+04
   1.3600000e+02   3.0297801e+04
   1.3700000e+02   3.0381377e+04
   1.3800000e+02   3.0466227e+04
   1.3900000e+02   3.0552270e+04
   1.4000000e+02   3.0639418e+04
   1.4100000e+02   3.0727574e+04
   1.4200000e+02   3.0816662e+04
   1.4300000e+02   3.0902814e+04
   1.4400000e+02   3.0988414e+04
   1.4500000e+02   3.1076379e+04
   1.4600000e+02   3.1166787e+04
   1.4700000e+02   3.1259777e+04
   1.4800000e+02   3.1355502e+04
   1.4900000e+02   3.1454143e+04
   1.5000000e+02   3.1555906e+04
   1.5100000e+02   3.1625336e+04
   1.5200000e+02   3.1692473e+04
   1.5300000e+02   3.1757324e+04
   1.5400000e+02   3.1819885e+04
   1.5500000e+02   3.1880158e+04
   1.5600000e+02   3.1938135e+04
   1.5700000e+02   3.1993828e+04
   1.5800000e+02   3.2047283e+04
   1.5900000e+02   3.2098449e+04
   1.6000000e+02   3.2147381e+04
   1.6100000e+02   3.2194004e+04
   1.6200000e+02   3.2238311e+04
   1.6300000e+02   3.2280301e+04
   1.6400000e+02   3.2319965e+04
   1.6500000e+02   3.2357305e+04
   1.6600000e+02   3.2392330e+04
   1.6700000e+02   3.2425107e+04
   1.6800000e+02   3.2455551e+04
   1.6900000e+02   3.2483656e+04
   1.7000000e+02   3.2509422e+04
   1.7100000e+02   3.2532846e+04
   1.7200000e+02   3.2553926e+04
   1.7300000e+02   3.2572660e+04
   1.7400000e+02   3.2589109e+04
   1.7500000e+02   3.2603230e+04
   1.7600000e+02   3.2615055e+04
   1.7700000e+02   3.2624533e+04
   1.7800000e+02   3.2631674e+04
   1.7900000e+02   3.2636469e+04
   1.8000000e+02   3.2638924e+04
   1.8100000e+02   3.2522666e+04
   1.8200000e+02   3.2409078e+04
   1.8300000e+02   3.2297783e+04
   1.8400000e+02   3.2188520e+04
   1.8500000e+02   3.2085195e+04
   1.8600000e+02   3.2000010e+04
   1.8700000e+02   3.1920863e+04
   1.8800000e+02   3.1846502e+04
   1.8900000e+02   3.1776139e+04
   1.9000000e+02   3.1709877e+04
   1.9100000e+02   3.1647135e+04
   1.9200000e+02   3.1586791e+04
   1.9300000e+02   3.1528316e+04
   1.9400000e+02   3.1471289e+04
   1.9500000e+02   3.1415342e+04
   1.9600000e+02   3.1360152e+04
   1.9700000e+02   3.1305432e+04
   1.9800000e+02   3.1269309e+04
   1.9900000e+02   3.1249586e+04
   2.0000000e+02   3.1228982e+04
   2.0100000e+02   3.1206586e+04
   2.0200000e+02   3.1182223e+04
   2.0300000e+02   3.1155771e+04
   2.0400000e+02   3.1127139e+04
   2.0500000e+02   3.1096248e+04
   2.0600000e+02   3.1063338e+04
   2.0700000e+02   3.1029631e+04
   2.0800000e+02   3.0993475e+04
   2.0900000e+02   3.0954838e+04
   2.1000000e+02   3.0913713e+04
   2.1100000e+02   3.0963133e+04
   2.1200000e+02   3.1004248e+04
   2.1300000e+02   3.1037711e+04
   2.1400000e+02   3.1064096e+04
   2.1500000e+02   3.1083926e+04
   2.1600000e+02   3.1097668e+04
   2.1700000e+02   3.1105746e+04
   2.1800000e+02   3.1108543e+04
   2.1900000e+02   3.1106404e+04
   2.2000000e+02   3.1099652e+04
   2.2100000e+02   3.1088572e+04
   2.2200000e+02   3.1073434e+04
   2.2300000e+02   3.1054256e+04
   2.2400000e+02   3.1026506e+04
   2.2500000e+02   3.0996326e+04
   2.2600000e+02   3.0963902e+04
   2.2700000e+02   3.0929311e+04
   2.2800000e+02   3.0892629e+04
   2.2900000e+02   3.0853924e+04
   2.3000000e+02   3.0813271e+04
   2.3100000e+02   3.0770740e+04
   2.3200000e+02   3.0726395e+04
   2.3300000e+02   3.0680299e+04
   2.3400000e+02   3.0632521e+04
   2.3500000e+02   3.0583125e+04
   2.3600000e+02   3.0532168e+04
   2.3700000e+02   3.0479713e+04
   2.3800000e+02   3.0425818e+04
   2.3900000e+02   3.0370541e+04
   2.4000000e+02   3.0313943e+04
   2.4100000e+02   3.0210180e+04
   2.4200000e+02   3.0105729e+04
   2.4300000e+02   3.0000625e+04
   2.4400000e+02   2.9894916e+04
   2.4500000e+02   2.9788637e+04
   2.4600000e+02   2.9681830e+04
   2.4700000e+02   2.9574537e+04
   2.4800000e+02   2.9466803e+04
   2.4900000e+02   2.9358670e+04
   2.5000000e+02   2.9250176e+04
   2.5100000e+02   2.9141369e+04
   2.5200000e+02   2.9032289e+04
   2.5300000e+02   2.8922979e+04
   2.5400000e+02   2.8813484e+04
   2.5500000e+02   2.8703848e+04
   2.5600000e+02   2.8594113e+04
   2.5700000e+02   2.8484326e+04
   2.5800000e+02   2.8374525e+04
   2.5900000e+02   2.8264758e+04
   2.6000000e+02   2.8155070e+04
   2.6100000e+02   2.8045502e+04
   2.6200000e+02   2.7936100e+04
   2.6300000e+02   2.7826906e+04
   2.6400000e+02   2.7717967e+04
   2.6500000e+02   2.7609324e+04
   2.6600000e+02   2.7501014e+04
   2.6700000e+02   2.7393092e+04
   2.6800000e+02   2.7285605e+04
   2.6900000e+02   2.7178598e+04
   2.7000000e+02   2.7072113e+04
   2.7100000e+02   2.6945008e+04
   2.7200000e+02   2.6818168e+04
   2.7300000e+02   2.6691635e+04
   2.7400000e+02   2.6565445e+04
   2.7500000e+02   2.6439639e+04
   2.7600000e+02   2.6314256e+04
   2.7700000e+02   2.6189334e+04
   2.7800000e+02   2.6064910e+04
   2.7900000e+02   2.5941021e+04
   2.8000000e+02   2.5817707e+04
   2.8100000e+02   2.5695004e+04
   2.8200000e+02   2.5572951e+04
   2.8300000e+02   2.5451582e+04
   2.8400000e+02   2.5330934e+04
   2.8500000e+02   2.5211043e+04
   2.8600000e+02   2.5091945e+04
   2.8700000e+02   2.4973674e+04
   2.8800000e+02   2.4856266e+04
   2.8900000e+02   2.4739754e+04
   2.9000000e+02   2.4624174e+04
   2.9100000e+02   2.4509559e+04
   2.9200000e+02   2.4395938e+04
   2.9300000e+02   2.4283350e+04
   2.9400000e+02   2.4171820e+04
   2.9500000e+02   2.4061387e+04
   2.9600000e+02   2.3952076e+04
   2.9700000e+02   2.3843918e+04
   2.9800000e+02   2.3736945e+04
   2.9900000e+02   2.3631184e+04
   3.0000000e+02   2.3526662e+04
   3.0100000e+02   2.3422424e+04
   3.0200000e+02   2.3319379e+04
   3.0300000e+02   2.3217553e+04
   3.0400000e+02   2.3116973e+04
   3.0500000e+02   2.3017662e+04
   3.0600000e+02   2.2919648e+04
   3.0700000e+02   2.2822953e+04
   3.0800000e+02   2.2727604e+04
   3.0900000e+02   2.2633621e+04
   3.1000000e+02   2.2541029e+04
   3.1100000e+02   2.2449848e+04
   3.1200000e+02   2.2360100e+04
   3.1300000e+02   2.2271807e+04
   3.1400000e+02   2.2184984e+04
   3.1500000e+02   2.2099656e+04
   3.1600000e+02   2.2015842e+04
   3.1700000e+02   2.1933557e+04
   3.1800000e+02   2.1852818e+04
   3.1900000e+02   2.1773648e+04
   3.2000000e+02   2.1696059e+04
   3.2100000e+02   2.1620066e+04
   3.2200000e+02   2.1545689e+04
   3.2300000e+02   2.1472941e+04
   3.2400000e+02   2.1401834e+04
   3.2500000e+02   2.1332383e+04
   3.2600000e+02   2.1264604e+04
   3.2700000e+02   2.1198506e+04
   3.2800000e+02   2.1134102e+04
   3.2900000e+02   2.1071402e+04
   3.3000000e+02   2.1010422e+04
   3.3100000e+02   2.0952174e+04
   3.3200000e+02   2.0895605e+04
   3.3300000e+02   2.0840734e+04
   3.3400000e+02   2.0787564e+04
   3.3500000e+02   2.0736109e+04
   3.3600000e+02   2.0686377e+04
   3.3700000e+02   2.0638381e+04
   3.3800000e+02   2.0592127e+04
   3.3900000e+02   2.0547625e+04
   3.4000000e+02   2.0504883e+04
   3.4100000e+02   2.0463910e+04
   3.4200000e+02   2.0424713e+04
   3.4300000e+02   2.0387297e+04
   3.4400000e+02   2.0351674e+04
   3.4500000e+02   2.0317846e+04
   3.4600000e+02   2.0285820e+04
   3.4700000e+02   2.0255604e+04
   3.4800000e+02   2.0227203e+04
   3.4900000e+02   2.0200621e+04
   3.5000000e+02   2.0175865e+04
   3.5100000e+02   2.0152939e+04
   3.5200000e+02   2.0131848e+04
   3.5300000e+02   2.0112594e+04
   3.5400000e+02   2.0095182e+04
   3.5500000e+02   2.0079617e+04
   3.5600000e+02   2.0065902e+04
   3.5700000e+02   2.0054039e+04
   3.5800000e+02   2.0044033e+04
   3.5900000e+02   2.0035883e+04
   7.1133672e-07   2.0029594e+04
   1.0000007e+00   2.0025348e+04
   2.0000007e+00   2.0022975e+04
   3.0000007e+00   2.0022477e+04
   4.0000010e+00   2.0023857e+04
   5.0000010e+00   2.0027121e+04
   6.0000010e+00   2.0032270e+04
   7.0000010e+00   2.0039309e+04
   8.0000010e+00   2.0048238e+04
   9.0000010e+00   2.0059061e+04
   1.0000001e+01   2.0071781e+04
   1.1000001e+01   2.0086396e+04
   1.2000001e+01   2.0102910e+04
   1.3000001e+01   2.0121320e+04
   1.4000001e+01   2.0141633e+04
   1.5000001e+01   2.0163842e+04
   1.6000000e+01   2.0187949e+04
   1.7000000e+01   2.0213953e+04
   1.8000000e+01   2.0241854e+04
   1.9000000e+01   2.0271648e+04
   2.0000000e+01   2.0303334e+04
   2.1000000e+01   2.0336908e+04
   2.2000000e+01   2.0372367e+04
   2.3000000e+01   2.0409709e+04
   2.4000000e+01   2.0448926e+04
   2.5000000e+01   2.0490014e+04
   2.6000000e+01   2.0532967e+04
   2.7000000e+01   2.0577783e+04
   2.8000000e+01   2.0624449e+04
   2.9000000e+01   2.0672963e+04
   3.0000000e+01   2.0723316e+04
   3.1000000e+01   2.0773713e+04
   3.2000000e+01   2.0826020e+04
   3.3000000e+01   2.0880227e+04
   3.4000000e+01   2.0936324e+04
   3.5000000e+01   2.0994305e+04
   3.6000000e+01   2.1054156e+04
   3.7000000e+01   2.1115869e+04
   3.8000000e+01   2.1179434e+04
   3.9000000e+01   2.1244834e+04
   4.0000000e+01   2.1312059e+04
   4.1000000e+01   2.1381094e+04
   4.2000000e+01   2.1451924e+04
   4.3000000e+01   2.1524533e+04
   4.4000000e+01   2.1598906e+04
   4.5000000e+01   2.1675025e+04
   4.6000000e+01   2.1752871e+04
   4.7000000e+01   2.1832428e+04
   4.8000000e+01   2.1913672e+04
   4.9000000e+01   2.1996588e+04
   5.0000000e+01   2.2081150e+04
   5.1000000e+01   2.2167338e+04
   5.2000000e+01   2.2255129e+04
   5.3000000e+01   2.2344498e+04
   5.4000000e+01   2.2435426e+04
   5.5000000e+01   2.2527883e+04
   5.6000000e+01   2.2621844e+04
   5.7000000e+01   2.2717283e+04
   5.8000000e+01   2.2814174e+04
   5.9000000e+01   2.2912486e+04
   6.0000000e+01   2.3012195e+04
   6.1000000e+01   2.3096920e+04
   6.2000000e+01   2.3183336e+04
   6.3000000e+01   2.3271414e+04
   6.4000000e+01   2.3361121e+04
   6.5000000e+01   2.3452430e+04
   6.6000000e+01   2.3545309e+04
   6.7000000e+01   2.3639725e+04
   6.8000000e+01   2.3735645e+04
   6.9000000e+01   2.3833033e+04
   7.0000000e+01   2.3931859e+04
   7.1000000e+01   2.4032084e+04
   7.2000000e+01   2.4133674e+04
   7.3000000e+01   2.4236586e+04
   7.4000000e+01   2.4340787e+04
   7.5000000e+01   2.4446236e+04
   7.6000000e+01   2.4552896e+04
   7.7000000e+01   2.4660727e+04
   7.8000000e+01   2.4769688e+04
   7.9000000e+01   2.4879740e+04
   8.0000000e+01   2.4990840e+04
   8.1000000e+01   2.5102949e+04
   8.2000000e+01   2.5216021e+04
   8.3000000e+01   2.5330016e+04
   8.4000000e+01   2.5444891e+04
   8.5000000e+01   2.5560602e+04
   8.6000000e+01   2.5677104e+04
   8.7000000e+01   2.5794357e+04
   8.8000000e+01   2.5912313e+04
   8.9000000e+01   2.6030928e+04
   9.0000000e+01   2.6150158e+04
   9.1000000e+01   2.6253672e+04
   9.2000000e+01   2.6357662e+04
   9.3000000e+01   2.6462086e+04
   9.4000000e+01   2.6566891e+04
   9.5000000e+01   2.6672033e+04
   9.6000000e+01   2.6777461e+04
   9.7000000e+01   2.6883129e+04
   9.8000000e+01   2.6988990e+04
   9.9000000e+01   2.7094994e+04
   1.0000000e+02   2.7201096e+04
   1.0100000e+02   2.7307248e+04
   1.0200000e+02   2.7413404e+04
   1.0300000e+02   2.7519514e+04
   1.0400000e+02   2.7625531e+04
   1.0500000e+02   2.7731412e+04
   1.0600000e+02   2.7837111e+04
   1.0700000e+02   2.7942578e+04
   1.0800000e+02   2.8047770e+04
   1.0900000e+02   2.8152637e+04
   1.1000000e+02   2.8257141e+04
   1.1100000e+02   2.8361230e+04
   1.1200000e+02   2.8464863e+04
   1.1300000e+02   2.8567994e+04
   1.1400000e+02   2.8670582e+04
   1.1500000e+02   2.8772580e+04
   1.1600000e+02   2.8873947e+04
   1.1700000e+02   2.8974637e+04
   1.1800000e+02   2.9074611e+04
   1.1900000e+02   2.9173826e+04
   1.2000000e+02   2.9272240e+04
   1.2100000e+02   2.9384061e+04
   1.2200000e+02   2.9494738e+04
   1.2300000e+02   2.9604238e+04
   1.2400000e+02   2.9712523e+04
   1.2500000e+02   2.9819564e+04
   1.2600000e+02   2.9925324e+04
   1.2700000e+02   3.0029771e+04
   1.2800000e+02   3.0132875e+04
   1.2900000e+02   3.0234602e+04
   1.3000000e+02   3.0334918e+04
   1.3100000e+02   3.0433797e+04
   1.3200000e+02   3.0531205e+04
   1.3300000e+02   3.0627111e+04
   1.3400000e+02   3.0721488e+04
   1.3500000e+02   3.0814307e+04
   1.3600000e+02   3.0905537e+04
   1.3700000e+02   3.0995148e+04
   1.3800000e+02   3.1083117e+04
   1.3900000e+02   3.1169414e+04
   1.4000000e+02   3.1254016e+04
   1.4100000e+02   3.1336891e+04
   1.4200000e+02   3.1418016e+04
   1.4300000e+02   3.1497363e+04
   1.4400000e+02   3.1574914e+04
   1.4500000e+02   3.1650643e+04
   1.4600000e+02   3.1724521e+04
   1.4700000e+02   3.1796531e+04
   1.4800000e+02   3.1866652e+04
   1.4900000e+02   3.1934855e+04
   1.5000000e+02   3.2001127e+04
   1.5100000e+02   3.2063355e+04
   1.5200000e+02   3.2123613e+04
   1.5300000e+02   3.2181883e+04
   1.5400000e+02   3.2238143e+04
   1.5500000e+02   3.2292375e+04
   1.5600000e+02   3.2344564e+04
   1.5700000e+02   3.2394693e+04
   1.5800000e+02   3.2442746e+04
   1.5900000e+02   3.2488707e+04
   1.6000000e+02   3.2532563e+04
   1.6100000e+02   3.2574297e+04
   1.6200000e+02   3.2613900e+04
   1.6300000e+02   3.2651352e+04
   1.6400000e+02   3.2686648e+04
   1.6500000e+02   3.2719777e+04
   1.6600000e+02   3.2750721e+04
   1.6700000e+02   3.2779480e+04
   1.6800000e+02   3.2806035e+04
   1.6900000e+02   3.2830387e+04
   1.7000000e+02   3.2852520e+04
   1.7100000e+02   3.2872430e+04
   1.7200000e+02   3.2890113e+04
   1.7300000e+02   3.2905559e+04
   1.7400000e+02   3.2918766e+04
   1.7500000e+02   3.2929727e+04
   1.7600000e+02   3.2938441e+04
   1.7700000e+02   3.2944906e+04
   1.7800000e+02   3.2949113e+04
   1.7900000e+02   3.2951070e+04
   1.8000000e+02   3.2950770e+04
   1.8100000e+02   3.2945426e+04
   1.8200000e+02   3.2937832e+04
   1.8300000e+02   3.2927988e+04
   1.8400000e+02   3.2915898e+04
   1.8500000e+02   3.2901563e+04
   1.8600000e+02   3.2884984e+04
   1.8700000e+02   3.2866168e+04
   1.8800000e+02   3.2845125e+04
   1.8900000e+02   3.2821852e+04
   1.9000000e+02   3.2796355e+04
   1.9100000e+02   3.2768645e+04
   1.9200000e+02   3.2738730e+04
   1.9300000e+02   3.2706619e+04
   1.9400000e+02   3.2672318e+04
   1.9500000e+02   3.2635836e+04
   1.9600000e+02   3.2597188e+04
   1.9700000e+02   3.2556381e+04
   1.9800000e+02   3.2513428e+04
   1.9900000e+02   3.2468342e+04
   2.0000000e+02   3.2421135e+04
   2.0100000e+02   3.2371822e+04
   2.0200000e+02   3.2320418e+04
   2.0300000e+02   3.2266936e+04
   2.0400000e+02   3.2211393e+04
   2.0500000e+02   3.2153805e+04
   2.0600000e+02   3.2094184e+04
   2.0700000e+02   3.2032551e+04
   2.0800000e+02   3.1968924e+04
   2.0900000e+02   3.1903326e+04
   2.1000000e+02   3.1835775e+04
   2.1100000e+02   3.1781064e+04
   2.1200000e+02   3.1724262e+04
   2.1300000e+02   3.1665381e+04
   2.1400000e+02   3.1604441e+04
   2.1500000e+02   3.1541467e+04
   2.1600000e+02   3.1476477e+04
   2.1700000e+02   3.1409492e+04
   2.1800000e+02   3.1340531e+04
   2.1900000e+02   3.1269621e+04
   2.2000000e+02   3.1196781e+04
   2.2100000e+02   3.1122037e+04
   2.2200000e+02   3.1045410e+04
   2.2300000e+02   3.0966924e+04
   2.2400000e+02   3.0886604e+04
   2.2500000e+02   3.0804477e+04
   2.2600000e+02   3.0720564e+04
   2.2700000e+02   3.0634896e+04
   2.2800000e+02   3.0547494e+04
   2.2900000e+02   3.0458389e+04
   2.3000000e+02   3.0367605e+04
   2.3100000e+02   3.0275172e+04
   2.3200000e+02   3.0181113e+04
   2.3300000e+02   3.0085461e+04
   2.3400000e+02   2.9988242e+04
   2.3500000e+02   2.9889484e+04
   2.3600000e+02   2.9789219e+04
   2.3700000e+02   2.9687475e+04
   2.3800000e+02   2.9584279e+04
   2.3900000e+02   2.9479664e+04
   2.4000000e+02   2.9373658e+04
   2.4100000e+02   2.9287723e+04
   2.4200000e+02   2.9201486e+04
   2.4300000e+02   2.9114992e+04
   2.4400000e+02   2.9028291e+04
   2.4500000e+02   2.8941434e+04
   2.4600000e+02   2.8854465e+04
   2.4700000e+02   2.8767436e+04
   2.4800000e+02   2.8680393e+04
   2.4900000e+02   2.8593395e+04
   2.5000000e+02   2.8506480e+04
   2.5100000e+02   2.8419707e+04
   2.5200000e+02   2.8333125e+04
   2.5300000e+02   2.8246781e+04
   2.5400000e+02   2.8160730e+04
   2.5500000e+02   2.8075023e+04
   2.5600000e+02   2.7989707e+04
   2.5700000e+02   2.7904830e+04
   2.5800000e+02   2.7820453e+04
   2.5900000e+02   2.7736625e+04
   2.6000000e+02   2.7653295e+04
   2.6100000e+02   2.7570574e+04
   2.6200000e+02   2.7488590e+04
   2.6300000e+02   2.7407393e+04
   2.6400000e+02   2.7327037e+04
   2.6500000e+02   2.7247574e+04
   2.6600000e+02   2.7169061e+04
   2.6700000e+02   2.7091547e+04
   2.6800000e+02   2.7015084e+04
   2.6900000e+02   2.6939727e+04
   2.7000000e+02   2.6865529e+04
   2.7100000e+02   2.6740131e+04
   2.7200000e+02   2.6615016e+04
   2.7300000e+02   2.6490221e+04
   2.7400000e+02   2.6365789e+04
   2.7500000e+02   2.6241760e+04
   2.7600000e+02   2.6118172e+04
   2.7700000e+02   2.5995061e+04
   2.7800000e+02   2.5872467e+04
   2.7900000e+02   2.5750430e+04
   2.8000000e+02   2.5628986e+04
   2.8100000e+02   2.5508172e+04
   2.8200000e+02   2.5388029e+04
   2.8300000e+02   2.5268592e+04
   2.8400000e+02   2.5149895e+04
   2.8500000e+02   2.5031977e+04
   2.8600000e+02   2.4914873e+04
   2.8700000e+02   2.4798621e+04
   2.8800000e+02   2.4683252e+04
   2.8900000e+02   2.4568803e+04
   2.9000000e+02   2.4455307e+04
   2.9100000e+02   2.4342799e+04
   2.9200000e+02   2.4231309e+04
   2.9300000e+02   2.4120873e+04
   2.9400000e+02   2.4011520e+04
   2.9500000e+02   2.3903283e+04
   2.9600000e+02   2.3796191e+04
   2.9700000e+02   2.3690279e+04
   2.9800000e+02   2.3585572e+04
   2.9900000e+02   2.3482102e+04
   3.0000000e+02   2.3379896e+04
   3.0100000e+02   2.3276551e+04
   3.0200000e+02   2.3174418e+04
   3.0300000e+02   2.3073508e+04
   3.0400000e+02   2.2973852e+04
   3.0500000e+02   2.2875473e+04
   3.0600000e+02   2.2778395e+04
   3.0700000e+02   2.2682645e+04
   3.0800000e+02   2.2588244e+04
   3.0900000e+02   2.2495217e+04
   3.1000000e+02   2.2403588e+04
   3.1100000e+02   2.2313375e+04
   3.1200000e+02   2.2224604e+04
   3.1300000e+02   2.2137289e+04
   3.1400000e+02   2.2051459e+04
   3.1500000e+02   2.1967127e+04
   3.1600000e+02   2.1884314e+04
   3.1700000e+02   2.1803039e+04
   3.1800000e+02   2.1723318e+04
   3.1900000e+02   2.1645172e+04
   3.2000000e+02   2.1568613e+04
   3.2100000e+02   2.1493660e+04
   3.2200000e+02   2.1420328e+04
   3.2300000e+02   2.1348631e+04
   3.2400000e+02   2.1278582e+04
   3.2500000e+02   2.1210195e+04
   3.2600000e+02   2.1143500e+04
   3.2700000e+02   2.1078498e+04
   3.2800000e+02   2.1015195e+04
   3.2900000e+02   2.0953605e+04
   3.3000000e+02   2.0893738e+04
   3.3100000e+02   2.0835670e+04
   3.3200000e+02   2.0779289e+04
   3.3300000e+02   2.0724607e+04
   3.3400000e+02   2.0671635e+04
   3.3500000e+02   2.0620385e+04
   3.3600000e+02   2.0570865e+04
   3.3700000e+02   2.0523086e+04
   3.3800000e+02   2.0477061e+04
   3.3900000e+02   2.0432797e+04
   3.4000000e+02   2.0390301e+04
   3.4100000e+02   2.0349580e+04
   3.4200000e+02   2.0310641e+04
   3.4300000e+02   2.0273492e+04
   3.4400000e+02   2.0238143e+04
   3.4500000e+02   2.0204592e+04
   3.4600000e+02   2.0172855e+04
   3.4700000e+02   2.0142934e+04
   3.4800000e+02   2.0114830e+04
   3.4900000e+02   2.0088557e+04
   3.5000000e+02   2.0064115e+04
   3.5100000e+02   2.0041510e+04
   3.5200000e+02   2.0020752e+04
   3.5300000e+02   2.0001846e+04
   3.5400000e+02   1.9984785e+04
   3.5500000e+02   1.9969580e+04
   3.5600000e+02   1.9956227e+04
   3.5700000e+02   1.9944736e+04
   3.5800000e+02   1.9935105e+04
   3.5900000e+02   1.9927340e+04
   1.4226848e-06   1.9921439e+04
