   0.0000000e+00   3.3224843e-02
   1.0000000e+00   5.1226027e-02
   2.0000000e+00   5.1483709e-02
   3.0000000e+00   5.1740427e-02
   4.0000000e+00   5.1996909e-02
   5.0000000e+00   5.2253217e-02
   6.0000000e+00   5.2509356e-02
   7.0000000e+00   5.2765325e-02
   8.0000000e+00   5.3021137e-02
   9.0000000e+00   5.3276774e-02
   1.0000000e+01   5.3532239e-02
   1.1000000e+01   5.3787522e-02
   1.2000000e+01   5.4042611e-02
   1.3000000e+01   5.4297496e-02
   1.4000000e+01   5.4552183e-02
   1.5000000e+01   5.4806661e-02
   1.6000000e+01   5.5060949e-02
   1.7000000e+01   5.5315055e-02
   1.8000000e+01   5.5568974e-02
   1.9000000e+01   5.5822719e-02
   2.0000000e+01   5.6076299e-02
   2.1000000e+01   5.6329712e-02
   2.2000000e+01   5.6582958e-02
   2.3000000e+01   5.6836043e-02
   2.4000000e+01   5.7088956e-02
   2.5000000e+01   5.7341717e-02
   2.6000000e+01   5.7594314e-02
   2.7000000e+01   5.7846759e-02
   2.8000000e+01   5.8099046e-02
   2.9000000e+01   5.8351185e-02
   3.0000000e+01   5.8603168e-02
   3.1000000e+01   5.9138928e-02
   3.2000000e+01   5.9674859e-02
   3.3000000e+01   6.0210966e-02
   3.4000000e+01   6.0747251e-02
   3.5000000e+01   6.1283719e-02
   3.6000000e+01   6.1820373e-02
   3.7000000e+01   6.2357232e-02
   3.8000000e+01   6.2894277e-02
   3.9000000e+01   6.3431494e-02
   4.0000000e+01   6.3968904e-02
   4.1000000e+01   6.4506508e-02
   4.2000000e+01   6.5044291e-02
   4.3000000e+01   6.5582342e-02
   4.4000000e+01   6.6120736e-02
   4.5000000e+01   6.6659287e-02
   4.6000000e+01   6.7198008e-02
   4.7000000e+01   6.7736894e-02
   4.8000000e+01   6.8276674e-02
   4.9000000e+01   6.8816990e-02
   5.0000000e+01   6.9357574e-02
   5.1000000e+01   6.9898427e-02
   5.2000000e+01   7.0439555e-02
   5.3000000e+01   7.0980944e-02
   5.4000000e+01   7.1522608e-02
   5.5000000e+01   7.2064549e-02
   5.6000000e+01   7.2606750e-02
   5.7000000e+01   7.3149212e-02
   5.8000000e+01   7.3691957e-02
   5.9000000e+01   7.4234955e-02
   6.0000000e+01   7.4778229e-02
   6.1000000e+01   7.5422302e-02
   6.2000000e+01   7.6067984e-02
   6.3000000e+01   7.6715253e-02
   6.4000000e+01   7.7364117e-02
   6.5000000e+01   7.8014545e-02
   6.6000000e+01   7.8666531e-02
   6.7000000e+01   7.9320058e-02
   6.8000000e+01   7.9975724e-02
   6.9000000e+01   8.0633670e-02
   7.0000000e+01   8.1293397e-02
   7.1000000e+01   8.1954896e-02
   7.2000000e+01   8.2618140e-02
   7.3000000e+01   8.3283119e-02
   7.4000000e+01   8.3949819e-02
   7.5000000e+01   8.4618226e-02
   7.6000000e+01   8.5288316e-02
   7.7000000e+01   8.5960090e-02
   7.8000000e+01   8.6633526e-02
   7.9000000e+01   8.7308593e-02
   8.0000000e+01   8.7985300e-02
   8.1000000e+01   8.8663623e-02
   8.2000000e+01   8.9343540e-02
   8.3000000e+01   9.0025067e-02
   8.4000000e+01   9.0708159e-02
   8.5000000e+01   9.1392808e-02
   8.6000000e+01   9.2078999e-02
   8.7000000e+01   9.2766717e-02
   8.8000000e+01   9.3455940e-02
   8.9000000e+01   9.4146661e-02
   9.0000000e+01   9.4839126e-02
   9.1000000e+01   9.4250731e-02
   9.2000000e+01   9.3637288e-02
   9.3000000e+01   9.2998415e-02
   9.4000000e+01   9.2333741e-02
   9.5000000e+01   9.1642886e-02
   9.6000000e+01   9.0925448e-02
   9.7000000e+01   9.0181060e-02
   9.8000000e+01   8.9409314e-02
   9.9000000e+01   8.8609807e-02
   1.0000000e+02   8.7782145e-02
   1.0100000e+02   8.6926900e-02
   1.0200000e+02   8.6044118e-02
   1.0300000e+02   8.5131638e-02
   1.0400000e+02   8.4189065e-02
   1.0500000e+02   8.3215967e-02
   1.0600000e+02   8.2200803e-02
   1.0700000e+02   8.1121497e-02
   1.0800000e+02   8.0004305e-02
   1.0900000e+02   7.8848422e-02
   1.1000000e+02   7.7653177e-02
   1.1100000e+02   7.6417893e-02
   1.1200000e+02   7.5141884e-02
   1.1300000e+02   7.3824465e-02
   1.1400000e+02   7.2464928e-02
   1.1500000e+02   7.1062542e-02
   1.1600000e+02   6.9616608e-02
   1.1700000e+02   6.8126366e-02
   1.1800000e+02   6.6591069e-02
   1.1900000e+02   6.5009959e-02
   1.2000000e+02   6.3382261e-02
   1.2100000e+02   6.1034136e-02
   1.2200000e+02   5.9256282e-02
   1.2300000e+02   5.7950437e-02
   1.2400000e+02   5.6761019e-02
   1.2500000e+02   5.5634279e-02
   1.2600000e+02   5.4678101e-02
   1.2700000e+02   5.3902581e-02
   1.2800000e+02   5.3302262e-02
   1.2900000e+02   5.2866310e-02
   1.3000000e+02   5.2584887e-02
   1.3100000e+02   5.2449219e-02
   1.3200000e+02   5.2451510e-02
   1.3300000e+02   5.2584823e-02
   1.3400000e+02   5.2842986e-02
   1.3500000e+02   5.3220533e-02
   1.3600000e+02   5.3712633e-02
   1.3700000e+02   5.4315023e-02
   1.3800000e+02   5.5023950e-02
   1.3900000e+02   5.5836130e-02
   1.4000000e+02   5.6748725e-02
   1.4100000e+02   5.7759263e-02
   1.4200000e+02   5.8865648e-02
   1.4300000e+02   5.9896842e-02
   1.4400000e+02   6.0961161e-02
   1.4500000e+02   6.2189467e-02
   1.4600000e+02   6.3586153e-02
   1.4700000e+02   6.5158360e-02
   1.4800000e+02   6.6914037e-02
   1.4900000e+02   6.8862006e-02
   1.5000000e+02   7.1012028e-02
   1.5100000e+02   7.1293421e-02
   1.5200000e+02   7.1558245e-02
   1.5300000e+02   7.1807414e-02
   1.5400000e+02   7.2041743e-02
   1.5500000e+02   7.2262034e-02
   1.5600000e+02   7.2469018e-02
   1.5700000e+02   7.2663382e-02
   1.5800000e+02   7.2845757e-02
   1.5900000e+02   7.3016748e-02
   1.6000000e+02   7.3176913e-02
   1.6100000e+02   7.3326789e-02
   1.6200000e+02   7.3466860e-02
   1.6300000e+02   7.3597588e-02
   1.6400000e+02   7.3719420e-02
   1.6500000e+02   7.3832758e-02
   1.6600000e+02   7.3937997e-02
   1.6700000e+02   7.4035488e-02
   1.6800000e+02   7.4125580e-02
   1.6900000e+02   7.4208602e-02
   1.7000000e+02   7.4284852e-02
   1.7100000e+02   7.4354626e-02
   1.7200000e+02   7.4418187e-02
   1.7300000e+02   7.4475788e-02
   1.7400000e+02   7.4527673e-02
   1.7500000e+02   7.4574083e-02
   1.7600000e+02   7.4615233e-02
   1.7700000e+02   7.4651316e-02
   1.7800000e+02   7.4682534e-02
   1.7900000e+02   7.4709073e-02
   1.8000000e+02   7.4731104e-02
   1.8100000e+02   6.9323353e-02
   1.8200000e+02   6.4141952e-02
   1.8300000e+02   5.9173968e-02
   1.8400000e+02   5.4407392e-02
   1.8500000e+02   5.0015315e-02
   1.8600000e+02   4.6541475e-02
   1.8700000e+02   4.3447345e-02
   1.8800000e+02   4.0677108e-02
   1.8900000e+02   3.8194966e-02
   1.9000000e+02   3.6010429e-02
   1.9100000e+02   3.4094676e-02
   1.9200000e+02   3.2393262e-02
   1.9300000e+02   3.0883426e-02
   1.9400000e+02   2.9545631e-02
   1.9500000e+02   2.8362498e-02
   1.9600000e+02   2.7318565e-02
   1.9700000e+02   2.6399987e-02
   1.9800000e+02   2.6416030e-02
   1.9900000e+02   2.7266933e-02
   2.0000000e+02   2.8178738e-02
   2.0100000e+02   2.9109780e-02
   2.0200000e+02   3.0050967e-02
   2.0300000e+02   3.0995831e-02
   2.0400000e+02   3.1939048e-02
   2.0500000e+02   3.2876231e-02
   2.0600000e+02   3.3819206e-02
   2.0700000e+02   3.4830511e-02
   2.0800000e+02   3.5825379e-02
   2.0900000e+02   3.6798850e-02
   2.1000000e+02   3.7749436e-02
   2.1100000e+02   4.1978873e-02
   2.1200000e+02   4.5905184e-02
   2.1300000e+02   4.9556535e-02
   2.1400000e+02   5.2958053e-02
   2.1500000e+02   5.6132179e-02
   2.1600000e+02   5.9099007e-02
   2.1700000e+02   6.1876573e-02
   2.1800000e+02   6.4481087e-02
   2.1900000e+02   6.6927165e-02
   2.2000000e+02   6.9227993e-02
   2.2100000e+02   7.1395501e-02
   2.2200000e+02   7.3440462e-02
   2.2300000e+02   7.5362839e-02
   2.2400000e+02   7.6956674e-02
   2.2500000e+02   7.8498319e-02
   2.2600000e+02   7.9994753e-02
   2.2700000e+02   8.1448212e-02
   2.2800000e+02   8.2860731e-02
   2.2900000e+02   8.4234223e-02
   2.3000000e+02   8.5570499e-02
   2.3100000e+02   8.6871251e-02
   2.3200000e+02   8.8138089e-02
   2.3300000e+02   8.9372531e-02
   2.3400000e+02   9.0576008e-02
   2.3500000e+02   9.1749877e-02
   2.3600000e+02   9.2895411e-02
   2.3700000e+02   9.4013825e-02
   2.3800000e+02   9.5106289e-02
   2.3900000e+02   9.6173868e-02
   2.4000000e+02   9.7217605e-02
   2.4100000e+02   9.6763484e-02
   2.4200000e+02   9.6310742e-02
   2.4300000e+02   9.5859379e-02
   2.4400000e+02   9.5409393e-02
   2.4500000e+02   9.4960794e-02
   2.4600000e+02   9.4513580e-02
   2.4700000e+02   9.4067767e-02
   2.4800000e+02   9.3623333e-02
   2.4900000e+02   9.3180291e-02
   2.5000000e+02   9.2738658e-02
   2.5100000e+02   9.2298403e-02
   2.5200000e+02   9.1859557e-02
   2.5300000e+02   9.1422111e-02
   2.5400000e+02   9.0986066e-02
   2.5500000e+02   9.0551428e-02
   2.5600000e+02   9.0118185e-02
   2.5700000e+02   8.9686364e-02
   2.5800000e+02   8.9255944e-02
   2.5900000e+02   8.8826932e-02
   2.6000000e+02   8.8399328e-02
   2.6100000e+02   8.7973140e-02
   2.6200000e+02   8.7548368e-02
   2.6300000e+02   8.7125011e-02
   2.6400000e+02   8.6703062e-02
   2.6500000e+02   8.6282477e-02
   2.6600000e+02   8.5862860e-02
   2.6700000e+02   8.5444927e-02
   2.6800000e+02   8.5028671e-02
   2.6900000e+02   8.4614098e-02
   2.7000000e+02   8.4201209e-02
   2.7100000e+02   8.3498389e-02
   2.7200000e+02   8.2795344e-02
   2.7300000e+02   8.2092091e-02
   2.7400000e+02   8.1388623e-02
   2.7500000e+02   8.0684923e-02
   2.7600000e+02   7.9981022e-02
   2.7700000e+02   7.9276919e-02
   2.7800000e+02   7.8572601e-02
   2.7900000e+02   7.7868074e-02
   2.8000000e+02   7.7163339e-02
   2.8100000e+02   7.6458402e-02
   2.8200000e+02   7.5753272e-02
   2.8300000e+02   7.5047933e-02
   2.8400000e+02   7.4342392e-02
   2.8500000e+02   7.3636658e-02
   2.8600000e+02   7.2930731e-02
   2.8700000e+02   7.2224595e-02
   2.8800000e+02   7.1518287e-02
   2.8900000e+02   7.0811771e-02
   2.9000000e+02   7.0105068e-02
   2.9100000e+02   6.9398180e-02
   2.9200000e+02   6.8691105e-02
   2.9300000e+02   6.7983851e-02
   2.9400000e+02   6.7276418e-02
   2.9500000e+02   6.6568792e-02
   2.9600000e+02   6.5860994e-02
   2.9700000e+02   6.5153018e-02
   2.9800000e+02   6.4444855e-02
   2.9900000e+02   6.3736521e-02
   3.0000000e+02   6.3028008e-02
   3.0100000e+02   6.2597461e-02
   3.0200000e+02   6.2166903e-02
   3.0300000e+02   6.1736342e-02
   3.0400000e+02   6.1305769e-02
   3.0500000e+02   6.0875181e-02
   3.0600000e+02   6.0444590e-02
   3.0700000e+02   6.0013991e-02
   3.0800000e+02   5.9583385e-02
   3.0900000e+02   5.9152767e-02
   3.1000000e+02   5.8722142e-02
   3.1100000e+02   5.8291513e-02
   3.1200000e+02   5.7860870e-02
   3.1300000e+02   5.7430223e-02
   3.1400000e+02   5.6999568e-02
   3.1500000e+02   5.6568906e-02
   3.1600000e+02   5.6138236e-02
   3.1700000e+02   5.5707559e-02
   3.1800000e+02   5.5276874e-02
   3.1900000e+02   5.4846182e-02
   3.2000000e+02   5.4415483e-02
   3.2100000e+02   5.3984780e-02
   3.2200000e+02   5.3554069e-02
   3.2300000e+02   5.3123347e-02
   3.2400000e+02   5.2692618e-02
   3.2500000e+02   5.2261885e-02
   3.2600000e+02   5.1831149e-02
   3.2700000e+02   5.1400404e-02
   3.2800000e+02   5.0969653e-02
   3.2900000e+02   5.0538894e-02
   3.3000000e+02   5.0108127e-02
   3.3100000e+02   5.0022751e-02
   3.3200000e+02   4.9937382e-02
   3.3300000e+02   4.9852017e-02
   3.3400000e+02   4.9766663e-02
   3.3500000e+02   4.9681310e-02
   3.3600000e+02   4.9595963e-02
   3.3700000e+02   4.9510628e-02
   3.3800000e+02   4.9425293e-02
   3.3900000e+02   4.9339969e-02
   3.4000000e+02   4.9254648e-02
   3.4100000e+02   4.9169336e-02
   3.4200000e+02   4.9084030e-02
   3.4300000e+02   4.8998728e-02
   3.4400000e+02   4.8913434e-02
   3.4500000e+02   4.8828147e-02
   3.4600000e+02   4.8742864e-02
   3.4700000e+02   4.8657589e-02
   3.4800000e+02   4.8572324e-02
   3.4900000e+02   4.8487060e-02
   3.5000000e+02   4.8401803e-02
   3.5100000e+02   4.8316550e-02
   3.5200000e+02   4.8231307e-02
   3.5300000e+02   4.8146065e-02
   3.5400000e+02   4.8060834e-02
   3.5500000e+02   4.7975611e-02
   3.5600000e+02   4.7890391e-02
   3.5700000e+02   4.7805175e-02
   3.5800000e+02   4.7719967e-02
   3.5900000e+02   4.7634762e-02
   7.1133672e-07   4.7549568e-02
   1.0000007e+00   4.7809418e-02
   2.0000007e+00   4.8069272e-02
   3.0000007e+00   4.8329122e-02
   4.0000010e+00   4.8588969e-02
   5.0000010e+00   4.8848812e-02
   6.0000010e+00   4.9108662e-02
   7.0000010e+00   4.9368504e-02
   8.0000010e+00   4.9628340e-02
   9.0000010e+00   4.9888179e-02
   1.0000001e+01   5.0148018e-02
   1.1000001e+01   5.0407853e-02
   1.2000001e+01   5.0667688e-02
   1.3000001e+01   5.0927520e-02
   1.4000001e+01   5.1187351e-02
   1.5000001e+01   5.1447179e-02
   1.6000000e+01   5.1707011e-02
   1.7000000e+01   5.1966839e-02
   1.8000000e+01   5.2226659e-02
   1.9000000e+01   5.2486483e-02
   2.0000000e+01   5.2746307e-02
   2.1000000e+01   5.3006131e-02
   2.2000000e+01   5.3265952e-02
   2.3000000e+01   5.3525772e-02
   2.4000000e+01   5.3785585e-02
   2.5000000e+01   5.4045405e-02
   2.6000000e+01   5.4305222e-02
   2.7000000e+01   5.4565031e-02
   2.8000000e+01   5.4824848e-02
   2.9000000e+01   5.5084657e-02
   3.0000000e+01   5.5344470e-02
   3.1000000e+01   5.5928510e-02
   3.2000000e+01   5.6512654e-02
   3.3000000e+01   5.7096891e-02
   3.4000000e+01   5.7681229e-02
   3.5000000e+01   5.8265660e-02
   3.6000000e+01   5.8850188e-02
   3.7000000e+01   5.9434816e-02
   3.8000000e+01   6.0019530e-02
   3.9000000e+01   6.0604345e-02
   4.0000000e+01   6.1189253e-02
   4.1000000e+01   6.1774250e-02
   4.2000000e+01   6.2359340e-02
   4.3000000e+01   6.2944524e-02
   4.4000000e+01   6.3529797e-02
   4.5000000e+01   6.4115159e-02
   4.6000000e+01   6.4700618e-02
   4.7000000e+01   6.5286160e-02
   4.8000000e+01   6.5871790e-02
   4.9000000e+01   6.6457510e-02
   5.0000000e+01   6.7043319e-02
   5.1000000e+01   6.7629218e-02
   5.2000000e+01   6.8215199e-02
   5.3000000e+01   6.8801261e-02
   5.4000000e+01   6.9387414e-02
   5.5000000e+01   6.9973648e-02
   5.6000000e+01   7.0559971e-02
   5.7000000e+01   7.1146369e-02
   5.8000000e+01   7.1732856e-02
   5.9000000e+01   7.2319433e-02
   6.0000000e+01   7.2906077e-02
   6.1000000e+01   7.3810592e-02
   6.2000000e+01   7.4715108e-02
   6.3000000e+01   7.5619653e-02
   6.4000000e+01   7.6524206e-02
   6.5000000e+01   7.7428758e-02
   6.6000000e+01   7.8333318e-02
   6.7000000e+01   7.9237871e-02
   6.8000000e+01   8.0142409e-02
   6.9000000e+01   8.1046931e-02
   7.0000000e+01   8.1951439e-02
   7.1000000e+01   8.2855910e-02
   7.2000000e+01   8.3760351e-02
   7.3000000e+01   8.4664650e-02
   7.4000000e+01   8.5568875e-02
   7.5000000e+01   8.6473025e-02
   7.6000000e+01   8.7377101e-02
   7.7000000e+01   8.8281080e-02
   7.8000000e+01   8.9184962e-02
   7.9000000e+01   9.0088740e-02
   8.0000000e+01   9.0992421e-02
   8.1000000e+01   9.1895975e-02
   8.2000000e+01   9.2799410e-02
   8.3000000e+01   9.3702719e-02
   8.4000000e+01   9.4605885e-02
   8.5000000e+01   9.5508903e-02
   8.6000000e+01   9.6411780e-02
   8.7000000e+01   9.7314492e-02
   8.8000000e+01   9.8217048e-02
   8.9000000e+01   9.9119425e-02
   9.0000000e+01   1.0002163e-01
   9.1000000e+01   9.9879086e-02
   9.2000000e+01   9.9737272e-02
   9.3000000e+01   9.9596195e-02
   9.4000000e+01   9.9455856e-02
   9.5000000e+01   9.9316269e-02
   9.6000000e+01   9.9177420e-02
   9.7000000e+01   9.9039331e-02
   9.8000000e+01   9.8901995e-02
   9.9000000e+01   9.8765425e-02
   1.0000000e+02   9.8629616e-02
   1.0100000e+02   9.8494574e-02
   1.0200000e+02   9.8360315e-02
   1.0300000e+02   9.8226830e-02
   1.0400000e+02   9.8094136e-02
   1.0500000e+02   9.7962223e-02
   1.0600000e+02   9.7831108e-02
   1.0700000e+02   9.7700782e-02
   1.0800000e+02   9.7571269e-02
   1.0900000e+02   9.7442552e-02
   1.1000000e+02   9.7314648e-02
   1.1100000e+02   9.7187549e-02
   1.1200000e+02   9.7061276e-02
   1.1300000e+02   9.6935824e-02
   1.1400000e+02   9.6811205e-02
   1.1500000e+02   9.6687406e-02
   1.1600000e+02   9.6564457e-02
   1.1700000e+02   9.6442334e-02
   1.1800000e+02   9.6321069e-02
   1.1900000e+02   9.6200652e-02
   1.2000000e+02   9.6081086e-02
   1.2100000e+02   9.6040681e-02
   1.2200000e+02   9.6000373e-02
   1.2300000e+02   9.5960140e-02
   1.2400000e+02   9.5919989e-02
   1.2500000e+02   9.5879920e-02
   1.2600000e+02   9.5839933e-02
   1.2700000e+02   9.5800035e-02
   1.2800000e+02   9.5760211e-02
   1.2900000e+02   9.5720477e-02
   1.3000000e+02   9.5680833e-02
   1.3100000e+02   9.5641263e-02
   1.3200000e+02   9.5601782e-02
   1.3300000e+02   9.5562376e-02
   1.3400000e+02   9.5523059e-02
   1.3500000e+02   9.5483825e-02
   1.3600000e+02   9.5444672e-02
   1.3700000e+02   9.5405608e-02
   1.3800000e+02   9.5366620e-02
   1.3900000e+02   9.5327720e-02
   1.4000000e+02   9.5288910e-02
   1.4100000e+02   9.5250174e-02
   1.4200000e+02   9.5211536e-02
   1.4300000e+02   9.5172971e-02
   1.4400000e+02   9.5134489e-02
   1.4500000e+02   9.5096096e-02
   1.4600000e+02   9.5057786e-02
   1.4700000e+02   9.5019564e-02
   1.4800000e+02   9.4981425e-02
   1.4900000e+02   9.4943367e-02
   1.5000000e+02   9.4905391e-02
   1.5100000e+02   9.4773993e-02
   1.5200000e+02   9.4642885e-02
   1.5300000e+02   9.4512045e-02
   1.5400000e+02   9.4381496e-02
   1.5500000e+02   9.4251215e-02
   1.5600000e+02   9.4121210e-02
   1.5700000e+02   9.3991488e-02
   1.5800000e+02   9.3862042e-02
   1.5900000e+02   9.3732864e-02
   1.6000000e+02   9.3603976e-02
   1.6100000e+02   9.3475349e-02
   1.6200000e+02   9.3346998e-02
   1.6300000e+02   9.3218930e-02
   1.6400000e+02   9.3091123e-02
   1.6500000e+02   9.2963599e-02
   1.6600000e+02   9.2836343e-02
   1.6700000e+02   9.2709355e-02
   1.6800000e+02   9.2582643e-02
   1.6900000e+02   9.2456199e-02
   1.7000000e+02   9.2330024e-02
   1.7100000e+02   9.2204116e-02
   1.7200000e+02   9.2078485e-02
   1.7300000e+02   9.1953121e-02
   1.7400000e+02   9.1828018e-02
   1.7500000e+02   9.1703184e-02
   1.7600000e+02   9.1578618e-02
   1.7700000e+02   9.1454320e-02
   1.7800000e+02   9.1330282e-02
   1.7900000e+02   9.1206513e-02
   1.8000000e+02   9.1083013e-02
   1.8100000e+02   9.0839081e-02
   1.8200000e+02   9.0595610e-02
   1.8300000e+02   9.0352602e-02
   1.8400000e+02   9.0110064e-02
   1.8500000e+02   8.9867972e-02
   1.8600000e+02   8.9626350e-02
   1.8700000e+02   8.9385182e-02
   1.8800000e+02   8.9144476e-02
   1.8900000e+02   8.8904224e-02
   1.9000000e+02   8.8664427e-02
   1.9100000e+02   8.8425085e-02
   1.9200000e+02   8.8186197e-02
   1.9300000e+02   8.7947764e-02
   1.9400000e+02   8.7709777e-02
   1.9500000e+02   8.7472245e-02
   1.9600000e+02   8.7235153e-02
   1.9700000e+02   8.6998522e-02
   1.9800000e+02   8.6762331e-02
   1.9900000e+02   8.6526588e-02
   2.0000000e+02   8.6291291e-02
   2.0100000e+02   8.6056434e-02
   2.0200000e+02   8.5822031e-02
   2.0300000e+02   8.5588060e-02
   2.0400000e+02   8.5354537e-02
   2.0500000e+02   8.5121453e-02
   2.0600000e+02   8.4888801e-02
   2.0700000e+02   8.4656596e-02
   2.0800000e+02   8.4424824e-02
   2.0900000e+02   8.4193490e-02
   2.1000000e+02   8.3962597e-02
   2.1100000e+02   8.4016941e-02
   2.1200000e+02   8.4061705e-02
   2.1300000e+02   8.4096752e-02
   2.1400000e+02   8.4121965e-02
   2.1500000e+02   8.4137231e-02
   2.1600000e+02   8.4142402e-02
   2.1700000e+02   8.4137373e-02
   2.1800000e+02   8.4121995e-02
   2.1900000e+02   8.4096141e-02
   2.2000000e+02   8.4059671e-02
   2.2100000e+02   8.4012449e-02
   2.2200000e+02   8.3954349e-02
   2.2300000e+02   8.3885208e-02
   2.2400000e+02   8.3804891e-02
   2.2500000e+02   8.3713263e-02
   2.2600000e+02   8.3610155e-02
   2.2700000e+02   8.3495438e-02
   2.2800000e+02   8.3368942e-02
   2.2900000e+02   8.3230518e-02
   2.3000000e+02   8.3080009e-02
   2.3100000e+02   8.2917251e-02
   2.3200000e+02   8.2742073e-02
   2.3300000e+02   8.2554318e-02
   2.3400000e+02   8.2353823e-02
   2.3500000e+02   8.2140401e-02
   2.3600000e+02   8.1913888e-02
   2.3700000e+02   8.1674106e-02
   2.3800000e+02   8.1420876e-02
   2.3900000e+02   8.1154004e-02
   2.4000000e+02   8.0873318e-02
   2.4100000e+02   8.0827139e-02
   2.4200000e+02   8.0790438e-02
   2.4300000e+02   8.0763362e-02
   2.4400000e+02   8.0746062e-02
   2.4500000e+02   8.0738716e-02
   2.4600000e+02   8.0741480e-02
   2.4700000e+02   8.0754511e-02
   2.4800000e+02   8.0777995e-02
   2.4900000e+02   8.0812089e-02
   2.5000000e+02   8.0856979e-02
   2.5100000e+02   8.0912828e-02
   2.5200000e+02   8.0979839e-02
   2.5300000e+02   8.1058174e-02
   2.5400000e+02   8.1148036e-02
   2.5500000e+02   8.1249602e-02
   2.5600000e+02   8.1363074e-02
   2.5700000e+02   8.1488647e-02
   2.5800000e+02   8.1626527e-02
   2.5900000e+02   8.1776902e-02
   2.6000000e+02   8.1935294e-02
   2.6100000e+02   8.2104601e-02
   2.6200000e+02   8.2288481e-02
   2.6300000e+02   8.2487188e-02
   2.6400000e+02   8.2701012e-02
   2.6500000e+02   8.2930245e-02
   2.6600000e+02   8.3175190e-02
   2.6700000e+02   8.3436161e-02
   2.6800000e+02   8.3713450e-02
   2.6900000e+02   8.4007405e-02
   2.7000000e+02   8.4318332e-02
   2.7100000e+02   8.3592430e-02
   2.7200000e+02   8.2866453e-02
   2.7300000e+02   8.2140394e-02
   2.7400000e+02   8.1414260e-02
   2.7500000e+02   8.0688059e-02
   2.7600000e+02   7.9961777e-02
   2.7700000e+02   7.9235412e-02
   2.7800000e+02   7.8508981e-02
   2.7900000e+02   7.7782467e-02
   2.8000000e+02   7.7055886e-02
   2.8100000e+02   7.6329224e-02
   2.8200000e+02   7.5602494e-02
   2.8300000e+02   7.4875690e-02
   2.8400000e+02   7.4148811e-02
   2.8500000e+02   7.3421858e-02
   2.8600000e+02   7.2694823e-02
   2.8700000e+02   7.1967728e-02
   2.8800000e+02   7.1240552e-02
   2.8900000e+02   7.0513308e-02
   2.9000000e+02   6.9785990e-02
   2.9100000e+02   6.9058605e-02
   2.9200000e+02   6.8331137e-02
   2.9300000e+02   6.7603603e-02
   2.9400000e+02   6.6875994e-02
   2.9500000e+02   6.6148318e-02
   2.9600000e+02   6.5420568e-02
   2.9700000e+02   6.4692751e-02
   2.9800000e+02   6.3964859e-02
   2.9900000e+02   6.3236900e-02
   3.0000000e+02   6.2508866e-02
   3.0100000e+02   6.2078383e-02
   3.0200000e+02   6.1647892e-02
   3.0300000e+02   6.1217401e-02
   3.0400000e+02   6.0786903e-02
   3.0500000e+02   6.0356401e-02
   3.0600000e+02   5.9925899e-02
   3.0700000e+02   5.9495393e-02
   3.0800000e+02   5.9064880e-02
   3.0900000e+02   5.8634363e-02
   3.1000000e+02   5.8203846e-02
   3.1100000e+02   5.7773326e-02
   3.1200000e+02   5.7342794e-02
   3.1300000e+02   5.6912266e-02
   3.1400000e+02   5.6481730e-02
   3.1500000e+02   5.6051191e-02
   3.1600000e+02   5.5620648e-02
   3.1700000e+02   5.5190105e-02
   3.1800000e+02   5.4759555e-02
   3.1900000e+02   5.4329000e-02
   3.2000000e+02   5.3898446e-02
   3.2100000e+02   5.3467885e-02
   3.2200000e+02   5.3037319e-02
   3.2300000e+02   5.2606750e-02
   3.2400000e+02   5.2176178e-02
   3.2500000e+02   5.1745601e-02
   3.2600000e+02   5.1315021e-02
   3.2700000e+02   5.0884437e-02
   3.2800000e+02   5.0453849e-02
   3.2900000e+02   5.0023261e-02
   3.3000000e+02   4.9592666e-02
   3.3100000e+02   4.9508497e-02
   3.3200000e+02   4.9424332e-02
   3.3300000e+02   4.9340162e-02
   3.3400000e+02   4.9255993e-02
   3.3500000e+02   4.9171820e-02
   3.3600000e+02   4.9087644e-02
   3.3700000e+02   4.9003471e-02
   3.3800000e+02   4.8919290e-02
   3.3900000e+02   4.8835114e-02
   3.4000000e+02   4.8750930e-02
   3.4100000e+02   4.8666749e-02
   3.4200000e+02   4.8582569e-02
   3.4300000e+02   4.8498377e-02
   3.4400000e+02   4.8414193e-02
   3.4500000e+02   4.8330002e-02
   3.4600000e+02   4.8245814e-02
   3.4700000e+02   4.8161618e-02
   3.4800000e+02   4.8077423e-02
   3.4900000e+02   4.7993228e-02
   3.5000000e+02   4.7909029e-02
   3.5100000e+02   4.7824830e-02
   3.5200000e+02   4.7740627e-02
   3.5300000e+02   4.7656424e-02
   3.5400000e+02   4.7572222e-02
   3.5500000e+02   4.7488015e-02
   3.5600000e+02   4.7403805e-02
   3.5700000e+02   4.7319595e-02
   3.5800000e+02   4.7235385e-02
   3.5900000e+02   4.7151174e-02
   1.4226848e-06   4.7066957e-02
