   0.0000000e+00   7.9422290e+03
   1.0000000e+00   1.5023515e+04
   2.0000000e+00   1.5025238e+04
   3.0000000e+00   1.5028119e+04
   4.0000000e+00   1.5032043e+04
   5.0000000e+00   1.5037008e+04
   6.0000000e+00   1.5043015e+04
   7.0000000e+00   1.5050063e+04
   8.0000000e+00   1.5058152e+04
   9.0000000e+00   1.5067287e+04
   1.0000000e+01   1.5077468e+04
   1.1000000e+01   1.5088689e+04
   1.2000000e+01   1.5100949e+04
   1.3000000e+01   1.5114247e+04
   1.4000000e+01   1.5128580e+04
   1.5000000e+01   1.5143947e+04
   1.6000000e+01   1.5160347e+04
   1.7000000e+01   1.5177775e+04
   1.8000000e+01   1.5196229e+04
   1.9000000e+01   1.5215704e+04
   2.0000000e+01   1.5236198e+04
   2.1000000e+01   1.5257708e+04
   2.2000000e+01   1.5280228e+04
   2.3000000e+01   1.5303753e+04
   2.4000000e+01   1.5328279e+04
   2.5000000e+01   1.5353802e+04
   2.6000000e+01   1.5380316e+04
   2.7000000e+01   1.5407813e+04
   2.8000000e+01   1.5436292e+04
   2.9000000e+01   1.5465741e+04
   3.0000000e+01   1.5496156e+04
   3.1000000e+01   1.5527654e+04
   3.2000000e+01   1.5560046e+04
   3.3000000e+01   1.5593322e+04
   3.4000000e+01   1.5627478e+04
   3.5000000e+01   1.5662505e+04
   3.6000000e+01   1.5698396e+04
   3.7000000e+01   1.5735145e+04
   3.8000000e+01   1.5772742e+04
   3.9000000e+01   1.5811180e+04
   4.0000000e+01   1.5850447e+04
   4.1000000e+01   1.5890537e+04
   4.2000000e+01   1.5931438e+04
   4.3000000e+01   1.5973143e+04
   4.4000000e+01   1.6015638e+04
   4.5000000e+01   1.6058908e+04
   4.6000000e+01   1.6102937e+04
   4.7000000e+01   1.6147729e+04
   4.8000000e+01   1.6193271e+04
   4.9000000e+01   1.6239551e+04
   5.0000000e+01   1.6286560e+04
   5.1000000e+01   1.6334283e+04
   5.2000000e+01   1.6382710e+04
   5.3000000e+01   1.6431824e+04
   5.4000000e+01   1.6481613e+04
   5.5000000e+01   1.6532068e+04
   5.6000000e+01   1.6583170e+04
   5.7000000e+01   1.6634904e+04
   5.8000000e+01   1.6687258e+04
   5.9000000e+01   1.6740217e+04
   6.0000000e+01   1.6793764e+04
   6.1000000e+01   1.6847373e+04
   6.2000000e+01   1.6901621e+04
   6.3000000e+01   1.6956486e+04
   6.4000000e+01   1.7011955e+04
   6.5000000e+01   1.7068006e+04
   6.6000000e+01   1.7124623e+04
   6.7000000e+01   1.7181791e+04
   6.8000000e+01   1.7239488e+04
   6.9000000e+01   1.7297695e+04
   7.0000000e+01   1.7356396e+04
   7.1000000e+01   1.7415574e+04
   7.2000000e+01   1.7475203e+04
   7.3000000e+01   1.7535270e+04
   7.4000000e+01   1.7595752e+04
   7.5000000e+01   1.7656635e+04
   7.6000000e+01   1.7717893e+04
   7.7000000e+01   1.7779516e+04
   7.8000000e+01   1.7841482e+04
   7.9000000e+01   1.7903770e+04
   8.0000000e+01   1.7966355e+04
   8.1000000e+01   1.8029219e+04
   8.2000000e+01   1.8092342e+04
   8.3000000e+01   1.8155701e+04
   8.4000000e+01   1.8219279e+04
   8.5000000e+01   1.8283055e+04
   8.6000000e+01   1.8347004e+04
   8.7000000e+01   1.8411109e+04
   8.8000000e+01   1.8475348e+04
   8.9000000e+01   1.8539701e+04
   9.0000000e+01   1.8604145e+04
   9.1000000e+01   1.8668125e+04
   9.2000000e+01   1.8732109e+04
   9.3000000e+01   1.8796078e+04
   9.4000000e+01   1.8860008e+04
   9.5000000e+01   1.8923879e+04
   9.6000000e+01   1.8987672e+04
   9.7000000e+01   1.9051365e+04
   9.8000000e+01   1.9114941e+04
   9.9000000e+01   1.9178375e+04
   1.0000000e+02   1.9241646e+04
   1.0100000e+02   1.9304740e+04
   1.0200000e+02   1.9367631e+04
   1.0300000e+02   1.9430301e+04
   1.0400000e+02   1.9492717e+04
   1.0500000e+02   1.9554852e+04
   1.0600000e+02   1.9616707e+04
   1.0700000e+02   1.9678266e+04
   1.0800000e+02   1.9739504e+04
   1.0900000e+02   1.9800404e+04
   1.1000000e+02   1.9860947e+04
   1.1100000e+02   1.9921109e+04
   1.1200000e+02   1.9980877e+04
   1.1300000e+02   2.0040225e+04
   1.1400000e+02   2.0099137e+04
   1.1500000e+02   2.0157592e+04
   1.1600000e+02   2.0215572e+04
   1.1700000e+02   2.0273057e+04
   1.1800000e+02   2.0330029e+04
   1.1900000e+02   2.0386469e+04
   1.2000000e+02   2.0442357e+04
   1.2100000e+02   2.0497689e+04
   1.2200000e+02   2.0552459e+04
   1.2300000e+02   2.0606646e+04
   1.2400000e+02   2.0660234e+04
   1.2500000e+02   2.0713205e+04
   1.2600000e+02   2.0765537e+04
   1.2700000e+02   2.0817219e+04
   1.2800000e+02   2.0868229e+04
   1.2900000e+02   2.0918549e+04
   1.3000000e+02   2.0968168e+04
   1.3100000e+02   2.1017063e+04
   1.3200000e+02   2.1065221e+04
   1.3300000e+02   2.1112625e+04
   1.3400000e+02   2.1159258e+04
   1.3500000e+02   2.1205105e+04
   1.3600000e+02   2.1250150e+04
   1.3700000e+02   2.1294381e+04
   1.3800000e+02   2.1337777e+04
   1.3900000e+02   2.1380332e+04
   1.4000000e+02   2.1422023e+04
   1.4100000e+02   2.1462840e+04
   1.4200000e+02   2.1502770e+04
   1.4300000e+02   2.1541799e+04
   1.4400000e+02   2.1579910e+04
   1.4500000e+02   2.1617096e+04
   1.4600000e+02   2.1653342e+04
   1.4700000e+02   2.1688633e+04
   1.4800000e+02   2.1722961e+04
   1.4900000e+02   2.1756313e+04
   1.5000000e+02   2.1788678e+04
   1.5100000e+02   2.1820750e+04
   1.5200000e+02   2.1851811e+04
   1.5300000e+02   2.1881854e+04
   1.5400000e+02   2.1910865e+04
   1.5500000e+02   2.1938836e+04
   1.5600000e+02   2.1965758e+04
   1.5700000e+02   2.1991621e+04
   1.5800000e+02   2.2016416e+04
   1.5900000e+02   2.2040127e+04
   1.6000000e+02   2.2062672e+04
   1.6100000e+02   2.2084107e+04
   1.6200000e+02   2.2104432e+04
   1.6300000e+02   2.2123633e+04
   1.6400000e+02   2.2141705e+04
   1.6500000e+02   2.2158646e+04
   1.6600000e+02   2.2174447e+04
   1.6700000e+02   2.2189105e+04
   1.6800000e+02   2.2202613e+04
   1.6900000e+02   2.2214969e+04
   1.7000000e+02   2.2226166e+04
   1.7100000e+02   2.2236203e+04
   1.7200000e+02   2.2245076e+04
   1.7300000e+02   2.2252781e+04
   1.7400000e+02   2.2259316e+04
   1.7500000e+02   2.2264682e+04
   1.7600000e+02   2.2268873e+04
   1.7700000e+02   2.2271887e+04
   1.7800000e+02   2.2273729e+04
   1.7900000e+02   2.2274389e+04
   1.8000000e+02   2.2273875e+04
   1.8100000e+02   2.2273047e+04
   1.8200000e+02   2.2271063e+04
   1.8300000e+02   2.2267926e+04
   1.8400000e+02   2.2263635e+04
   1.8500000e+02   2.2258189e+04
   1.8600000e+02   2.2251594e+04
   1.8700000e+02   2.2243848e+04
   1.8800000e+02   2.2234951e+04
   1.8900000e+02   2.2224910e+04
   1.9000000e+02   2.2213725e+04
   1.9100000e+02   2.2201398e+04
   1.9200000e+02   2.2187938e+04
   1.9300000e+02   2.2173340e+04
   1.9400000e+02   2.2157615e+04
   1.9500000e+02   2.2140770e+04
   1.9600000e+02   2.2122801e+04
   1.9700000e+02   2.2103719e+04
   1.9800000e+02   2.2083525e+04
   1.9900000e+02   2.2062213e+04
   2.0000000e+02   2.2039813e+04
   2.0100000e+02   2.2016328e+04
   2.0200000e+02   2.1991764e+04
   2.0300000e+02   2.1966129e+04
   2.0400000e+02   2.1939432e+04
   2.0500000e+02   2.1911680e+04
   2.0600000e+02   2.1882881e+04
   2.0700000e+02   2.1853045e+04
   2.0800000e+02   2.1822180e+04
   2.0900000e+02   2.1790297e+04
   2.1000000e+02   2.1757406e+04
   2.1100000e+02   2.1723529e+04
   2.1200000e+02   2.1688650e+04
   2.1300000e+02   2.1652781e+04
   2.1400000e+02   2.1615932e+04
   2.1500000e+02   2.1578115e+04
   2.1600000e+02   2.1539340e+04
   2.1700000e+02   2.1499621e+04
   2.1800000e+02   2.1458971e+04
   2.1900000e+02   2.1417402e+04
   2.2000000e+02   2.1374928e+04
   2.2100000e+02   2.1331561e+04
   2.2200000e+02   2.1287314e+04
   2.2300000e+02   2.1242205e+04
   2.2400000e+02   2.1196246e+04
   2.2500000e+02   2.1149449e+04
   2.2600000e+02   2.1101832e+04
   2.2700000e+02   2.1053410e+04
   2.2800000e+02   2.1004197e+04
   2.2900000e+02   2.0954209e+04
   2.3000000e+02   2.0903461e+04
   2.3100000e+02   2.0851969e+04
   2.3200000e+02   2.0799750e+04
   2.3300000e+02   2.0746820e+04
   2.3400000e+02   2.0693197e+04
   2.3500000e+02   2.0638898e+04
   2.3600000e+02   2.0583936e+04
   2.3700000e+02   2.0528334e+04
   2.3800000e+02   2.0472104e+04
   2.3900000e+02   2.0415268e+04
   2.4000000e+02   2.0357840e+04
   2.4100000e+02   2.0299182e+04
   2.4200000e+02   2.0239986e+04
   2.4300000e+02   2.0180277e+04
   2.4400000e+02   2.0120074e+04
   2.4500000e+02   2.0059391e+04
   2.4600000e+02   1.9998248e+04
   2.4700000e+02   1.9936666e+04
   2.4800000e+02   1.9874662e+04
   2.4900000e+02   1.9812258e+04
   2.5000000e+02   1.9749469e+04
   2.5100000e+02   1.9686316e+04
   2.5200000e+02   1.9622820e+04
   2.5300000e+02   1.9558994e+04
   2.5400000e+02   1.9494857e+04
   2.5500000e+02   1.9430434e+04
   2.5600000e+02   1.9365744e+04
   2.5700000e+02   1.9300809e+04
   2.5800000e+02   1.9235643e+04
   2.5900000e+02   1.9170273e+04
   2.6000000e+02   1.9104715e+04
   2.6100000e+02   1.9038992e+04
   2.6200000e+02   1.8973123e+04
   2.6300000e+02   1.8907127e+04
   2.6400000e+02   1.8841025e+04
   2.6500000e+02   1.8774838e+04
   2.6600000e+02   1.8708586e+04
   2.6700000e+02   1.8642289e+04
   2.6800000e+02   1.8575967e+04
   2.6900000e+02   1.8509641e+04
   2.7000000e+02   1.8443330e+04
   2.7100000e+02   1.8375512e+04
   2.7200000e+02   1.8307748e+04
   2.7300000e+02   1.8240055e+04
   2.7400000e+02   1.8172455e+04
   2.7500000e+02   1.8104967e+04
   2.7600000e+02   1.8037613e+04
   2.7700000e+02   1.7970414e+04
   2.7800000e+02   1.7903387e+04
   2.7900000e+02   1.7836555e+04
   2.8000000e+02   1.7769934e+04
   2.8100000e+02   1.7703549e+04
   2.8200000e+02   1.7637416e+04
   2.8300000e+02   1.7571557e+04
   2.8400000e+02   1.7505988e+04
   2.8500000e+02   1.7440734e+04
   2.8600000e+02   1.7375809e+04
   2.8700000e+02   1.7311236e+04
   2.8800000e+02   1.7247031e+04
   2.8900000e+02   1.7183217e+04
   2.9000000e+02   1.7119807e+04
   2.9100000e+02   1.7056822e+04
   2.9200000e+02   1.6994285e+04
   2.9300000e+02   1.6932209e+04
   2.9400000e+02   1.6870613e+04
   2.9500000e+02   1.6809516e+04
   2.9600000e+02   1.6748934e+04
   2.9700000e+02   1.6688885e+04
   2.9800000e+02   1.6629389e+04
   2.9900000e+02   1.6570459e+04
   3.0000000e+02   1.6512117e+04
   3.0100000e+02   1.6455533e+04
   3.0200000e+02   1.6399568e+04
   3.0300000e+02   1.6344239e+04
   3.0400000e+02   1.6289563e+04
   3.0500000e+02   1.6235551e+04
   3.0600000e+02   1.6182223e+04
   3.0700000e+02   1.6129592e+04
   3.0800000e+02   1.6077673e+04
   3.0900000e+02   1.6026480e+04
   3.1000000e+02   1.5976029e+04
   3.1100000e+02   1.5926334e+04
   3.1200000e+02   1.5877406e+04
   3.1300000e+02   1.5829263e+04
   3.1400000e+02   1.5781915e+04
   3.1500000e+02   1.5735376e+04
   3.1600000e+02   1.5689659e+04
   3.1700000e+02   1.5644777e+04
   3.1800000e+02   1.5600742e+04
   3.1900000e+02   1.5557566e+04
   3.2000000e+02   1.5515261e+04
   3.2100000e+02   1.5473839e+04
   3.2200000e+02   1.5433309e+04
   3.2300000e+02   1.5393685e+04
   3.2400000e+02   1.5354976e+04
   3.2500000e+02   1.5317192e+04
   3.2600000e+02   1.5280345e+04
   3.2700000e+02   1.5244443e+04
   3.2800000e+02   1.5209497e+04
   3.2900000e+02   1.5175516e+04
   3.3000000e+02   1.5142508e+04
   3.3100000e+02   1.5109354e+04
   3.3200000e+02   1.5077191e+04
   3.3300000e+02   1.5046028e+04
   3.3400000e+02   1.5015873e+04
   3.3500000e+02   1.4986734e+04
   3.3600000e+02   1.4958620e+04
   3.3700000e+02   1.4931535e+04
   3.3800000e+02   1.4905489e+04
   3.3900000e+02   1.4880487e+04
   3.4000000e+02   1.4856537e+04
   3.4100000e+02   1.4833644e+04
   3.4200000e+02   1.4811812e+04
   3.4300000e+02   1.4791050e+04
   3.4400000e+02   1.4771361e+04
   3.4500000e+02   1.4752752e+04
   3.4600000e+02   1.4735227e+04
   3.4700000e+02   1.4718780e+04
   3.4800000e+02   1.4703418e+04
   3.4900000e+02   1.4689150e+04
   3.5000000e+02   1.4675980e+04
   3.5100000e+02   1.4663912e+04
   3.5200000e+02   1.4652948e+04
   3.5300000e+02   1.4643069e+04
   3.5400000e+02   1.4634294e+04
   3.5500000e+02   1.4626641e+04
   3.5600000e+02   1.4620112e+04
   3.5700000e+02   1.4614710e+04
   3.5800000e+02   1.4610434e+04
   3.5900000e+02   1.4607285e+04
   2.6219766e-08   1.4605266e+04
