   0.0000000e+00   1.9239872e-18
   1.0000000e+00   9.7027438e-04
   2.0000000e+00   1.4589654e-03
   3.0000000e+00   1.9548398e-03
   4.0000000e+00   2.4573328e-03
   5.0000000e+00   2.9662356e-03
   6.0000000e+00   3.4814600e-03
   7.0000000e+00   4.0028947e-03
   8.0000000e+00   4.5306622e-03
   9.0000000e+00   5.0648097e-03
   1.0000000e+01   5.6055631e-03
   1.1000000e+01   6.1530448e-03
   1.2000000e+01   6.7074317e-03
   1.3000000e+01   7.2686379e-03
   1.4000000e+01   7.8368792e-03
   1.5000000e+01   8.4117763e-03
   1.6000000e+01   8.9931227e-03
   1.7000000e+01   9.5810359e-03
   1.8000000e+01   1.0175308e-02
   1.9000000e+01   1.0775656e-02
   2.0000000e+01   1.1382102e-02
   2.1000000e+01   1.1994683e-02
   2.2000000e+01   1.2613378e-02
   2.3000000e+01   1.3238124e-02
   2.4000000e+01   1.3868814e-02
   2.5000000e+01   1.4505478e-02
   2.6000000e+01   1.5148009e-02
   2.7000000e+01   1.5796380e-02
   2.8000000e+01   1.6450506e-02
   2.9000000e+01   1.7110420e-02
   3.0000000e+01   1.7776078e-02
   3.1000000e+01   1.8555844e-02
   3.2000000e+01   1.9347608e-02
   3.3000000e+01   2.0151189e-02
   3.4000000e+01   2.0966480e-02
   3.5000000e+01   2.1793414e-02
   3.6000000e+01   2.2631852e-02
   3.7000000e+01   2.3481706e-02
   3.8000000e+01   2.4342895e-02
   3.9000000e+01   2.5215263e-02
   4.0000000e+01   2.6098639e-02
   4.1000000e+01   2.6992824e-02
   4.2000000e+01   2.7897647e-02
   4.3000000e+01   2.8813029e-02
   4.4000000e+01   2.9738821e-02
   4.5000000e+01   3.0674899e-02
   4.6000000e+01   3.1621169e-02
   4.7000000e+01   3.2577530e-02
   4.8000000e+01   3.3543851e-02
   4.9000000e+01   3.4520034e-02
   5.0000000e+01   3.5505965e-02
   5.1000000e+01   3.6501508e-02
   5.2000000e+01   3.7506547e-02
   5.3000000e+01   3.8520977e-02
   5.4000000e+01   3.9544683e-02
   5.5000000e+01   4.0577546e-02
   5.6000000e+01   4.1619435e-02
   5.7000000e+01   4.2670202e-02
   5.8000000e+01   4.3729734e-02
   5.9000000e+01   4.4797912e-02
   6.0000000e+01   4.5874666e-02
   6.1000000e+01   4.7235169e-02
   6.2000000e+01   4.8612293e-02
   6.3000000e+01   5.0005890e-02
   6.4000000e+01   5.1415794e-02
   6.5000000e+01   5.2841824e-02
   6.6000000e+01   5.4283842e-02
   6.7000000e+01   5.5741724e-02
   6.8000000e+01   5.7215340e-02
   6.9000000e+01   5.8704540e-02
   7.0000000e+01   6.0209166e-02
   7.1000000e+01   6.1729115e-02
   7.2000000e+01   6.3264258e-02
   7.3000000e+01   6.4814448e-02
   7.4000000e+01   6.6379555e-02
   7.5000000e+01   6.7959465e-02
   7.6000000e+01   6.9554023e-02
   7.7000000e+01   7.1163103e-02
   7.8000000e+01   7.2786584e-02
   7.9000000e+01   7.4424341e-02
   8.0000000e+01   7.6076269e-02
   8.1000000e+01   7.7742219e-02
   8.2000000e+01   7.9422079e-02
   8.3000000e+01   8.1115700e-02
   8.4000000e+01   8.2822986e-02
   8.5000000e+01   8.4543809e-02
   8.6000000e+01   8.6278126e-02
   8.7000000e+01   8.8025831e-02
   8.8000000e+01   8.9786813e-02
   8.9000000e+01   9.1560990e-02
   9.0000000e+01   9.3348235e-02
   9.1000000e+01   9.5625430e-02
   9.2000000e+01   9.7921945e-02
   9.3000000e+01   1.0023810e-01
   9.4000000e+01   1.0257421e-01
   9.5000000e+01   1.0493059e-01
   9.6000000e+01   1.0730756e-01
   9.7000000e+01   1.0970541e-01
   9.8000000e+01   1.1212446e-01
   9.9000000e+01   1.1456499e-01
   1.0000000e+02   1.1702731e-01
   1.0100000e+02   1.1951180e-01
   1.0200000e+02   1.2201881e-01
   1.0300000e+02   1.2454867e-01
   1.0400000e+02   1.2710172e-01
   1.0500000e+02   1.2967829e-01
   1.0600000e+02   1.3227868e-01
   1.0700000e+02   1.3490319e-01
   1.0800000e+02   1.3755216e-01
   1.0900000e+02   1.4022590e-01
   1.1000000e+02   1.4292471e-01
   1.1100000e+02   1.4564893e-01
   1.1200000e+02   1.4839883e-01
   1.1300000e+02   1.5117475e-01
   1.1400000e+02   1.5397698e-01
   1.1500000e+02   1.5680581e-01
   1.1600000e+02   1.5966156e-01
   1.1700000e+02   1.6254450e-01
   1.1800000e+02   1.6545500e-01
   1.1900000e+02   1.6839331e-01
   1.2000000e+02   1.7135972e-01
   1.2100000e+02   1.7557420e-01
   1.2200000e+02   1.7988062e-01
   1.2300000e+02   1.8427815e-01
   1.2400000e+02   1.8876588e-01
   1.2500000e+02   1.9334269e-01
   1.2600000e+02   1.9800547e-01
   1.2700000e+02   2.0275128e-01
   1.2800000e+02   2.0757779e-01
   1.2900000e+02   2.1248278e-01
   1.3000000e+02   2.1746413e-01
   1.3100000e+02   2.2251995e-01
   1.3200000e+02   2.2764635e-01
   1.3300000e+02   2.3282892e-01
   1.3400000e+02   2.3806031e-01
   1.3500000e+02   2.4333584e-01
   1.3600000e+02   2.4865115e-01
   1.3700000e+02   2.5400209e-01
   1.3800000e+02   2.5938481e-01
   1.3900000e+02   2.6479375e-01
   1.4000000e+02   2.7020991e-01
   1.4100000e+02   2.7562818e-01
   1.4200000e+02   2.8104419e-01
   1.4300000e+02   2.8645390e-01
   1.4400000e+02   2.9185355e-01
   1.4500000e+02   2.9723948e-01
   1.4600000e+02   3.0260837e-01
   1.4700000e+02   3.0795702e-01
   1.4800000e+02   3.1328008e-01
   1.4900000e+02   3.1857222e-01
   1.5000000e+02   3.2383066e-01
   1.5100000e+02   3.2478967e-01
   1.5200000e+02   3.2571024e-01
   1.5300000e+02   3.2659411e-01
   1.5400000e+02   3.2744282e-01
   1.5500000e+02   3.2825795e-01
   1.5600000e+02   3.2904091e-01
   1.5700000e+02   3.2979307e-01
   1.5800000e+02   3.3051577e-01
   1.5900000e+02   3.3121020e-01
   1.6000000e+02   3.3187622e-01
   1.6100000e+02   3.3250633e-01
   1.6200000e+02   3.3310372e-01
   1.6300000e+02   3.3367178e-01
   1.6400000e+02   3.3421358e-01
   1.6500000e+02   3.3473197e-01
   1.6600000e+02   3.3522403e-01
   1.6700000e+02   3.3568957e-01
   1.6800000e+02   3.3612999e-01
   1.6900000e+02   3.3654681e-01
   1.7000000e+02   3.3694139e-01
   1.7100000e+02   3.3731487e-01
   1.7200000e+02   3.3766845e-01
   1.7300000e+02   3.3800313e-01
   1.7400000e+02   3.3831993e-01
   1.7500000e+02   3.3861977e-01
   1.7600000e+02   3.3890349e-01
   1.7700000e+02   3.3917195e-01
   1.7800000e+02   3.3942583e-01
   1.7900000e+02   3.3966595e-01
   1.8000000e+02   3.3989292e-01
   1.8100000e+02   3.3612931e-01
   1.8200000e+02   3.3238676e-01
   1.8300000e+02   3.2866716e-01
   1.8400000e+02   3.2497239e-01
   1.8500000e+02   3.2130408e-01
   1.8600000e+02   3.1766382e-01
   1.8700000e+02   3.1405303e-01
   1.8800000e+02   3.1047305e-01
   1.8900000e+02   3.0692509e-01
   1.9000000e+02   3.0341026e-01
   1.9100000e+02   2.9992962e-01
   1.9200000e+02   2.9648411e-01
   1.9300000e+02   2.9307479e-01
   1.9400000e+02   2.8970277e-01
   1.9500000e+02   2.8636876e-01
   1.9600000e+02   2.8307366e-01
   1.9700000e+02   2.7981955e-01
   1.9800000e+02   2.7660882e-01
   1.9900000e+02   2.7344257e-01
   2.0000000e+02   2.7032182e-01
   2.0100000e+02   2.6724765e-01
   2.0200000e+02   2.6422089e-01
   2.0300000e+02   2.6124257e-01
   2.0400000e+02   2.5831348e-01
   2.0500000e+02   2.5543448e-01
   2.0600000e+02   2.5260642e-01
   2.0700000e+02   2.4983001e-01
   2.0800000e+02   2.4710608e-01
   2.0900000e+02   2.4443527e-01
   2.1000000e+02   2.4181832e-01
   2.1100000e+02   2.3935518e-01
   2.1200000e+02   2.3685876e-01
   2.1300000e+02   2.3432869e-01
   2.1400000e+02   2.3176458e-01
   2.1500000e+02   2.2916603e-01
   2.1600000e+02   2.2653264e-01
   2.1700000e+02   2.2386399e-01
   2.1800000e+02   2.2115968e-01
   2.1900000e+02   2.1841933e-01
   2.2000000e+02   2.1564251e-01
   2.2100000e+02   2.1282884e-01
   2.2200000e+02   2.0997788e-01
   2.2300000e+02   2.0708925e-01
   2.2400000e+02   2.0416249e-01
   2.2500000e+02   2.0119724e-01
   2.2600000e+02   1.9819301e-01
   2.2700000e+02   1.9514945e-01
   2.2800000e+02   1.9206610e-01
   2.2900000e+02   1.8894252e-01
   2.3000000e+02   1.8577833e-01
   2.3100000e+02   1.8257307e-01
   2.3200000e+02   1.7932628e-01
   2.3300000e+02   1.7603756e-01
   2.3400000e+02   1.7270647e-01
   2.3500000e+02   1.6933255e-01
   2.3600000e+02   1.6591537e-01
   2.3700000e+02   1.6245449e-01
   2.3800000e+02   1.5894943e-01
   2.3900000e+02   1.5539977e-01
   2.4000000e+02   1.5180504e-01
   2.4100000e+02   1.5020405e-01
   2.4200000e+02   1.4859268e-01
   2.4300000e+02   1.4697102e-01
   2.4400000e+02   1.4533910e-01
   2.4500000e+02   1.4369702e-01
   2.4600000e+02   1.4204483e-01
   2.4700000e+02   1.4038260e-01
   2.4800000e+02   1.3871041e-01
   2.4900000e+02   1.3702829e-01
   2.5000000e+02   1.3533634e-01
   2.5100000e+02   1.3363461e-01
   2.5200000e+02   1.3192318e-01
   2.5300000e+02   1.3020211e-01
   2.5400000e+02   1.2847146e-01
   2.5500000e+02   1.2673129e-01
   2.5600000e+02   1.2498165e-01
   2.5700000e+02   1.2322261e-01
   2.5800000e+02   1.2145422e-01
   2.5900000e+02   1.1967653e-01
   2.6000000e+02   1.1788960e-01
   2.6100000e+02   1.1609349e-01
   2.6200000e+02   1.1428825e-01
   2.6300000e+02   1.1247393e-01
   2.6400000e+02   1.1065060e-01
   2.6500000e+02   1.0881829e-01
   2.6600000e+02   1.0697708e-01
   2.6700000e+02   1.0512701e-01
   2.6800000e+02   1.0326813e-01
   2.6900000e+02   1.0140050e-01
   2.7000000e+02   9.9524170e-02
   2.7100000e+02   9.8722212e-02
   2.7200000e+02   9.7916409e-02
   2.7300000e+02   9.7106785e-02
   2.7400000e+02   9.6293375e-02
   2.7500000e+02   9.5476218e-02
   2.7600000e+02   9.4655335e-02
   2.7700000e+02   9.3830742e-02
   2.7800000e+02   9.3002498e-02
   2.7900000e+02   9.2170618e-02
   2.8000000e+02   9.1335133e-02
   2.8100000e+02   9.0496063e-02
   2.8200000e+02   8.9653440e-02
   2.8300000e+02   8.8807285e-02
   2.8400000e+02   8.7957636e-02
   2.8500000e+02   8.7104507e-02
   2.8600000e+02   8.6247928e-02
   2.8700000e+02   8.5387930e-02
   2.8800000e+02   8.4524527e-02
   2.8900000e+02   8.3657764e-02
   2.9000000e+02   8.2787648e-02
   2.9100000e+02   8.1914216e-02
   2.9200000e+02   8.1037484e-02
   2.9300000e+02   8.0157474e-02
   2.9400000e+02   7.9274230e-02
   2.9500000e+02   7.8387752e-02
   2.9600000e+02   7.7498078e-02
   2.9700000e+02   7.6605231e-02
   2.9800000e+02   7.5709224e-02
   2.9900000e+02   7.4810095e-02
   3.0000000e+02   7.3907852e-02
   3.0100000e+02   7.3597305e-02
   3.0200000e+02   7.3285244e-02
   3.0300000e+02   7.2971672e-02
   3.0400000e+02   7.2656602e-02
   3.0500000e+02   7.2340049e-02
   3.0600000e+02   7.2022013e-02
   3.0700000e+02   7.1702525e-02
   3.0800000e+02   7.1381569e-02
   3.0900000e+02   7.1059182e-02
   3.1000000e+02   7.0735358e-02
   3.1100000e+02   7.0410110e-02
   3.1200000e+02   7.0083447e-02
   3.1300000e+02   6.9755390e-02
   3.1400000e+02   6.9425941e-02
   3.1500000e+02   6.9095112e-02
   3.1600000e+02   6.8762913e-02
   3.1700000e+02   6.8429351e-02
   3.1800000e+02   6.8094440e-02
   3.1900000e+02   6.7758180e-02
   3.2000000e+02   6.7420594e-02
   3.2100000e+02   6.7081682e-02
   3.2200000e+02   6.6741459e-02
   3.2300000e+02   6.6399939e-02
   3.2400000e+02   6.6057116e-02
   3.2500000e+02   6.5713011e-02
   3.2600000e+02   6.5367639e-02
   3.2700000e+02   6.5020993e-02
   3.2800000e+02   6.4673088e-02
   3.2900000e+02   6.4323939e-02
   3.3000000e+02   6.3973553e-02
   3.3100000e+02   6.4167812e-02
   3.3200000e+02   6.4361908e-02
   3.3300000e+02   6.4555824e-02
   3.3400000e+02   6.4749584e-02
   3.3500000e+02   6.4943165e-02
   3.3600000e+02   6.5136589e-02
   3.3700000e+02   6.5329835e-02
   3.3800000e+02   6.5522924e-02
   3.3900000e+02   6.5715849e-02
   3.4000000e+02   6.5908603e-02
   3.4100000e+02   6.6101193e-02
   3.4200000e+02   6.6293612e-02
   3.4300000e+02   6.6485874e-02
   3.4400000e+02   6.6677973e-02
   3.4500000e+02   6.6869915e-02
   3.4600000e+02   6.7061685e-02
   3.4700000e+02   6.7253299e-02
   3.4800000e+02   6.7444749e-02
   3.4900000e+02   6.7636035e-02
   3.5000000e+02   6.7827173e-02
   3.5100000e+02   6.8018138e-02
   3.5200000e+02   6.8208963e-02
   3.5300000e+02   6.8399616e-02
   3.5400000e+02   6.8590112e-02
   3.5500000e+02   6.8780459e-02
   3.5600000e+02   6.8970643e-02
   3.5700000e+02   6.9160677e-02
   3.5800000e+02   6.9350548e-02
   3.5900000e+02   6.9540270e-02
   7.1133672e-07   6.9729842e-02
   1.0000007e+00   7.0504434e-02
   2.0000007e+00   7.1279764e-02
   3.0000007e+00   7.2055817e-02
   4.0000010e+00   7.2832584e-02
   5.0000010e+00   7.3610052e-02
   6.0000010e+00   7.4388236e-02
   7.0000010e+00   7.5167112e-02
   8.0000010e+00   7.5946689e-02
   9.0000010e+00   7.6726943e-02
   1.0000001e+01   7.7507883e-02
   1.1000001e+01   7.8289486e-02
   1.2000001e+01   7.9071768e-02
   1.3000001e+01   7.9854712e-02
   1.4000001e+01   8.0638312e-02
   1.5000001e+01   8.1422575e-02
   1.6000000e+01   8.2207479e-02
   1.7000000e+01   8.2993016e-02
   1.8000000e+01   8.3779201e-02
   1.9000000e+01   8.4566019e-02
   2.0000000e+01   8.5353456e-02
   2.1000000e+01   8.6141512e-02
   2.2000000e+01   8.6930193e-02
   2.3000000e+01   8.7719478e-02
   2.4000000e+01   8.8509366e-02
   2.5000000e+01   8.9299858e-02
   2.6000000e+01   9.0090945e-02
   2.7000000e+01   9.0882629e-02
   2.8000000e+01   9.1674894e-02
   2.9000000e+01   9.2467748e-02
   3.0000000e+01   9.3261167e-02
   3.1000000e+01   9.4624877e-02
   3.2000000e+01   9.5989950e-02
   3.3000000e+01   9.7356379e-02
   3.4000000e+01   9.8724157e-02
   3.5000000e+01   1.0009328e-01
   3.6000000e+01   1.0146374e-01
   3.7000000e+01   1.0283551e-01
   3.8000000e+01   1.0420858e-01
   3.9000000e+01   1.0558297e-01
   4.0000000e+01   1.0695865e-01
   4.1000000e+01   1.0833561e-01
   4.2000000e+01   1.0971384e-01
   4.3000000e+01   1.1109335e-01
   4.4000000e+01   1.1247411e-01
   4.5000000e+01   1.1385611e-01
   4.6000000e+01   1.1523937e-01
   4.7000000e+01   1.1662385e-01
   4.8000000e+01   1.1800955e-01
   4.9000000e+01   1.1939647e-01
   5.0000000e+01   1.2078460e-01
   5.1000000e+01   1.2217392e-01
   5.2000000e+01   1.2356444e-01
   5.3000000e+01   1.2495613e-01
   5.4000000e+01   1.2634900e-01
   5.5000000e+01   1.2774304e-01
   5.6000000e+01   1.2913825e-01
   5.7000000e+01   1.3053459e-01
   5.8000000e+01   1.3193208e-01
   5.9000000e+01   1.3333072e-01
   6.0000000e+01   1.3473047e-01
   6.1000000e+01   1.3733712e-01
   6.2000000e+01   1.3994800e-01
   6.3000000e+01   1.4256312e-01
   6.4000000e+01   1.4518245e-01
   6.5000000e+01   1.4780594e-01
   6.6000000e+01   1.5043360e-01
   6.7000000e+01   1.5306543e-01
   6.8000000e+01   1.5570137e-01
   6.9000000e+01   1.5834144e-01
   7.0000000e+01   1.6098559e-01
   7.1000000e+01   1.6363385e-01
   7.2000000e+01   1.6628616e-01
   7.3000000e+01   1.6894251e-01
   7.4000000e+01   1.7160290e-01
   7.5000000e+01   1.7426731e-01
   7.6000000e+01   1.7693570e-01
   7.7000000e+01   1.7960809e-01
   7.8000000e+01   1.8228444e-01
   7.9000000e+01   1.8496473e-01
   8.0000000e+01   1.8764897e-01
   8.1000000e+01   1.9033711e-01
   8.2000000e+01   1.9302917e-01
   8.3000000e+01   1.9572510e-01
   8.4000000e+01   1.9842489e-01
   8.5000000e+01   2.0112856e-01
   8.6000000e+01   2.0383605e-01
   8.7000000e+01   2.0654736e-01
   8.8000000e+01   2.0926248e-01
   8.9000000e+01   2.1198139e-01
   9.0000000e+01   2.1470408e-01
   9.1000000e+01   2.2107013e-01
   9.2000000e+01   2.2742802e-01
   9.3000000e+01   2.3377778e-01
   9.4000000e+01   2.4011949e-01
   9.5000000e+01   2.4645315e-01
   9.6000000e+01   2.5277883e-01
   9.7000000e+01   2.5909650e-01
   9.8000000e+01   2.6540631e-01
   9.9000000e+01   2.7170822e-01
   1.0000000e+02   2.7800226e-01
   1.0100000e+02   2.8428853e-01
   1.0200000e+02   2.9056704e-01
   1.0300000e+02   2.9683784e-01
   1.0400000e+02   3.0310091e-01
   1.0500000e+02   3.0935636e-01
   1.0600000e+02   3.1560418e-01
   1.0700000e+02   3.2184446e-01
   1.0800000e+02   3.2807723e-01
   1.0900000e+02   3.3430248e-01
   1.1000000e+02   3.4052029e-01
   1.1100000e+02   3.4673065e-01
   1.1200000e+02   3.5293368e-01
   1.1300000e+02   3.5912937e-01
   1.1400000e+02   3.6531773e-01
   1.1500000e+02   3.7149885e-01
   1.1600000e+02   3.7767273e-01
   1.1700000e+02   3.8383946e-01
   1.1800000e+02   3.8999900e-01
   1.1900000e+02   3.9615145e-01
   1.2000000e+02   4.0229681e-01
   1.2100000e+02   4.0071607e-01
   1.2200000e+02   3.9913523e-01
   1.2300000e+02   3.9755428e-01
   1.2400000e+02   3.9597318e-01
   1.2500000e+02   3.9439198e-01
   1.2600000e+02   3.9281070e-01
   1.2700000e+02   3.9122930e-01
   1.2800000e+02   3.8964778e-01
   1.2900000e+02   3.8806620e-01
   1.3000000e+02   3.8648447e-01
   1.3100000e+02   3.8490269e-01
   1.3200000e+02   3.8332078e-01
   1.3300000e+02   3.8173878e-01
   1.3400000e+02   3.8015673e-01
   1.3500000e+02   3.7857455e-01
   1.3600000e+02   3.7699229e-01
   1.3700000e+02   3.7540993e-01
   1.3800000e+02   3.7382749e-01
   1.3900000e+02   3.7224498e-01
   1.4000000e+02   3.7066239e-01
   1.4100000e+02   3.6907971e-01
   1.4200000e+02   3.6749694e-01
   1.4300000e+02   3.6591411e-01
   1.4400000e+02   3.6433119e-01
   1.4500000e+02   3.6274818e-01
   1.4600000e+02   3.6116508e-01
   1.4700000e+02   3.5958192e-01
   1.4800000e+02   3.5799870e-01
   1.4900000e+02   3.5641536e-01
   1.5000000e+02   3.5483199e-01
   1.5100000e+02   3.5475561e-01
   1.5200000e+02   3.5467929e-01
   1.5300000e+02   3.5460296e-01
   1.5400000e+02   3.5452667e-01
   1.5500000e+02   3.5445043e-01
   1.5600000e+02   3.5437426e-01
   1.5700000e+02   3.5429808e-01
   1.5800000e+02   3.5422194e-01
   1.5900000e+02   3.5414585e-01
   1.6000000e+02   3.5406980e-01
   1.6100000e+02   3.5399380e-01
   1.6200000e+02   3.5391781e-01
   1.6300000e+02   3.5384187e-01
   1.6400000e+02   3.5376596e-01
   1.6500000e+02   3.5369009e-01
   1.6600000e+02   3.5361427e-01
   1.6700000e+02   3.5353845e-01
   1.6800000e+02   3.5346270e-01
   1.6900000e+02   3.5338697e-01
   1.7000000e+02   3.5331127e-01
   1.7100000e+02   3.5323560e-01
   1.7200000e+02   3.5315999e-01
   1.7300000e+02   3.5308442e-01
   1.7400000e+02   3.5300887e-01
   1.7500000e+02   3.5293335e-01
   1.7600000e+02   3.5285789e-01
   1.7700000e+02   3.5278246e-01
   1.7800000e+02   3.5270703e-01
   1.7900000e+02   3.5263166e-01
   1.8000000e+02   3.5255632e-01
   1.8100000e+02   3.5389709e-01
   1.8200000e+02   3.5523859e-01
   1.8300000e+02   3.5658079e-01
   1.8400000e+02   3.5792372e-01
   1.8500000e+02   3.5926735e-01
   1.8600000e+02   3.6061168e-01
   1.8700000e+02   3.6195669e-01
   1.8800000e+02   3.6330235e-01
   1.8900000e+02   3.6464873e-01
   1.9000000e+02   3.6599576e-01
   1.9100000e+02   3.6734349e-01
   1.9200000e+02   3.6869186e-01
   1.9300000e+02   3.7004089e-01
   1.9400000e+02   3.7139055e-01
   1.9500000e+02   3.7274089e-01
   1.9600000e+02   3.7409186e-01
   1.9700000e+02   3.7544346e-01
   1.9800000e+02   3.7679568e-01
   1.9900000e+02   3.7814856e-01
   2.0000000e+02   3.7950206e-01
   2.0100000e+02   3.8085616e-01
   2.0200000e+02   3.8221088e-01
   2.0300000e+02   3.8356623e-01
   2.0400000e+02   3.8492218e-01
   2.0500000e+02   3.8627875e-01
   2.0600000e+02   3.8763592e-01
   2.0700000e+02   3.8899368e-01
   2.0800000e+02   3.9035207e-01
   2.0900000e+02   3.9171103e-01
   2.1000000e+02   3.9307058e-01
   2.1100000e+02   3.8672194e-01
   2.1200000e+02   3.8037524e-01
   2.1300000e+02   3.7403047e-01
   2.1400000e+02   3.6768764e-01
   2.1500000e+02   3.6134666e-01
   2.1600000e+02   3.5500759e-01
   2.1700000e+02   3.4867039e-01
   2.1800000e+02   3.4233499e-01
   2.1900000e+02   3.3600146e-01
   2.2000000e+02   3.2966971e-01
   2.2100000e+02   3.2333976e-01
   2.2200000e+02   3.1701159e-01
   2.2300000e+02   3.1068519e-01
   2.2400000e+02   3.0436054e-01
   2.2500000e+02   2.9803759e-01
   2.2600000e+02   2.9171637e-01
   2.2700000e+02   2.8539684e-01
   2.2800000e+02   2.7907902e-01
   2.2900000e+02   2.7276284e-01
   2.3000000e+02   2.6644832e-01
   2.3100000e+02   2.6013547e-01
   2.3200000e+02   2.5382420e-01
   2.3300000e+02   2.4751456e-01
   2.3400000e+02   2.4120651e-01
   2.3500000e+02   2.3490004e-01
   2.3600000e+02   2.2859514e-01
   2.3700000e+02   2.2229178e-01
   2.3800000e+02   2.1598998e-01
   2.3900000e+02   2.0968971e-01
   2.4000000e+02   2.0339093e-01
   2.4100000e+02   2.0081954e-01
   2.4200000e+02   1.9824764e-01
   2.4300000e+02   1.9567525e-01
   2.4400000e+02   1.9310236e-01
   2.4500000e+02   1.9052899e-01
   2.4600000e+02   1.8795511e-01
   2.4700000e+02   1.8538080e-01
   2.4800000e+02   1.8280600e-01
   2.4900000e+02   1.8023077e-01
   2.5000000e+02   1.7765509e-01
   2.5100000e+02   1.7507894e-01
   2.5200000e+02   1.7250240e-01
   2.5300000e+02   1.6992542e-01
   2.5400000e+02   1.6734803e-01
   2.5500000e+02   1.6477022e-01
   2.5600000e+02   1.6219202e-01
   2.5700000e+02   1.5961340e-01
   2.5800000e+02   1.5703440e-01
   2.5900000e+02   1.5445502e-01
   2.6000000e+02   1.5187527e-01
   2.6100000e+02   1.4929515e-01
   2.6200000e+02   1.4671466e-01
   2.6300000e+02   1.4413382e-01
   2.6400000e+02   1.4155261e-01
   2.6500000e+02   1.3897108e-01
   2.6600000e+02   1.3638920e-01
   2.6700000e+02   1.3380697e-01
   2.6800000e+02   1.3122442e-01
   2.6900000e+02   1.2864156e-01
   2.7000000e+02   1.2605837e-01
   2.7100000e+02   1.2487169e-01
   2.7200000e+02   1.2368416e-01
   2.7300000e+02   1.2249580e-01
   2.7400000e+02   1.2130661e-01
   2.7500000e+02   1.2011657e-01
   2.7600000e+02   1.1892571e-01
   2.7700000e+02   1.1773401e-01
   2.7800000e+02   1.1654149e-01
   2.7900000e+02   1.1534815e-01
   2.8000000e+02   1.1415400e-01
   2.8100000e+02   1.1295902e-01
   2.8200000e+02   1.1176322e-01
   2.8300000e+02   1.1056663e-01
   2.8400000e+02   1.0936922e-01
   2.8500000e+02   1.0817101e-01
   2.8600000e+02   1.0697199e-01
   2.8700000e+02   1.0577218e-01
   2.8800000e+02   1.0457157e-01
   2.8900000e+02   1.0337017e-01
   2.9000000e+02   1.0216797e-01
   2.9100000e+02   1.0096499e-01
   2.9200000e+02   9.9761210e-02
   2.9300000e+02   9.8556653e-02
   2.9400000e+02   9.7351320e-02
   2.9500000e+02   9.6145205e-02
   2.9600000e+02   9.4938323e-02
   2.9700000e+02   9.3730658e-02
   2.9800000e+02   9.2522226e-02
   2.9900000e+02   9.1313019e-02
   3.0000000e+02   9.0103053e-02
   3.0100000e+02   8.9630798e-02
   3.0200000e+02   8.9158207e-02
   3.0300000e+02   8.8685289e-02
   3.0400000e+02   8.8212058e-02
   3.0500000e+02   8.7738492e-02
   3.0600000e+02   8.7264605e-02
   3.0700000e+02   8.6790398e-02
   3.0800000e+02   8.6315870e-02
   3.0900000e+02   8.5841022e-02
   3.1000000e+02   8.5365862e-02
   3.1100000e+02   8.4890381e-02
   3.1200000e+02   8.4414579e-02
   3.1300000e+02   8.3938472e-02
   3.1400000e+02   8.3462045e-02
   3.1500000e+02   8.2985304e-02
   3.1600000e+02   8.2508259e-02
   3.1700000e+02   8.2030892e-02
   3.1800000e+02   8.1553221e-02
   3.1900000e+02   8.1075244e-02
   3.2000000e+02   8.0596961e-02
   3.2100000e+02   8.0118358e-02
   3.2200000e+02   7.9639465e-02
   3.2300000e+02   7.9160251e-02
   3.2400000e+02   7.8680746e-02
   3.2500000e+02   7.8200936e-02
   3.2600000e+02   7.7720828e-02
   3.2700000e+02   7.7240415e-02
   3.2800000e+02   7.6759696e-02
   3.2900000e+02   7.6278687e-02
   3.3000000e+02   7.5797379e-02
   3.3100000e+02   7.5958610e-02
   3.3200000e+02   7.6119840e-02
   3.3300000e+02   7.6281071e-02
   3.3400000e+02   7.6442301e-02
   3.3500000e+02   7.6603532e-02
   3.3600000e+02   7.6764770e-02
   3.3700000e+02   7.6926008e-02
   3.3800000e+02   7.7087238e-02
   3.3900000e+02   7.7248476e-02
   3.4000000e+02   7.7409714e-02
   3.4100000e+02   7.7570967e-02
   3.4200000e+02   7.7732205e-02
   3.4300000e+02   7.7893451e-02
   3.4400000e+02   7.8054696e-02
   3.4500000e+02   7.8215949e-02
   3.4600000e+02   7.8377202e-02
   3.4700000e+02   7.8538455e-02
   3.4800000e+02   7.8699708e-02
   3.4900000e+02   7.8860976e-02
   3.5000000e+02   7.9022236e-02
   3.5100000e+02   7.9183497e-02
   3.5200000e+02   7.9344764e-02
   3.5300000e+02   7.9506032e-02
   3.5400000e+02   7.9667300e-02
   3.5500000e+02   7.9828575e-02
   3.5600000e+02   7.9989858e-02
   3.5700000e+02   8.0151133e-02
   3.5800000e+02   8.0312416e-02
   3.5900000e+02   8.0473699e-02
   1.4226848e-06   8.0634989e-02
