   0.0000000e+00   1.4359196e-01
   1.0000000e+00   1.2388308e-01
   2.0000000e+00   1.2445146e-01
   3.0000000e+00   1.2511533e-01
   4.0000000e+00   1.2577818e-01
   5.0000000e+00   1.2644014e-01
   6.0000000e+00   1.2710121e-01
   7.0000000e+00   1.2776142e-01
   8.0000000e+00   1.2842077e-01
   9.0000000e+00   1.2907927e-01
   1.0000000e+01   1.2973686e-01
   1.1000000e+01   1.3039352e-01
   1.2000000e+01   1.3104923e-01
   1.3000000e+01   1.3170394e-01
   1.4000000e+01   1.3235769e-01
   1.5000000e+01   1.3301042e-01
   1.6000000e+01   1.3366219e-01
   1.7000000e+01   1.3431306e-01
   1.8000000e+01   1.3496299e-01
   1.9000000e+01   1.3561204e-01
   2.0000000e+01   1.3626023e-01
   2.1000000e+01   1.3690758e-01
   2.2000000e+01   1.3755405e-01
   2.3000000e+01   1.3819970e-01
   2.4000000e+01   1.3884448e-01
   2.5000000e+01   1.3948844e-01
   2.6000000e+01   1.4013156e-01
   2.7000000e+01   1.4077388e-01
   2.8000000e+01   1.4141537e-01
   2.9000000e+01   1.4205608e-01
   3.0000000e+01   1.4269598e-01
   3.1000000e+01   1.4372537e-01
   3.2000000e+01   1.4475407e-01
   3.3000000e+01   1.4578207e-01
   3.4000000e+01   1.4680944e-01
   3.5000000e+01   1.4783613e-01
   3.6000000e+01   1.4886220e-01
   3.7000000e+01   1.4988764e-01
   3.8000000e+01   1.5091257e-01
   3.9000000e+01   1.5193692e-01
   4.0000000e+01   1.5296066e-01
   4.1000000e+01   1.5398388e-01
   4.2000000e+01   1.5500654e-01
   4.3000000e+01   1.5602870e-01
   4.4000000e+01   1.5705033e-01
   4.5000000e+01   1.5807149e-01
   4.6000000e+01   1.5909213e-01
   4.7000000e+01   1.6011232e-01
   4.8000000e+01   1.6113202e-01
   4.9000000e+01   1.6215126e-01
   5.0000000e+01   1.6317004e-01
   5.1000000e+01   1.6418840e-01
   5.2000000e+01   1.6520631e-01
   5.3000000e+01   1.6622379e-01
   5.4000000e+01   1.6724089e-01
   5.5000000e+01   1.6825758e-01
   5.6000000e+01   1.6927388e-01
   5.7000000e+01   1.7028981e-01
   5.8000000e+01   1.7130539e-01
   5.9000000e+01   1.7232059e-01
   6.0000000e+01   1.7333546e-01
   6.1000000e+01   1.7460279e-01
   6.2000000e+01   1.7587307e-01
   6.3000000e+01   1.7714627e-01
   6.4000000e+01   1.7842238e-01
   6.5000000e+01   1.7970136e-01
   6.6000000e+01   1.8098322e-01
   6.7000000e+01   1.8226790e-01
   6.8000000e+01   1.8355542e-01
   6.9000000e+01   1.8484573e-01
   7.0000000e+01   1.8613881e-01
   7.1000000e+01   1.8743463e-01
   7.2000000e+01   1.8873316e-01
   7.3000000e+01   1.9003440e-01
   7.4000000e+01   1.9133832e-01
   7.5000000e+01   1.9264489e-01
   7.6000000e+01   1.9395410e-01
   7.7000000e+01   1.9526590e-01
   7.8000000e+01   1.9658031e-01
   7.9000000e+01   1.9789729e-01
   8.0000000e+01   1.9921678e-01
   8.1000000e+01   2.0053883e-01
   8.2000000e+01   2.0186336e-01
   8.3000000e+01   2.0319037e-01
   8.4000000e+01   2.0452072e-01
   8.5000000e+01   2.0585670e-01
   8.6000000e+01   2.0719542e-01
   8.7000000e+01   2.0853680e-01
   8.8000000e+01   2.0988086e-01
   8.9000000e+01   2.1122758e-01
   9.0000000e+01   2.1257691e-01
   9.1000000e+01   2.1350028e-01
   9.2000000e+01   2.1443076e-01
   9.3000000e+01   2.1536818e-01
   9.4000000e+01   2.1631233e-01
   9.5000000e+01   2.1726301e-01
   9.6000000e+01   2.1822003e-01
   9.7000000e+01   2.1918321e-01
   9.8000000e+01   2.2015229e-01
   9.9000000e+01   2.2112717e-01
   1.0000000e+02   2.2210801e-01
   1.0100000e+02   2.2309500e-01
   1.0200000e+02   2.2408752e-01
   1.0300000e+02   2.2508532e-01
   1.0400000e+02   2.2608788e-01
   1.0500000e+02   2.2709496e-01
   1.0600000e+02   2.2810638e-01
   1.0700000e+02   2.2912188e-01
   1.0800000e+02   2.3014122e-01
   1.0900000e+02   2.3116420e-01
   1.1000000e+02   2.3219058e-01
   1.1100000e+02   2.3322015e-01
   1.1200000e+02   2.3425262e-01
   1.1300000e+02   2.3528782e-01
   1.1400000e+02   2.3632547e-01
   1.1500000e+02   2.3736537e-01
   1.1600000e+02   2.3840727e-01
   1.1700000e+02   2.3945093e-01
   1.1800000e+02   2.4049610e-01
   1.1900000e+02   2.4154256e-01
   1.2000000e+02   2.4259005e-01
   1.2100000e+02   2.3470946e-01
   1.2200000e+02   2.2671352e-01
   1.2300000e+02   2.1860214e-01
   1.2400000e+02   2.1040329e-01
   1.2500000e+02   2.0263074e-01
   1.2600000e+02   1.9520509e-01
   1.2700000e+02   1.8792127e-01
   1.2800000e+02   1.8076500e-01
   1.2900000e+02   1.7372456e-01
   1.3000000e+02   1.6678944e-01
   1.3100000e+02   1.6048251e-01
   1.3200000e+02   1.5757668e-01
   1.3300000e+02   1.5538922e-01
   1.3400000e+02   1.5351833e-01
   1.3500000e+02   1.5191010e-01
   1.3600000e+02   1.5053573e-01
   1.3700000e+02   1.4937122e-01
   1.3800000e+02   1.4878212e-01
   1.3900000e+02   1.5156446e-01
   1.4000000e+02   1.5439399e-01
   1.4100000e+02   1.5716486e-01
   1.4200000e+02   1.5987186e-01
   1.4300000e+02   1.6251326e-01
   1.4400000e+02   1.6508768e-01
   1.4500000e+02   1.6759421e-01
   1.4600000e+02   1.7003234e-01
   1.4700000e+02   1.7273761e-01
   1.4800000e+02   1.7567535e-01
   1.4900000e+02   1.7849302e-01
   1.5000000e+02   1.8118598e-01
   1.5100000e+02   1.8482544e-01
   1.5200000e+02   1.8817584e-01
   1.5300000e+02   1.9126457e-01
   1.5400000e+02   1.9411577e-01
   1.5500000e+02   1.9675109e-01
   1.5600000e+02   1.9918992e-01
   1.5700000e+02   2.0144971e-01
   1.5800000e+02   2.0354608e-01
   1.5900000e+02   2.0561074e-01
   1.6000000e+02   2.0830646e-01
   1.6100000e+02   2.1066296e-01
   1.6200000e+02   2.1269712e-01
   1.6300000e+02   2.1445945e-01
   1.6400000e+02   2.1599321e-01
   1.6500000e+02   2.1780212e-01
   1.6600000e+02   2.1960413e-01
   1.6700000e+02   2.2124439e-01
   1.6800000e+02   2.2273318e-01
   1.6900000e+02   2.2408760e-01
   1.7000000e+02   2.2532198e-01
   1.7100000e+02   2.2644894e-01
   1.7200000e+02   2.2747955e-01
   1.7300000e+02   2.2842358e-01
   1.7400000e+02   2.2928968e-01
   1.7500000e+02   2.3008546e-01
   1.7600000e+02   2.3081776e-01
   1.7700000e+02   2.3149259e-01
   1.7800000e+02   2.3211537e-01
   1.7900000e+02   2.3269087e-01
   1.8000000e+02   2.3322344e-01
   1.8100000e+02   2.3391120e-01
   1.8200000e+02   2.3449956e-01
   1.8300000e+02   2.3499900e-01
   1.8400000e+02   2.3541878e-01
   1.8500000e+02   2.3576710e-01
   1.8600000e+02   2.3605116e-01
   1.8700000e+02   2.3627745e-01
   1.8800000e+02   2.3645167e-01
   1.8900000e+02   2.3657891e-01
   1.9000000e+02   2.3666367e-01
   1.9100000e+02   2.3670998e-01
   1.9200000e+02   2.3672302e-01
   1.9300000e+02   2.3670684e-01
   1.9400000e+02   2.3666239e-01
   1.9500000e+02   2.3659223e-01
   1.9600000e+02   2.3643006e-01
   1.9700000e+02   2.3616834e-01
   1.9800000e+02   2.3586679e-01
   1.9900000e+02   2.3552576e-01
   2.0000000e+02   2.3514600e-01
   2.0100000e+02   2.3472802e-01
   2.0200000e+02   2.3427221e-01
   2.0300000e+02   2.3377879e-01
   2.0400000e+02   2.3324785e-01
   2.0500000e+02   2.3267943e-01
   2.0600000e+02   2.3207340e-01
   2.0700000e+02   2.3142953e-01
   2.0800000e+02   2.3074755e-01
   2.0900000e+02   2.3002708e-01
   2.1000000e+02   2.2926766e-01
   2.1100000e+02   2.2853026e-01
   2.1200000e+02   2.2781117e-01
   2.1300000e+02   2.2711113e-01
   2.1400000e+02   2.2643091e-01
   2.1500000e+02   2.2577129e-01
   2.1600000e+02   2.2513311e-01
   2.1700000e+02   2.2451715e-01
   2.1800000e+02   2.2392426e-01
   2.1900000e+02   2.2335531e-01
   2.2000000e+02   2.2281116e-01
   2.2100000e+02   2.2229274e-01
   2.2200000e+02   2.2180094e-01
   2.2300000e+02   2.2133669e-01
   2.2400000e+02   2.2090100e-01
   2.2500000e+02   2.2049482e-01
   2.2600000e+02   2.2011916e-01
   2.2700000e+02   2.1977507e-01
   2.2800000e+02   2.1946359e-01
   2.2900000e+02   2.1918581e-01
   2.3000000e+02   2.1894287e-01
   2.3100000e+02   2.1873586e-01
   2.3200000e+02   2.1856597e-01
   2.3300000e+02   2.1843439e-01
   2.3400000e+02   2.1834235e-01
   2.3500000e+02   2.1829107e-01
   2.3600000e+02   2.1828189e-01
   2.3700000e+02   2.1831611e-01
   2.3800000e+02   2.1839504e-01
   2.3900000e+02   2.1852013e-01
   2.4000000e+02   2.1869276e-01
   2.4100000e+02   2.1702646e-01
   2.4200000e+02   2.1535902e-01
   2.4300000e+02   2.1369043e-01
   2.4400000e+02   2.1202073e-01
   2.4500000e+02   2.1034992e-01
   2.4600000e+02   2.0867799e-01
   2.4700000e+02   2.0700498e-01
   2.4800000e+02   2.0533089e-01
   2.4900000e+02   2.0365572e-01
   2.5000000e+02   2.0198031e-01
   2.5100000e+02   2.0030499e-01
   2.5200000e+02   1.9862837e-01
   2.5300000e+02   1.9695050e-01
   2.5400000e+02   1.9527137e-01
   2.5500000e+02   1.9359100e-01
   2.5600000e+02   1.9190940e-01
   2.5700000e+02   1.9022657e-01
   2.5800000e+02   1.8854254e-01
   2.5900000e+02   1.8685728e-01
   2.6000000e+02   1.8517086e-01
   2.6100000e+02   1.8348324e-01
   2.6200000e+02   1.8179443e-01
   2.6300000e+02   1.8010448e-01
   2.6400000e+02   1.7841335e-01
   2.6500000e+02   1.7672108e-01
   2.6600000e+02   1.7502767e-01
   2.6700000e+02   1.7333312e-01
   2.6800000e+02   1.7163746e-01
   2.6900000e+02   1.6994070e-01
   2.7000000e+02   1.6824283e-01
   2.7100000e+02   1.6699457e-01
   2.7200000e+02   1.6574644e-01
   2.7300000e+02   1.6449842e-01
   2.7400000e+02   1.6325051e-01
   2.7500000e+02   1.6200271e-01
   2.7600000e+02   1.6075502e-01
   2.7700000e+02   1.5950745e-01
   2.7800000e+02   1.5825997e-01
   2.7900000e+02   1.5701263e-01
   2.8000000e+02   1.5576537e-01
   2.8100000e+02   1.5451823e-01
   2.8200000e+02   1.5327118e-01
   2.8300000e+02   1.5202424e-01
   2.8400000e+02   1.5077741e-01
   2.8500000e+02   1.4953069e-01
   2.8600000e+02   1.4828405e-01
   2.8700000e+02   1.4703752e-01
   2.8800000e+02   1.4579110e-01
   2.8900000e+02   1.4454478e-01
   2.9000000e+02   1.4329855e-01
   2.9100000e+02   1.4205243e-01
   2.9200000e+02   1.4080639e-01
   2.9300000e+02   1.3956046e-01
   2.9400000e+02   1.3831463e-01
   2.9500000e+02   1.3706890e-01
   2.9600000e+02   1.3582326e-01
   2.9700000e+02   1.3457771e-01
   2.9800000e+02   1.3333225e-01
   2.9900000e+02   1.3208689e-01
   3.0000000e+02   1.3084163e-01
   3.0100000e+02   1.3014877e-01
   3.0200000e+02   1.2945609e-01
   3.0300000e+02   1.2876357e-01
   3.0400000e+02   1.2807122e-01
   3.0500000e+02   1.2737904e-01
   3.0600000e+02   1.2668703e-01
   3.0700000e+02   1.2599520e-01
   3.0800000e+02   1.2530352e-01
   3.0900000e+02   1.2461202e-01
   3.1000000e+02   1.2392066e-01
   3.1100000e+02   1.2322949e-01
   3.1200000e+02   1.2253846e-01
   3.1300000e+02   1.2184760e-01
   3.1400000e+02   1.2115689e-01
   3.1500000e+02   1.2046634e-01
   3.1600000e+02   1.1977596e-01
   3.1700000e+02   1.1908572e-01
   3.1800000e+02   1.1839563e-01
   3.1900000e+02   1.1770571e-01
   3.2000000e+02   1.1701594e-01
   3.2100000e+02   1.1632631e-01
   3.2200000e+02   1.1563683e-01
   3.2300000e+02   1.1494750e-01
   3.2400000e+02   1.1425832e-01
   3.2500000e+02   1.1356929e-01
   3.2600000e+02   1.1288040e-01
   3.2700000e+02   1.1219165e-01
   3.2800000e+02   1.1150306e-01
   3.2900000e+02   1.1081460e-01
   3.3000000e+02   1.1012629e-01
   3.3100000e+02   1.1012064e-01
   3.3200000e+02   1.1011502e-01
   3.3300000e+02   1.1010943e-01
   3.3400000e+02   1.1010385e-01
   3.3500000e+02   1.1009829e-01
   3.3600000e+02   1.1009276e-01
   3.3700000e+02   1.1008725e-01
   3.3800000e+02   1.1008175e-01
   3.3900000e+02   1.1007629e-01
   3.4000000e+02   1.1007083e-01
   3.4100000e+02   1.1006540e-01
   3.4200000e+02   1.1005999e-01
   3.4300000e+02   1.1005460e-01
   3.4400000e+02   1.1004924e-01
   3.4500000e+02   1.1004390e-01
   3.4600000e+02   1.1003857e-01
   3.4700000e+02   1.1003327e-01
   3.4800000e+02   1.1002798e-01
   3.4900000e+02   1.1002272e-01
   3.5000000e+02   1.1001748e-01
   3.5100000e+02   1.1001226e-01
   3.5200000e+02   1.1000706e-01
   3.5300000e+02   1.1000188e-01
   3.5400000e+02   1.0999672e-01
   3.5500000e+02   1.0999158e-01
   3.5600000e+02   1.0998646e-01
   3.5700000e+02   1.0998137e-01
   3.5800000e+02   1.0997628e-01
   3.5900000e+02   1.0997123e-01
   7.1133672e-07   1.0996619e-01
   1.0000007e+00   1.1060674e-01
   2.0000007e+00   1.1124721e-01
   3.0000007e+00   1.1188760e-01
   4.0000010e+00   1.1252790e-01
   5.0000010e+00   1.1316813e-01
   6.0000010e+00   1.1380827e-01
   7.0000010e+00   1.1444833e-01
   8.0000010e+00   1.1508831e-01
   9.0000010e+00   1.1572821e-01
   1.0000001e+01   1.1636806e-01
   1.1000001e+01   1.1700781e-01
   1.2000001e+01   1.1764748e-01
   1.3000001e+01   1.1828708e-01
   1.4000001e+01   1.1892660e-01
   1.5000001e+01   1.1956605e-01
   1.6000000e+01   1.2020544e-01
   1.7000000e+01   1.2084474e-01
   1.8000000e+01   1.2148398e-01
   1.9000000e+01   1.2212314e-01
   2.0000000e+01   1.2276223e-01
   2.1000000e+01   1.2340126e-01
   2.2000000e+01   1.2404022e-01
   2.3000000e+01   1.2467910e-01
   2.4000000e+01   1.2531792e-01
   2.5000000e+01   1.2595667e-01
   2.6000000e+01   1.2659535e-01
   2.7000000e+01   1.2723397e-01
   2.8000000e+01   1.2787253e-01
   2.9000000e+01   1.2851101e-01
   3.0000000e+01   1.2914944e-01
   3.1000000e+01   1.3019651e-01
   3.2000000e+01   1.3124359e-01
   3.3000000e+01   1.3229063e-01
   3.4000000e+01   1.3333769e-01
   3.5000000e+01   1.3438472e-01
   3.6000000e+01   1.3543175e-01
   3.7000000e+01   1.3647877e-01
   3.8000000e+01   1.3752577e-01
   3.9000000e+01   1.3857277e-01
   4.0000000e+01   1.3961975e-01
   4.1000000e+01   1.4066671e-01
   4.2000000e+01   1.4171368e-01
   4.3000000e+01   1.4276065e-01
   4.4000000e+01   1.4380759e-01
   4.5000000e+01   1.4485452e-01
   4.6000000e+01   1.4590144e-01
   4.7000000e+01   1.4694835e-01
   4.8000000e+01   1.4799526e-01
   4.9000000e+01   1.4904216e-01
   5.0000000e+01   1.5008904e-01
   5.1000000e+01   1.5113594e-01
   5.2000000e+01   1.5218279e-01
   5.3000000e+01   1.5322965e-01
   5.4000000e+01   1.5427651e-01
   5.5000000e+01   1.5532336e-01
   5.6000000e+01   1.5637019e-01
   5.7000000e+01   1.5741701e-01
   5.8000000e+01   1.5846384e-01
   5.9000000e+01   1.5951064e-01
   6.0000000e+01   1.6055745e-01
   6.1000000e+01   1.6216794e-01
   6.2000000e+01   1.6377923e-01
   6.3000000e+01   1.6539134e-01
   6.4000000e+01   1.6700424e-01
   6.5000000e+01   1.6861793e-01
   6.6000000e+01   1.7023243e-01
   6.7000000e+01   1.7184772e-01
   6.8000000e+01   1.7346376e-01
   6.9000000e+01   1.7508060e-01
   7.0000000e+01   1.7669821e-01
   7.1000000e+01   1.7831658e-01
   7.2000000e+01   1.7993572e-01
   7.3000000e+01   1.8155561e-01
   7.4000000e+01   1.8317626e-01
   7.5000000e+01   1.8479766e-01
   7.6000000e+01   1.8641981e-01
   7.7000000e+01   1.8804270e-01
   7.8000000e+01   1.8966632e-01
   7.9000000e+01   1.9129066e-01
   8.0000000e+01   1.9291574e-01
   8.1000000e+01   1.9454153e-01
   8.2000000e+01   1.9616805e-01
   8.3000000e+01   1.9779529e-01
   8.4000000e+01   1.9942322e-01
   8.5000000e+01   2.0105186e-01
   8.6000000e+01   2.0268123e-01
   8.7000000e+01   2.0431127e-01
   8.8000000e+01   2.0594200e-01
   8.9000000e+01   2.0757343e-01
   9.0000000e+01   2.0920554e-01
   9.1000000e+01   2.1030076e-01
   9.2000000e+01   2.1139613e-01
   9.3000000e+01   2.1249163e-01
   9.4000000e+01   2.1358730e-01
   9.5000000e+01   2.1468310e-01
   9.6000000e+01   2.1577904e-01
   9.7000000e+01   2.1687509e-01
   9.8000000e+01   2.1797128e-01
   9.9000000e+01   2.1906757e-01
   1.0000000e+02   2.2016399e-01
   1.0100000e+02   2.2126052e-01
   1.0200000e+02   2.2235714e-01
   1.0300000e+02   2.2345388e-01
   1.0400000e+02   2.2455069e-01
   1.0500000e+02   2.2564763e-01
   1.0600000e+02   2.2674464e-01
   1.0700000e+02   2.2784175e-01
   1.0800000e+02   2.2893892e-01
   1.0900000e+02   2.3003620e-01
   1.1000000e+02   2.3113354e-01
   1.1100000e+02   2.3223095e-01
   1.1200000e+02   2.3332845e-01
   1.1300000e+02   2.3442601e-01
   1.1400000e+02   2.3552363e-01
   1.1500000e+02   2.3662132e-01
   1.1600000e+02   2.3771906e-01
   1.1700000e+02   2.3881687e-01
   1.1800000e+02   2.3991473e-01
   1.1900000e+02   2.4101263e-01
   1.2000000e+02   2.4211061e-01
   1.2100000e+02   2.4205729e-01
   1.2200000e+02   2.4200337e-01
   1.2300000e+02   2.4194884e-01
   1.2400000e+02   2.4189374e-01
   1.2500000e+02   2.4183802e-01
   1.2600000e+02   2.4178173e-01
   1.2700000e+02   2.4172483e-01
   1.2800000e+02   2.4166736e-01
   1.2900000e+02   2.4160929e-01
   1.3000000e+02   2.4155065e-01
   1.3100000e+02   2.4149142e-01
   1.3200000e+02   2.4143162e-01
   1.3300000e+02   2.4137124e-01
   1.3400000e+02   2.4131028e-01
   1.3500000e+02   2.4124876e-01
   1.3600000e+02   2.4118665e-01
   1.3700000e+02   2.4112399e-01
   1.3800000e+02   2.4106075e-01
   1.3900000e+02   2.4099696e-01
   1.4000000e+02   2.4093258e-01
   1.4100000e+02   2.4086766e-01
   1.4200000e+02   2.4080217e-01
   1.4300000e+02   2.4073613e-01
   1.4400000e+02   2.4066953e-01
   1.4500000e+02   2.4060237e-01
   1.4600000e+02   2.4053466e-01
   1.4700000e+02   2.4046639e-01
   1.4800000e+02   2.4039759e-01
   1.4900000e+02   2.4032821e-01
   1.5000000e+02   2.4025831e-01
   1.5100000e+02   2.4029027e-01
   1.5200000e+02   2.4032244e-01
   1.5300000e+02   2.4035481e-01
   1.5400000e+02   2.4038735e-01
   1.5500000e+02   2.4042009e-01
   1.5600000e+02   2.4045302e-01
   1.5700000e+02   2.4048613e-01
   1.5800000e+02   2.4051945e-01
   1.5900000e+02   2.4055293e-01
   1.6000000e+02   2.4058664e-01
   1.6100000e+02   2.4062051e-01
   1.6200000e+02   2.4065456e-01
   1.6300000e+02   2.4068882e-01
   1.6400000e+02   2.4072324e-01
   1.6500000e+02   2.4075787e-01
   1.6600000e+02   2.4079268e-01
   1.6700000e+02   2.4082768e-01
   1.6800000e+02   2.4086285e-01
   1.6900000e+02   2.4089821e-01
   1.7000000e+02   2.4093376e-01
   1.7100000e+02   2.4096951e-01
   1.7200000e+02   2.4100542e-01
   1.7300000e+02   2.4104151e-01
   1.7400000e+02   2.4107781e-01
   1.7500000e+02   2.4111427e-01
   1.7600000e+02   2.4115093e-01
   1.7700000e+02   2.4118777e-01
   1.7800000e+02   2.4122478e-01
   1.7900000e+02   2.4126197e-01
   1.8000000e+02   2.4129936e-01
   1.8100000e+02   2.4118266e-01
   1.8200000e+02   2.4106720e-01
   1.8300000e+02   2.4095298e-01
   1.8400000e+02   2.4084000e-01
   1.8500000e+02   2.4072824e-01
   1.8600000e+02   2.4061772e-01
   1.8700000e+02   2.4050839e-01
   1.8800000e+02   2.4040030e-01
   1.8900000e+02   2.4029340e-01
   1.9000000e+02   2.4018769e-01
   1.9100000e+02   2.4008317e-01
   1.9200000e+02   2.3997985e-01
   1.9300000e+02   2.3987770e-01
   1.9400000e+02   2.3977673e-01
   1.9500000e+02   2.3967692e-01
   1.9600000e+02   2.3957828e-01
   1.9700000e+02   2.3948078e-01
   1.9800000e+02   2.3938444e-01
   1.9900000e+02   2.3928927e-01
   2.0000000e+02   2.3919523e-01
   2.0100000e+02   2.3910232e-01
   2.0200000e+02   2.3901056e-01
   2.0300000e+02   2.3891993e-01
   2.0400000e+02   2.3883042e-01
   2.0500000e+02   2.3874202e-01
   2.0600000e+02   2.3865478e-01
   2.0700000e+02   2.3856862e-01
   2.0800000e+02   2.3848359e-01
   2.0900000e+02   2.3839965e-01
   2.1000000e+02   2.3831683e-01
   2.1100000e+02   2.3752515e-01
   2.1200000e+02   2.3673151e-01
   2.1300000e+02   2.3593593e-01
   2.1400000e+02   2.3513840e-01
   2.1500000e+02   2.3433894e-01
   2.1600000e+02   2.3353755e-01
   2.1700000e+02   2.3273429e-01
   2.1800000e+02   2.3192912e-01
   2.1900000e+02   2.3112208e-01
   2.2000000e+02   2.3031318e-01
   2.2100000e+02   2.2950242e-01
   2.2200000e+02   2.2868980e-01
   2.2300000e+02   2.2787538e-01
   2.2400000e+02   2.2705913e-01
   2.2500000e+02   2.2624107e-01
   2.2600000e+02   2.2542121e-01
   2.2700000e+02   2.2459956e-01
   2.2800000e+02   2.2377613e-01
   2.2900000e+02   2.2295094e-01
   2.3000000e+02   2.2212400e-01
   2.3100000e+02   2.2129530e-01
   2.3200000e+02   2.2046487e-01
   2.3300000e+02   2.1963270e-01
   2.3400000e+02   2.1879883e-01
   2.3500000e+02   2.1796325e-01
   2.3600000e+02   2.1712597e-01
   2.3700000e+02   2.1628700e-01
   2.3800000e+02   2.1544635e-01
   2.3900000e+02   2.1460404e-01
   2.4000000e+02   2.1376006e-01
   2.4100000e+02   2.1213199e-01
   2.4200000e+02   2.1050459e-01
   2.4300000e+02   2.0887788e-01
   2.4400000e+02   2.0725183e-01
   2.4500000e+02   2.0562643e-01
   2.4600000e+02   2.0400171e-01
   2.4700000e+02   2.0237762e-01
   2.4800000e+02   2.0075420e-01
   2.4900000e+02   1.9913141e-01
   2.5000000e+02   1.9750926e-01
   2.5100000e+02   1.9588776e-01
   2.5200000e+02   1.9426689e-01
   2.5300000e+02   1.9264662e-01
   2.5400000e+02   1.9102700e-01
   2.5500000e+02   1.8940799e-01
   2.5600000e+02   1.8778960e-01
   2.5700000e+02   1.8617181e-01
   2.5800000e+02   1.8455464e-01
   2.5900000e+02   1.8293807e-01
   2.6000000e+02   1.8132210e-01
   2.6100000e+02   1.7970671e-01
   2.6200000e+02   1.7809193e-01
   2.6300000e+02   1.7647775e-01
   2.6400000e+02   1.7486411e-01
   2.6500000e+02   1.7325109e-01
   2.6600000e+02   1.7163864e-01
   2.6700000e+02   1.7002675e-01
   2.6800000e+02   1.6841544e-01
   2.6900000e+02   1.6680470e-01
   2.7000000e+02   1.6519451e-01
   2.7100000e+02   1.6396070e-01
   2.7200000e+02   1.6272685e-01
   2.7300000e+02   1.6149303e-01
   2.7400000e+02   1.6025922e-01
   2.7500000e+02   1.5902540e-01
   2.7600000e+02   1.5779158e-01
   2.7700000e+02   1.5655778e-01
   2.7800000e+02   1.5532398e-01
   2.7900000e+02   1.5409018e-01
   2.8000000e+02   1.5285638e-01
   2.8100000e+02   1.5162258e-01
   2.8200000e+02   1.5038881e-01
   2.8300000e+02   1.4915501e-01
   2.8400000e+02   1.4792123e-01
   2.8500000e+02   1.4668746e-01
   2.8600000e+02   1.4545368e-01
   2.8700000e+02   1.4421992e-01
   2.8800000e+02   1.4298613e-01
   2.8900000e+02   1.4175238e-01
   2.9000000e+02   1.4051862e-01
   2.9100000e+02   1.3928486e-01
   2.9200000e+02   1.3805111e-01
   2.9300000e+02   1.3681735e-01
   2.9400000e+02   1.3558361e-01
   2.9500000e+02   1.3434987e-01
   2.9600000e+02   1.3311613e-01
   2.9700000e+02   1.3188238e-01
   2.9800000e+02   1.3064866e-01
   2.9900000e+02   1.2941492e-01
   3.0000000e+02   1.2818120e-01
   3.0100000e+02   1.2750778e-01
   3.0200000e+02   1.2683439e-01
   3.0300000e+02   1.2616104e-01
   3.0400000e+02   1.2548772e-01
   3.0500000e+02   1.2481443e-01
   3.0600000e+02   1.2414116e-01
   3.0700000e+02   1.2346794e-01
   3.0800000e+02   1.2279474e-01
   3.0900000e+02   1.2212157e-01
   3.1000000e+02   1.2144843e-01
   3.1100000e+02   1.2077533e-01
   3.1200000e+02   1.2010226e-01
   3.1300000e+02   1.1942921e-01
   3.1400000e+02   1.1875619e-01
   3.1500000e+02   1.1808321e-01
   3.1600000e+02   1.1741025e-01
   3.1700000e+02   1.1673733e-01
   3.1800000e+02   1.1606443e-01
   3.1900000e+02   1.1539157e-01
   3.2000000e+02   1.1471874e-01
   3.2100000e+02   1.1404593e-01
   3.2200000e+02   1.1337315e-01
   3.2300000e+02   1.1270040e-01
   3.2400000e+02   1.1202768e-01
   3.2500000e+02   1.1135500e-01
   3.2600000e+02   1.1068234e-01
   3.2700000e+02   1.1000971e-01
   3.2800000e+02   1.0933711e-01
   3.2900000e+02   1.0866453e-01
   3.3000000e+02   1.0799199e-01
   3.3100000e+02   1.0799146e-01
   3.3200000e+02   1.0799094e-01
   3.3300000e+02   1.0799041e-01
   3.3400000e+02   1.0798988e-01
   3.3500000e+02   1.0798935e-01
   3.3600000e+02   1.0798881e-01
   3.3700000e+02   1.0798828e-01
   3.3800000e+02   1.0798773e-01
   3.3900000e+02   1.0798719e-01
   3.4000000e+02   1.0798664e-01
   3.4100000e+02   1.0798609e-01
   3.4200000e+02   1.0798554e-01
   3.4300000e+02   1.0798499e-01
   3.4400000e+02   1.0798443e-01
   3.4500000e+02   1.0798388e-01
   3.4600000e+02   1.0798331e-01
   3.4700000e+02   1.0798275e-01
   3.4800000e+02   1.0798218e-01
   3.4900000e+02   1.0798161e-01
   3.5000000e+02   1.0798104e-01
   3.5100000e+02   1.0798047e-01
   3.5200000e+02   1.0797990e-01
   3.5300000e+02   1.0797931e-01
   3.5400000e+02   1.0797874e-01
   3.5500000e+02   1.0797815e-01
   3.5600000e+02   1.0797756e-01
   3.5700000e+02   1.0797697e-01
   3.5800000e+02   1.0797638e-01
   3.5900000e+02   1.0797579e-01
   1.4226848e-06   1.0797519e-01
