   0.0000000e+00   7.0628862e+00
   1.0000000e+00   7.0628862e+00
   2.0000000e+00   7.0447598e+00
   3.0000000e+00   7.0264001e+00
   4.0000000e+00   7.0077620e+00
   5.0000000e+00   6.9888496e+00
   6.0000000e+00   6.9696670e+00
   7.0000000e+00   6.9502182e+00
   8.0000000e+00   6.9305077e+00
   9.0000000e+00   6.9105392e+00
   1.0000000e+01   6.8903179e+00
   1.1000000e+01   6.8698530e+00
   1.2000000e+01   6.8491449e+00
   1.3000000e+01   6.8281975e+00
   1.4000000e+01   6.8070154e+00
   1.5000000e+01   6.7856030e+00
   1.6000000e+01   6.7639642e+00
   1.7000000e+01   6.7421041e+00
   1.8000000e+01   6.7200270e+00
   1.9000000e+01   6.6977372e+00
   2.0000000e+01   6.6752400e+00
   2.1000000e+01   6.6525397e+00
   2.2000000e+01   6.6296411e+00
   2.3000000e+01   6.6065493e+00
   2.4000000e+01   6.5832686e+00
   2.5000000e+01   6.5598054e+00
   2.6000000e+01   6.5361633e+00
   2.7000000e+01   6.5123482e+00
   2.8000000e+01   6.4883652e+00
   2.9000000e+01   6.4642191e+00
   3.0000000e+01   6.4399152e+00
   3.1000000e+01   6.4150810e+00
   3.2000000e+01   6.3900852e+00
   3.3000000e+01   6.3649344e+00
   3.4000000e+01   6.3396344e+00
   3.5000000e+01   6.3141904e+00
   3.6000000e+01   6.2886090e+00
   3.7000000e+01   6.2628961e+00
   3.8000000e+01   6.2370567e+00
   3.9000000e+01   6.2110977e+00
   4.0000000e+01   6.1850247e+00
   4.1000000e+01   6.1588430e+00
   4.2000000e+01   6.1325593e+00
   4.3000000e+01   6.1061792e+00
   4.4000000e+01   6.0797091e+00
   4.5000000e+01   6.0531535e+00
   4.6000000e+01   6.0265193e+00
   4.7000000e+01   5.9998121e+00
   4.8000000e+01   5.9730377e+00
   4.9000000e+01   5.9462018e+00
   5.0000000e+01   5.9193101e+00
   5.1000000e+01   5.8923683e+00
   5.2000000e+01   5.8653822e+00
   5.3000000e+01   5.8383574e+00
   5.4000000e+01   5.8112998e+00
   5.5000000e+01   5.7842140e+00
   5.6000000e+01   5.7571063e+00
   5.7000000e+01   5.7299819e+00
   5.8000000e+01   5.7028465e+00
   5.9000000e+01   5.6757050e+00
   6.0000000e+01   5.6485634e+00
   6.1000000e+01   5.6220465e+00
   6.2000000e+01   5.5955520e+00
   6.3000000e+01   5.5690832e+00
   6.4000000e+01   5.5426464e+00
   6.5000000e+01   5.5162454e+00
   6.6000000e+01   5.4898853e+00
   6.7000000e+01   5.4635701e+00
   6.8000000e+01   5.4373050e+00
   6.9000000e+01   5.4110937e+00
   7.0000000e+01   5.3849411e+00
   7.1000000e+01   5.3588519e+00
   7.2000000e+01   5.3328295e+00
   7.3000000e+01   5.3068790e+00
   7.4000000e+01   5.2810040e+00
   7.5000000e+01   5.2552085e+00
   7.6000000e+01   5.2294970e+00
   7.7000000e+01   5.2038732e+00
   7.8000000e+01   5.1783409e+00
   7.9000000e+01   5.1529045e+00
   8.0000000e+01   5.1275668e+00
   8.1000000e+01   5.1023326e+00
   8.2000000e+01   5.0772047e+00
   8.3000000e+01   5.0521874e+00
   8.4000000e+01   5.0272832e+00
   8.5000000e+01   5.0024967e+00
   8.6000000e+01   4.9778304e+00
   8.7000000e+01   4.9532876e+00
   8.8000000e+01   4.9288716e+00
   8.9000000e+01   4.9045863e+00
   9.0000000e+01   4.8804336e+00
   9.1000000e+01   4.8586001e+00
   9.2000000e+01   4.8369184e+00
   9.3000000e+01   4.8153906e+00
   9.4000000e+01   4.7940197e+00
   9.5000000e+01   4.7728076e+00
   9.6000000e+01   4.7517562e+00
   9.7000000e+01   4.7308674e+00
   9.8000000e+01   4.7101440e+00
   9.9000000e+01   4.6895876e+00
   1.0000000e+02   4.6692004e+00
   1.0100000e+02   4.6489840e+00
   1.0200000e+02   4.6289406e+00
   1.0300000e+02   4.6090713e+00
   1.0400000e+02   4.5893788e+00
   1.0500000e+02   4.5698643e+00
   1.0600000e+02   4.5505295e+00
   1.0700000e+02   4.5313764e+00
   1.0800000e+02   4.5124063e+00
   1.0900000e+02   4.4936204e+00
   1.1000000e+02   4.4750209e+00
   1.1100000e+02   4.4566088e+00
   1.1200000e+02   4.4383855e+00
   1.1300000e+02   4.4203525e+00
   1.1400000e+02   4.4025106e+00
   1.1500000e+02   4.3848619e+00
   1.1600000e+02   4.3674073e+00
   1.1700000e+02   4.3501477e+00
   1.1800000e+02   4.3330846e+00
   1.1900000e+02   4.3162189e+00
   1.2000000e+02   4.2995510e+00
   1.2100000e+02   4.2862444e+00
   1.2200000e+02   4.2731442e+00
   1.2300000e+02   4.2602510e+00
   1.2400000e+02   4.2475667e+00
   1.2500000e+02   4.2350903e+00
   1.2600000e+02   4.2228236e+00
   1.2700000e+02   4.2107663e+00
   1.2800000e+02   4.1989198e+00
   1.2900000e+02   4.1872840e+00
   1.3000000e+02   4.1758595e+00
   1.3100000e+02   4.1646466e+00
   1.3200000e+02   4.1536465e+00
   1.3300000e+02   4.1428585e+00
   1.3400000e+02   4.1322842e+00
   1.3500000e+02   4.1219230e+00
   1.3600000e+02   4.1117754e+00
   1.3700000e+02   4.1018424e+00
   1.3800000e+02   4.0921240e+00
   1.3900000e+02   4.0826201e+00
   1.4000000e+02   4.0733314e+00
   1.4100000e+02   4.0642581e+00
   1.4200000e+02   4.0554004e+00
   1.4300000e+02   4.0467582e+00
   1.4400000e+02   4.0383325e+00
   1.4500000e+02   4.0301223e+00
   1.4600000e+02   4.0221291e+00
   1.4700000e+02   4.0143518e+00
   1.4800000e+02   4.0067916e+00
   1.4900000e+02   3.9994476e+00
   1.5000000e+02   3.9923208e+00
   1.5100000e+02   3.9883602e+00
   1.5200000e+02   3.9846206e+00
   1.5300000e+02   3.9811022e+00
   1.5400000e+02   3.9778049e+00
   1.5500000e+02   3.9747288e+00
   1.5600000e+02   3.9718740e+00
   1.5700000e+02   3.9692402e+00
   1.5800000e+02   3.9668276e+00
   1.5900000e+02   3.9646361e+00
   1.6000000e+02   3.9626658e+00
   1.6100000e+02   3.9609163e+00
   1.6200000e+02   3.9593880e+00
   1.6300000e+02   3.9580803e+00
   1.6400000e+02   3.9569936e+00
   1.6500000e+02   3.9561276e+00
   1.6600000e+02   3.9554825e+00
   1.6700000e+02   3.9550593e+00
   1.6800000e+02   3.9548576e+00
   1.6900000e+02   3.9548764e+00
   1.7000000e+02   3.9551153e+00
   1.7100000e+02   3.9555743e+00
   1.7200000e+02   3.9562523e+00
   1.7300000e+02   3.9571493e+00
   1.7400000e+02   3.9582646e+00
   1.7500000e+02   3.9595978e+00
   1.7600000e+02   3.9611485e+00
   1.7700000e+02   3.9629161e+00
   1.7800000e+02   3.9649005e+00
   1.7900000e+02   3.9671006e+00
   1.8000000e+02   3.9695163e+00
   1.8100000e+02   3.9737654e+00
   1.8200000e+02   3.9782357e+00
   1.8300000e+02   3.9829268e+00
   1.8400000e+02   3.9878387e+00
   1.8500000e+02   3.9929709e+00
   1.8600000e+02   3.9983230e+00
   1.8700000e+02   4.0038948e+00
   1.8800000e+02   4.0096855e+00
   1.8900000e+02   4.0156956e+00
   1.9000000e+02   4.0219245e+00
   1.9100000e+02   4.0283728e+00
   1.9200000e+02   4.0350404e+00
   1.9300000e+02   4.0419254e+00
   1.9400000e+02   4.0490279e+00
   1.9500000e+02   4.0563469e+00
   1.9600000e+02   4.0638814e+00
   1.9700000e+02   4.0716314e+00
   1.9800000e+02   4.0795960e+00
   1.9900000e+02   4.0877743e+00
   2.0000000e+02   4.0961652e+00
   2.0100000e+02   4.1047683e+00
   2.0200000e+02   4.1135831e+00
   2.0300000e+02   4.1226077e+00
   2.0400000e+02   4.1318426e+00
   2.0500000e+02   4.1412859e+00
   2.0600000e+02   4.1509376e+00
   2.0700000e+02   4.1607962e+00
   2.0800000e+02   4.1708608e+00
   2.0900000e+02   4.1811304e+00
   2.1000000e+02   4.1916041e+00
   2.1100000e+02   4.2019649e+00
   2.1200000e+02   4.2125297e+00
   2.1300000e+02   4.2232990e+00
   2.1400000e+02   4.2342706e+00
   2.1500000e+02   4.2454443e+00
   2.1600000e+02   4.2568188e+00
   2.1700000e+02   4.2683926e+00
   2.1800000e+02   4.2801652e+00
   2.1900000e+02   4.2921348e+00
   2.2000000e+02   4.3043008e+00
   2.2100000e+02   4.3166614e+00
   2.2200000e+02   4.3292160e+00
   2.2300000e+02   4.3419623e+00
   2.2400000e+02   4.3548999e+00
   2.2500000e+02   4.3680272e+00
   2.2600000e+02   4.3813424e+00
   2.2700000e+02   4.3948441e+00
   2.2800000e+02   4.4085307e+00
   2.2900000e+02   4.4224010e+00
   2.3000000e+02   4.4364529e+00
   2.3100000e+02   4.4506850e+00
   2.3200000e+02   4.4650955e+00
   2.3300000e+02   4.4796829e+00
   2.3400000e+02   4.4944453e+00
   2.3500000e+02   4.5093808e+00
   2.3600000e+02   4.5244875e+00
   2.3700000e+02   4.5397635e+00
   2.3800000e+02   4.5552063e+00
   2.3900000e+02   4.5708146e+00
   2.4000000e+02   4.5865860e+00
   2.4100000e+02   4.6004725e+00
   2.4200000e+02   4.6145115e+00
   2.4300000e+02   4.6286998e+00
   2.4400000e+02   4.6430354e+00
   2.4500000e+02   4.6575160e+00
   2.4600000e+02   4.6721382e+00
   2.4700000e+02   4.6869006e+00
   2.4800000e+02   4.7017999e+00
   2.4900000e+02   4.7168336e+00
   2.5000000e+02   4.7319989e+00
   2.5100000e+02   4.7472930e+00
   2.5200000e+02   4.7627130e+00
   2.5300000e+02   4.7782564e+00
   2.5400000e+02   4.7939196e+00
   2.5500000e+02   4.8097005e+00
   2.5600000e+02   4.8255949e+00
   2.5700000e+02   4.8416004e+00
   2.5800000e+02   4.8577137e+00
   2.5900000e+02   4.8739314e+00
   2.6000000e+02   4.8902507e+00
   2.6100000e+02   4.9066672e+00
   2.6200000e+02   4.9231787e+00
   2.6300000e+02   4.9397807e+00
   2.6400000e+02   4.9564700e+00
   2.6500000e+02   4.9732432e+00
   2.6600000e+02   4.9900961e+00
   2.6700000e+02   5.0070257e+00
   2.6800000e+02   5.0240278e+00
   2.6900000e+02   5.0410986e+00
   2.7000000e+02   5.0582342e+00
   2.7100000e+02   5.0725346e+00
   2.7200000e+02   5.0868797e+00
   2.7300000e+02   5.1012659e+00
   2.7400000e+02   5.1156888e+00
   2.7500000e+02   5.1301451e+00
   2.7600000e+02   5.1446295e+00
   2.7700000e+02   5.1591382e+00
   2.7800000e+02   5.1736665e+00
   2.7900000e+02   5.1882105e+00
   2.8000000e+02   5.2027659e+00
   2.8100000e+02   5.2173271e+00
   2.8200000e+02   5.2318907e+00
   2.8300000e+02   5.2464519e+00
   2.8400000e+02   5.2610054e+00
   2.8500000e+02   5.2755475e+00
   2.8600000e+02   5.2900729e+00
   2.8700000e+02   5.3045774e+00
   2.8800000e+02   5.3190556e+00
   2.8900000e+02   5.3335032e+00
   2.9000000e+02   5.3479147e+00
   2.9100000e+02   5.3622861e+00
   2.9200000e+02   5.3766122e+00
   2.9300000e+02   5.3908882e+00
   2.9400000e+02   5.4051089e+00
   2.9500000e+02   5.4192691e+00
   2.9600000e+02   5.4333644e+00
   2.9700000e+02   5.4473896e+00
   2.9800000e+02   5.4613400e+00
   2.9900000e+02   5.4752097e+00
   3.0000000e+02   5.4889946e+00
   3.0100000e+02   5.4997630e+00
   3.0200000e+02   5.5104251e+00
   3.0300000e+02   5.5209761e+00
   3.0400000e+02   5.5314112e+00
   3.0500000e+02   5.5417256e+00
   3.0600000e+02   5.5519137e+00
   3.0700000e+02   5.5619717e+00
   3.0800000e+02   5.5718937e+00
   3.0900000e+02   5.5816755e+00
   3.1000000e+02   5.5913119e+00
   3.1100000e+02   5.6007986e+00
   3.1200000e+02   5.6101303e+00
   3.1300000e+02   5.6193027e+00
   3.1400000e+02   5.6283107e+00
   3.1500000e+02   5.6371498e+00
   3.1600000e+02   5.6458158e+00
   3.1700000e+02   5.6543036e+00
   3.1800000e+02   5.6626086e+00
   3.1900000e+02   5.6707268e+00
   3.2000000e+02   5.6786537e+00
   3.2100000e+02   5.6863847e+00
   3.2200000e+02   5.6939158e+00
   3.2300000e+02   5.7012429e+00
   3.2400000e+02   5.7083611e+00
   3.2500000e+02   5.7152672e+00
   3.2600000e+02   5.7219572e+00
   3.2700000e+02   5.7284265e+00
   3.2800000e+02   5.7346716e+00
   3.2900000e+02   5.7406888e+00
   3.3000000e+02   5.7464743e+00
   3.3100000e+02   5.7494092e+00
   3.3200000e+02   5.7520990e+00
   3.3300000e+02   5.7545404e+00
   3.3400000e+02   5.7567306e+00
   3.3500000e+02   5.7586660e+00
   3.3600000e+02   5.7603450e+00
   3.3700000e+02   5.7617636e+00
   3.3800000e+02   5.7629199e+00
   3.3900000e+02   5.7638111e+00
   3.4000000e+02   5.7644348e+00
   3.4100000e+02   5.7647891e+00
   3.4200000e+02   5.7648716e+00
   3.4300000e+02   5.7646799e+00
   3.4400000e+02   5.7642131e+00
   3.4500000e+02   5.7634687e+00
   3.4600000e+02   5.7624450e+00
   3.4700000e+02   5.7611408e+00
   3.4800000e+02   5.7595549e+00
   3.4900000e+02   5.7576861e+00
   3.5000000e+02   5.7555327e+00
   3.5100000e+02   5.7530942e+00
   3.5200000e+02   5.7503700e+00
   3.5300000e+02   5.7473588e+00
   3.5400000e+02   5.7440605e+00
   3.5500000e+02   5.7404752e+00
   3.5600000e+02   5.7366018e+00
   3.5700000e+02   5.7324405e+00
   3.5800000e+02   5.7279911e+00
   3.5900000e+02   5.7232547e+00
   2.6219766e-08   5.7182302e+00
