   0.0000000e+00   1.7019561e+04
   1.0000000e+00   1.7019561e+04
   2.0000000e+00   1.7019477e+04
   3.0000000e+00   1.7019830e+04
   4.0000000e+00   1.7020715e+04
   5.0000000e+00   1.7022133e+04
   6.0000000e+00   1.7024082e+04
   7.0000000e+00   1.7026563e+04
   8.0000000e+00   1.7029572e+04
   9.0000000e+00   1.7033111e+04
   1.0000000e+01   1.7037178e+04
   1.1000000e+01   1.7041764e+04
   1.2000000e+01   1.7046875e+04
   1.3000000e+01   1.7052512e+04
   1.4000000e+01   1.7058672e+04
   1.5000000e+01   1.7065352e+04
   1.6000000e+01   1.7072549e+04
   1.7000000e+01   1.7080266e+04
   1.8000000e+01   1.7088494e+04
   1.9000000e+01   1.7097232e+04
   2.0000000e+01   1.7106482e+04
   2.1000000e+01   1.7116234e+04
   2.2000000e+01   1.7126490e+04
   2.3000000e+01   1.7137246e+04
   2.4000000e+01   1.7148496e+04
   2.5000000e+01   1.7160236e+04
   2.6000000e+01   1.7172467e+04
   2.7000000e+01   1.7185182e+04
   2.8000000e+01   1.7198377e+04
   2.9000000e+01   1.7212047e+04
   3.0000000e+01   1.7226189e+04
   3.1000000e+01   1.7240887e+04
   3.2000000e+01   1.7256047e+04
   3.3000000e+01   1.7271664e+04
   3.4000000e+01   1.7287732e+04
   3.5000000e+01   1.7304248e+04
   3.6000000e+01   1.7321207e+04
   3.7000000e+01   1.7338602e+04
   3.8000000e+01   1.7356426e+04
   3.9000000e+01   1.7374678e+04
   4.0000000e+01   1.7393348e+04
   4.1000000e+01   1.7412434e+04
   4.2000000e+01   1.7431926e+04
   4.3000000e+01   1.7451822e+04
   4.4000000e+01   1.7472113e+04
   4.5000000e+01   1.7492793e+04
   4.6000000e+01   1.7513857e+04
   4.7000000e+01   1.7535297e+04
   4.8000000e+01   1.7557107e+04
   4.9000000e+01   1.7579281e+04
   5.0000000e+01   1.7601811e+04
   5.1000000e+01   1.7624689e+04
   5.2000000e+01   1.7647910e+04
   5.3000000e+01   1.7671465e+04
   5.4000000e+01   1.7695348e+04
   5.5000000e+01   1.7719551e+04
   5.6000000e+01   1.7744066e+04
   5.7000000e+01   1.7768887e+04
   5.8000000e+01   1.7794004e+04
   5.9000000e+01   1.7819412e+04
   6.0000000e+01   1.7845100e+04
   6.1000000e+01   1.7871145e+04
   6.2000000e+01   1.7897457e+04
   6.3000000e+01   1.7924025e+04
   6.4000000e+01   1.7950844e+04
   6.5000000e+01   1.7977902e+04
   6.6000000e+01   1.8005195e+04
   6.7000000e+01   1.8032711e+04
   6.8000000e+01   1.8060443e+04
   6.9000000e+01   1.8088383e+04
   7.0000000e+01   1.8116521e+04
   7.1000000e+01   1.8144848e+04
   7.2000000e+01   1.8173357e+04
   7.3000000e+01   1.8202037e+04
   7.4000000e+01   1.8230881e+04
   7.5000000e+01   1.8259879e+04
   7.6000000e+01   1.8289021e+04
   7.7000000e+01   1.8318299e+04
   7.8000000e+01   1.8347705e+04
   7.9000000e+01   1.8377229e+04
   8.0000000e+01   1.8406861e+04
   8.1000000e+01   1.8436594e+04
   8.2000000e+01   1.8466416e+04
   8.3000000e+01   1.8496318e+04
   8.4000000e+01   1.8526293e+04
   8.5000000e+01   1.8556330e+04
   8.6000000e+01   1.8586422e+04
   8.7000000e+01   1.8616555e+04
   8.8000000e+01   1.8646725e+04
   8.9000000e+01   1.8676918e+04
   9.0000000e+01   1.8707127e+04
   9.1000000e+01   1.8737447e+04
   9.2000000e+01   1.8767766e+04
   9.3000000e+01   1.8798072e+04
   9.4000000e+01   1.8828357e+04
   9.5000000e+01   1.8858613e+04
   9.6000000e+01   1.8888826e+04
   9.7000000e+01   1.8918992e+04
   9.8000000e+01   1.8949098e+04
   9.9000000e+01   1.8979135e+04
   1.0000000e+02   1.9009096e+04
   1.0100000e+02   1.9038969e+04
   1.0200000e+02   1.9068746e+04
   1.0300000e+02   1.9098418e+04
   1.0400000e+02   1.9127977e+04
   1.0500000e+02   1.9157410e+04
   1.0600000e+02   1.9186711e+04
   1.0700000e+02   1.9215871e+04
   1.0800000e+02   1.9244879e+04
   1.0900000e+02   1.9273729e+04
   1.1000000e+02   1.9302408e+04
   1.1100000e+02   1.9330910e+04
   1.1200000e+02   1.9359227e+04
   1.1300000e+02   1.9387348e+04
   1.1400000e+02   1.9415264e+04
   1.1500000e+02   1.9442967e+04
   1.1600000e+02   1.9470451e+04
   1.1700000e+02   1.9497703e+04
   1.1800000e+02   1.9524719e+04
   1.1900000e+02   1.9551486e+04
   1.2000000e+02   1.9578000e+04
   1.2100000e+02   1.9604361e+04
   1.2200000e+02   1.9630451e+04
   1.2300000e+02   1.9656264e+04
   1.2400000e+02   1.9681787e+04
   1.2500000e+02   1.9707018e+04
   1.2600000e+02   1.9731943e+04
   1.2700000e+02   1.9756561e+04
   1.2800000e+02   1.9780861e+04
   1.2900000e+02   1.9804834e+04
   1.3000000e+02   1.9828477e+04
   1.3100000e+02   1.9851777e+04
   1.3200000e+02   1.9874730e+04
   1.3300000e+02   1.9897330e+04
   1.3400000e+02   1.9919570e+04
   1.3500000e+02   1.9941441e+04
   1.3600000e+02   1.9962936e+04
   1.3700000e+02   1.9984051e+04
   1.3800000e+02   2.0004777e+04
   1.3900000e+02   2.0025109e+04
   1.4000000e+02   2.0045041e+04
   1.4100000e+02   2.0064566e+04
   1.4200000e+02   2.0083680e+04
   1.4300000e+02   2.0102373e+04
   1.4400000e+02   2.0120643e+04
   1.4500000e+02   2.0138482e+04
   1.4600000e+02   2.0155887e+04
   1.4700000e+02   2.0172850e+04
   1.4800000e+02   2.0189367e+04
   1.4900000e+02   2.0205432e+04
   1.5000000e+02   2.0221043e+04
   1.5100000e+02   2.0236262e+04
   1.5200000e+02   2.0251016e+04
   1.5300000e+02   2.0265301e+04
   1.5400000e+02   2.0279111e+04
   1.5500000e+02   2.0292443e+04
   1.5600000e+02   2.0305293e+04
   1.5700000e+02   2.0317656e+04
   1.5800000e+02   2.0329529e+04
   1.5900000e+02   2.0340908e+04
   1.6000000e+02   2.0351791e+04
   1.6100000e+02   2.0362172e+04
   1.6200000e+02   2.0372051e+04
   1.6300000e+02   2.0381422e+04
   1.6400000e+02   2.0390285e+04
   1.6500000e+02   2.0398635e+04
   1.6600000e+02   2.0406469e+04
   1.6700000e+02   2.0413783e+04
   1.6800000e+02   2.0420578e+04
   1.6900000e+02   2.0426852e+04
   1.7000000e+02   2.0432604e+04
   1.7100000e+02   2.0437832e+04
   1.7200000e+02   2.0442533e+04
   1.7300000e+02   2.0446709e+04
   1.7400000e+02   2.0450355e+04
   1.7500000e+02   2.0453471e+04
   1.7600000e+02   2.0456059e+04
   1.7700000e+02   2.0458113e+04
   1.7800000e+02   2.0459635e+04
   1.7900000e+02   2.0460627e+04
   1.8000000e+02   2.0461084e+04
   1.8100000e+02   2.0460990e+04
   1.8200000e+02   2.0460363e+04
   1.8300000e+02   2.0459203e+04
   1.8400000e+02   2.0457512e+04
   1.8500000e+02   2.0455287e+04
   1.8600000e+02   2.0452533e+04
   1.8700000e+02   2.0449248e+04
   1.8800000e+02   2.0445434e+04
   1.8900000e+02   2.0441092e+04
   1.9000000e+02   2.0436223e+04
   1.9100000e+02   2.0430824e+04
   1.9200000e+02   2.0424902e+04
   1.9300000e+02   2.0418459e+04
   1.9400000e+02   2.0411498e+04
   1.9500000e+02   2.0404021e+04
   1.9600000e+02   2.0396029e+04
   1.9700000e+02   2.0387525e+04
   1.9800000e+02   2.0378514e+04
   1.9900000e+02   2.0368994e+04
   2.0000000e+02   2.0358973e+04
   2.0100000e+02   2.0348449e+04
   2.0200000e+02   2.0337430e+04
   2.0300000e+02   2.0325916e+04
   2.0400000e+02   2.0313912e+04
   2.0500000e+02   2.0301424e+04
   2.0600000e+02   2.0288451e+04
   2.0700000e+02   2.0275002e+04
   2.0800000e+02   2.0261076e+04
   2.0900000e+02   2.0246682e+04
   2.1000000e+02   2.0231822e+04
   2.1100000e+02   2.0216381e+04
   2.1200000e+02   2.0200482e+04
   2.1300000e+02   2.0184135e+04
   2.1400000e+02   2.0167338e+04
   2.1500000e+02   2.0150102e+04
   2.1600000e+02   2.0132428e+04
   2.1700000e+02   2.0114324e+04
   2.1800000e+02   2.0095797e+04
   2.1900000e+02   2.0076848e+04
   2.2000000e+02   2.0057486e+04
   2.2100000e+02   2.0037717e+04
   2.2200000e+02   2.0017547e+04
   2.2300000e+02   1.9996980e+04
   2.2400000e+02   1.9976025e+04
   2.2500000e+02   1.9954688e+04
   2.2600000e+02   1.9932975e+04
   2.2700000e+02   1.9910893e+04
   2.2800000e+02   1.9888447e+04
   2.2900000e+02   1.9865646e+04
   2.3000000e+02   1.9842498e+04
   2.3100000e+02   1.9819008e+04
   2.3200000e+02   1.9795182e+04
   2.3300000e+02   1.9771031e+04
   2.3400000e+02   1.9746559e+04
   2.3500000e+02   1.9721777e+04
   2.3600000e+02   1.9696689e+04
   2.3700000e+02   1.9671305e+04
   2.3800000e+02   1.9645633e+04
   2.3900000e+02   1.9619680e+04
   2.4000000e+02   1.9593453e+04
   2.4100000e+02   1.9566777e+04
   2.4200000e+02   1.9539844e+04
   2.4300000e+02   1.9512662e+04
   2.4400000e+02   1.9485240e+04
   2.4500000e+02   1.9457584e+04
   2.4600000e+02   1.9429705e+04
   2.4700000e+02   1.9401611e+04
   2.4800000e+02   1.9373311e+04
   2.4900000e+02   1.9344813e+04
   2.5000000e+02   1.9316123e+04
   2.5100000e+02   1.9287254e+04
   2.5200000e+02   1.9258213e+04
   2.5300000e+02   1.9229010e+04
   2.5400000e+02   1.9199650e+04
   2.5500000e+02   1.9170146e+04
   2.5600000e+02   1.9140508e+04
   2.5700000e+02   1.9110740e+04
   2.5800000e+02   1.9080855e+04
   2.5900000e+02   1.9050861e+04
   2.6000000e+02   1.9020768e+04
   2.6100000e+02   1.8990584e+04
   2.6200000e+02   1.8960318e+04
   2.6300000e+02   1.8929980e+04
   2.6400000e+02   1.8899578e+04
   2.6500000e+02   1.8869123e+04
   2.6600000e+02   1.8838625e+04
   2.6700000e+02   1.8808090e+04
   2.6800000e+02   1.8777529e+04
   2.6900000e+02   1.8746953e+04
   2.7000000e+02   1.8716369e+04
   2.7100000e+02   1.8685605e+04
   2.7200000e+02   1.8654855e+04
   2.7300000e+02   1.8624123e+04
   2.7400000e+02   1.8593422e+04
   2.7500000e+02   1.8562758e+04
   2.7600000e+02   1.8532143e+04
   2.7700000e+02   1.8501584e+04
   2.7800000e+02   1.8471092e+04
   2.7900000e+02   1.8440674e+04
   2.8000000e+02   1.8410344e+04
   2.8100000e+02   1.8380105e+04
   2.8200000e+02   1.8349971e+04
   2.8300000e+02   1.8319949e+04
   2.8400000e+02   1.8290049e+04
   2.8500000e+02   1.8260277e+04
   2.8600000e+02   1.8230646e+04
   2.8700000e+02   1.8201164e+04
   2.8800000e+02   1.8171838e+04
   2.8900000e+02   1.8142680e+04
   2.9000000e+02   1.8113695e+04
   2.9100000e+02   1.8084895e+04
   2.9200000e+02   1.8056285e+04
   2.9300000e+02   1.8027877e+04
   2.9400000e+02   1.7999680e+04
   2.9500000e+02   1.7971699e+04
   2.9600000e+02   1.7943947e+04
   2.9700000e+02   1.7916428e+04
   2.9800000e+02   1.7889152e+04
   2.9900000e+02   1.7862129e+04
   3.0000000e+02   1.7835365e+04
   3.0100000e+02   1.7808756e+04
   3.0200000e+02   1.7782422e+04
   3.0300000e+02   1.7756373e+04
   3.0400000e+02   1.7730611e+04
   3.0500000e+02   1.7705150e+04
   3.0600000e+02   1.7679996e+04
   3.0700000e+02   1.7655154e+04
   3.0800000e+02   1.7630635e+04
   3.0900000e+02   1.7606443e+04
   3.1000000e+02   1.7582588e+04
   3.1100000e+02   1.7559074e+04
   3.1200000e+02   1.7535912e+04
   3.1300000e+02   1.7513105e+04
   3.1400000e+02   1.7490664e+04
   3.1500000e+02   1.7468592e+04
   3.1600000e+02   1.7446896e+04
   3.1700000e+02   1.7425586e+04
   3.1800000e+02   1.7404664e+04
   3.1900000e+02   1.7384141e+04
   3.2000000e+02   1.7364018e+04
   3.2100000e+02   1.7344303e+04
   3.2200000e+02   1.7325002e+04
   3.2300000e+02   1.7306123e+04
   3.2400000e+02   1.7287668e+04
   3.2500000e+02   1.7269645e+04
   3.2600000e+02   1.7252059e+04
   3.2700000e+02   1.7234912e+04
   3.2800000e+02   1.7218215e+04
   3.2900000e+02   1.7201969e+04
   3.3000000e+02   1.7186178e+04
   3.3100000e+02   1.7170816e+04
   3.3200000e+02   1.7155920e+04
   3.3300000e+02   1.7141494e+04
   3.3400000e+02   1.7127543e+04
   3.3500000e+02   1.7114070e+04
   3.3600000e+02   1.7101080e+04
   3.3700000e+02   1.7088576e+04
   3.3800000e+02   1.7076563e+04
   3.3900000e+02   1.7065041e+04
   3.4000000e+02   1.7054018e+04
   3.4100000e+02   1.7043494e+04
   3.4200000e+02   1.7033475e+04
   3.4300000e+02   1.7023961e+04
   3.4400000e+02   1.7014957e+04
   3.4500000e+02   1.7006465e+04
   3.4600000e+02   1.6998486e+04
   3.4700000e+02   1.6991025e+04
   3.4800000e+02   1.6984082e+04
   3.4900000e+02   1.6977660e+04
   3.5000000e+02   1.6971760e+04
   3.5100000e+02   1.6966385e+04
   3.5200000e+02   1.6961535e+04
   3.5300000e+02   1.6957213e+04
   3.5400000e+02   1.6953420e+04
   3.5500000e+02   1.6950156e+04
   3.5600000e+02   1.6947424e+04
   3.5700000e+02   1.6945221e+04
   3.5800000e+02   1.6943551e+04
   3.5900000e+02   1.6942412e+04
   2.6219766e-08   1.6941807e+04
