   0.0000000e+00   5.6345887e-03
   1.0000000e+00   5.6345887e-03
   2.0000000e+00   5.6385272e-03
   3.0000000e+00   5.6361286e-03
   4.0000000e+00   5.6336639e-03
   5.0000000e+00   5.6311423e-03
   6.0000000e+00   5.6285663e-03
   7.0000000e+00   5.6259371e-03
   8.0000000e+00   5.6232582e-03
   9.0000000e+00   5.6205303e-03
   1.0000000e+01   5.6177117e-03
   1.1000000e+01   5.6143780e-03
   1.2000000e+01   5.6110620e-03
   1.3000000e+01   5.6077656e-03
   1.4000000e+01   5.6044892e-03
   1.5000000e+01   5.6012329e-03
   1.6000000e+01   5.5979975e-03
   1.7000000e+01   5.5947830e-03
   1.8000000e+01   5.5915904e-03
   1.9000000e+01   5.5884197e-03
   2.0000000e+01   5.5852719e-03
   2.1000000e+01   5.5821463e-03
   2.2000000e+01   5.5790436e-03
   2.3000000e+01   5.5759647e-03
   2.4000000e+01   5.5729095e-03
   2.5000000e+01   5.5698780e-03
   2.6000000e+01   5.5668708e-03
   2.7000000e+01   5.5638882e-03
   2.8000000e+01   5.5609304e-03
   2.9000000e+01   5.5579976e-03
   3.0000000e+01   5.5550900e-03
   3.1000000e+01   5.5580186e-03
   3.2000000e+01   5.5609569e-03
   3.3000000e+01   5.5639050e-03
   3.4000000e+01   5.5668638e-03
   3.5000000e+01   5.5698343e-03
   3.6000000e+01   5.5728159e-03
   3.7000000e+01   5.5758101e-03
   3.8000000e+01   5.5788164e-03
   3.9000000e+01   5.5818362e-03
   4.0000000e+01   5.5848691e-03
   4.1000000e+01   5.5879159e-03
   4.2000000e+01   5.5909771e-03
   4.3000000e+01   5.5940528e-03
   4.4000000e+01   5.5971434e-03
   4.5000000e+01   5.6002494e-03
   4.6000000e+01   5.6033707e-03
   4.7000000e+01   5.6065079e-03
   4.8000000e+01   5.6096613e-03
   4.9000000e+01   5.6128311e-03
   5.0000000e+01   5.6160176e-03
   5.1000000e+01   5.6192214e-03
   5.2000000e+01   5.6224419e-03
   5.3000000e+01   5.6256801e-03
   5.4000000e+01   5.6289360e-03
   5.5000000e+01   5.6322096e-03
   5.6000000e+01   5.6355009e-03
   5.7000000e+01   5.6388108e-03
   5.8000000e+01   5.6421389e-03
   5.9000000e+01   5.6454856e-03
   6.0000000e+01   5.6488505e-03
   6.1000000e+01   5.6550666e-03
   6.2000000e+01   5.6613046e-03
   6.3000000e+01   5.6675654e-03
   6.4000000e+01   5.6738481e-03
   6.5000000e+01   5.6801531e-03
   6.6000000e+01   5.6864810e-03
   6.7000000e+01   5.6928308e-03
   6.8000000e+01   5.6992033e-03
   6.9000000e+01   5.7055978e-03
   7.0000000e+01   5.7120151e-03
   7.1000000e+01   5.7184543e-03
   7.2000000e+01   5.7249158e-03
   7.3000000e+01   5.7313996e-03
   7.4000000e+01   5.7379059e-03
   7.5000000e+01   5.7444340e-03
   7.6000000e+01   5.7509840e-03
   7.7000000e+01   5.7575563e-03
   7.8000000e+01   5.7641505e-03
   7.9000000e+01   5.7707666e-03
   8.0000000e+01   5.7774046e-03
   8.1000000e+01   5.7840645e-03
   8.2000000e+01   5.7907458e-03
   8.3000000e+01   5.7974490e-03
   8.4000000e+01   5.8041736e-03
   8.5000000e+01   5.8109197e-03
   8.6000000e+01   5.8176871e-03
   8.7000000e+01   5.8244760e-03
   8.8000000e+01   5.8312858e-03
   8.9000000e+01   5.8381166e-03
   9.0000000e+01   5.8449679e-03
   9.1000000e+01   5.8520031e-03
   9.2000000e+01   5.8590700e-03
   9.3000000e+01   5.8661690e-03
   9.4000000e+01   5.8732992e-03
   9.5000000e+01   5.8804606e-03
   9.6000000e+01   5.8876523e-03
   9.7000000e+01   5.8948742e-03
   9.8000000e+01   5.9021260e-03
   9.9000000e+01   5.9094075e-03
   1.0000000e+02   5.9167179e-03
   1.0100000e+02   5.9240567e-03
   1.0200000e+02   5.9314240e-03
   1.0300000e+02   5.9388191e-03
   1.0400000e+02   5.9462423e-03
   1.0500000e+02   5.9536924e-03
   1.0600000e+02   5.9611695e-03
   1.0700000e+02   5.9686732e-03
   1.0800000e+02   5.9762029e-03
   1.0900000e+02   5.9837583e-03
   1.1000000e+02   5.9913397e-03
   1.1100000e+02   5.9989463e-03
   1.1200000e+02   6.0065775e-03
   1.1300000e+02   6.0142335e-03
   1.1400000e+02   6.0219136e-03
   1.1500000e+02   6.0296175e-03
   1.1600000e+02   6.0373452e-03
   1.1700000e+02   6.0450961e-03
   1.1800000e+02   6.0528698e-03
   1.1900000e+02   6.0606669e-03
   1.2000000e+02   6.0684858e-03
   1.2100000e+02   6.0745035e-03
   1.2200000e+02   6.0805539e-03
   1.2300000e+02   6.0866359e-03
   1.2400000e+02   6.0927486e-03
   1.2500000e+02   6.0988921e-03
   1.2600000e+02   6.1050658e-03
   1.2700000e+02   6.1112689e-03
   1.2800000e+02   6.1175013e-03
   1.2900000e+02   6.1237621e-03
   1.3000000e+02   6.1300513e-03
   1.3100000e+02   6.1363680e-03
   1.3200000e+02   6.1427117e-03
   1.3300000e+02   6.1490824e-03
   1.3400000e+02   6.1554792e-03
   1.3500000e+02   6.1619021e-03
   1.3600000e+02   6.1683501e-03
   1.3700000e+02   6.1748233e-03
   1.3800000e+02   6.1813211e-03
   1.3900000e+02   6.1878432e-03
   1.4000000e+02   6.1943890e-03
   1.4100000e+02   6.2009580e-03
   1.4200000e+02   6.2075499e-03
   1.4300000e+02   6.2141647e-03
   1.4400000e+02   6.2208017e-03
   1.4500000e+02   6.2274602e-03
   1.4600000e+02   6.2341406e-03
   1.4700000e+02   6.2408419e-03
   1.4800000e+02   6.2475642e-03
   1.4900000e+02   6.2543065e-03
   1.5000000e+02   6.2610693e-03
   1.5100000e+02   6.2644449e-03
   1.5200000e+02   6.2678456e-03
   1.5300000e+02   6.2712724e-03
   1.5400000e+02   6.2747239e-03
   1.5500000e+02   6.2782001e-03
   1.5600000e+02   6.2817005e-03
   1.5700000e+02   6.2852241e-03
   1.5800000e+02   6.2887715e-03
   1.5900000e+02   6.2923413e-03
   1.6000000e+02   6.2959339e-03
   1.6100000e+02   6.2995483e-03
   1.6200000e+02   6.3031847e-03
   1.6300000e+02   6.3068420e-03
   1.6400000e+02   6.3105207e-03
   1.6500000e+02   6.3142194e-03
   1.6600000e+02   6.3179052e-03
   1.6700000e+02   6.3213669e-03
   1.6800000e+02   6.3248943e-03
   1.6900000e+02   6.3284868e-03
   1.7000000e+02   6.3321427e-03
   1.7100000e+02   6.3358615e-03
   1.7200000e+02   6.3396418e-03
   1.7300000e+02   6.3434816e-03
   1.7400000e+02   6.3473806e-03
   1.7500000e+02   6.3513373e-03
   1.7600000e+02   6.3553504e-03
   1.7700000e+02   6.3594184e-03
   1.7800000e+02   6.3635414e-03
   1.7900000e+02   6.3677169e-03
   1.8000000e+02   6.3719447e-03
   1.8100000e+02   6.3712201e-03
   1.8200000e+02   6.3705142e-03
   1.8300000e+02   6.3698259e-03
   1.8400000e+02   6.3691558e-03
   1.8500000e+02   6.3685030e-03
   1.8600000e+02   6.3678669e-03
   1.8700000e+02   6.3672485e-03
   1.8800000e+02   6.3666459e-03
   1.8900000e+02   6.3660601e-03
   1.9000000e+02   6.3654585e-03
   1.9100000e+02   6.3646045e-03
   1.9200000e+02   6.3638003e-03
   1.9300000e+02   6.3630468e-03
   1.9400000e+02   6.3623423e-03
   1.9500000e+02   6.3616862e-03
   1.9600000e+02   6.3610780e-03
   1.9700000e+02   6.3605160e-03
   1.9800000e+02   6.3600005e-03
   1.9900000e+02   6.3595292e-03
   2.0000000e+02   6.3591027e-03
   2.0100000e+02   6.3587194e-03
   2.0200000e+02   6.3583790e-03
   2.0300000e+02   6.3580805e-03
   2.0400000e+02   6.3578230e-03
   2.0500000e+02   6.3576065e-03
   2.0600000e+02   6.3574291e-03
   2.0700000e+02   6.3572912e-03
   2.0800000e+02   6.3571921e-03
   2.0900000e+02   6.3571301e-03
   2.1000000e+02   6.3571054e-03
   2.1100000e+02   6.3514472e-03
   2.1200000e+02   6.3458006e-03
   2.1300000e+02   6.3401661e-03
   2.1400000e+02   6.3345432e-03
   2.1500000e+02   6.3289320e-03
   2.1600000e+02   6.3233320e-03
   2.1700000e+02   6.3177436e-03
   2.1800000e+02   6.3121659e-03
   2.1900000e+02   6.3065994e-03
   2.2000000e+02   6.3010436e-03
   2.2100000e+02   6.2954980e-03
   2.2200000e+02   6.2899631e-03
   2.2300000e+02   6.2844390e-03
   2.2400000e+02   6.2789246e-03
   2.2500000e+02   6.2734201e-03
   2.2600000e+02   6.2679257e-03
   2.2700000e+02   6.2624412e-03
   2.2800000e+02   6.2569664e-03
   2.2900000e+02   6.2515009e-03
   2.3000000e+02   6.2460448e-03
   2.3100000e+02   6.2405979e-03
   2.3200000e+02   6.2351604e-03
   2.3300000e+02   6.2297317e-03
   2.3400000e+02   6.2243119e-03
   2.3500000e+02   6.2189009e-03
   2.3600000e+02   6.2134988e-03
   2.3700000e+02   6.2081050e-03
   2.3800000e+02   6.2027196e-03
   2.3900000e+02   6.1973431e-03
   2.4000000e+02   6.1919740e-03
   2.4100000e+02   6.1819134e-03
   2.4200000e+02   6.1718603e-03
   2.4300000e+02   6.1618146e-03
   2.4400000e+02   6.1517758e-03
   2.4500000e+02   6.1417446e-03
   2.4600000e+02   6.1317203e-03
   2.4700000e+02   6.1217025e-03
   2.4800000e+02   6.1116922e-03
   2.4900000e+02   6.1016884e-03
   2.5000000e+02   6.0916911e-03
   2.5100000e+02   6.0817008e-03
   2.5200000e+02   6.0717170e-03
   2.5300000e+02   6.0617398e-03
   2.5400000e+02   6.0517685e-03
   2.5500000e+02   6.0418043e-03
   2.5600000e+02   6.0318462e-03
   2.5700000e+02   6.0218940e-03
   2.5800000e+02   6.0119480e-03
   2.5900000e+02   6.0020080e-03
   2.6000000e+02   5.9920745e-03
   2.6100000e+02   5.9821466e-03
   2.6200000e+02   5.9722243e-03
   2.6300000e+02   5.9623085e-03
   2.6400000e+02   5.9523978e-03
   2.6500000e+02   5.9424932e-03
   2.6600000e+02   5.9325942e-03
   2.6700000e+02   5.9227007e-03
   2.6800000e+02   5.9128124e-03
   2.6900000e+02   5.9029302e-03
   2.7000000e+02   5.8930530e-03
   2.7100000e+02   5.8809719e-03
   2.7200000e+02   5.8688950e-03
   2.7300000e+02   5.8568222e-03
   2.7400000e+02   5.8447532e-03
   2.7500000e+02   5.8326884e-03
   2.7600000e+02   5.8206278e-03
   2.7700000e+02   5.8085709e-03
   2.7800000e+02   5.7965177e-03
   2.7900000e+02   5.7844687e-03
   2.8000000e+02   5.7724235e-03
   2.8100000e+02   5.7603819e-03
   2.8200000e+02   5.7483441e-03
   2.8300000e+02   5.7363096e-03
   2.8400000e+02   5.7242792e-03
   2.8500000e+02   5.7122526e-03
   2.8600000e+02   5.7002292e-03
   2.8700000e+02   5.6882096e-03
   2.8800000e+02   5.6761932e-03
   2.8900000e+02   5.6641805e-03
   2.9000000e+02   5.6521716e-03
   2.9100000e+02   5.6401654e-03
   2.9200000e+02   5.6281630e-03
   2.9300000e+02   5.6161638e-03
   2.9400000e+02   5.6041684e-03
   2.9500000e+02   5.5921758e-03
   2.9600000e+02   5.5801868e-03
   2.9700000e+02   5.5682007e-03
   2.9800000e+02   5.5562179e-03
   2.9900000e+02   5.5442383e-03
   3.0000000e+02   5.5322619e-03
   3.0100000e+02   5.5218362e-03
   3.0200000e+02   5.5114119e-03
   3.0300000e+02   5.5009900e-03
   3.0400000e+02   5.4905694e-03
   3.0500000e+02   5.4801512e-03
   3.0600000e+02   5.4697343e-03
   3.0700000e+02   5.4593193e-03
   3.0800000e+02   5.4489058e-03
   3.0900000e+02   5.4384940e-03
   3.1000000e+02   5.4280842e-03
   3.1100000e+02   5.4176757e-03
   3.1200000e+02   5.4072691e-03
   3.1300000e+02   5.3968644e-03
   3.1400000e+02   5.3864610e-03
   3.1500000e+02   5.3760591e-03
   3.1600000e+02   5.3656590e-03
   3.1700000e+02   5.3552603e-03
   3.1800000e+02   5.3448635e-03
   3.1900000e+02   5.3344681e-03
   3.2000000e+02   5.3240741e-03
   3.2100000e+02   5.3136814e-03
   3.2200000e+02   5.3032907e-03
   3.2300000e+02   5.2929013e-03
   3.2400000e+02   5.2825133e-03
   3.2500000e+02   5.2721268e-03
   3.2600000e+02   5.2617416e-03
   3.2700000e+02   5.2513578e-03
   3.2800000e+02   5.2409754e-03
   3.2900000e+02   5.2305944e-03
   3.3000000e+02   5.2202148e-03
   3.3100000e+02   5.2147573e-03
   3.3200000e+02   5.2092997e-03
   3.3300000e+02   5.2038427e-03
   3.3400000e+02   5.1983851e-03
   3.3500000e+02   5.1929280e-03
   3.3600000e+02   5.1874709e-03
   3.3700000e+02   5.1820138e-03
   3.3800000e+02   5.1765572e-03
   3.3900000e+02   5.1711001e-03
   3.4000000e+02   5.1656435e-03
   3.4100000e+02   5.1601869e-03
   3.4200000e+02   5.1547303e-03
   3.4300000e+02   5.1492737e-03
   3.4400000e+02   5.1438170e-03
   3.4500000e+02   5.1383604e-03
   3.4600000e+02   5.1329038e-03
   3.4700000e+02   5.1274472e-03
   3.4800000e+02   5.1219910e-03
   3.4900000e+02   5.1165344e-03
   3.5000000e+02   5.1110778e-03
   3.5100000e+02   5.1056216e-03
   3.5200000e+02   5.1001650e-03
   3.5300000e+02   5.0947084e-03
   3.5400000e+02   5.0892523e-03
   3.5500000e+02   5.0837956e-03
   3.5600000e+02   5.0783390e-03
   3.5700000e+02   5.0728824e-03
   3.5800000e+02   5.0674258e-03
   3.5900000e+02   5.0619692e-03
   2.6219766e-08   5.0565121e-03
