   0.0000000e+00   0.0000000e+00
   1.0000000e+00   3.6363094e-04
   2.0000000e+00   8.6901896e-04
   3.0000000e+00   1.3859101e-03
   4.0000000e+00   1.9145111e-03
   5.0000000e+00   2.4547721e-03
   6.0000000e+00   3.0066427e-03
   7.0000000e+00   3.5700712e-03
   8.0000000e+00   4.1450076e-03
   9.0000000e+00   4.7314009e-03
   1.0000000e+01   5.3292005e-03
   1.1000000e+01   5.9383595e-03
   1.2000000e+01   6.5588290e-03
   1.3000000e+01   7.1905591e-03
   1.4000000e+01   7.8334995e-03
   1.5000000e+01   8.4876018e-03
   1.6000000e+01   9.1528147e-03
   1.7000000e+01   9.8290937e-03
   1.8000000e+01   1.0516390e-02
   1.9000000e+01   1.1214657e-02
   2.0000000e+01   1.1923845e-02
   2.1000000e+01   1.2643906e-02
   2.2000000e+01   1.3374793e-02
   2.3000000e+01   1.4116460e-02
   2.4000000e+01   1.4868857e-02
   2.5000000e+01   1.5631940e-02
   2.6000000e+01   1.6405659e-02
   2.7000000e+01   1.7189967e-02
   2.8000000e+01   1.7984819e-02
   2.9000000e+01   1.8790169e-02
   3.0000000e+01   1.9605968e-02
   3.1000000e+01   2.0795785e-02
   3.2000000e+01   2.2017380e-02
   3.3000000e+01   2.3270382e-02
   3.4000000e+01   2.4554409e-02
   3.5000000e+01   2.5869092e-02
   3.6000000e+01   2.7214061e-02
   3.7000000e+01   2.8588954e-02
   3.8000000e+01   2.9993413e-02
   3.9000000e+01   3.1427078e-02
   4.0000000e+01   3.2889601e-02
   4.1000000e+01   3.4380633e-02
   4.2000000e+01   3.5899822e-02
   4.3000000e+01   3.7446830e-02
   4.4000000e+01   3.9021313e-02
   4.5000000e+01   4.0622931e-02
   4.6000000e+01   4.2251356e-02
   4.7000000e+01   4.3906283e-02
   4.8000000e+01   4.5587383e-02
   4.9000000e+01   4.7294322e-02
   5.0000000e+01   4.9026765e-02
   5.1000000e+01   5.0782874e-02
   5.2000000e+01   5.2562036e-02
   5.3000000e+01   5.4363586e-02
   5.4000000e+01   5.6186445e-02
   5.5000000e+01   5.8030024e-02
   5.6000000e+01   5.9893746e-02
   5.7000000e+01   6.1777048e-02
   5.8000000e+01   6.3679367e-02
   5.9000000e+01   6.5600157e-02
   6.0000000e+01   6.7538872e-02
   6.1000000e+01   6.8381637e-02
   6.2000000e+01   6.9213577e-02
   6.3000000e+01   7.0034981e-02
   6.4000000e+01   7.0846148e-02
   6.5000000e+01   7.1647368e-02
   6.6000000e+01   7.2438926e-02
   6.7000000e+01   7.3221110e-02
   6.8000000e+01   7.3994182e-02
   6.9000000e+01   7.4758418e-02
   7.0000000e+01   7.5514078e-02
   7.1000000e+01   7.6261424e-02
   7.2000000e+01   7.7000700e-02
   7.3000000e+01   7.7732168e-02
   7.4000000e+01   7.8456074e-02
   7.5000000e+01   7.9172648e-02
   7.6000000e+01   7.9882137e-02
   7.7000000e+01   8.0584772e-02
   7.8000000e+01   8.1280768e-02
   7.9000000e+01   8.1970356e-02
   8.0000000e+01   8.2653753e-02
   8.1000000e+01   8.3331168e-02
   8.2000000e+01   8.4002815e-02
   8.3000000e+01   8.4668905e-02
   8.4000000e+01   8.5329629e-02
   8.5000000e+01   8.5985199e-02
   8.6000000e+01   8.6635798e-02
   8.7000000e+01   8.7281629e-02
   8.8000000e+01   8.7922886e-02
   8.9000000e+01   8.8559739e-02
   9.0000000e+01   8.9192376e-02
   9.1000000e+01   8.9800052e-02
   9.2000000e+01   9.0396017e-02
   9.3000000e+01   9.0980120e-02
   9.4000000e+01   9.1552109e-02
   9.5000000e+01   9.2111968e-02
   9.6000000e+01   9.2659660e-02
   9.7000000e+01   9.3195193e-02
   9.8000000e+01   9.3718536e-02
   9.9000000e+01   9.4229691e-02
   1.0000000e+02   9.4728634e-02
   1.0100000e+02   9.5215365e-02
   1.0200000e+02   9.5689878e-02
   1.0300000e+02   9.6152127e-02
   1.0400000e+02   9.6602008e-02
   1.0500000e+02   9.7039476e-02
   1.0600000e+02   9.7464517e-02
   1.0700000e+02   9.7877093e-02
   1.0800000e+02   9.8277181e-02
   1.0900000e+02   9.8664775e-02
   1.1000000e+02   9.9039838e-02
   1.1100000e+02   9.9402338e-02
   1.1200000e+02   9.9752255e-02
   1.1300000e+02   1.0008961e-01
   1.1400000e+02   1.0041437e-01
   1.1500000e+02   1.0072655e-01
   1.1600000e+02   1.0102614e-01
   1.1700000e+02   1.0131315e-01
   1.1800000e+02   1.0158759e-01
   1.1900000e+02   1.0184944e-01
   1.2000000e+02   1.0209873e-01
   1.2100000e+02   1.0199336e-01
   1.2200000e+02   1.0187487e-01
   1.2300000e+02   1.0174338e-01
   1.2400000e+02   1.0159894e-01
   1.2500000e+02   1.0144166e-01
   1.2600000e+02   1.0127161e-01
   1.2700000e+02   1.0108888e-01
   1.2800000e+02   1.0089355e-01
   1.2900000e+02   1.0068570e-01
   1.3000000e+02   1.0046542e-01
   1.3100000e+02   1.0023279e-01
   1.3200000e+02   9.9987917e-02
   1.3300000e+02   9.9730849e-02
   1.3400000e+02   9.9461682e-02
   1.3500000e+02   9.9180505e-02
   1.3600000e+02   9.8887406e-02
   1.3700000e+02   9.8582454e-02
   1.3800000e+02   9.8265752e-02
   1.3900000e+02   9.7937360e-02
   1.4000000e+02   9.7597383e-02
   1.4100000e+02   9.7245894e-02
   1.4200000e+02   9.6882977e-02
   1.4300000e+02   9.6508704e-02
   1.4400000e+02   9.6123181e-02
   1.4500000e+02   9.5726468e-02
   1.4600000e+02   9.5318660e-02
   1.4700000e+02   9.4899826e-02
   1.4800000e+02   9.4470069e-02
   1.4900000e+02   9.4029441e-02
   1.5000000e+02   9.3578041e-02
   1.5100000e+02   9.3689166e-02
   1.5200000e+02   9.3796931e-02
   1.5300000e+02   9.3901381e-02
   1.5400000e+02   9.4002567e-02
   1.5500000e+02   9.4100535e-02
   1.5600000e+02   9.4195336e-02
   1.5700000e+02   9.4287015e-02
   1.5800000e+02   9.4375603e-02
   1.5900000e+02   9.4461158e-02
   1.6000000e+02   9.4543710e-02
   1.6100000e+02   9.4623320e-02
   1.6200000e+02   9.4700016e-02
   1.6300000e+02   9.4773836e-02
   1.6400000e+02   9.4844833e-02
   1.6500000e+02   9.4913036e-02
   1.6600000e+02   9.4978489e-02
   1.6700000e+02   9.5041230e-02
   1.6800000e+02   9.5101297e-02
   1.6900000e+02   9.5158726e-02
   1.7000000e+02   9.5213555e-02
   1.7100000e+02   9.5265821e-02
   1.7200000e+02   9.5315561e-02
   1.7300000e+02   9.5362805e-02
   1.7400000e+02   9.5407590e-02
   1.7500000e+02   9.5449954e-02
   1.7600000e+02   9.5489927e-02
   1.7700000e+02   9.5527545e-02
   1.7800000e+02   9.5562831e-02
   1.7900000e+02   9.5595814e-02
   1.8000000e+02   9.5626548e-02
   1.8100000e+02   9.6392572e-02
   1.8200000e+02   9.7162105e-02
   1.8300000e+02   9.7935073e-02
   1.8400000e+02   9.8711401e-02
   1.8500000e+02   9.9491030e-02
   1.8600000e+02   1.0027388e-01
   1.8700000e+02   1.0105991e-01
   1.8800000e+02   1.0184903e-01
   1.8900000e+02   1.0264120e-01
   1.9000000e+02   1.0343634e-01
   1.9100000e+02   1.0423440e-01
   1.9200000e+02   1.0503533e-01
   1.9300000e+02   1.0583904e-01
   1.9400000e+02   1.0664551e-01
   1.9500000e+02   1.0745466e-01
   1.9600000e+02   1.0826644e-01
   1.9700000e+02   1.0908081e-01
   1.9800000e+02   1.0989770e-01
   1.9900000e+02   1.1071707e-01
   2.0000000e+02   1.1153886e-01
   2.0100000e+02   1.1236303e-01
   2.0200000e+02   1.1318952e-01
   2.0300000e+02   1.1401829e-01
   2.0400000e+02   1.1484930e-01
   2.0500000e+02   1.1568249e-01
   2.0600000e+02   1.1651783e-01
   2.0700000e+02   1.1735526e-01
   2.0800000e+02   1.1819474e-01
   2.0900000e+02   1.1903623e-01
   2.1000000e+02   1.1987970e-01
   2.1100000e+02   1.2065990e-01
   2.1200000e+02   1.2144491e-01
   2.1300000e+02   1.2223475e-01
   2.1400000e+02   1.2302942e-01
   2.1500000e+02   1.2382894e-01
   2.1600000e+02   1.2463332e-01
   2.1700000e+02   1.2544255e-01
   2.1800000e+02   1.2625667e-01
   2.1900000e+02   1.2707567e-01
   2.2000000e+02   1.2789954e-01
   2.2100000e+02   1.2872832e-01
   2.2200000e+02   1.2956198e-01
   2.2300000e+02   1.3040055e-01
   2.2400000e+02   1.3124402e-01
   2.2500000e+02   1.3209237e-01
   2.2600000e+02   1.3294563e-01
   2.2700000e+02   1.3380381e-01
   2.2800000e+02   1.3466688e-01
   2.2900000e+02   1.3553485e-01
   2.3000000e+02   1.3640772e-01
   2.3100000e+02   1.3728549e-01
   2.3200000e+02   1.3816816e-01
   2.3300000e+02   1.3905570e-01
   2.3400000e+02   1.3994813e-01
   2.3500000e+02   1.4084543e-01
   2.3600000e+02   1.4174762e-01
   2.3700000e+02   1.4265467e-01
   2.3800000e+02   1.4356658e-01
   2.3900000e+02   1.4448334e-01
   2.4000000e+02   1.4540492e-01
   2.4100000e+02   1.4555845e-01
   2.4200000e+02   1.4571221e-01
   2.4300000e+02   1.4586629e-01
   2.4400000e+02   1.4602070e-01
   2.4500000e+02   1.4617549e-01
   2.4600000e+02   1.4633070e-01
   2.4700000e+02   1.4648640e-01
   2.4800000e+02   1.4664261e-01
   2.4900000e+02   1.4679936e-01
   2.5000000e+02   1.4695671e-01
   2.5100000e+02   1.4711469e-01
   2.5200000e+02   1.4727336e-01
   2.5300000e+02   1.4743273e-01
   2.5400000e+02   1.4759286e-01
   2.5500000e+02   1.4775378e-01
   2.5600000e+02   1.4791551e-01
   2.5700000e+02   1.4807811e-01
   2.5800000e+02   1.4824161e-01
   2.5900000e+02   1.4840603e-01
   2.6000000e+02   1.4857139e-01
   2.6100000e+02   1.4873777e-01
   2.6200000e+02   1.4890517e-01
   2.6300000e+02   1.4907365e-01
   2.6400000e+02   1.4924321e-01
   2.6500000e+02   1.4941387e-01
   2.6600000e+02   1.4958571e-01
   2.6700000e+02   1.4975871e-01
   2.6800000e+02   1.4993292e-01
   2.6900000e+02   1.5010838e-01
   2.7000000e+02   1.5028509e-01
   2.7100000e+02   1.5031321e-01
   2.7200000e+02   1.5034208e-01
   2.7300000e+02   1.5037164e-01
   2.7400000e+02   1.5040189e-01
   2.7500000e+02   1.5043277e-01
   2.7600000e+02   1.5046428e-01
   2.7700000e+02   1.5049635e-01
   2.7800000e+02   1.5052898e-01
   2.7900000e+02   1.5056214e-01
   2.8000000e+02   1.5059577e-01
   2.8100000e+02   1.5062985e-01
   2.8200000e+02   1.5066436e-01
   2.8300000e+02   1.5069929e-01
   2.8400000e+02   1.5073456e-01
   2.8500000e+02   1.5077017e-01
   2.8600000e+02   1.5080610e-01
   2.8700000e+02   1.5084231e-01
   2.8800000e+02   1.5087877e-01
   2.8900000e+02   1.5091547e-01
   2.9000000e+02   1.5095237e-01
   2.9100000e+02   1.5098944e-01
   2.9200000e+02   1.5102667e-01
   2.9300000e+02   1.5106404e-01
   2.9400000e+02   1.5110150e-01
   2.9500000e+02   1.5113902e-01
   2.9600000e+02   1.5117663e-01
   2.9700000e+02   1.5121426e-01
   2.9800000e+02   1.5125188e-01
   2.9900000e+02   1.5128951e-01
   3.0000000e+02   1.5132710e-01
   3.0100000e+02   1.4997296e-01
   3.0200000e+02   1.4861584e-01
   3.0300000e+02   1.4725579e-01
   3.0400000e+02   1.4589293e-01
   3.0500000e+02   1.4452730e-01
   3.0600000e+02   1.4315899e-01
   3.0700000e+02   1.4178805e-01
   3.0800000e+02   1.4041454e-01
   3.0900000e+02   1.3903856e-01
   3.1000000e+02   1.3766015e-01
   3.1100000e+02   1.3627939e-01
   3.1200000e+02   1.3489635e-01
   3.1300000e+02   1.3351108e-01
   3.1400000e+02   1.3212365e-01
   3.1500000e+02   1.3073412e-01
   3.1600000e+02   1.2934256e-01
   3.1700000e+02   1.2794903e-01
   3.1800000e+02   1.2655358e-01
   3.1900000e+02   1.2515628e-01
   3.2000000e+02   1.2375718e-01
   3.2100000e+02   1.2235636e-01
   3.2200000e+02   1.2095386e-01
   3.2300000e+02   1.1954974e-01
   3.2400000e+02   1.1814406e-01
   3.2500000e+02   1.1673687e-01
   3.2600000e+02   1.1532822e-01
   3.2700000e+02   1.1391819e-01
   3.2800000e+02   1.1250680e-01
   3.2900000e+02   1.1109412e-01
   3.3000000e+02   1.0968021e-01
   3.3100000e+02   1.0967300e-01
   3.3200000e+02   1.0966448e-01
   3.3300000e+02   1.0965468e-01
   3.3400000e+02   1.0964358e-01
   3.3500000e+02   1.0963120e-01
   3.3600000e+02   1.0961754e-01
   3.3700000e+02   1.0960261e-01
   3.3800000e+02   1.0958640e-01
   3.3900000e+02   1.0956893e-01
   3.4000000e+02   1.0955021e-01
   3.4100000e+02   1.0953023e-01
   3.4200000e+02   1.0950901e-01
   3.4300000e+02   1.0948654e-01
   3.4400000e+02   1.0946283e-01
   3.4500000e+02   1.0943789e-01
   3.4600000e+02   1.0941172e-01
   3.4700000e+02   1.0938434e-01
   3.4800000e+02   1.0935573e-01
   3.4900000e+02   1.0932592e-01
   3.5000000e+02   1.0929489e-01
   3.5100000e+02   1.0926265e-01
   3.5200000e+02   1.0922924e-01
   3.5300000e+02   1.0919461e-01
   3.5400000e+02   1.0915881e-01
   3.5500000e+02   1.0912182e-01
   3.5600000e+02   1.0908366e-01
   3.5700000e+02   1.0904432e-01
   3.5800000e+02   1.0900381e-01
   3.5900000e+02   1.0896214e-01
   2.6219766e-08   1.0891932e-01
