   0.0000000e+00   3.6161873e-02
   1.0000000e+00   5.3990919e-02
   2.0000000e+00   5.4410614e-02
   3.0000000e+00   5.4831881e-02
   4.0000000e+00   5.5253237e-02
   5.0000000e+00   5.5674687e-02
   6.0000000e+00   5.6096233e-02
   7.0000000e+00   5.6517869e-02
   8.0000000e+00   5.6939613e-02
   9.0000000e+00   5.7361569e-02
   1.0000000e+01   5.7783611e-02
   1.1000000e+01   5.8205735e-02
   1.2000000e+01   5.8627948e-02
   1.3000000e+01   5.9050247e-02
   1.4000000e+01   5.9472632e-02
   1.5000000e+01   5.9895106e-02
   1.6000000e+01   6.0317665e-02
   1.7000000e+01   6.0740322e-02
   1.8000000e+01   6.1163060e-02
   1.9000000e+01   6.1585896e-02
   2.0000000e+01   6.2008820e-02
   2.1000000e+01   6.2431838e-02
   2.2000000e+01   6.2854953e-02
   2.3000000e+01   6.3278154e-02
   2.4000000e+01   6.3701458e-02
   2.5000000e+01   6.4124852e-02
   2.6000000e+01   6.4548343e-02
   2.7000000e+01   6.4971931e-02
   2.8000000e+01   6.5395616e-02
   2.9000000e+01   6.5819405e-02
   3.0000000e+01   6.6243283e-02
   3.1000000e+01   6.7008056e-02
   3.2000000e+01   6.7769594e-02
   3.3000000e+01   6.8527900e-02
   3.4000000e+01   6.9282979e-02
   3.5000000e+01   7.0034802e-02
   3.6000000e+01   7.0783399e-02
   3.7000000e+01   7.1528748e-02
   3.8000000e+01   7.2270848e-02
   3.9000000e+01   7.3009714e-02
   4.0000000e+01   7.3745333e-02
   4.1000000e+01   7.4477717e-02
   4.2000000e+01   7.5206853e-02
   4.3000000e+01   7.5932756e-02
   4.4000000e+01   7.6655418e-02
   4.5000000e+01   7.7374853e-02
   4.6000000e+01   7.8093581e-02
   4.7000000e+01   7.8809641e-02
   4.8000000e+01   7.9521976e-02
   4.9000000e+01   8.0230586e-02
   5.0000000e+01   8.0900460e-02
   5.1000000e+01   8.1560679e-02
   5.2000000e+01   8.2209326e-02
   5.3000000e+01   8.2834370e-02
   5.4000000e+01   8.3449870e-02
   5.5000000e+01   8.4055923e-02
   5.6000000e+01   8.4652513e-02
   5.7000000e+01   8.5239664e-02
   5.8000000e+01   8.5817382e-02
   5.9000000e+01   8.6385660e-02
   6.0000000e+01   8.6944543e-02
   6.1000000e+01   8.6737052e-02
   6.2000000e+01   8.6533032e-02
   6.3000000e+01   8.6332440e-02
   6.4000000e+01   8.6135104e-02
   6.5000000e+01   8.5941181e-02
   6.6000000e+01   8.5750714e-02
   6.7000000e+01   8.5563734e-02
   6.8000000e+01   8.5380286e-02
   6.9000000e+01   8.5200384e-02
   7.0000000e+01   8.5024051e-02
   7.1000000e+01   8.4851325e-02
   7.2000000e+01   8.4682211e-02
   7.3000000e+01   8.4516734e-02
   7.4000000e+01   8.4354907e-02
   7.5000000e+01   8.4196746e-02
   7.6000000e+01   8.4042266e-02
   7.7000000e+01   8.3891459e-02
   7.8000000e+01   8.3744340e-02
   7.9000000e+01   8.3600923e-02
   8.0000000e+01   8.3461203e-02
   8.1000000e+01   8.3325177e-02
   8.2000000e+01   8.3192855e-02
   8.3000000e+01   8.3064228e-02
   8.4000000e+01   8.2939290e-02
   8.5000000e+01   8.2818046e-02
   8.6000000e+01   8.2700476e-02
   8.7000000e+01   8.2586586e-02
   8.8000000e+01   8.2476348e-02
   8.9000000e+01   8.2369775e-02
   9.0000000e+01   8.2266837e-02
   9.1000000e+01   8.2018748e-02
   9.2000000e+01   8.1763044e-02
   9.3000000e+01   8.1495278e-02
   9.4000000e+01   8.1223682e-02
   9.5000000e+01   8.0948316e-02
   9.6000000e+01   8.0669247e-02
   9.7000000e+01   8.0386519e-02
   9.8000000e+01   8.0100194e-02
   9.9000000e+01   7.9810314e-02
   1.0000000e+02   7.9516940e-02
   1.0100000e+02   7.9220124e-02
   1.0200000e+02   7.8918956e-02
   1.0300000e+02   7.8609742e-02
   1.0400000e+02   7.8296408e-02
   1.0500000e+02   7.7979043e-02
   1.0600000e+02   7.7657700e-02
   1.0700000e+02   7.7332437e-02
   1.0800000e+02   7.7003323e-02
   1.0900000e+02   7.6670408e-02
   1.1000000e+02   7.6332599e-02
   1.1100000e+02   7.5991064e-02
   1.1200000e+02   7.5646229e-02
   1.1300000e+02   7.5298138e-02
   1.1400000e+02   7.4946843e-02
   1.1500000e+02   7.4592419e-02
   1.1600000e+02   7.4234895e-02
   1.1700000e+02   7.3874339e-02
   1.1800000e+02   7.3510811e-02
   1.1900000e+02   7.3144354e-02
   1.2000000e+02   7.2775029e-02
   1.2100000e+02   7.2253749e-02
   1.2200000e+02   7.1731135e-02
   1.2300000e+02   7.1207248e-02
   1.2400000e+02   7.0682161e-02
   1.2500000e+02   7.0155919e-02
   1.2600000e+02   6.9628604e-02
   1.2700000e+02   6.9100268e-02
   1.2800000e+02   6.8570971e-02
   1.2900000e+02   6.8040766e-02
   1.3000000e+02   6.7509718e-02
   1.3100000e+02   6.6977873e-02
   1.3200000e+02   6.6445298e-02
   1.3300000e+02   6.5912031e-02
   1.3400000e+02   6.5378122e-02
   1.3500000e+02   6.4843632e-02
   1.3600000e+02   6.4308599e-02
   1.3700000e+02   6.3773081e-02
   1.3800000e+02   6.3237108e-02
   1.3900000e+02   6.2700741e-02
   1.4000000e+02   6.2164012e-02
   1.4100000e+02   6.1626967e-02
   1.4200000e+02   6.1089650e-02
   1.4300000e+02   6.0552094e-02
   1.4400000e+02   6.0014345e-02
   1.4500000e+02   5.9476435e-02
   1.4600000e+02   5.8938403e-02
   1.4700000e+02   5.8400288e-02
   1.4800000e+02   5.7862122e-02
   1.4900000e+02   5.7323940e-02
   1.5000000e+02   5.6785773e-02
   1.5100000e+02   5.6647968e-02
   1.5200000e+02   5.6511719e-02
   1.5300000e+02   5.6377012e-02
   1.5400000e+02   5.6243818e-02
   1.5500000e+02   5.6112126e-02
   1.5600000e+02   5.5981912e-02
   1.5700000e+02   5.5853155e-02
   1.5800000e+02   5.5725832e-02
   1.5900000e+02   5.5599928e-02
   1.6000000e+02   5.5475429e-02
   1.6100000e+02   5.5352308e-02
   1.6200000e+02   5.5230550e-02
   1.6300000e+02   5.5110134e-02
   1.6400000e+02   5.4991048e-02
   1.6500000e+02   5.4873269e-02
   1.6600000e+02   5.4756783e-02
   1.6700000e+02   5.4641567e-02
   1.6800000e+02   5.4527611e-02
   1.6900000e+02   5.4414891e-02
   1.7000000e+02   5.4303393e-02
   1.7100000e+02   5.4193106e-02
   1.7200000e+02   5.4084003e-02
   1.7300000e+02   5.3976081e-02
   1.7400000e+02   5.3869314e-02
   1.7500000e+02   5.3763691e-02
   1.7600000e+02   5.3659193e-02
   1.7700000e+02   5.3555805e-02
   1.7800000e+02   5.3453520e-02
   1.7900000e+02   5.3352319e-02
   1.8000000e+02   5.3252187e-02
   1.8100000e+02   5.3582102e-02
   1.8200000e+02   5.3910572e-02
   1.8300000e+02   5.4237615e-02
   1.8400000e+02   5.4563265e-02
   1.8500000e+02   5.4887548e-02
   1.8600000e+02   5.5210490e-02
   1.8700000e+02   5.5532128e-02
   1.8800000e+02   5.5852477e-02
   1.8900000e+02   5.6171566e-02
   1.9000000e+02   5.6489430e-02
   1.9100000e+02   5.6806087e-02
   1.9200000e+02   5.7121564e-02
   1.9300000e+02   5.7435885e-02
   1.9400000e+02   5.7749081e-02
   1.9500000e+02   5.8061168e-02
   1.9600000e+02   5.8372173e-02
   1.9700000e+02   5.8682114e-02
   1.9800000e+02   5.8991026e-02
   1.9900000e+02   5.9298921e-02
   2.0000000e+02   5.9605829e-02
   2.0100000e+02   5.9911765e-02
   2.0200000e+02   6.0216751e-02
   2.0300000e+02   6.0520813e-02
   2.0400000e+02   6.0823970e-02
   2.0500000e+02   6.1126240e-02
   2.0600000e+02   6.1427642e-02
   2.0700000e+02   6.1728202e-02
   2.0800000e+02   6.2027931e-02
   2.0900000e+02   6.2326856e-02
   2.1000000e+02   6.2624991e-02
   2.1100000e+02   6.2928692e-02
   2.1200000e+02   6.3235618e-02
   2.1300000e+02   6.3545696e-02
   2.1400000e+02   6.3858859e-02
   2.1500000e+02   6.4175047e-02
   2.1600000e+02   6.4494200e-02
   2.1700000e+02   6.4816259e-02
   2.1800000e+02   6.5141171e-02
   2.1900000e+02   6.5468863e-02
   2.2000000e+02   6.5799296e-02
   2.2100000e+02   6.6132404e-02
   2.2200000e+02   6.6468127e-02
   2.2300000e+02   6.6806421e-02
   2.2400000e+02   6.7147233e-02
   2.2500000e+02   6.7490503e-02
   2.2600000e+02   6.7836188e-02
   2.2700000e+02   6.8184234e-02
   2.2800000e+02   6.8534583e-02
   2.2900000e+02   6.8887204e-02
   2.3000000e+02   6.9242038e-02
   2.3100000e+02   6.9599040e-02
   2.3200000e+02   6.9958165e-02
   2.3300000e+02   7.0319369e-02
   2.3400000e+02   7.0682600e-02
   2.3500000e+02   7.1047828e-02
   2.3600000e+02   7.1415000e-02
   2.3700000e+02   7.1784072e-02
   2.3800000e+02   7.2155014e-02
   2.3900000e+02   7.2525457e-02
   2.4000000e+02   7.2897121e-02
   2.4100000e+02   7.2893724e-02
   2.4200000e+02   7.2892413e-02
   2.4300000e+02   7.2893158e-02
   2.4400000e+02   7.2895952e-02
   2.4500000e+02   7.2900757e-02
   2.4600000e+02   7.2907560e-02
   2.4700000e+02   7.2916351e-02
   2.4800000e+02   7.2927088e-02
   2.4900000e+02   7.2939768e-02
   2.5000000e+02   7.2954364e-02
   2.5100000e+02   7.2970860e-02
   2.5200000e+02   7.2989233e-02
   2.5300000e+02   7.3009469e-02
   2.5400000e+02   7.3031537e-02
   2.5500000e+02   7.3055431e-02
   2.5600000e+02   7.3081128e-02
   2.5700000e+02   7.3108606e-02
   2.5800000e+02   7.3137850e-02
   2.5900000e+02   7.3168844e-02
   2.6000000e+02   7.3201559e-02
   2.6100000e+02   7.3235981e-02
   2.6200000e+02   7.3272102e-02
   2.6300000e+02   7.3309891e-02
   2.6400000e+02   7.3349342e-02
   2.6500000e+02   7.3390424e-02
   2.6600000e+02   7.3433138e-02
   2.6700000e+02   7.3477447e-02
   2.6800000e+02   7.3523350e-02
   2.6900000e+02   7.3570818e-02
   2.7000000e+02   7.3619843e-02
   2.7100000e+02   7.3585071e-02
   2.7200000e+02   7.3549524e-02
   2.7300000e+02   7.3513202e-02
   2.7400000e+02   7.3476128e-02
   2.7500000e+02   7.3438302e-02
   2.7600000e+02   7.3399745e-02
   2.7700000e+02   7.3360451e-02
   2.7800000e+02   7.3320441e-02
   2.7900000e+02   7.3279709e-02
   2.8000000e+02   7.3238291e-02
   2.8100000e+02   7.3196165e-02
   2.8200000e+02   7.3153362e-02
   2.8300000e+02   7.3109873e-02
   2.8400000e+02   7.3065735e-02
   2.8500000e+02   7.3020928e-02
   2.8600000e+02   7.2975472e-02
   2.8700000e+02   7.2929375e-02
   2.8800000e+02   7.2882645e-02
   2.8900000e+02   7.2835296e-02
   2.9000000e+02   7.2787322e-02
   2.9100000e+02   7.2738752e-02
   2.9200000e+02   7.2689578e-02
   2.9300000e+02   7.2639808e-02
   2.9400000e+02   7.2589464e-02
   2.9500000e+02   7.2538540e-02
   2.9600000e+02   7.2487049e-02
   2.9700000e+02   7.2434992e-02
   2.9800000e+02   7.2382390e-02
   2.9900000e+02   7.2329238e-02
   3.0000000e+02   7.2275557e-02
   3.0100000e+02   7.1759835e-02
   3.0200000e+02   7.1246415e-02
   3.0300000e+02   7.0735291e-02
   3.0400000e+02   7.0226423e-02
   3.0500000e+02   6.9719806e-02
   3.0600000e+02   6.9215432e-02
   3.0700000e+02   6.8713263e-02
   3.0800000e+02   6.8213299e-02
   3.0900000e+02   6.7715503e-02
   3.1000000e+02   6.7219883e-02
   3.1100000e+02   6.6726409e-02
   3.1200000e+02   6.6235051e-02
   3.1300000e+02   6.5745808e-02
   3.1400000e+02   6.5258674e-02
   3.1500000e+02   6.4773604e-02
   3.1600000e+02   6.4290605e-02
   3.1700000e+02   6.3809648e-02
   3.1800000e+02   6.3330725e-02
   3.1900000e+02   6.2853813e-02
   3.2000000e+02   6.2378898e-02
   3.2100000e+02   6.1905965e-02
   3.2200000e+02   6.1434999e-02
   3.2300000e+02   6.0965985e-02
   3.2400000e+02   6.0498908e-02
   3.2500000e+02   6.0033750e-02
   3.2600000e+02   5.9570495e-02
   3.2700000e+02   5.9109129e-02
   3.2800000e+02   5.8649641e-02
   3.2900000e+02   5.8192011e-02
   3.3000000e+02   5.7736225e-02
   3.3100000e+02   5.7608925e-02
   3.3200000e+02   5.7481665e-02
   3.3300000e+02   5.7354439e-02
   3.3400000e+02   5.7227258e-02
   3.3500000e+02   5.7100117e-02
   3.3600000e+02   5.6973010e-02
   3.3700000e+02   5.6845944e-02
   3.3800000e+02   5.6718919e-02
   3.3900000e+02   5.6591924e-02
   3.4000000e+02   5.6464974e-02
   3.4100000e+02   5.6338057e-02
   3.4200000e+02   5.6211181e-02
   3.4300000e+02   5.6084342e-02
   3.4400000e+02   5.5957537e-02
   3.4500000e+02   5.5830769e-02
   3.4600000e+02   5.5704039e-02
   3.4700000e+02   5.5577341e-02
   3.4800000e+02   5.5450682e-02
   3.4900000e+02   5.5324055e-02
   3.5000000e+02   5.5197466e-02
   3.5100000e+02   5.5070911e-02
   3.5200000e+02   5.4944389e-02
   3.5300000e+02   5.4817900e-02
   3.5400000e+02   5.4691449e-02
   3.5500000e+02   5.4565031e-02
   3.5600000e+02   5.4438647e-02
   3.5700000e+02   5.4312292e-02
   3.5800000e+02   5.4185972e-02
   3.5900000e+02   5.4059688e-02
   2.6219766e-08   5.3933434e-02
