   0.0000000e+00   1.4504749e+04
   1.0000000e+00   1.7330920e+04
   2.0000000e+00   1.7322152e+04
   3.0000000e+00   1.7314855e+04
   4.0000000e+00   1.7308500e+04
   5.0000000e+00   1.7303090e+04
   6.0000000e+00   1.7298633e+04
   7.0000000e+00   1.7295137e+04
   8.0000000e+00   1.7292607e+04
   9.0000000e+00   1.7291051e+04
   1.0000000e+01   1.7290477e+04
   1.1000000e+01   1.7290891e+04
   1.2000000e+01   1.7292305e+04
   1.3000000e+01   1.7294725e+04
   1.4000000e+01   1.7298160e+04
   1.5000000e+01   1.7302619e+04
   1.6000000e+01   1.7308100e+04
   1.7000000e+01   1.7314607e+04
   1.8000000e+01   1.7322141e+04
   1.9000000e+01   1.7330707e+04
   2.0000000e+01   1.7340307e+04
   2.1000000e+01   1.7350938e+04
   2.2000000e+01   1.7362604e+04
   2.3000000e+01   1.7375301e+04
   2.4000000e+01   1.7389039e+04
   2.5000000e+01   1.7403818e+04
   2.6000000e+01   1.7419643e+04
   2.7000000e+01   1.7436514e+04
   2.8000000e+01   1.7454438e+04
   2.9000000e+01   1.7473416e+04
   3.0000000e+01   1.7493447e+04
   3.1000000e+01   1.7516145e+04
   3.2000000e+01   1.7539879e+04
   3.3000000e+01   1.7564648e+04
   3.4000000e+01   1.7590455e+04
   3.5000000e+01   1.7617299e+04
   3.6000000e+01   1.7645182e+04
   3.7000000e+01   1.7674102e+04
   3.8000000e+01   1.7704061e+04
   3.9000000e+01   1.7735057e+04
   4.0000000e+01   1.7767090e+04
   4.1000000e+01   1.7800158e+04
   4.2000000e+01   1.7834260e+04
   4.3000000e+01   1.7869391e+04
   4.4000000e+01   1.7905545e+04
   4.5000000e+01   1.7942725e+04
   4.6000000e+01   1.7980920e+04
   4.7000000e+01   1.8020131e+04
   4.8000000e+01   1.8060348e+04
   4.9000000e+01   1.8101568e+04
   5.0000000e+01   1.8143779e+04
   5.1000000e+01   1.8186979e+04
   5.2000000e+01   1.8231154e+04
   5.3000000e+01   1.8276303e+04
   5.4000000e+01   1.8322412e+04
   5.5000000e+01   1.8369475e+04
   5.6000000e+01   1.8417480e+04
   5.7000000e+01   1.8466418e+04
   5.8000000e+01   1.8516277e+04
   5.9000000e+01   1.8567047e+04
   6.0000000e+01   1.8618713e+04
   6.1000000e+01   1.8671445e+04
   6.2000000e+01   1.8725051e+04
   6.3000000e+01   1.8779512e+04
   6.4000000e+01   1.8834818e+04
   6.5000000e+01   1.8890955e+04
   6.6000000e+01   1.8947908e+04
   6.7000000e+01   1.9005656e+04
   6.8000000e+01   1.9064189e+04
   6.9000000e+01   1.9123486e+04
   7.0000000e+01   1.9183535e+04
   7.1000000e+01   1.9244316e+04
   7.2000000e+01   1.9305814e+04
   7.3000000e+01   1.9368012e+04
   7.4000000e+01   1.9430891e+04
   7.5000000e+01   1.9494426e+04
   7.6000000e+01   1.9558600e+04
   7.7000000e+01   1.9623393e+04
   7.8000000e+01   1.9688781e+04
   7.9000000e+01   1.9754744e+04
   8.0000000e+01   1.9821260e+04
   8.1000000e+01   1.9888309e+04
   8.2000000e+01   1.9955865e+04
   8.3000000e+01   2.0023908e+04
   8.4000000e+01   2.0092412e+04
   8.5000000e+01   2.0161359e+04
   8.6000000e+01   2.0230721e+04
   8.7000000e+01   2.0300477e+04
   8.8000000e+01   2.0370598e+04
   8.9000000e+01   2.0441063e+04
   9.0000000e+01   2.0511844e+04
   9.1000000e+01   2.0581734e+04
   9.2000000e+01   2.0651895e+04
   9.3000000e+01   2.0722301e+04
   9.4000000e+01   2.0792926e+04
   9.5000000e+01   2.0863742e+04
   9.6000000e+01   2.0934729e+04
   9.7000000e+01   2.1005855e+04
   9.8000000e+01   2.1077098e+04
   9.9000000e+01   2.1148428e+04
   1.0000000e+02   2.1219818e+04
   1.0100000e+02   2.1291246e+04
   1.0200000e+02   2.1362682e+04
   1.0300000e+02   2.1434098e+04
   1.0400000e+02   2.1505469e+04
   1.0500000e+02   2.1576768e+04
   1.0600000e+02   2.1647965e+04
   1.0700000e+02   2.1719037e+04
   1.0800000e+02   2.1789965e+04
   1.0900000e+02   2.1860738e+04
   1.1000000e+02   2.1931309e+04
   1.1100000e+02   2.2001645e+04
   1.1200000e+02   2.2071723e+04
   1.1300000e+02   2.2141516e+04
   1.1400000e+02   2.2210998e+04
   1.1500000e+02   2.2280148e+04
   1.1600000e+02   2.2348932e+04
   1.1700000e+02   2.2417324e+04
   1.1800000e+02   2.2485299e+04
   1.1900000e+02   2.2552828e+04
   1.2000000e+02   2.2619889e+04
   1.2100000e+02   2.2683924e+04
   1.2200000e+02   2.2747418e+04
   1.2300000e+02   2.2810346e+04
   1.2400000e+02   2.2872686e+04
   1.2500000e+02   2.2934406e+04
   1.2600000e+02   2.2995488e+04
   1.2700000e+02   2.3055908e+04
   1.2800000e+02   2.3115637e+04
   1.2900000e+02   2.3174654e+04
   1.3000000e+02   2.3232932e+04
   1.3100000e+02   2.3290455e+04
   1.3200000e+02   2.3347191e+04
   1.3300000e+02   2.3403125e+04
   1.3400000e+02   2.3458230e+04
   1.3500000e+02   2.3512486e+04
   1.3600000e+02   2.3565869e+04
   1.3700000e+02   2.3618359e+04
   1.3800000e+02   2.3669936e+04
   1.3900000e+02   2.3720578e+04
   1.4000000e+02   2.3770264e+04
   1.4100000e+02   2.3818977e+04
   1.4200000e+02   2.3866691e+04
   1.4300000e+02   2.3913396e+04
   1.4400000e+02   2.3959078e+04
   1.4500000e+02   2.4003705e+04
   1.4600000e+02   2.4047268e+04
   1.4700000e+02   2.4089742e+04
   1.4800000e+02   2.4131111e+04
   1.4900000e+02   2.4171361e+04
   1.5000000e+02   2.4210475e+04
   1.5100000e+02   2.4248451e+04
   1.5200000e+02   2.4285275e+04
   1.5300000e+02   2.4320918e+04
   1.5400000e+02   2.4355369e+04
   1.5500000e+02   2.4388615e+04
   1.5600000e+02   2.4420639e+04
   1.5700000e+02   2.4451432e+04
   1.5800000e+02   2.4480980e+04
   1.5900000e+02   2.4509273e+04
   1.6000000e+02   2.4536299e+04
   1.6100000e+02   2.4562047e+04
   1.6200000e+02   2.4586508e+04
   1.6300000e+02   2.4609670e+04
   1.6400000e+02   2.4631529e+04
   1.6500000e+02   2.4652070e+04
   1.6600000e+02   2.4671291e+04
   1.6700000e+02   2.4689180e+04
   1.6800000e+02   2.4705730e+04
   1.6900000e+02   2.4720938e+04
   1.7000000e+02   2.4734795e+04
   1.7100000e+02   2.4747293e+04
   1.7200000e+02   2.4758432e+04
   1.7300000e+02   2.4768203e+04
   1.7400000e+02   2.4776607e+04
   1.7500000e+02   2.4783635e+04
   1.7600000e+02   2.4789287e+04
   1.7700000e+02   2.4793559e+04
   1.7800000e+02   2.4796445e+04
   1.7900000e+02   2.4797951e+04
   1.8000000e+02   2.4798074e+04
   1.8100000e+02   2.4797203e+04
   1.8200000e+02   2.4794994e+04
   1.8300000e+02   2.4791455e+04
   1.8400000e+02   2.4786582e+04
   1.8500000e+02   2.4780381e+04
   1.8600000e+02   2.4772854e+04
   1.8700000e+02   2.4764008e+04
   1.8800000e+02   2.4753873e+04
   1.8900000e+02   2.4742438e+04
   1.9000000e+02   2.4729691e+04
   1.9100000e+02   2.4715641e+04
   1.9200000e+02   2.4700295e+04
   1.9300000e+02   2.4683654e+04
   1.9400000e+02   2.4665729e+04
   1.9500000e+02   2.4646525e+04
   1.9600000e+02   2.4626051e+04
   1.9700000e+02   2.4604314e+04
   1.9800000e+02   2.4581328e+04
   1.9900000e+02   2.4557098e+04
   2.0000000e+02   2.4531637e+04
   2.0100000e+02   2.4504955e+04
   2.0200000e+02   2.4477064e+04
   2.0300000e+02   2.4447977e+04
   2.0400000e+02   2.4417701e+04
   2.0500000e+02   2.4386254e+04
   2.0600000e+02   2.4353645e+04
   2.0700000e+02   2.4319891e+04
   2.0800000e+02   2.4285006e+04
   2.0900000e+02   2.4249000e+04
   2.1000000e+02   2.4211891e+04
   2.1100000e+02   2.4169547e+04
   2.1200000e+02   2.4126145e+04
   2.1300000e+02   2.4081699e+04
   2.1400000e+02   2.4036227e+04
   2.1500000e+02   2.3989744e+04
   2.1600000e+02   2.3942273e+04
   2.1700000e+02   2.3893828e+04
   2.1800000e+02   2.3844428e+04
   2.1900000e+02   2.3794092e+04
   2.2000000e+02   2.3742840e+04
   2.2100000e+02   2.3690688e+04
   2.2200000e+02   2.3637658e+04
   2.2300000e+02   2.3583771e+04
   2.2400000e+02   2.3529047e+04
   2.2500000e+02   2.3473504e+04
   2.2600000e+02   2.3417166e+04
   2.2700000e+02   2.3360055e+04
   2.2800000e+02   2.3302189e+04
   2.2900000e+02   2.3243600e+04
   2.3000000e+02   2.3184309e+04
   2.3100000e+02   2.3124326e+04
   2.3200000e+02   2.3063680e+04
   2.3300000e+02   2.3002387e+04
   2.3400000e+02   2.2940475e+04
   2.3500000e+02   2.2877967e+04
   2.3600000e+02   2.2814887e+04
   2.3700000e+02   2.2751256e+04
   2.3800000e+02   2.2687102e+04
   2.3900000e+02   2.2622445e+04
   2.4000000e+02   2.2557314e+04
   2.4100000e+02   2.2488064e+04
   2.4200000e+02   2.2418352e+04
   2.4300000e+02   2.2348207e+04
   2.4400000e+02   2.2277650e+04
   2.4500000e+02   2.2206709e+04
   2.4600000e+02   2.2135404e+04
   2.4700000e+02   2.2063764e+04
   2.4800000e+02   2.1991813e+04
   2.4900000e+02   2.1919572e+04
   2.5000000e+02   2.1847072e+04
   2.5100000e+02   2.1774334e+04
   2.5200000e+02   2.1701385e+04
   2.5300000e+02   2.1628248e+04
   2.5400000e+02   2.1554949e+04
   2.5500000e+02   2.1481514e+04
   2.5600000e+02   2.1407967e+04
   2.5700000e+02   2.1334332e+04
   2.5800000e+02   2.1260637e+04
   2.5900000e+02   2.1186904e+04
   2.6000000e+02   2.1113160e+04
   2.6100000e+02   2.1039430e+04
   2.6200000e+02   2.0965734e+04
   2.6300000e+02   2.0892104e+04
   2.6400000e+02   2.0818559e+04
   2.6500000e+02   2.0745125e+04
   2.6600000e+02   2.0671826e+04
   2.6700000e+02   2.0598688e+04
   2.6800000e+02   2.0525730e+04
   2.6900000e+02   2.0452979e+04
   2.7000000e+02   2.0380457e+04
   2.7100000e+02   2.0306434e+04
   2.7200000e+02   2.0232631e+04
   2.7300000e+02   2.0159068e+04
   2.7400000e+02   2.0085773e+04
   2.7500000e+02   2.0012764e+04
   2.7600000e+02   1.9940066e+04
   2.7700000e+02   1.9867697e+04
   2.7800000e+02   1.9795680e+04
   2.7900000e+02   1.9724035e+04
   2.8000000e+02   1.9652781e+04
   2.8100000e+02   1.9581943e+04
   2.8200000e+02   1.9511539e+04
   2.8300000e+02   1.9441584e+04
   2.8400000e+02   1.9372104e+04
   2.8500000e+02   1.9303113e+04
   2.8600000e+02   1.9234633e+04
   2.8700000e+02   1.9166680e+04
   2.8800000e+02   1.9099271e+04
   2.8900000e+02   1.9032430e+04
   2.9000000e+02   1.8966166e+04
   2.9100000e+02   1.8900500e+04
   2.9200000e+02   1.8835447e+04
   2.9300000e+02   1.8771025e+04
   2.9400000e+02   1.8707248e+04
   2.9500000e+02   1.8644133e+04
   2.9600000e+02   1.8581691e+04
   2.9700000e+02   1.8519939e+04
   2.9800000e+02   1.8458893e+04
   2.9900000e+02   1.8398564e+04
   3.0000000e+02   1.8338965e+04
   3.0100000e+02   1.8279396e+04
   3.0200000e+02   1.8220527e+04
   3.0300000e+02   1.8162369e+04
   3.0400000e+02   1.8104938e+04
   3.0500000e+02   1.8048242e+04
   3.0600000e+02   1.7992293e+04
   3.0700000e+02   1.7937104e+04
   3.0800000e+02   1.7882680e+04
   3.0900000e+02   1.7829037e+04
   3.1000000e+02   1.7776184e+04
   3.1100000e+02   1.7724127e+04
   3.1200000e+02   1.7672877e+04
   3.1300000e+02   1.7622443e+04
   3.1400000e+02   1.7572834e+04
   3.1500000e+02   1.7524057e+04
   3.1600000e+02   1.7476121e+04
   3.1700000e+02   1.7429029e+04
   3.1800000e+02   1.7382795e+04
   3.1900000e+02   1.7337420e+04
   3.2000000e+02   1.7292916e+04
   3.2100000e+02   1.7249283e+04
   3.2200000e+02   1.7206531e+04
   3.2300000e+02   1.7164664e+04
   3.2400000e+02   1.7123689e+04
   3.2500000e+02   1.7083611e+04
   3.2600000e+02   1.7044432e+04
   3.2700000e+02   1.7006160e+04
   3.2800000e+02   1.6968799e+04
   3.2900000e+02   1.6932352e+04
   3.3000000e+02   1.6896822e+04
   3.3100000e+02   1.6861648e+04
   3.3200000e+02   1.6827365e+04
   3.3300000e+02   1.6793979e+04
   3.3400000e+02   1.6761488e+04
   3.3500000e+02   1.6729904e+04
   3.3600000e+02   1.6699229e+04
   3.3700000e+02   1.6669467e+04
   3.3800000e+02   1.6640623e+04
   3.3900000e+02   1.6612697e+04
   3.4000000e+02   1.6585699e+04
   3.4100000e+02   1.6559633e+04
   3.4200000e+02   1.6534500e+04
   3.4300000e+02   1.6510305e+04
   3.4400000e+02   1.6487049e+04
   3.4500000e+02   1.6464736e+04
   3.4600000e+02   1.6443375e+04
   3.4700000e+02   1.6422967e+04
   3.4800000e+02   1.6403516e+04
   3.4900000e+02   1.6385023e+04
   3.5000000e+02   1.6367498e+04
   3.5100000e+02   1.6350940e+04
   3.5200000e+02   1.6335353e+04
   3.5300000e+02   1.6320743e+04
   3.5400000e+02   1.6307110e+04
   3.5500000e+02   1.6294462e+04
   3.5600000e+02   1.6282799e+04
   3.5700000e+02   1.6272125e+04
   3.5800000e+02   1.6262445e+04
   3.5900000e+02   1.6253761e+04
   7.1133672e-07   1.6246077e+04
   1.0000007e+00   1.6238527e+04
   2.0000007e+00   1.6231993e+04
   3.0000007e+00   1.6226475e+04
   4.0000010e+00   1.6221978e+04
   5.0000010e+00   1.6218510e+04
   6.0000010e+00   1.6216077e+04
   7.0000010e+00   1.6214684e+04
   8.0000010e+00   1.6214334e+04
   9.0000010e+00   1.6215034e+04
   1.0000001e+01   1.6216787e+04
   1.1000001e+01   1.6219600e+04
   1.2000001e+01   1.6223475e+04
   1.3000001e+01   1.6228417e+04
   1.4000001e+01   1.6234432e+04
   1.5000001e+01   1.6241522e+04
   1.6000000e+01   1.6249693e+04
   1.7000000e+01   1.6258948e+04
   1.8000000e+01   1.6269288e+04
   1.9000000e+01   1.6280720e+04
   2.0000000e+01   1.6293245e+04
   2.1000000e+01   1.6306869e+04
   2.2000000e+01   1.6321590e+04
   2.3000000e+01   1.6337414e+04
   2.4000000e+01   1.6354342e+04
   2.5000000e+01   1.6372376e+04
   2.6000000e+01   1.6391518e+04
   2.7000000e+01   1.6411768e+04
   2.8000000e+01   1.6433129e+04
   2.9000000e+01   1.6455600e+04
   3.0000000e+01   1.6479182e+04
   3.1000000e+01   1.6502852e+04
   3.2000000e+01   1.6527664e+04
   3.3000000e+01   1.6553625e+04
   3.4000000e+01   1.6580729e+04
   3.5000000e+01   1.6608973e+04
   3.6000000e+01   1.6638363e+04
   3.7000000e+01   1.6668895e+04
   3.8000000e+01   1.6700564e+04
   3.9000000e+01   1.6733371e+04
   4.0000000e+01   1.6767309e+04
   4.1000000e+01   1.6802379e+04
   4.2000000e+01   1.6838572e+04
   4.3000000e+01   1.6875885e+04
   4.4000000e+01   1.6914313e+04
   4.5000000e+01   1.6953852e+04
   4.6000000e+01   1.6994488e+04
   4.7000000e+01   1.7036225e+04
   4.8000000e+01   1.7079047e+04
   4.9000000e+01   1.7122951e+04
   5.0000000e+01   1.7167924e+04
   5.1000000e+01   1.7213959e+04
   5.2000000e+01   1.7261047e+04
   5.3000000e+01   1.7309176e+04
   5.4000000e+01   1.7358334e+04
   5.5000000e+01   1.7408512e+04
   5.6000000e+01   1.7459695e+04
   5.7000000e+01   1.7511873e+04
   5.8000000e+01   1.7565033e+04
   5.9000000e+01   1.7619158e+04
   6.0000000e+01   1.7674236e+04
   6.1000000e+01   1.7729004e+04
   6.2000000e+01   1.7784738e+04
   6.3000000e+01   1.7841420e+04
   6.4000000e+01   1.7899037e+04
   6.5000000e+01   1.7957570e+04
   6.6000000e+01   1.8017002e+04
   6.7000000e+01   1.8077313e+04
   6.8000000e+01   1.8138486e+04
   6.9000000e+01   1.8200502e+04
   7.0000000e+01   1.8263342e+04
   7.1000000e+01   1.8326982e+04
   7.2000000e+01   1.8391404e+04
   7.3000000e+01   1.8456586e+04
   7.4000000e+01   1.8522506e+04
   7.5000000e+01   1.8589143e+04
   7.6000000e+01   1.8656471e+04
   7.7000000e+01   1.8724473e+04
   7.8000000e+01   1.8793121e+04
   7.9000000e+01   1.8862391e+04
   8.0000000e+01   1.8932264e+04
   8.1000000e+01   1.9002707e+04
   8.2000000e+01   1.9073703e+04
   8.3000000e+01   1.9145221e+04
   8.4000000e+01   1.9217240e+04
   8.5000000e+01   1.9289734e+04
   8.6000000e+01   1.9362676e+04
   8.7000000e+01   1.9436039e+04
   8.8000000e+01   1.9509795e+04
   8.9000000e+01   1.9583918e+04
   9.0000000e+01   1.9658381e+04
   9.1000000e+01   1.9730816e+04
   9.2000000e+01   1.9803580e+04
   9.3000000e+01   1.9876639e+04
   9.4000000e+01   1.9949971e+04
   9.5000000e+01   2.0023541e+04
   9.6000000e+01   2.0097324e+04
   9.7000000e+01   2.0171291e+04
   9.8000000e+01   2.0245414e+04
   9.9000000e+01   2.0319662e+04
   1.0000000e+02   2.0394010e+04
   1.0100000e+02   2.0468426e+04
   1.0200000e+02   2.0542883e+04
   1.0300000e+02   2.0617348e+04
   1.0400000e+02   2.0691799e+04
   1.0500000e+02   2.0766203e+04
   1.0600000e+02   2.0840531e+04
   1.0700000e+02   2.0914756e+04
   1.0800000e+02   2.0988844e+04
   1.0900000e+02   2.1062770e+04
   1.1000000e+02   2.1136502e+04
   1.1100000e+02   2.1210012e+04
   1.1200000e+02   2.1283275e+04
   1.1300000e+02   2.1356260e+04
   1.1400000e+02   2.1428936e+04
   1.1500000e+02   2.1501279e+04
   1.1600000e+02   2.1573260e+04
   1.1700000e+02   2.1644846e+04
   1.1800000e+02   2.1716018e+04
   1.1900000e+02   2.1786740e+04
   1.2000000e+02   2.1856990e+04
   1.2100000e+02   2.1922086e+04
   1.2200000e+02   2.1986609e+04
   1.2300000e+02   2.2050535e+04
   1.2400000e+02   2.2113836e+04
   1.2500000e+02   2.2176488e+04
   1.2600000e+02   2.2238465e+04
   1.2700000e+02   2.2299742e+04
   1.2800000e+02   2.2360293e+04
   1.2900000e+02   2.2420098e+04
   1.3000000e+02   2.2479129e+04
   1.3100000e+02   2.2537363e+04
   1.3200000e+02   2.2594777e+04
   1.3300000e+02   2.2651348e+04
   1.3400000e+02   2.2707051e+04
   1.3500000e+02   2.2761867e+04
   1.3600000e+02   2.2815771e+04
   1.3700000e+02   2.2868740e+04
   1.3800000e+02   2.2920754e+04
   1.3900000e+02   2.2971793e+04
   1.4000000e+02   2.3021836e+04
   1.4100000e+02   2.3070859e+04
   1.4200000e+02   2.3118846e+04
   1.4300000e+02   2.3165773e+04
   1.4400000e+02   2.3211623e+04
   1.4500000e+02   2.3256379e+04
   1.4600000e+02   2.3300020e+04
   1.4700000e+02   2.3342525e+04
   1.4800000e+02   2.3383881e+04
   1.4900000e+02   2.3424066e+04
   1.5000000e+02   2.3463068e+04
   1.5100000e+02   2.3504576e+04
   1.5200000e+02   2.3544840e+04
   1.5300000e+02   2.3583842e+04
   1.5400000e+02   2.3621547e+04
   1.5500000e+02   2.3657934e+04
   1.5600000e+02   2.3693033e+04
   1.5700000e+02   2.3726832e+04
   1.5800000e+02   2.3759318e+04
   1.5900000e+02   2.3790480e+04
   1.6000000e+02   2.3820311e+04
   1.6100000e+02   2.3848797e+04
   1.6200000e+02   2.3875928e+04
   1.6300000e+02   2.3901699e+04
   1.6400000e+02   2.3926094e+04
   1.6500000e+02   2.3949080e+04
   1.6600000e+02   2.3970680e+04
   1.6700000e+02   2.3990881e+04
   1.6800000e+02   2.4009680e+04
   1.6900000e+02   2.4027068e+04
   1.7000000e+02   2.4043043e+04
   1.7100000e+02   2.4057600e+04
   1.7200000e+02   2.4070730e+04
   1.7300000e+02   2.4082434e+04
   1.7400000e+02   2.4092705e+04
   1.7500000e+02   2.4101543e+04
   1.7600000e+02   2.4108943e+04
   1.7700000e+02   2.4114904e+04
   1.7800000e+02   2.4119426e+04
   1.7900000e+02   2.4122508e+04
   1.8000000e+02   2.4124145e+04
   1.8100000e+02   2.4130102e+04
   1.8200000e+02   2.4134744e+04
   1.8300000e+02   2.4138072e+04
   1.8400000e+02   2.4140092e+04
   1.8500000e+02   2.4140809e+04
   1.8600000e+02   2.4140229e+04
   1.8700000e+02   2.4138357e+04
   1.8800000e+02   2.4135205e+04
   1.8900000e+02   2.4130771e+04
   1.9000000e+02   2.4125070e+04
   1.9100000e+02   2.4118107e+04
   1.9200000e+02   2.4109893e+04
   1.9300000e+02   2.4100436e+04
   1.9400000e+02   2.4089742e+04
   1.9500000e+02   2.4077828e+04
   1.9600000e+02   2.4064699e+04
   1.9700000e+02   2.4050371e+04
   1.9800000e+02   2.4034854e+04
   1.9900000e+02   2.4018156e+04
   2.0000000e+02   2.4000295e+04
   2.0100000e+02   2.3981279e+04
   2.0200000e+02   2.3961129e+04
   2.0300000e+02   2.3939854e+04
   2.0400000e+02   2.3917467e+04
   2.0500000e+02   2.3893984e+04
   2.0600000e+02   2.3869428e+04
   2.0700000e+02   2.3843803e+04
   2.0800000e+02   2.3817133e+04
   2.0900000e+02   2.3789434e+04
   2.1000000e+02   2.3760719e+04
   2.1100000e+02   2.3722049e+04
   2.1200000e+02   2.3682316e+04
   2.1300000e+02   2.3641541e+04
   2.1400000e+02   2.3599738e+04
   2.1500000e+02   2.3556928e+04
   2.1600000e+02   2.3513131e+04
   2.1700000e+02   2.3468361e+04
   2.1800000e+02   2.3422641e+04
   2.1900000e+02   2.3375990e+04
   2.2000000e+02   2.3328428e+04
   2.2100000e+02   2.3279973e+04
   2.2200000e+02   2.3230648e+04
   2.2300000e+02   2.3180473e+04
   2.2400000e+02   2.3129473e+04
   2.2500000e+02   2.3077664e+04
   2.2600000e+02   2.3025070e+04
   2.2700000e+02   2.2971715e+04
   2.2800000e+02   2.2917619e+04
   2.2900000e+02   2.2862809e+04
   2.3000000e+02   2.2807303e+04
   2.3100000e+02   2.2751127e+04
   2.3200000e+02   2.2694303e+04
   2.3300000e+02   2.2636855e+04
   2.3400000e+02   2.2578813e+04
   2.3500000e+02   2.2520191e+04
   2.3600000e+02   2.2461021e+04
   2.3700000e+02   2.2401328e+04
   2.3800000e+02   2.2341131e+04
   2.3900000e+02   2.2280457e+04
   2.4000000e+02   2.2219332e+04
   2.4100000e+02   2.2152648e+04
   2.4200000e+02   2.2085502e+04
   2.4300000e+02   2.2017918e+04
   2.4400000e+02   2.1949920e+04
   2.4500000e+02   2.1881537e+04
   2.4600000e+02   2.1812791e+04
   2.4700000e+02   2.1743709e+04
   2.4800000e+02   2.1674313e+04
   2.4900000e+02   2.1604633e+04
   2.5000000e+02   2.1534689e+04
   2.5100000e+02   2.1464512e+04
   2.5200000e+02   2.1394125e+04
   2.5300000e+02   2.1323551e+04
   2.5400000e+02   2.1252820e+04
   2.5500000e+02   2.1181953e+04
   2.5600000e+02   2.1110980e+04
   2.5700000e+02   2.1039924e+04
   2.5800000e+02   2.0968811e+04
   2.5900000e+02   2.0897664e+04
   2.6000000e+02   2.0826510e+04
   2.6100000e+02   2.0755375e+04
   2.6200000e+02   2.0684283e+04
   2.6300000e+02   2.0613256e+04
   2.6400000e+02   2.0542326e+04
   2.6500000e+02   2.0471512e+04
   2.6600000e+02   2.0400840e+04
   2.6700000e+02   2.0330334e+04
   2.6800000e+02   2.0260018e+04
   2.6900000e+02   2.0189916e+04
   2.7000000e+02   2.0120051e+04
   2.7100000e+02   2.0047773e+04
   2.7200000e+02   1.9975715e+04
   2.7300000e+02   1.9903898e+04
   2.7400000e+02   1.9832348e+04
   2.7500000e+02   1.9761080e+04
   2.7600000e+02   1.9690123e+04
   2.7700000e+02   1.9619494e+04
   2.7800000e+02   1.9549217e+04
   2.7900000e+02   1.9479313e+04
   2.8000000e+02   1.9409801e+04
   2.8100000e+02   1.9340701e+04
   2.8200000e+02   1.9272035e+04
   2.8300000e+02   1.9203822e+04
   2.8400000e+02   1.9136082e+04
   2.8500000e+02   1.9068834e+04
   2.8600000e+02   1.9002096e+04
   2.8700000e+02   1.8935887e+04
   2.8800000e+02   1.8870225e+04
   2.8900000e+02   1.8805127e+04
   2.9000000e+02   1.8740611e+04
   2.9100000e+02   1.8676695e+04
   2.9200000e+02   1.8613393e+04
   2.9300000e+02   1.8550723e+04
   2.9400000e+02   1.8488699e+04
   2.9500000e+02   1.8427340e+04
   2.9600000e+02   1.8366656e+04
   2.9700000e+02   1.8306664e+04
   2.9800000e+02   1.8247379e+04
   2.9900000e+02   1.8188813e+04
   3.0000000e+02   1.8130979e+04
   3.0100000e+02   1.8072441e+04
   3.0200000e+02   1.8014604e+04
   3.0300000e+02   1.7957480e+04
   3.0400000e+02   1.7901082e+04
   3.0500000e+02   1.7845422e+04
   3.0600000e+02   1.7790512e+04
   3.0700000e+02   1.7736359e+04
   3.0800000e+02   1.7682977e+04
   3.0900000e+02   1.7630375e+04
   3.1000000e+02   1.7578563e+04
   3.1100000e+02   1.7527551e+04
   3.1200000e+02   1.7477346e+04
   3.1300000e+02   1.7427959e+04
   3.1400000e+02   1.7379400e+04
   3.1500000e+02   1.7331672e+04
   3.1600000e+02   1.7284785e+04
   3.1700000e+02   1.7238748e+04
   3.1800000e+02   1.7193568e+04
   3.1900000e+02   1.7149250e+04
   3.2000000e+02   1.7105801e+04
   3.2100000e+02   1.7063227e+04
   3.2200000e+02   1.7021535e+04
   3.2300000e+02   1.6980730e+04
   3.2400000e+02   1.6940816e+04
   3.2500000e+02   1.6901803e+04
   3.2600000e+02   1.6863689e+04
   3.2700000e+02   1.6826480e+04
   3.2800000e+02   1.6790186e+04
   3.2900000e+02   1.6754807e+04
   3.3000000e+02   1.6720344e+04
   3.3100000e+02   1.6685555e+04
   3.3200000e+02   1.6651656e+04
   3.3300000e+02   1.6618658e+04
   3.3400000e+02   1.6586561e+04
   3.3500000e+02   1.6555375e+04
   3.3600000e+02   1.6525102e+04
   3.3700000e+02   1.6495744e+04
   3.3800000e+02   1.6467309e+04
   3.3900000e+02   1.6439799e+04
   3.4000000e+02   1.6413219e+04
   3.4100000e+02   1.6387574e+04
   3.4200000e+02   1.6362866e+04
   3.4300000e+02   1.6339101e+04
   3.4400000e+02   1.6316281e+04
   3.4500000e+02   1.6294411e+04
   3.4600000e+02   1.6273494e+04
   3.4700000e+02   1.6253536e+04
   3.4800000e+02   1.6234538e+04
   3.4900000e+02   1.6216504e+04
   3.5000000e+02   1.6199439e+04
   3.5100000e+02   1.6183347e+04
   3.5200000e+02   1.6168229e+04
   3.5300000e+02   1.6154093e+04
   3.5400000e+02   1.6140938e+04
   3.5500000e+02   1.6128769e+04
   3.5600000e+02   1.6117590e+04
   3.5700000e+02   1.6107405e+04
   3.5800000e+02   1.6098217e+04
   3.5900000e+02   1.6090029e+04
   1.4226848e-06   1.6082845e+04
