   0.0000000e+00   8.3088341e+01
   1.0000000e+00   4.5937325e+01
   2.0000000e+00   4.5822712e+01
   3.0000000e+00   4.5682404e+01
   4.0000000e+00   4.5532188e+01
   5.0000000e+00   4.5372089e+01
   6.0000000e+00   4.5202133e+01
   7.0000000e+00   4.5022362e+01
   8.0000000e+00   4.4832806e+01
   9.0000000e+00   4.4633514e+01
   1.0000000e+01   4.4424541e+01
   1.1000000e+01   4.4205956e+01
   1.2000000e+01   4.3977825e+01
   1.3000000e+01   4.3740242e+01
   1.4000000e+01   4.3493141e+01
   1.5000000e+01   4.3236614e+01
   1.6000000e+01   4.2970917e+01
   1.7000000e+01   4.2695957e+01
   1.8000000e+01   4.2411976e+01
   1.9000000e+01   4.2119240e+01
   2.0000000e+01   4.1817886e+01
   2.1000000e+01   4.1508064e+01
   2.2000000e+01   4.1189964e+01
   2.3000000e+01   4.0863796e+01
   2.4000000e+01   4.0529697e+01
   2.5000000e+01   4.0187908e+01
   2.6000000e+01   3.9838535e+01
   2.7000000e+01   3.9481792e+01
   2.8000000e+01   3.9117886e+01
   2.9000000e+01   3.8747036e+01
   3.0000000e+01   3.8369473e+01
   3.1000000e+01   3.7984108e+01
   3.2000000e+01   3.7592403e+01
   3.3000000e+01   3.7194611e+01
   3.4000000e+01   3.6790981e+01
   3.5000000e+01   3.6381775e+01
   3.6000000e+01   3.5967262e+01
   3.7000000e+01   3.5547707e+01
   3.8000000e+01   3.5123386e+01
   3.9000000e+01   3.4694588e+01
   4.0000000e+01   3.4261623e+01
   4.1000000e+01   3.3824955e+01
   4.2000000e+01   3.3384670e+01
   4.3000000e+01   3.2941048e+01
   4.4000000e+01   3.2494392e+01
   4.5000000e+01   3.2044994e+01
   4.6000000e+01   3.1593143e+01
   4.7000000e+01   3.1139141e+01
   4.8000000e+01   3.0683283e+01
   4.9000000e+01   3.0225861e+01
   5.0000000e+01   2.9767164e+01
   5.1000000e+01   2.9307489e+01
   5.2000000e+01   2.8847113e+01
   5.3000000e+01   2.8386320e+01
   5.4000000e+01   2.7925392e+01
   5.5000000e+01   2.7464598e+01
   5.6000000e+01   2.7004211e+01
   5.7000000e+01   2.6544500e+01
   5.8000000e+01   2.6085726e+01
   5.9000000e+01   2.5628139e+01
   6.0000000e+01   2.5171982e+01
   6.1000000e+01   2.4713181e+01
   6.2000000e+01   2.4256069e+01
   6.3000000e+01   2.3800880e+01
   6.4000000e+01   2.3347837e+01
   6.5000000e+01   2.2897177e+01
   6.6000000e+01   2.2449125e+01
   6.7000000e+01   2.2003843e+01
   6.8000000e+01   2.1561554e+01
   6.9000000e+01   2.1122421e+01
   7.0000000e+01   2.0686613e+01
   7.1000000e+01   2.0254288e+01
   7.2000000e+01   1.9825603e+01
   7.3000000e+01   1.9400684e+01
   7.4000000e+01   1.8979691e+01
   7.5000000e+01   1.8562763e+01
   7.6000000e+01   1.8150019e+01
   7.7000000e+01   1.7741560e+01
   7.8000000e+01   1.7337515e+01
   7.9000000e+01   1.6937885e+01
   8.0000000e+01   1.6542820e+01
   8.1000000e+01   1.6152437e+01
   8.2000000e+01   1.5766809e+01
   8.3000000e+01   1.5386010e+01
   8.4000000e+01   1.5010100e+01
   8.5000000e+01   1.4639127e+01
   8.6000000e+01   1.4273117e+01
   8.7000000e+01   1.3912100e+01
   8.8000000e+01   1.3556171e+01
   8.9000000e+01   1.3205362e+01
   9.0000000e+01   1.2859699e+01
   9.1000000e+01   1.2481873e+01
   9.2000000e+01   1.2108851e+01
   9.3000000e+01   1.1740516e+01
   9.4000000e+01   1.1377065e+01
   9.5000000e+01   1.1018542e+01
   9.6000000e+01   1.0664949e+01
   9.7000000e+01   1.0316278e+01
   9.8000000e+01   9.9725199e+00
   9.9000000e+01   9.6336203e+00
   1.0000000e+02   9.2995071e+00
   1.0100000e+02   8.9697533e+00
   1.0200000e+02   8.6439743e+00
   1.0300000e+02   8.3227301e+00
   1.0400000e+02   8.0060768e+00
   1.0500000e+02   7.6939845e+00
   1.0600000e+02   7.3864179e+00
   1.0700000e+02   7.0833387e+00
   1.0800000e+02   6.7847109e+00
   1.0900000e+02   6.4904885e+00
   1.1000000e+02   6.2006202e+00
   1.1100000e+02   5.9150696e+00
   1.1200000e+02   5.6337905e+00
   1.1300000e+02   5.3567343e+00
   1.1400000e+02   5.0838485e+00
   1.1500000e+02   4.8150792e+00
   1.1600000e+02   4.5503721e+00
   1.1700000e+02   4.2896724e+00
   1.1800000e+02   4.0329204e+00
   1.1900000e+02   3.7800622e+00
   1.2000000e+02   3.5310383e+00
   1.2100000e+02   3.3072574e+00
   1.2200000e+02   3.0904164e+00
   1.2300000e+02   2.8804414e+00
   1.2400000e+02   2.6772499e+00
   1.2500000e+02   2.4807584e+00
   1.2600000e+02   2.2892179e+00
   1.2700000e+02   2.1036251e+00
   1.2800000e+02   1.9230106e+00
   1.2900000e+02   1.7481482e+00
   1.3000000e+02   1.5795786e+00
   1.3100000e+02   1.4171919e+00
   1.3200000e+02   1.2608764e+00
   1.3300000e+02   1.1105207e+00
   1.3400000e+02   9.6601981e-01
   1.3500000e+02   8.2727033e-01
   1.3600000e+02   6.9417024e-01
   1.3700000e+02   5.6662178e-01
   1.3800000e+02   4.4452953e-01
   1.3900000e+02   3.2780087e-01
   1.4000000e+02   2.1634495e-01
   1.4100000e+02   1.1006604e-01
   1.4200000e+02   8.8014603e-03
   1.4300000e+02  -8.7470286e-02
   1.4400000e+02  -1.7880870e-01
   1.4500000e+02  -2.6527098e-01
   1.4600000e+02  -3.4691286e-01
   1.4700000e+02  -4.2378914e-01
   1.4800000e+02  -4.9595374e-01
   1.4900000e+02  -5.6345814e-01
   1.5000000e+02  -6.2635285e-01
   1.5100000e+02  -6.5001023e-01
   1.5200000e+02  -6.7092186e-01
   1.5300000e+02  -6.8911088e-01
   1.5400000e+02  -7.0459765e-01
   1.5500000e+02  -7.1740299e-01
   1.5600000e+02  -7.2754675e-01
   1.5700000e+02  -7.3504817e-01
   1.5800000e+02  -7.3992527e-01
   1.5900000e+02  -7.4219590e-01
   1.6000000e+02  -7.4187708e-01
   1.6100000e+02  -7.3898375e-01
   1.6200000e+02  -7.3353243e-01
   1.6300000e+02  -7.2553724e-01
   1.6400000e+02  -7.1501213e-01
   1.6500000e+02  -7.0197028e-01
   1.6600000e+02  -6.8642431e-01
   1.6700000e+02  -6.6838545e-01
   1.6800000e+02  -6.4786536e-01
   1.6900000e+02  -6.2487417e-01
   1.7000000e+02  -5.9942174e-01
   1.7100000e+02  -5.7151675e-01
   1.7200000e+02  -5.4116780e-01
   1.7300000e+02  -5.0838292e-01
   1.7400000e+02  -4.7317094e-01
   1.7500000e+02  -4.3553597e-01
   1.7600000e+02  -3.9548433e-01
   1.7700000e+02  -3.5302103e-01
   1.7800000e+02  -3.0815101e-01
   1.7900000e+02  -2.6087734e-01
   1.8000000e+02  -2.1120450e-01
   1.8100000e+02  -1.2277461e-01
   1.8200000e+02  -3.3195157e-02
   1.8300000e+02   5.7550076e-02
   1.8400000e+02   1.4947966e-01
   1.8500000e+02   2.4260980e-01
   1.8600000e+02   3.3695769e-01
   1.8700000e+02   4.3254048e-01
   1.8800000e+02   5.2937442e-01
   1.8900000e+02   6.2747622e-01
   1.9000000e+02   7.2684836e-01
   1.9100000e+02   8.2750589e-01
   1.9200000e+02   9.2947370e-01
   1.9300000e+02   1.0327673e+00
   1.9400000e+02   1.1374028e+00
   1.9500000e+02   1.2428137e+00
   1.9600000e+02   1.3494596e+00
   1.9700000e+02   1.4573580e+00
   1.9800000e+02   1.5665145e+00
   1.9900000e+02   1.6769363e+00
   2.0000000e+02   1.7886286e+00
   2.0100000e+02   1.9015975e+00
   2.0200000e+02   2.0158482e+00
   2.0300000e+02   2.1313875e+00
   2.0400000e+02   2.2482197e+00
   2.0500000e+02   2.3663511e+00
   2.0600000e+02   2.4857862e+00
   2.0700000e+02   2.6065302e+00
   2.0800000e+02   2.7285876e+00
   2.0900000e+02   2.8519630e+00
   2.1000000e+02   2.9766612e+00
   2.1100000e+02   3.2018602e+00
   2.1200000e+02   3.4310029e+00
   2.1300000e+02   3.6641321e+00
   2.1400000e+02   3.9012911e+00
   2.1500000e+02   4.1425252e+00
   2.1600000e+02   4.3878775e+00
   2.1700000e+02   4.6373930e+00
   2.1800000e+02   4.8911152e+00
   2.1900000e+02   5.1490889e+00
   2.2000000e+02   5.4113574e+00
   2.2100000e+02   5.6779656e+00
   2.2200000e+02   5.9489560e+00
   2.2300000e+02   6.2243719e+00
   2.2400000e+02   6.5042596e+00
   2.2500000e+02   6.7886605e+00
   2.2600000e+02   7.0776138e+00
   2.2700000e+02   7.3711619e+00
   2.2800000e+02   7.6693449e+00
   2.2900000e+02   7.9722013e+00
   2.3000000e+02   8.2797699e+00
   2.3100000e+02   8.5920877e+00
   2.3200000e+02   8.9091911e+00
   2.3300000e+02   9.2311144e+00
   2.3400000e+02   9.5578899e+00
   2.3500000e+02   9.8895502e+00
   2.3600000e+02   1.0226123e+01
   2.3700000e+02   1.0567636e+01
   2.3800000e+02   1.0914117e+01
   2.3900000e+02   1.1265582e+01
   2.4000000e+02   1.1622058e+01
   2.4100000e+02   1.1910543e+01
   2.4200000e+02   1.2203177e+01
   2.4300000e+02   1.2499978e+01
   2.4400000e+02   1.2800958e+01
   2.4500000e+02   1.3106133e+01
   2.4600000e+02   1.3415514e+01
   2.4700000e+02   1.3729112e+01
   2.4800000e+02   1.4046936e+01
   2.4900000e+02   1.4368992e+01
   2.5000000e+02   1.4695282e+01
   2.5100000e+02   1.5025810e+01
   2.5200000e+02   1.5360566e+01
   2.5300000e+02   1.5699554e+01
   2.5400000e+02   1.6042770e+01
   2.5500000e+02   1.6390203e+01
   2.5600000e+02   1.6741844e+01
   2.5700000e+02   1.7097675e+01
   2.5800000e+02   1.7457680e+01
   2.5900000e+02   1.7821835e+01
   2.6000000e+02   1.8190119e+01
   2.6100000e+02   1.8562496e+01
   2.6200000e+02   1.8938940e+01
   2.6300000e+02   1.9319401e+01
   2.6400000e+02   1.9703802e+01
   2.6500000e+02   2.0092140e+01
   2.6600000e+02   2.0484371e+01
   2.6700000e+02   2.0880434e+01
   2.6800000e+02   2.1280275e+01
   2.6900000e+02   2.1683830e+01
   2.7000000e+02   2.2091026e+01
   2.7100000e+02   2.2462606e+01
   2.7200000e+02   2.2837219e+01
   2.7300000e+02   2.3214779e+01
   2.7400000e+02   2.3595213e+01
   2.7500000e+02   2.3978416e+01
   2.7600000e+02   2.4364107e+01
   2.7700000e+02   2.4752384e+01
   2.7800000e+02   2.5143167e+01
   2.7900000e+02   2.5536354e+01
   2.8000000e+02   2.5931826e+01
   2.8100000e+02   2.6329464e+01
   2.8200000e+02   2.6729147e+01
   2.8300000e+02   2.7130751e+01
   2.8400000e+02   2.7534140e+01
   2.8500000e+02   2.7939184e+01
   2.8600000e+02   2.8345737e+01
   2.8700000e+02   2.8753656e+01
   2.8800000e+02   2.9162788e+01
   2.8900000e+02   2.9572981e+01
   2.9000000e+02   2.9984070e+01
   2.9100000e+02   3.0395893e+01
   2.9200000e+02   3.0808279e+01
   2.9300000e+02   3.1221058e+01
   2.9400000e+02   3.1634048e+01
   2.9500000e+02   3.2047070e+01
   2.9600000e+02   3.2459938e+01
   2.9700000e+02   3.2872456e+01
   2.9800000e+02   3.3284443e+01
   2.9900000e+02   3.3695690e+01
   3.0000000e+02   3.4105999e+01
   3.0100000e+02   3.4485909e+01
   3.0200000e+02   3.4864254e+01
   3.0300000e+02   3.5240845e+01
   3.0400000e+02   3.5615482e+01
   3.0500000e+02   3.5987953e+01
   3.0600000e+02   3.6358063e+01
   3.0700000e+02   3.6725605e+01
   3.0800000e+02   3.7090366e+01
   3.0900000e+02   3.7452137e+01
   3.1000000e+02   3.7810707e+01
   3.1100000e+02   3.8165867e+01
   3.1200000e+02   3.8517410e+01
   3.1300000e+02   3.8865112e+01
   3.1400000e+02   3.9208767e+01
   3.1500000e+02   3.9548164e+01
   3.1600000e+02   3.9883095e+01
   3.1700000e+02   4.0213345e+01
   3.1800000e+02   4.0538700e+01
   3.1900000e+02   4.0858963e+01
   3.2000000e+02   4.1173920e+01
   3.2100000e+02   4.1483364e+01
   3.2200000e+02   4.1787102e+01
   3.2300000e+02   4.2084923e+01
   3.2400000e+02   4.2376633e+01
   3.2500000e+02   4.2662029e+01
   3.2600000e+02   4.2940933e+01
   3.2700000e+02   4.3213131e+01
   3.2800000e+02   4.3478436e+01
   3.2900000e+02   4.3736679e+01
   3.3000000e+02   4.3987679e+01
   3.3100000e+02   4.4182903e+01
   3.3200000e+02   4.4370346e+01
   3.3300000e+02   4.4549835e+01
   3.3400000e+02   4.4721207e+01
   3.3500000e+02   4.4884312e+01
   3.3600000e+02   4.5038982e+01
   3.3700000e+02   4.5185081e+01
   3.3800000e+02   4.5322460e+01
   3.3900000e+02   4.5450977e+01
   3.4000000e+02   4.5570492e+01
   3.4100000e+02   4.5680874e+01
   3.4200000e+02   4.5781990e+01
   3.4300000e+02   4.5873718e+01
   3.4400000e+02   4.5955948e+01
   3.4500000e+02   4.6028557e+01
   3.4600000e+02   4.6091442e+01
   3.4700000e+02   4.6144497e+01
   3.4800000e+02   4.6187622e+01
   3.4900000e+02   4.6220654e+01
   3.5000000e+02   4.6243561e+01
   3.5100000e+02   4.6256275e+01
   3.5200000e+02   4.6258736e+01
   3.5300000e+02   4.6250858e+01
   3.5400000e+02   4.6232594e+01
   3.5500000e+02   4.6203880e+01
   3.5600000e+02   4.6164669e+01
   3.5700000e+02   4.6114918e+01
   3.5800000e+02   4.6054596e+01
   3.5900000e+02   4.5983665e+01
   7.1133672e-07   4.5902115e+01
   1.0000007e+00   4.5763622e+01
   2.0000007e+00   4.5614254e+01
   3.0000007e+00   4.5454014e+01
   4.0000010e+00   4.5282909e+01
   5.0000010e+00   4.5100964e+01
   6.0000010e+00   4.4908203e+01
   7.0000010e+00   4.4704659e+01
   8.0000010e+00   4.4490391e+01
   9.0000010e+00   4.4265446e+01
   1.0000001e+01   4.4029896e+01
   1.1000001e+01   4.3783817e+01
   1.2000001e+01   4.3527294e+01
   1.3000001e+01   4.3260258e+01
   1.4000001e+01   4.2982933e+01
   1.5000001e+01   4.2695507e+01
   1.6000000e+01   4.2398109e+01
   1.7000000e+01   4.2090889e+01
   1.8000000e+01   4.1773994e+01
   1.9000000e+01   4.1447590e+01
   2.0000000e+01   4.1111847e+01
   2.1000000e+01   4.0766956e+01
   2.2000000e+01   4.0413113e+01
   2.3000000e+01   4.0050522e+01
   2.4000000e+01   3.9679413e+01
   2.5000000e+01   3.9300003e+01
   2.6000000e+01   3.8912533e+01
   2.7000000e+01   3.8517258e+01
   2.8000000e+01   3.8114437e+01
   2.9000000e+01   3.7704334e+01
   3.0000000e+01   3.7287235e+01
   3.1000000e+01   3.6856312e+01
   3.2000000e+01   3.6418873e+01
   3.3000000e+01   3.5975220e+01
   3.4000000e+01   3.5525673e+01
   3.5000000e+01   3.5070541e+01
   3.6000000e+01   3.4610161e+01
   3.7000000e+01   3.4144852e+01
   3.8000000e+01   3.3674957e+01
   3.9000000e+01   3.3200817e+01
   4.0000000e+01   3.2722771e+01
   4.1000000e+01   3.2241165e+01
   4.2000000e+01   3.1756348e+01
   4.3000000e+01   3.1268669e+01
   4.4000000e+01   3.0778477e+01
   4.5000000e+01   3.0286119e+01
   4.6000000e+01   2.9791946e+01
   4.7000000e+01   2.9296303e+01
   4.8000000e+01   2.8799530e+01
   4.9000000e+01   2.8301971e+01
   5.0000000e+01   2.7803959e+01
   5.1000000e+01   2.7305824e+01
   5.2000000e+01   2.6807892e+01
   5.3000000e+01   2.6310484e+01
   5.4000000e+01   2.5813910e+01
   5.5000000e+01   2.5318474e+01
   5.6000000e+01   2.4824474e+01
   5.7000000e+01   2.4332203e+01
   5.8000000e+01   2.3841934e+01
   5.9000000e+01   2.3353945e+01
   6.0000000e+01   2.2868496e+01
   6.1000000e+01   2.2353455e+01
   6.2000000e+01   2.1841606e+01
   6.3000000e+01   2.1333202e+01
   6.4000000e+01   2.0828480e+01
   6.5000000e+01   2.0327667e+01
   6.6000000e+01   1.9830984e+01
   6.7000000e+01   1.9338631e+01
   6.8000000e+01   1.8850803e+01
   6.9000000e+01   1.8367680e+01
   7.0000000e+01   1.7889435e+01
   7.1000000e+01   1.7416225e+01
   7.2000000e+01   1.6948196e+01
   7.3000000e+01   1.6485489e+01
   7.4000000e+01   1.6028221e+01
   7.5000000e+01   1.5576513e+01
   7.6000000e+01   1.5130468e+01
   7.7000000e+01   1.4690178e+01
   7.8000000e+01   1.4255729e+01
   7.9000000e+01   1.3827192e+01
   8.0000000e+01   1.3404634e+01
   8.1000000e+01   1.2988111e+01
   8.2000000e+01   1.2577671e+01
   8.3000000e+01   1.2173352e+01
   8.4000000e+01   1.1775186e+01
   8.5000000e+01   1.1383194e+01
   8.6000000e+01   1.0997396e+01
   8.7000000e+01   1.0617801e+01
   8.8000000e+01   1.0244410e+01
   8.9000000e+01   9.8772211e+00
   9.0000000e+01   9.5162249e+00
   9.1000000e+01   9.0425625e+00
   9.2000000e+01   8.5760612e+00
   9.3000000e+01   8.1167393e+00
   9.4000000e+01   7.6646018e+00
   9.5000000e+01   7.2196493e+00
   9.6000000e+01   6.7818694e+00
   9.7000000e+01   6.3512478e+00
   9.8000000e+01   5.9277587e+00
   9.9000000e+01   5.5113707e+00
   1.0000000e+02   5.1020479e+00
   1.0100000e+02   4.6997476e+00
   1.0200000e+02   4.3044214e+00
   1.0300000e+02   3.9160159e+00
   1.0400000e+02   3.5344737e+00
   1.0500000e+02   3.1597331e+00
   1.0600000e+02   2.7917266e+00
   1.0700000e+02   2.4303875e+00
   1.0800000e+02   2.0756421e+00
   1.0900000e+02   1.7274153e+00
   1.1000000e+02   1.3856283e+00
   1.1100000e+02   1.0502015e+00
   1.1200000e+02   7.2105175e-01
   1.1300000e+02   3.9809662e-01
   1.1400000e+02   8.1249207e-02
   1.1500000e+02  -2.2957742e-01
   1.1600000e+02  -5.3447104e-01
   1.1700000e+02  -8.3352089e-01
   1.1800000e+02  -1.1268165e+00
   1.1900000e+02  -1.4144485e+00
   1.2000000e+02  -1.6965067e+00
   1.2100000e+02  -1.6985618e+00
   1.2200000e+02  -1.6983387e+00
   1.2300000e+02  -1.6958454e+00
   1.2400000e+02  -1.6910893e+00
   1.2500000e+02  -1.6840782e+00
   1.2600000e+02  -1.6748189e+00
   1.2700000e+02  -1.6633185e+00
   1.2800000e+02  -1.6495832e+00
   1.2900000e+02  -1.6336195e+00
   1.3000000e+02  -1.6154325e+00
   1.3100000e+02  -1.5950277e+00
   1.3200000e+02  -1.5724105e+00
   1.3300000e+02  -1.5475848e+00
   1.3400000e+02  -1.5205556e+00
   1.3500000e+02  -1.4913261e+00
   1.3600000e+02  -1.4599000e+00
   1.3700000e+02  -1.4262804e+00
   1.3800000e+02  -1.3904688e+00
   1.3900000e+02  -1.3524681e+00
   1.4000000e+02  -1.3122799e+00
   1.4100000e+02  -1.2699058e+00
   1.4200000e+02  -1.2253456e+00
   1.4300000e+02  -1.1786002e+00
   1.4400000e+02  -1.1296690e+00
   1.4500000e+02  -1.0785517e+00
   1.4600000e+02  -1.0252477e+00
   1.4700000e+02  -9.6975458e-01
   1.4800000e+02  -9.1207129e-01
   1.4900000e+02  -8.5219461e-01
   1.5000000e+02  -7.9012179e-01
   1.5100000e+02  -8.1201959e-01
   1.5200000e+02  -8.3120531e-01
   1.5300000e+02  -8.4769982e-01
   1.5400000e+02  -8.6152297e-01
   1.5500000e+02  -8.7269455e-01
   1.5600000e+02  -8.8123304e-01
   1.5700000e+02  -8.8715684e-01
   1.5800000e+02  -8.9048332e-01
   1.5900000e+02  -8.9122808e-01
   1.6000000e+02  -8.8940793e-01
   1.6100000e+02  -8.8503706e-01
   1.6200000e+02  -8.7813044e-01
   1.6300000e+02  -8.6870164e-01
   1.6400000e+02  -8.5676336e-01
   1.6500000e+02  -8.4232765e-01
   1.6600000e+02  -8.2540619e-01
   1.6700000e+02  -8.0601025e-01
   1.6800000e+02  -7.8414947e-01
   1.6900000e+02  -7.5983369e-01
   1.7000000e+02  -7.3307163e-01
   1.7100000e+02  -7.0387155e-01
   1.7200000e+02  -6.7224091e-01
   1.7300000e+02  -6.3818651e-01
   1.7400000e+02  -6.0171479e-01
   1.7500000e+02  -5.6283110e-01
   1.7600000e+02  -5.2154100e-01
   1.7700000e+02  -4.7784787e-01
   1.7800000e+02  -4.3175623e-01
   1.7900000e+02  -3.8326916e-01
   1.8000000e+02  -3.3238834e-01
   1.8100000e+02  -3.6610207e-01
   1.8200000e+02  -3.9747030e-01
   1.8300000e+02  -4.2651632e-01
   1.8400000e+02  -4.5326161e-01
   1.8500000e+02  -4.7772744e-01
   1.8600000e+02  -4.9993560e-01
   1.8700000e+02  -5.1990616e-01
   1.8800000e+02  -5.3765935e-01
   1.8900000e+02  -5.5321586e-01
   1.9000000e+02  -5.6659460e-01
   1.9100000e+02  -5.7781512e-01
   1.9200000e+02  -5.8689636e-01
   1.9300000e+02  -5.9385568e-01
   1.9400000e+02  -5.9871215e-01
   1.9500000e+02  -6.0148299e-01
   1.9600000e+02  -6.0218525e-01
   1.9700000e+02  -6.0083568e-01
   1.9800000e+02  -5.9745127e-01
   1.9900000e+02  -5.9204799e-01
   2.0000000e+02  -5.8464098e-01
   2.0100000e+02  -5.7524705e-01
   2.0200000e+02  -5.6388056e-01
   2.0300000e+02  -5.5055606e-01
   2.0400000e+02  -5.3528917e-01
   2.0500000e+02  -5.1809365e-01
   2.0600000e+02  -4.9898326e-01
   2.0700000e+02  -4.7797266e-01
   2.0800000e+02  -4.5507470e-01
   2.0900000e+02  -4.3030313e-01
   2.1000000e+02  -4.0367085e-01
   2.1100000e+02  -9.3287982e-02
   2.1200000e+02   2.2035694e-01
   2.1300000e+02   5.3731436e-01
   2.1400000e+02   8.5763252e-01
   2.1500000e+02   1.1813608e+00
   2.1600000e+02   1.5085471e+00
   2.1700000e+02   1.8392394e+00
   2.1800000e+02   2.1734846e+00
   2.1900000e+02   2.5113282e+00
   2.2000000e+02   2.8528159e+00
   2.2100000e+02   3.1979921e+00
   2.2200000e+02   3.5469003e+00
   2.2300000e+02   3.8995826e+00
   2.2400000e+02   4.2560806e+00
   2.2500000e+02   4.6164341e+00
   2.2600000e+02   4.9806809e+00
   2.2700000e+02   5.3488588e+00
   2.2800000e+02   5.7210021e+00
   2.2900000e+02   6.0971451e+00
   2.3000000e+02   6.4773207e+00
   2.3100000e+02   6.8615570e+00
   2.3200000e+02   7.2498837e+00
   2.3300000e+02   7.6423249e+00
   2.3400000e+02   8.0389061e+00
   2.3500000e+02   8.4396458e+00
   2.3600000e+02   8.8445635e+00
   2.3700000e+02   9.2536745e+00
   2.3800000e+02   9.6669931e+00
   2.3900000e+02   1.0084526e+01
   2.4000000e+02   1.0506282e+01
   2.4100000e+02   1.0814595e+01
   2.4200000e+02   1.1127044e+01
   2.4300000e+02   1.1443649e+01
   2.4400000e+02   1.1764429e+01
   2.4500000e+02   1.2089400e+01
   2.4600000e+02   1.2418577e+01
   2.4700000e+02   1.2751972e+01
   2.4800000e+02   1.3089598e+01
   2.4900000e+02   1.3431460e+01
   2.5000000e+02   1.3777565e+01
   2.5100000e+02   1.4127916e+01
   2.5200000e+02   1.4482515e+01
   2.5300000e+02   1.4841360e+01
   2.5400000e+02   1.5204444e+01
   2.5500000e+02   1.5571759e+01
   2.5600000e+02   1.5943295e+01
   2.5700000e+02   1.6319033e+01
   2.5800000e+02   1.6698961e+01
   2.5900000e+02   1.7083052e+01
   2.6000000e+02   1.7471279e+01
   2.6100000e+02   1.7863617e+01
   2.6200000e+02   1.8260025e+01
   2.6300000e+02   1.8660471e+01
   2.6400000e+02   1.9064905e+01
   2.6500000e+02   1.9473286e+01
   2.6600000e+02   1.9885559e+01
   2.6700000e+02   2.0301664e+01
   2.6800000e+02   2.0721540e+01
   2.6900000e+02   2.1145123e+01
   2.7000000e+02   2.1572336e+01
   2.7100000e+02   2.1953312e+01
   2.7200000e+02   2.2337337e+01
   2.7300000e+02   2.2724339e+01
   2.7400000e+02   2.3114227e+01
   2.7500000e+02   2.3506918e+01
   2.7600000e+02   2.3902319e+01
   2.7700000e+02   2.4300327e+01
   2.7800000e+02   2.4700842e+01
   2.7900000e+02   2.5103756e+01
   2.8000000e+02   2.5508957e+01
   2.8100000e+02   2.5916321e+01
   2.8200000e+02   2.6325731e+01
   2.8300000e+02   2.6737051e+01
   2.8400000e+02   2.7150152e+01
   2.8500000e+02   2.7564896e+01
   2.8600000e+02   2.7981136e+01
   2.8700000e+02   2.8398724e+01
   2.8800000e+02   2.8817503e+01
   2.8900000e+02   2.9237318e+01
   2.9000000e+02   2.9658003e+01
   2.9100000e+02   3.0079388e+01
   2.9200000e+02   3.0501301e+01
   2.9300000e+02   3.0923567e+01
   2.9400000e+02   3.1345999e+01
   2.9500000e+02   3.1768414e+01
   2.9600000e+02   3.2190617e+01
   2.9700000e+02   3.2612427e+01
   2.9800000e+02   3.3033627e+01
   2.9900000e+02   3.3454025e+01
   3.0000000e+02   3.3873421e+01
   3.0100000e+02   3.4259960e+01
   3.0200000e+02   3.4644913e+01
   3.0300000e+02   3.5028072e+01
   3.0400000e+02   3.5409237e+01
   3.0500000e+02   3.5788193e+01
   3.0600000e+02   3.6164734e+01
   3.0700000e+02   3.6538654e+01
   3.0800000e+02   3.6909729e+01
   3.0900000e+02   3.7277756e+01
   3.1000000e+02   3.7642517e+01
   3.1100000e+02   3.8003792e+01
   3.1200000e+02   3.8361366e+01
   3.1300000e+02   3.8715031e+01
   3.1400000e+02   3.9064564e+01
   3.1500000e+02   3.9409752e+01
   3.1600000e+02   3.9750381e+01
   3.1700000e+02   4.0086239e+01
   3.1800000e+02   4.0417107e+01
   3.1900000e+02   4.0742775e+01
   3.2000000e+02   4.1063042e+01
   3.2100000e+02   4.1377686e+01
   3.2200000e+02   4.1686512e+01
   3.2300000e+02   4.1989315e+01
   3.2400000e+02   4.2285885e+01
   3.2500000e+02   4.2576035e+01
   3.2600000e+02   4.2859558e+01
   3.2700000e+02   4.3136269e+01
   3.2800000e+02   4.3405979e+01
   3.2900000e+02   4.3668499e+01
   3.3000000e+02   4.3923645e+01
   3.3100000e+02   4.4121304e+01
   3.3200000e+02   4.4311077e+01
   3.3300000e+02   4.4492802e+01
   3.3400000e+02   4.4666309e+01
   3.3500000e+02   4.4831440e+01
   3.3600000e+02   4.4988033e+01
   3.3700000e+02   4.5135944e+01
   3.3800000e+02   4.5275021e+01
   3.3900000e+02   4.5405121e+01
   3.4000000e+02   4.5526096e+01
   3.4100000e+02   4.5637821e+01
   3.4200000e+02   4.5740158e+01
   3.4300000e+02   4.5832989e+01
   3.4400000e+02   4.5916187e+01
   3.4500000e+02   4.5989639e+01
   3.4600000e+02   4.6053234e+01
   3.4700000e+02   4.6106869e+01
   3.4800000e+02   4.6150440e+01
   3.4900000e+02   4.6183853e+01
   3.5000000e+02   4.6207027e+01
   3.5100000e+02   4.6219875e+01
   3.5200000e+02   4.6222321e+01
   3.5300000e+02   4.6214294e+01
   3.5400000e+02   4.6195736e+01
   3.5500000e+02   4.6166592e+01
   3.5600000e+02   4.6126804e+01
   3.5700000e+02   4.6076332e+01
   3.5800000e+02   4.6015148e+01
   3.5900000e+02   4.5943211e+01
   1.4226848e-06   4.5860508e+01
