   0.0000000e+00   0.0000000e+00
   1.0000000e+00   1.5493755e-03
   2.0000000e+00   2.1665222e-03
   3.0000000e+00   2.7900299e-03
   4.0000000e+00   3.4199727e-03
   5.0000000e+00   4.0560965e-03
   6.0000000e+00   4.6982989e-03
   7.0000000e+00   5.3464491e-03
   8.0000000e+00   6.0007125e-03
   9.0000000e+00   6.6611576e-03
   1.0000000e+01   7.3280823e-03
   1.1000000e+01   8.0016553e-03
   1.2000000e+01   8.6821103e-03
   1.3000000e+01   9.3693519e-03
   1.4000000e+01   1.0063664e-02
   1.5000000e+01   1.0764579e-02
   1.6000000e+01   1.1471845e-02
   1.7000000e+01   1.2185623e-02
   1.8000000e+01   1.2905662e-02
   1.9000000e+01   1.3631609e-02
   2.0000000e+01   1.4363510e-02
   2.1000000e+01   1.5101418e-02
   2.2000000e+01   1.5845323e-02
   2.3000000e+01   1.6595153e-02
   2.4000000e+01   1.7350785e-02
   2.5000000e+01   1.8112276e-02
   2.6000000e+01   1.8879492e-02
   2.7000000e+01   1.9652419e-02
   2.8000000e+01   2.0430954e-02
   2.9000000e+01   2.1215159e-02
   3.0000000e+01   2.2004990e-02
   3.1000000e+01   2.2833269e-02
   3.2000000e+01   2.3668917e-02
   3.3000000e+01   2.4511769e-02
   3.4000000e+01   2.5361765e-02
   3.5000000e+01   2.6218880e-02
   3.6000000e+01   2.7083009e-02
   3.7000000e+01   2.7954103e-02
   3.8000000e+01   2.8832123e-02
   3.9000000e+01   2.9716939e-02
   4.0000000e+01   3.0608393e-02
   4.1000000e+01   3.1506300e-02
   4.2000000e+01   3.2410510e-02
   4.3000000e+01   3.3320978e-02
   4.4000000e+01   3.4237590e-02
   4.5000000e+01   3.5160240e-02
   4.6000000e+01   3.6088876e-02
   4.7000000e+01   3.7023433e-02
   4.8000000e+01   3.7963808e-02
   4.9000000e+01   3.8909931e-02
   5.0000000e+01   3.9861720e-02
   5.1000000e+01   4.0819064e-02
   5.2000000e+01   4.1781873e-02
   5.3000000e+01   4.2750079e-02
   5.4000000e+01   4.3723591e-02
   5.5000000e+01   4.4702318e-02
   5.6000000e+01   4.5686148e-02
   5.7000000e+01   4.6674959e-02
   5.8000000e+01   4.7668673e-02
   5.9000000e+01   4.8667181e-02
   6.0000000e+01   4.9670458e-02
   6.1000000e+01   5.0749533e-02
   6.2000000e+01   5.1835876e-02
   6.3000000e+01   5.2929409e-02
   6.4000000e+01   5.4030038e-02
   6.5000000e+01   5.5137642e-02
   6.6000000e+01   5.6252159e-02
   6.7000000e+01   5.7373531e-02
   6.8000000e+01   5.8501713e-02
   6.9000000e+01   5.9636611e-02
   7.0000000e+01   6.0778145e-02
   7.1000000e+01   6.1926275e-02
   7.2000000e+01   6.3080952e-02
   7.3000000e+01   6.4242087e-02
   7.4000000e+01   6.5409623e-02
   7.5000000e+01   6.6583507e-02
   7.6000000e+01   6.7763649e-02
   7.7000000e+01   6.8950012e-02
   7.8000000e+01   7.0142515e-02
   7.9000000e+01   7.1341112e-02
   8.0000000e+01   7.2545767e-02
   8.1000000e+01   7.3756441e-02
   8.2000000e+01   7.4973062e-02
   8.3000000e+01   7.6195560e-02
   8.4000000e+01   7.7423893e-02
   8.5000000e+01   7.8658015e-02
   8.6000000e+01   7.9897873e-02
   8.7000000e+01   8.1143424e-02
   8.8000000e+01   8.2394637e-02
   8.9000000e+01   8.3651476e-02
   9.0000000e+01   8.4913872e-02
   9.1000000e+01   8.6945884e-02
   9.2000000e+01   8.9000702e-02
   9.3000000e+01   9.1078289e-02
   9.4000000e+01   9.3178675e-02
   9.5000000e+01   9.5301822e-02
   9.6000000e+01   9.7447760e-02
   9.7000000e+01   9.9616483e-02
   9.8000000e+01   1.0180798e-01
   9.9000000e+01   1.0402227e-01
   1.0000000e+02   1.0625935e-01
   1.0100000e+02   1.0851925e-01
   1.0200000e+02   1.1080317e-01
   1.0300000e+02   1.1311290e-01
   1.0400000e+02   1.1544906e-01
   1.0500000e+02   1.1781235e-01
   1.0600000e+02   1.2020338e-01
   1.0700000e+02   1.2262277e-01
   1.0800000e+02   1.2507117e-01
   1.0900000e+02   1.2754922e-01
   1.1000000e+02   1.3005756e-01
   1.1100000e+02   1.3259681e-01
   1.1200000e+02   1.3516758e-01
   1.1300000e+02   1.3777053e-01
   1.1400000e+02   1.4040627e-01
   1.1500000e+02   1.4307541e-01
   1.1600000e+02   1.4577855e-01
   1.1700000e+02   1.4851639e-01
   1.1800000e+02   1.5128948e-01
   1.1900000e+02   1.5409848e-01
   1.2000000e+02   1.5694398e-01
   1.2100000e+02   1.6022965e-01
   1.2200000e+02   1.6346462e-01
   1.2300000e+02   1.6664700e-01
   1.2400000e+02   1.6977501e-01
   1.2500000e+02   1.7284705e-01
   1.2600000e+02   1.7586161e-01
   1.2700000e+02   1.7881912e-01
   1.2800000e+02   1.8171893e-01
   1.2900000e+02   1.8455325e-01
   1.3000000e+02   1.8731901e-01
   1.3100000e+02   1.9001722e-01
   1.3200000e+02   1.9264886e-01
   1.3300000e+02   1.9521490e-01
   1.3400000e+02   1.9771633e-01
   1.3500000e+02   2.0015410e-01
   1.3600000e+02   2.0252913e-01
   1.3700000e+02   2.0484237e-01
   1.3800000e+02   2.0709473e-01
   1.3900000e+02   2.0928712e-01
   1.4000000e+02   2.1142040e-01
   1.4100000e+02   2.1349549e-01
   1.4200000e+02   2.1551344e-01
   1.4300000e+02   2.1747594e-01
   1.4400000e+02   2.1938339e-01
   1.4500000e+02   2.2123617e-01
   1.4600000e+02   2.2303461e-01
   1.4700000e+02   2.2477910e-01
   1.4800000e+02   2.2647004e-01
   1.4900000e+02   2.2810775e-01
   1.5000000e+02   2.2969265e-01
   1.5100000e+02   2.2979400e-01
   1.5200000e+02   2.2989134e-01
   1.5300000e+02   2.2998479e-01
   1.5400000e+02   2.3007448e-01
   1.5500000e+02   2.3016050e-01
   1.5600000e+02   2.3024298e-01
   1.5700000e+02   2.3032202e-01
   1.5800000e+02   2.3039770e-01
   1.5900000e+02   2.3047014e-01
   1.6000000e+02   2.3053944e-01
   1.6100000e+02   2.3060568e-01
   1.6200000e+02   2.3066893e-01
   1.6300000e+02   2.3072934e-01
   1.6400000e+02   2.3078693e-01
   1.6500000e+02   2.3084180e-01
   1.6600000e+02   2.3089406e-01
   1.6700000e+02   2.3094377e-01
   1.6800000e+02   2.3099098e-01
   1.6900000e+02   2.3103580e-01
   1.7000000e+02   2.3107827e-01
   1.7100000e+02   2.3111850e-01
   1.7200000e+02   2.3115651e-01
   1.7300000e+02   2.3119240e-01
   1.7400000e+02   2.3122622e-01
   1.7500000e+02   2.3125803e-01
   1.7600000e+02   2.3128790e-01
   1.7700000e+02   2.3131587e-01
   1.7800000e+02   2.3134202e-01
   1.7900000e+02   2.3136637e-01
   1.8000000e+02   2.3138900e-01
   1.8100000e+02   2.2992858e-01
   1.8200000e+02   2.2850381e-01
   1.8300000e+02   2.2711441e-01
   1.8400000e+02   2.2576013e-01
   1.8500000e+02   2.2444068e-01
   1.8600000e+02   2.2315580e-01
   1.8700000e+02   2.2190520e-01
   1.8800000e+02   2.2068864e-01
   1.8900000e+02   2.1950585e-01
   1.9000000e+02   2.1835655e-01
   1.9100000e+02   2.1724047e-01
   1.9200000e+02   2.1615736e-01
   1.9300000e+02   2.1510699e-01
   1.9400000e+02   2.1408911e-01
   1.9500000e+02   2.1310341e-01
   1.9600000e+02   2.1215133e-01
   1.9700000e+02   2.1123293e-01
   1.9800000e+02   2.1034823e-01
   1.9900000e+02   2.0949730e-01
   2.0000000e+02   2.0868018e-01
   2.0100000e+02   2.0789692e-01
   2.0200000e+02   2.0714754e-01
   2.0300000e+02   2.0643206e-01
   2.0400000e+02   2.0575054e-01
   2.0500000e+02   2.0510301e-01
   2.0600000e+02   2.0448947e-01
   2.0700000e+02   2.0390998e-01
   2.0800000e+02   2.0336455e-01
   2.0900000e+02   2.0285323e-01
   2.1000000e+02   2.0237601e-01
   2.1100000e+02   2.0007084e-01
   2.1200000e+02   1.9774571e-01
   2.1300000e+02   1.9540049e-01
   2.1400000e+02   1.9303510e-01
   2.1500000e+02   1.9064938e-01
   2.1600000e+02   1.8824324e-01
   2.1700000e+02   1.8581659e-01
   2.1800000e+02   1.8336929e-01
   2.1900000e+02   1.8090124e-01
   2.2000000e+02   1.7841236e-01
   2.2100000e+02   1.7590250e-01
   2.2200000e+02   1.7337161e-01
   2.2300000e+02   1.7081952e-01
   2.2400000e+02   1.6824616e-01
   2.2500000e+02   1.6565144e-01
   2.2600000e+02   1.6303523e-01
   2.2700000e+02   1.6039743e-01
   2.2800000e+02   1.5773796e-01
   2.2900000e+02   1.5505669e-01
   2.3000000e+02   1.5235353e-01
   2.3100000e+02   1.4962837e-01
   2.3200000e+02   1.4688113e-01
   2.3300000e+02   1.4411169e-01
   2.3400000e+02   1.4131999e-01
   2.3500000e+02   1.3850588e-01
   2.3600000e+02   1.3566929e-01
   2.3700000e+02   1.3281013e-01
   2.3800000e+02   1.2992829e-01
   2.3900000e+02   1.2702368e-01
   2.4000000e+02   1.2409621e-01
   2.4100000e+02   1.2317586e-01
   2.4200000e+02   1.2224939e-01
   2.4300000e+02   1.2131684e-01
   2.4400000e+02   1.2037824e-01
   2.4500000e+02   1.1943365e-01
   2.4600000e+02   1.1848310e-01
   2.4700000e+02   1.1752666e-01
   2.4800000e+02   1.1656435e-01
   2.4900000e+02   1.1559622e-01
   2.5000000e+02   1.1462231e-01
   2.5100000e+02   1.1364267e-01
   2.5200000e+02   1.1265732e-01
   2.5300000e+02   1.1166633e-01
   2.5400000e+02   1.1066972e-01
   2.5500000e+02   1.0966755e-01
   2.5600000e+02   1.0865983e-01
   2.5700000e+02   1.0764664e-01
   2.5800000e+02   1.0662799e-01
   2.5900000e+02   1.0560394e-01
   2.6000000e+02   1.0457452e-01
   2.6100000e+02   1.0353977e-01
   2.6200000e+02   1.0249973e-01
   2.6300000e+02   1.0145443e-01
   2.6400000e+02   1.0040392e-01
   2.6500000e+02   9.9348240e-02
   2.6600000e+02   9.8287411e-02
   2.6700000e+02   9.7221486e-02
   2.6800000e+02   9.6150503e-02
   2.6900000e+02   9.5074490e-02
   2.7000000e+02   9.3993492e-02
   2.7100000e+02   9.3567550e-02
   2.7200000e+02   9.3139172e-02
   2.7300000e+02   9.2708357e-02
   2.7400000e+02   9.2275158e-02
   2.7500000e+02   9.1839559e-02
   2.7600000e+02   9.1401607e-02
   2.7700000e+02   9.0961315e-02
   2.7800000e+02   9.0518691e-02
   2.7900000e+02   9.0073772e-02
   2.8000000e+02   8.9626566e-02
   2.8100000e+02   8.9177094e-02
   2.8200000e+02   8.8725373e-02
   2.8300000e+02   8.8271417e-02
   2.8400000e+02   8.7815247e-02
   2.8500000e+02   8.7356888e-02
   2.8600000e+02   8.6896345e-02
   2.8700000e+02   8.6433627e-02
   2.8800000e+02   8.5968778e-02
   2.8900000e+02   8.5501790e-02
   2.9000000e+02   8.5032694e-02
   2.9100000e+02   8.4561512e-02
   2.9200000e+02   8.4088236e-02
   2.9300000e+02   8.3612904e-02
   2.9400000e+02   8.3135523e-02
   2.9500000e+02   8.2656115e-02
   2.9600000e+02   8.2174681e-02
   2.9700000e+02   8.1691265e-02
   2.9800000e+02   8.1205852e-02
   2.9900000e+02   8.0718473e-02
   3.0000000e+02   8.0229133e-02
   3.0100000e+02   8.0100656e-02
   3.0200000e+02   7.9971090e-02
   3.0300000e+02   7.9840444e-02
   3.0400000e+02   7.9708718e-02
   3.0500000e+02   7.9575926e-02
   3.0600000e+02   7.9442076e-02
   3.0700000e+02   7.9307176e-02
   3.0800000e+02   7.9171233e-02
   3.0900000e+02   7.9034254e-02
   3.1000000e+02   7.8896239e-02
   3.1100000e+02   7.8757212e-02
   3.1200000e+02   7.8617163e-02
   3.1300000e+02   7.8476109e-02
   3.1400000e+02   7.8334063e-02
   3.1500000e+02   7.8191020e-02
   3.1600000e+02   7.8046992e-02
   3.1700000e+02   7.7901989e-02
   3.1800000e+02   7.7756017e-02
   3.1900000e+02   7.7609077e-02
   3.2000000e+02   7.7461183e-02
   3.2100000e+02   7.7312335e-02
   3.2200000e+02   7.7162549e-02
   3.2300000e+02   7.7011824e-02
   3.2400000e+02   7.6860175e-02
   3.2500000e+02   7.6707602e-02
   3.2600000e+02   7.6554105e-02
   3.2700000e+02   7.6399706e-02
   3.2800000e+02   7.6244406e-02
   3.2900000e+02   7.6088205e-02
   3.3000000e+02   7.5931124e-02
   3.3100000e+02   7.6251723e-02
   3.3200000e+02   7.6572299e-02
   3.3300000e+02   7.6892845e-02
   3.3400000e+02   7.7213354e-02
   3.3500000e+02   7.7533834e-02
   3.3600000e+02   7.7854268e-02
   3.3700000e+02   7.8174666e-02
   3.3800000e+02   7.8495033e-02
   3.3900000e+02   7.8815363e-02
   3.4000000e+02   7.9135649e-02
   3.4100000e+02   7.9455897e-02
   3.4200000e+02   7.9776108e-02
   3.4300000e+02   8.0096275e-02
   3.4400000e+02   8.0416404e-02
   3.4500000e+02   8.0736488e-02
   3.4600000e+02   8.1056535e-02
   3.4700000e+02   8.1376538e-02
   3.4800000e+02   8.1696503e-02
   3.4900000e+02   8.2016423e-02
   3.5000000e+02   8.2336292e-02
   3.5100000e+02   8.2656123e-02
   3.5200000e+02   8.2975909e-02
   3.5300000e+02   8.3295651e-02
   3.5400000e+02   8.3615355e-02
   3.5500000e+02   8.3935000e-02
   3.5600000e+02   8.4254615e-02
   3.5700000e+02   8.4574170e-02
   3.5800000e+02   8.4893681e-02
   3.5900000e+02   8.5213155e-02
   7.1133672e-07   8.5532568e-02
   1.0000007e+00   8.6349264e-02
   2.0000007e+00   8.7166585e-02
   3.0000007e+00   8.7984517e-02
   4.0000010e+00   8.8803083e-02
   5.0000010e+00   8.9622259e-02
   6.0000010e+00   9.0442039e-02
   7.0000010e+00   9.1262423e-02
   8.0000010e+00   9.2083409e-02
   9.0000010e+00   9.2904978e-02
   1.0000001e+01   9.3727127e-02
   1.1000001e+01   9.4549872e-02
   1.2000001e+01   9.5373183e-02
   1.3000001e+01   9.6197069e-02
   1.4000001e+01   9.7021513e-02
   1.5000001e+01   9.7846523e-02
   1.6000000e+01   9.8672085e-02
   1.7000000e+01   9.9498197e-02
   1.8000000e+01   1.0032486e-01
   1.9000000e+01   1.0115206e-01
   2.0000000e+01   1.0197980e-01
   2.1000000e+01   1.0280807e-01
   2.2000000e+01   1.0363686e-01
   2.3000000e+01   1.0446618e-01
   2.4000000e+01   1.0529602e-01
   2.5000000e+01   1.0612635e-01
   2.6000000e+01   1.0695721e-01
   2.7000000e+01   1.0778857e-01
   2.8000000e+01   1.0862043e-01
   2.9000000e+01   1.0945279e-01
   3.0000000e+01   1.1028563e-01
   3.1000000e+01   1.1127337e-01
   3.2000000e+01   1.1226176e-01
   3.3000000e+01   1.1325080e-01
   3.4000000e+01   1.1424048e-01
   3.5000000e+01   1.1523080e-01
   3.6000000e+01   1.1622174e-01
   3.7000000e+01   1.1721331e-01
   3.8000000e+01   1.1820550e-01
   3.9000000e+01   1.1919831e-01
   4.0000000e+01   1.2019172e-01
   4.1000000e+01   1.2118575e-01
   4.2000000e+01   1.2218037e-01
   4.3000000e+01   1.2317560e-01
   4.4000000e+01   1.2417141e-01
   4.5000000e+01   1.2516782e-01
   4.6000000e+01   1.2616481e-01
   4.7000000e+01   1.2716237e-01
   4.8000000e+01   1.2816049e-01
   4.9000000e+01   1.2915921e-01
   5.0000000e+01   1.3015848e-01
   5.1000000e+01   1.3115832e-01
   5.2000000e+01   1.3215871e-01
   5.3000000e+01   1.3315965e-01
   5.4000000e+01   1.3416114e-01
   5.5000000e+01   1.3516319e-01
   5.6000000e+01   1.3616577e-01
   5.7000000e+01   1.3716888e-01
   5.8000000e+01   1.3817254e-01
   5.9000000e+01   1.3917671e-01
   6.0000000e+01   1.4018142e-01
   6.1000000e+01   1.4165695e-01
   6.2000000e+01   1.4313446e-01
   6.3000000e+01   1.4461392e-01
   6.4000000e+01   1.4609537e-01
   6.5000000e+01   1.4757873e-01
   6.6000000e+01   1.4906402e-01
   6.7000000e+01   1.5055124e-01
   6.8000000e+01   1.5204038e-01
   6.9000000e+01   1.5353142e-01
   7.0000000e+01   1.5502433e-01
   7.1000000e+01   1.5651916e-01
   7.2000000e+01   1.5801585e-01
   7.3000000e+01   1.5951443e-01
   7.4000000e+01   1.6101484e-01
   7.5000000e+01   1.6251710e-01
   7.6000000e+01   1.6402121e-01
   7.7000000e+01   1.6552715e-01
   7.8000000e+01   1.6703489e-01
   7.9000000e+01   1.6854447e-01
   8.0000000e+01   1.7005584e-01
   8.1000000e+01   1.7156902e-01
   8.2000000e+01   1.7308398e-01
   8.3000000e+01   1.7460071e-01
   8.4000000e+01   1.7611921e-01
   8.5000000e+01   1.7763948e-01
   8.6000000e+01   1.7916150e-01
   8.7000000e+01   1.8068525e-01
   8.8000000e+01   1.8221074e-01
   8.9000000e+01   1.8373799e-01
   9.0000000e+01   1.8526691e-01
   9.1000000e+01   1.8960619e-01
   9.2000000e+01   1.9393933e-01
   9.3000000e+01   1.9826637e-01
   9.4000000e+01   2.0258737e-01
   9.5000000e+01   2.0690235e-01
   9.6000000e+01   2.1121137e-01
   9.7000000e+01   2.1551444e-01
   9.8000000e+01   2.1981162e-01
   9.9000000e+01   2.2410293e-01
   1.0000000e+02   2.2838843e-01
   1.0100000e+02   2.3266812e-01
   1.0200000e+02   2.3694208e-01
   1.0300000e+02   2.4121031e-01
   1.0400000e+02   2.4547285e-01
   1.0500000e+02   2.4972977e-01
   1.0600000e+02   2.5398108e-01
   1.0700000e+02   2.5822678e-01
   1.0800000e+02   2.6246694e-01
   1.0900000e+02   2.6670164e-01
   1.1000000e+02   2.7093080e-01
   1.1100000e+02   2.7515459e-01
   1.1200000e+02   2.7937290e-01
   1.1300000e+02   2.8358588e-01
   1.1400000e+02   2.8779352e-01
   1.1500000e+02   2.9199582e-01
   1.1600000e+02   2.9619288e-01
   1.1700000e+02   3.0038464e-01
   1.1800000e+02   3.0457121e-01
   1.1900000e+02   3.0875263e-01
   1.2000000e+02   3.1292886e-01
   1.2100000e+02   3.1055012e-01
   1.2200000e+02   3.0817214e-01
   1.2300000e+02   3.0579486e-01
   1.2400000e+02   3.0341828e-01
   1.2500000e+02   3.0104247e-01
   1.2600000e+02   2.9866731e-01
   1.2700000e+02   2.9629290e-01
   1.2800000e+02   2.9391924e-01
   1.2900000e+02   2.9154626e-01
   1.3000000e+02   2.8917402e-01
   1.3100000e+02   2.8680253e-01
   1.3200000e+02   2.8443173e-01
   1.3300000e+02   2.8206167e-01
   1.3400000e+02   2.7969238e-01
   1.3500000e+02   2.7732378e-01
   1.3600000e+02   2.7495596e-01
   1.3700000e+02   2.7258885e-01
   1.3800000e+02   2.7022249e-01
   1.3900000e+02   2.6785687e-01
   1.4000000e+02   2.6549196e-01
   1.4100000e+02   2.6312783e-01
   1.4200000e+02   2.6076445e-01
   1.4300000e+02   2.5840178e-01
   1.4400000e+02   2.5603986e-01
   1.4500000e+02   2.5367871e-01
   1.4600000e+02   2.5131828e-01
   1.4700000e+02   2.4895862e-01
   1.4800000e+02   2.4659969e-01
   1.4900000e+02   2.4424152e-01
   1.5000000e+02   2.4188411e-01
   1.5100000e+02   2.4184479e-01
   1.5200000e+02   2.4180530e-01
   1.5300000e+02   2.4176565e-01
   1.5400000e+02   2.4172580e-01
   1.5500000e+02   2.4168579e-01
   1.5600000e+02   2.4164559e-01
   1.5700000e+02   2.4160521e-01
   1.5800000e+02   2.4156465e-01
   1.5900000e+02   2.4152388e-01
   1.6000000e+02   2.4148294e-01
   1.6100000e+02   2.4144180e-01
   1.6200000e+02   2.4140048e-01
   1.6300000e+02   2.4135897e-01
   1.6400000e+02   2.4131726e-01
   1.6500000e+02   2.4127534e-01
   1.6600000e+02   2.4123323e-01
   1.6700000e+02   2.4119093e-01
   1.6800000e+02   2.4114843e-01
   1.6900000e+02   2.4110572e-01
   1.7000000e+02   2.4106281e-01
   1.7100000e+02   2.4101968e-01
   1.7200000e+02   2.4097636e-01
   1.7300000e+02   2.4093284e-01
   1.7400000e+02   2.4088909e-01
   1.7500000e+02   2.4084514e-01
   1.7600000e+02   2.4080099e-01
   1.7700000e+02   2.4075662e-01
   1.7800000e+02   2.4071205e-01
   1.7900000e+02   2.4066724e-01
   1.8000000e+02   2.4062224e-01
   1.8100000e+02   2.4306585e-01
   1.8200000e+02   2.4550949e-01
   1.8300000e+02   2.4795313e-01
   1.8400000e+02   2.5039673e-01
   1.8500000e+02   2.5284031e-01
   1.8600000e+02   2.5528380e-01
   1.8700000e+02   2.5772718e-01
   1.8800000e+02   2.6017046e-01
   1.8900000e+02   2.6261359e-01
   1.9000000e+02   2.6505658e-01
   1.9100000e+02   2.6749936e-01
   1.9200000e+02   2.6994196e-01
   1.9300000e+02   2.7238438e-01
   1.9400000e+02   2.7482656e-01
   1.9500000e+02   2.7726850e-01
   1.9600000e+02   2.7971020e-01
   1.9700000e+02   2.8215164e-01
   1.9800000e+02   2.8459284e-01
   1.9900000e+02   2.8703374e-01
   2.0000000e+02   2.8947440e-01
   2.0100000e+02   2.9191473e-01
   2.0200000e+02   2.9435480e-01
   2.0300000e+02   2.9679453e-01
   2.0400000e+02   2.9923397e-01
   2.0500000e+02   3.0167305e-01
   2.0600000e+02   3.0411187e-01
   2.0700000e+02   3.0655032e-01
   2.0800000e+02   3.0898848e-01
   2.0900000e+02   3.1142628e-01
   2.1000000e+02   3.1386372e-01
   2.1100000e+02   3.0881903e-01
   2.1200000e+02   3.0377725e-01
   2.1300000e+02   2.9873839e-01
   2.1400000e+02   2.9370239e-01
   2.1500000e+02   2.8866932e-01
   2.1600000e+02   2.8363913e-01
   2.1700000e+02   2.7861184e-01
   2.1800000e+02   2.7358744e-01
   2.1900000e+02   2.6856586e-01
   2.2000000e+02   2.6354715e-01
   2.2100000e+02   2.5853133e-01
   2.2200000e+02   2.5351834e-01
   2.2300000e+02   2.4850821e-01
   2.2400000e+02   2.4350089e-01
   2.2500000e+02   2.3849639e-01
   2.2600000e+02   2.3349471e-01
   2.2700000e+02   2.2849584e-01
   2.2800000e+02   2.2349976e-01
   2.2900000e+02   2.1850646e-01
   2.3000000e+02   2.1351594e-01
   2.3100000e+02   2.0852819e-01
   2.3200000e+02   2.0354319e-01
   2.3300000e+02   1.9856094e-01
   2.3400000e+02   1.9358142e-01
   2.3500000e+02   1.8860464e-01
   2.3600000e+02   1.8363057e-01
   2.3700000e+02   1.7865922e-01
   2.3800000e+02   1.7369056e-01
   2.3900000e+02   1.6872458e-01
   2.4000000e+02   1.6376129e-01
   2.4100000e+02   1.6221753e-01
   2.4200000e+02   1.6067238e-01
   2.4300000e+02   1.5912586e-01
   2.4400000e+02   1.5757798e-01
   2.4500000e+02   1.5602873e-01
   2.4600000e+02   1.5447812e-01
   2.4700000e+02   1.5292615e-01
   2.4800000e+02   1.5137284e-01
   2.4900000e+02   1.4981817e-01
   2.5000000e+02   1.4826217e-01
   2.5100000e+02   1.4670484e-01
   2.5200000e+02   1.4514618e-01
   2.5300000e+02   1.4358619e-01
   2.5400000e+02   1.4202489e-01
   2.5500000e+02   1.4046228e-01
   2.5600000e+02   1.3889834e-01
   2.5700000e+02   1.3733311e-01
   2.5800000e+02   1.3576658e-01
   2.5900000e+02   1.3419876e-01
   2.6000000e+02   1.3262965e-01
   2.6100000e+02   1.3105924e-01
   2.6200000e+02   1.2948757e-01
   2.6300000e+02   1.2791461e-01
   2.6400000e+02   1.2634040e-01
   2.6500000e+02   1.2476490e-01
   2.6600000e+02   1.2318816e-01
   2.6700000e+02   1.2161016e-01
   2.6800000e+02   1.2003089e-01
   2.6900000e+02   1.1845040e-01
   2.7000000e+02   1.1686864e-01
   2.7100000e+02   1.1619499e-01
   2.7200000e+02   1.1552088e-01
   2.7300000e+02   1.1484630e-01
   2.7400000e+02   1.1417128e-01
   2.7500000e+02   1.1349580e-01
   2.7600000e+02   1.1281987e-01
   2.7700000e+02   1.1214348e-01
   2.7800000e+02   1.1146665e-01
   2.7900000e+02   1.1078937e-01
   2.8000000e+02   1.1011165e-01
   2.8100000e+02   1.0943347e-01
   2.8200000e+02   1.0875486e-01
   2.8300000e+02   1.0807581e-01
   2.8400000e+02   1.0739632e-01
   2.8500000e+02   1.0671639e-01
   2.8600000e+02   1.0603604e-01
   2.8700000e+02   1.0535523e-01
   2.8800000e+02   1.0467400e-01
   2.8900000e+02   1.0399235e-01
   2.9000000e+02   1.0331026e-01
   2.9100000e+02   1.0262775e-01
   2.9200000e+02   1.0194480e-01
   2.9300000e+02   1.0126144e-01
   2.9400000e+02   1.0057765e-01
   2.9500000e+02   9.9893436e-02
   2.9600000e+02   9.9208809e-02
   2.9700000e+02   9.8523758e-02
   2.9800000e+02   9.7838297e-02
   2.9900000e+02   9.7152412e-02
   3.0000000e+02   9.6466117e-02
   3.0100000e+02   9.6215762e-02
   3.0200000e+02   9.5965207e-02
   3.0300000e+02   9.5714450e-02
   3.0400000e+02   9.5463492e-02
   3.0500000e+02   9.5212340e-02
   3.0600000e+02   9.4960988e-02
   3.0700000e+02   9.4709441e-02
   3.0800000e+02   9.4457693e-02
   3.0900000e+02   9.4205759e-02
   3.1000000e+02   9.3953632e-02
   3.1100000e+02   9.3701310e-02
   3.1200000e+02   9.3448788e-02
   3.1300000e+02   9.3196079e-02
   3.1400000e+02   9.2943169e-02
   3.1500000e+02   9.2690080e-02
   3.1600000e+02   9.2436798e-02
   3.1700000e+02   9.2183322e-02
   3.1800000e+02   9.1929667e-02
   3.1900000e+02   9.1675818e-02
   3.2000000e+02   9.1421783e-02
   3.2100000e+02   9.1167554e-02
   3.2200000e+02   9.0913147e-02
   3.2300000e+02   9.0658553e-02
   3.2400000e+02   9.0403780e-02
   3.2500000e+02   9.0148814e-02
   3.2600000e+02   8.9893669e-02
   3.2700000e+02   8.9638345e-02
   3.2800000e+02   8.9382827e-02
   3.2900000e+02   8.9127146e-02
   3.3000000e+02   8.8871263e-02
   3.3100000e+02   8.9169607e-02
   3.3200000e+02   8.9467980e-02
   3.3300000e+02   8.9766420e-02
   3.3400000e+02   9.0064906e-02
   3.3500000e+02   9.0363435e-02
   3.3600000e+02   9.0662010e-02
   3.3700000e+02   9.0960637e-02
   3.3800000e+02   9.1259316e-02
   3.3900000e+02   9.1558047e-02
   3.4000000e+02   9.1856822e-02
   3.4100000e+02   9.2155650e-02
   3.4200000e+02   9.2454523e-02
   3.4300000e+02   9.2753440e-02
   3.4400000e+02   9.3052410e-02
   3.4500000e+02   9.3351439e-02
   3.4600000e+02   9.3650505e-02
   3.4700000e+02   9.3949623e-02
   3.4800000e+02   9.4248787e-02
   3.4900000e+02   9.4548002e-02
   3.5000000e+02   9.4847262e-02
   3.5100000e+02   9.5146574e-02
   3.5200000e+02   9.5445938e-02
   3.5300000e+02   9.5745340e-02
   3.5400000e+02   9.6044801e-02
   3.5500000e+02   9.6344315e-02
   3.5600000e+02   9.6643865e-02
   3.5700000e+02   9.6943468e-02
   3.5800000e+02   9.7243123e-02
   3.5900000e+02   9.7542815e-02
   1.4226848e-06   9.7842567e-02
