   0.0000000e+00   0.0000000e+00
   1.0000000e+00   2.0394695e-03
   2.0000000e+00   3.2942283e-03
   3.0000000e+00   4.5469417e-03
   4.0000000e+00   5.8005652e-03
   5.0000000e+00   7.0550195e-03
   6.0000000e+00   8.3100479e-03
   7.0000000e+00   9.5654521e-03
   8.0000000e+00   1.0820879e-02
   9.0000000e+00   1.2076307e-02
   1.0000000e+01   1.3331232e-02
   1.1000000e+01   1.4584797e-02
   1.2000000e+01   1.5836589e-02
   1.3000000e+01   1.7086215e-02
   1.4000000e+01   1.8333105e-02
   1.5000000e+01   1.9576734e-02
   1.6000000e+01   2.0817898e-02
   1.7000000e+01   2.2056689e-02
   1.8000000e+01   2.3293369e-02
   1.9000000e+01   2.4527747e-02
   2.0000000e+01   2.5760693e-02
   2.1000000e+01   2.6992962e-02
   2.2000000e+01   2.8224785e-02
   2.3000000e+01   2.9456157e-02
   2.4000000e+01   3.0687036e-02
   2.5000000e+01   3.1917457e-02
   2.6000000e+01   3.3147458e-02
   2.7000000e+01   3.4376606e-02
   2.8000000e+01   3.5604607e-02
   2.9000000e+01   3.6831420e-02
   3.0000000e+01   3.8057204e-02
   3.1000000e+01   3.9557416e-02
   3.2000000e+01   4.1071814e-02
   3.3000000e+01   4.2600177e-02
   3.4000000e+01   4.4142533e-02
   3.5000000e+01   4.5698602e-02
   3.6000000e+01   4.7268167e-02
   3.7000000e+01   4.8850968e-02
   3.8000000e+01   5.0446641e-02
   3.9000000e+01   5.2054700e-02
   4.0000000e+01   5.3674918e-02
   4.1000000e+01   5.5307128e-02
   4.2000000e+01   5.6951132e-02
   4.3000000e+01   5.8606669e-02
   4.4000000e+01   6.0273573e-02
   4.5000000e+01   6.1951533e-02
   4.6000000e+01   6.3640147e-02
   4.7000000e+01   6.5339215e-02
   4.8000000e+01   6.7048773e-02
   4.9000000e+01   6.8768710e-02
   5.0000000e+01   7.0498817e-02
   5.1000000e+01   7.2238915e-02
   5.2000000e+01   7.3988855e-02
   5.3000000e+01   7.5748295e-02
   5.4000000e+01   7.7516980e-02
   5.5000000e+01   7.9294711e-02
   5.6000000e+01   8.1081294e-02
   5.7000000e+01   8.2876615e-02
   5.8000000e+01   8.4680468e-02
   5.9000000e+01   8.6492598e-02
   6.0000000e+01   8.8312864e-02
   6.1000000e+01   9.0599343e-02
   6.2000000e+01   9.2894956e-02
   6.3000000e+01   9.5199130e-02
   6.4000000e+01   9.7511351e-02
   6.5000000e+01   9.9831112e-02
   6.6000000e+01   1.0215797e-01
   6.7000000e+01   1.0449138e-01
   6.8000000e+01   1.0683080e-01
   6.9000000e+01   1.0917569e-01
   7.0000000e+01   1.1152551e-01
   7.1000000e+01   1.1387978e-01
   7.2000000e+01   1.1623807e-01
   7.3000000e+01   1.1860000e-01
   7.4000000e+01   1.2096511e-01
   7.5000000e+01   1.2333293e-01
   7.6000000e+01   1.2570307e-01
   7.7000000e+01   1.2807521e-01
   7.8000000e+01   1.3044901e-01
   7.9000000e+01   1.3282414e-01
   8.0000000e+01   1.3520023e-01
   8.1000000e+01   1.3757694e-01
   8.2000000e+01   1.3995388e-01
   8.3000000e+01   1.4233071e-01
   8.4000000e+01   1.4470699e-01
   8.5000000e+01   1.4708242e-01
   8.6000000e+01   1.4945664e-01
   8.7000000e+01   1.5182918e-01
   8.8000000e+01   1.5419896e-01
   8.9000000e+01   1.5656562e-01
   9.0000000e+01   1.5892880e-01
   9.1000000e+01   1.5864164e-01
   9.2000000e+01   1.5832381e-01
   9.3000000e+01   1.5797579e-01
   9.4000000e+01   1.5759803e-01
   9.5000000e+01   1.5719098e-01
   9.6000000e+01   1.5675507e-01
   9.7000000e+01   1.5629078e-01
   9.8000000e+01   1.5579852e-01
   9.9000000e+01   1.5527874e-01
   1.0000000e+02   1.5473190e-01
   1.0100000e+02   1.5415840e-01
   1.0200000e+02   1.5355867e-01
   1.0300000e+02   1.5293314e-01
   1.0400000e+02   1.5228215e-01
   1.0500000e+02   1.5160614e-01
   1.0600000e+02   1.5090549e-01
   1.0700000e+02   1.5018059e-01
   1.0800000e+02   1.4943182e-01
   1.0900000e+02   1.4865957e-01
   1.1000000e+02   1.4786427e-01
   1.1100000e+02   1.4704624e-01
   1.1200000e+02   1.4620586e-01
   1.1300000e+02   1.4534347e-01
   1.1400000e+02   1.4445938e-01
   1.1500000e+02   1.4355394e-01
   1.1600000e+02   1.4262746e-01
   1.1700000e+02   1.4168027e-01
   1.1800000e+02   1.4071265e-01
   1.1900000e+02   1.3972491e-01
   1.2000000e+02   1.3871737e-01
   1.2100000e+02   1.3801473e-01
   1.2200000e+02   1.3729301e-01
   1.2300000e+02   1.3655218e-01
   1.2400000e+02   1.3579221e-01
   1.2500000e+02   1.3501310e-01
   1.2600000e+02   1.3421483e-01
   1.2700000e+02   1.3339743e-01
   1.2800000e+02   1.3256094e-01
   1.2900000e+02   1.3170537e-01
   1.3000000e+02   1.3083079e-01
   1.3100000e+02   1.2993726e-01
   1.3200000e+02   1.2902483e-01
   1.3300000e+02   1.2809357e-01
   1.3400000e+02   1.2714358e-01
   1.3500000e+02   1.2617493e-01
   1.3600000e+02   1.2518772e-01
   1.3700000e+02   1.2418208e-01
   1.3800000e+02   1.2315810e-01
   1.3900000e+02   1.2211588e-01
   1.4000000e+02   1.2105555e-01
   1.4100000e+02   1.1997725e-01
   1.4200000e+02   1.1888110e-01
   1.4300000e+02   1.1776724e-01
   1.4400000e+02   1.1663582e-01
   1.4500000e+02   1.1548697e-01
   1.4600000e+02   1.1432084e-01
   1.4700000e+02   1.1313759e-01
   1.4800000e+02   1.1193735e-01
   1.4900000e+02   1.1072029e-01
   1.5000000e+02   1.0948656e-01
   1.5100000e+02   1.1035594e-01
   1.5200000e+02   1.1123307e-01
   1.5300000e+02   1.1211793e-01
   1.5400000e+02   1.1301053e-01
   1.5500000e+02   1.1391085e-01
   1.5600000e+02   1.1481889e-01
   1.5700000e+02   1.1573464e-01
   1.5800000e+02   1.1665805e-01
   1.5900000e+02   1.1758911e-01
   1.6000000e+02   1.1852779e-01
   1.6100000e+02   1.1947406e-01
   1.6200000e+02   1.2042787e-01
   1.6300000e+02   1.2138919e-01
   1.6400000e+02   1.2235797e-01
   1.6500000e+02   1.2333417e-01
   1.6600000e+02   1.2431774e-01
   1.6700000e+02   1.2530862e-01
   1.6800000e+02   1.2630676e-01
   1.6900000e+02   1.2731211e-01
   1.7000000e+02   1.2832460e-01
   1.7100000e+02   1.2934417e-01
   1.7200000e+02   1.3037077e-01
   1.7300000e+02   1.3140433e-01
   1.7400000e+02   1.3244477e-01
   1.7500000e+02   1.3349204e-01
   1.7600000e+02   1.3454607e-01
   1.7700000e+02   1.3560678e-01
   1.7800000e+02   1.3667411e-01
   1.7900000e+02   1.3774797e-01
   1.8000000e+02   1.3882832e-01
   1.8100000e+02   1.4042304e-01
   1.8200000e+02   1.4202310e-01
   1.8300000e+02   1.4362843e-01
   1.8400000e+02   1.4523904e-01
   1.8500000e+02   1.4685486e-01
   1.8600000e+02   1.4847589e-01
   1.8700000e+02   1.5010205e-01
   1.8800000e+02   1.5173334e-01
   1.8900000e+02   1.5336969e-01
   1.9000000e+02   1.5501110e-01
   1.9100000e+02   1.5665752e-01
   1.9200000e+02   1.5830889e-01
   1.9300000e+02   1.5996520e-01
   1.9400000e+02   1.6162640e-01
   1.9500000e+02   1.6329245e-01
   1.9600000e+02   1.6496332e-01
   1.9700000e+02   1.6663897e-01
   1.9800000e+02   1.6831936e-01
   1.9900000e+02   1.7000446e-01
   2.0000000e+02   1.7169420e-01
   2.0100000e+02   1.7338859e-01
   2.0200000e+02   1.7508756e-01
   2.0300000e+02   1.7679106e-01
   2.0400000e+02   1.7849907e-01
   2.0500000e+02   1.8021153e-01
   2.0600000e+02   1.8192838e-01
   2.0700000e+02   1.8364963e-01
   2.0800000e+02   1.8537527e-01
   2.0900000e+02   1.8710528e-01
   2.1000000e+02   1.8883969e-01
   2.1100000e+02   1.8967080e-01
   2.1200000e+02   1.9050327e-01
   2.1300000e+02   1.9133711e-01
   2.1400000e+02   1.9217232e-01
   2.1500000e+02   1.9300887e-01
   2.1600000e+02   1.9384678e-01
   2.1700000e+02   1.9468603e-01
   2.1800000e+02   1.9552663e-01
   2.1900000e+02   1.9636858e-01
   2.2000000e+02   1.9721185e-01
   2.2100000e+02   1.9805644e-01
   2.2200000e+02   1.9890237e-01
   2.2300000e+02   1.9974960e-01
   2.2400000e+02   2.0059815e-01
   2.2500000e+02   2.0144801e-01
   2.2600000e+02   2.0229916e-01
   2.2700000e+02   2.0315163e-01
   2.2800000e+02   2.0400538e-01
   2.2900000e+02   2.0486040e-01
   2.3000000e+02   2.0571670e-01
   2.3100000e+02   2.0657428e-01
   2.3200000e+02   2.0743310e-01
   2.3300000e+02   2.0829318e-01
   2.3400000e+02   2.0915450e-01
   2.3500000e+02   2.1001707e-01
   2.3600000e+02   2.1088088e-01
   2.3700000e+02   2.1174592e-01
   2.3800000e+02   2.1261218e-01
   2.3900000e+02   2.1347967e-01
   2.4000000e+02   2.1434836e-01
   2.4100000e+02   2.1231803e-01
   2.4200000e+02   2.1028461e-01
   2.4300000e+02   2.0824817e-01
   2.4400000e+02   2.0620878e-01
   2.4500000e+02   2.0416647e-01
   2.4600000e+02   2.0212133e-01
   2.4700000e+02   2.0007339e-01
   2.4800000e+02   1.9802272e-01
   2.4900000e+02   1.9596937e-01
   2.5000000e+02   1.9391340e-01
   2.5100000e+02   1.9185486e-01
   2.5200000e+02   1.8979380e-01
   2.5300000e+02   1.8773025e-01
   2.5400000e+02   1.8566428e-01
   2.5500000e+02   1.8359596e-01
   2.5600000e+02   1.8152528e-01
   2.5700000e+02   1.7945233e-01
   2.5800000e+02   1.7737713e-01
   2.5900000e+02   1.7529973e-01
   2.6000000e+02   1.7322020e-01
   2.6100000e+02   1.7113855e-01
   2.6200000e+02   1.6905482e-01
   2.6300000e+02   1.6696908e-01
   2.6400000e+02   1.6488136e-01
   2.6500000e+02   1.6279168e-01
   2.6600000e+02   1.6070013e-01
   2.6700000e+02   1.5860669e-01
   2.6800000e+02   1.5651144e-01
   2.6900000e+02   1.5441442e-01
   2.7000000e+02   1.5231563e-01
   2.7100000e+02   1.5177087e-01
   2.7200000e+02   1.5122369e-01
   2.7300000e+02   1.5067412e-01
   2.7400000e+02   1.5012217e-01
   2.7500000e+02   1.4956786e-01
   2.7600000e+02   1.4901122e-01
   2.7700000e+02   1.4845228e-01
   2.7800000e+02   1.4789106e-01
   2.7900000e+02   1.4732757e-01
   2.8000000e+02   1.4676185e-01
   2.8100000e+02   1.4619391e-01
   2.8200000e+02   1.4562376e-01
   2.8300000e+02   1.4505143e-01
   2.8400000e+02   1.4447697e-01
   2.8500000e+02   1.4390035e-01
   2.8600000e+02   1.4332163e-01
   2.8700000e+02   1.4274083e-01
   2.8800000e+02   1.4215794e-01
   2.8900000e+02   1.4157301e-01
   2.9000000e+02   1.4098606e-01
   2.9100000e+02   1.4039709e-01
   2.9200000e+02   1.3980614e-01
   2.9300000e+02   1.3921322e-01
   2.9400000e+02   1.3861835e-01
   2.9500000e+02   1.3802154e-01
   2.9600000e+02   1.3742283e-01
   2.9700000e+02   1.3682222e-01
   2.9800000e+02   1.3621974e-01
   2.9900000e+02   1.3561539e-01
   3.0000000e+02   1.3500921e-01
   3.0100000e+02   1.3503893e-01
   3.0200000e+02   1.3506770e-01
   3.0300000e+02   1.3509554e-01
   3.0400000e+02   1.3512245e-01
   3.0500000e+02   1.3514844e-01
   3.0600000e+02   1.3517350e-01
   3.0700000e+02   1.3519768e-01
   3.0800000e+02   1.3522096e-01
   3.0900000e+02   1.3524334e-01
   3.1000000e+02   1.3526484e-01
   3.1100000e+02   1.3528547e-01
   3.1200000e+02   1.3530523e-01
   3.1300000e+02   1.3532412e-01
   3.1400000e+02   1.3534217e-01
   3.1500000e+02   1.3535936e-01
   3.1600000e+02   1.3537571e-01
   3.1700000e+02   1.3539124e-01
   3.1800000e+02   1.3540593e-01
   3.1900000e+02   1.3541980e-01
   3.2000000e+02   1.3543285e-01
   3.2100000e+02   1.3544510e-01
   3.2200000e+02   1.3545655e-01
   3.2300000e+02   1.3546720e-01
   3.2400000e+02   1.3547707e-01
   3.2500000e+02   1.3548616e-01
   3.2600000e+02   1.3549446e-01
   3.2700000e+02   1.3550200e-01
   3.2800000e+02   1.3550878e-01
   3.2900000e+02   1.3551480e-01
   3.3000000e+02   1.3552007e-01
   3.3100000e+02   1.3585690e-01
   3.3200000e+02   1.3619339e-01
   3.3300000e+02   1.3652955e-01
   3.3400000e+02   1.3686539e-01
   3.3500000e+02   1.3720089e-01
   3.3600000e+02   1.3753606e-01
   3.3700000e+02   1.3787092e-01
   3.3800000e+02   1.3820545e-01
   3.3900000e+02   1.3853967e-01
   3.4000000e+02   1.3887356e-01
   3.4100000e+02   1.3920715e-01
   3.4200000e+02   1.3954042e-01
   3.4300000e+02   1.3987337e-01
   3.4400000e+02   1.4020602e-01
   3.4500000e+02   1.4053838e-01
   3.4600000e+02   1.4087042e-01
   3.4700000e+02   1.4120217e-01
   3.4800000e+02   1.4153360e-01
   3.4900000e+02   1.4186475e-01
   3.5000000e+02   1.4219561e-01
   3.5100000e+02   1.4252616e-01
   3.5200000e+02   1.4285643e-01
   3.5300000e+02   1.4318642e-01
   3.5400000e+02   1.4351611e-01
   3.5500000e+02   1.4384553e-01
   3.5600000e+02   1.4417465e-01
   3.5700000e+02   1.4450350e-01
   3.5800000e+02   1.4483209e-01
   3.5900000e+02   1.4516038e-01
   7.1133672e-07   1.4548841e-01
   1.0000007e+00   1.4614254e-01
   2.0000007e+00   1.4679672e-01
   3.0000007e+00   1.4745095e-01
   4.0000010e+00   1.4810522e-01
   5.0000010e+00   1.4875953e-01
   6.0000010e+00   1.4941388e-01
   7.0000010e+00   1.5006828e-01
   8.0000010e+00   1.5072273e-01
   9.0000010e+00   1.5137722e-01
   1.0000001e+01   1.5203175e-01
   1.1000001e+01   1.5268631e-01
   1.2000001e+01   1.5334092e-01
   1.3000001e+01   1.5399557e-01
   1.4000001e+01   1.5465026e-01
   1.5000001e+01   1.5530498e-01
   1.6000000e+01   1.5595974e-01
   1.7000000e+01   1.5661454e-01
   1.8000000e+01   1.5726937e-01
   1.9000000e+01   1.5792425e-01
   2.0000000e+01   1.5857916e-01
   2.1000000e+01   1.5923409e-01
   2.2000000e+01   1.5988907e-01
   2.3000000e+01   1.6054408e-01
   2.4000000e+01   1.6119912e-01
   2.5000000e+01   1.6185419e-01
   2.6000000e+01   1.6250929e-01
   2.7000000e+01   1.6316444e-01
   2.8000000e+01   1.6381960e-01
   2.9000000e+01   1.6447479e-01
   3.0000000e+01   1.6513002e-01
   3.1000000e+01   1.6689931e-01
   3.2000000e+01   1.6866970e-01
   3.3000000e+01   1.7044118e-01
   3.4000000e+01   1.7221375e-01
   3.5000000e+01   1.7398740e-01
   3.6000000e+01   1.7576212e-01
   3.7000000e+01   1.7753789e-01
   3.8000000e+01   1.7931472e-01
   3.9000000e+01   1.8109259e-01
   4.0000000e+01   1.8287149e-01
   4.1000000e+01   1.8465143e-01
   4.2000000e+01   1.8643241e-01
   4.3000000e+01   1.8821438e-01
   4.4000000e+01   1.8999738e-01
   4.5000000e+01   1.9178136e-01
   4.6000000e+01   1.9356635e-01
   4.7000000e+01   1.9535232e-01
   4.8000000e+01   1.9713928e-01
   4.9000000e+01   1.9892721e-01
   5.0000000e+01   2.0071611e-01
   5.1000000e+01   2.0250598e-01
   5.2000000e+01   2.0429680e-01
   5.3000000e+01   2.0608856e-01
   5.4000000e+01   2.0788127e-01
   5.5000000e+01   2.0967492e-01
   5.6000000e+01   2.1146950e-01
   5.7000000e+01   2.1326500e-01
   5.8000000e+01   2.1506143e-01
   5.9000000e+01   2.1685876e-01
   6.0000000e+01   2.1865700e-01
   6.1000000e+01   2.1970738e-01
   6.2000000e+01   2.2075523e-01
   6.3000000e+01   2.2180058e-01
   6.4000000e+01   2.2284342e-01
   6.5000000e+01   2.2388379e-01
   6.6000000e+01   2.2492170e-01
   6.7000000e+01   2.2595720e-01
   6.8000000e+01   2.2699028e-01
   6.9000000e+01   2.2802098e-01
   7.0000000e+01   2.2904931e-01
   7.1000000e+01   2.3007528e-01
   7.2000000e+01   2.3109894e-01
   7.3000000e+01   2.3212029e-01
   7.4000000e+01   2.3313935e-01
   7.5000000e+01   2.3415615e-01
   7.6000000e+01   2.3517069e-01
   7.7000000e+01   2.3618302e-01
   7.8000000e+01   2.3719312e-01
   7.9000000e+01   2.3820105e-01
   8.0000000e+01   2.3920679e-01
   8.1000000e+01   2.4021040e-01
   8.2000000e+01   2.4121186e-01
   8.3000000e+01   2.4221121e-01
   8.4000000e+01   2.4320845e-01
   8.5000000e+01   2.4420363e-01
   8.6000000e+01   2.4519674e-01
   8.7000000e+01   2.4618781e-01
   8.8000000e+01   2.4717686e-01
   8.9000000e+01   2.4816389e-01
   9.0000000e+01   2.4914894e-01
   9.1000000e+01   2.4690703e-01
   9.2000000e+01   2.4466316e-01
   9.3000000e+01   2.4241738e-01
   9.4000000e+01   2.4016964e-01
   9.5000000e+01   2.3791999e-01
   9.6000000e+01   2.3566842e-01
   9.7000000e+01   2.3341496e-01
   9.8000000e+01   2.3115960e-01
   9.9000000e+01   2.2890235e-01
   1.0000000e+02   2.2664323e-01
   1.0100000e+02   2.2438225e-01
   1.0200000e+02   2.2211941e-01
   1.0300000e+02   2.1985471e-01
   1.0400000e+02   2.1758819e-01
   1.0500000e+02   2.1531984e-01
   1.0600000e+02   2.1304967e-01
   1.0700000e+02   2.1077767e-01
   1.0800000e+02   2.0850389e-01
   1.0900000e+02   2.0622830e-01
   1.1000000e+02   2.0395093e-01
   1.1100000e+02   2.0167178e-01
   1.1200000e+02   1.9939087e-01
   1.1300000e+02   1.9710819e-01
   1.1400000e+02   1.9482377e-01
   1.1500000e+02   1.9253761e-01
   1.1600000e+02   1.9024971e-01
   1.1700000e+02   1.8796007e-01
   1.1800000e+02   1.8566874e-01
   1.1900000e+02   1.8337567e-01
   1.2000000e+02   1.8108092e-01
   1.2100000e+02   1.7895448e-01
   1.2200000e+02   1.7682709e-01
   1.2300000e+02   1.7469873e-01
   1.2400000e+02   1.7256941e-01
   1.2500000e+02   1.7043915e-01
   1.2600000e+02   1.6830795e-01
   1.2700000e+02   1.6617580e-01
   1.2800000e+02   1.6404271e-01
   1.2900000e+02   1.6190870e-01
   1.3000000e+02   1.5977378e-01
   1.3100000e+02   1.5763794e-01
   1.3200000e+02   1.5550119e-01
   1.3300000e+02   1.5336353e-01
   1.3400000e+02   1.5122497e-01
   1.3500000e+02   1.4908551e-01
   1.3600000e+02   1.4694518e-01
   1.3700000e+02   1.4480394e-01
   1.3800000e+02   1.4266184e-01
   1.3900000e+02   1.4051886e-01
   1.4000000e+02   1.3837501e-01
   1.4100000e+02   1.3623029e-01
   1.4200000e+02   1.3408472e-01
   1.4300000e+02   1.3193829e-01
   1.4400000e+02   1.2979101e-01
   1.4500000e+02   1.2764287e-01
   1.4600000e+02   1.2549390e-01
   1.4700000e+02   1.2334409e-01
   1.4800000e+02   1.2119344e-01
   1.4900000e+02   1.1904196e-01
   1.5000000e+02   1.1688966e-01
   1.5100000e+02   1.1818366e-01
   1.5200000e+02   1.1947819e-01
   1.5300000e+02   1.2077323e-01
   1.5400000e+02   1.2206877e-01
   1.5500000e+02   1.2336483e-01
   1.5600000e+02   1.2466139e-01
   1.5700000e+02   1.2595844e-01
   1.5800000e+02   1.2725602e-01
   1.5900000e+02   1.2855408e-01
   1.6000000e+02   1.2985265e-01
   1.6100000e+02   1.3115171e-01
   1.6200000e+02   1.3245127e-01
   1.6300000e+02   1.3375132e-01
   1.6400000e+02   1.3505186e-01
   1.6500000e+02   1.3635290e-01
   1.6600000e+02   1.3765441e-01
   1.6700000e+02   1.3895643e-01
   1.6800000e+02   1.4025892e-01
   1.6900000e+02   1.4156190e-01
   1.7000000e+02   1.4286534e-01
   1.7100000e+02   1.4416929e-01
   1.7200000e+02   1.4547370e-01
   1.7300000e+02   1.4677861e-01
   1.7400000e+02   1.4808398e-01
   1.7500000e+02   1.4938983e-01
   1.7600000e+02   1.5069614e-01
   1.7700000e+02   1.5200295e-01
   1.7800000e+02   1.5331021e-01
   1.7900000e+02   1.5461794e-01
   1.8000000e+02   1.5592614e-01
   1.8100000e+02   1.5797497e-01
   1.8200000e+02   1.6002512e-01
   1.8300000e+02   1.6207659e-01
   1.8400000e+02   1.6412935e-01
   1.8500000e+02   1.6618341e-01
   1.8600000e+02   1.6823876e-01
   1.8700000e+02   1.7029540e-01
   1.8800000e+02   1.7235333e-01
   1.8900000e+02   1.7441252e-01
   1.9000000e+02   1.7647298e-01
   1.9100000e+02   1.7853470e-01
   1.9200000e+02   1.8059768e-01
   1.9300000e+02   1.8266191e-01
   1.9400000e+02   1.8472740e-01
   1.9500000e+02   1.8679412e-01
   1.9600000e+02   1.8886207e-01
   1.9700000e+02   1.9093126e-01
   1.9800000e+02   1.9300169e-01
   1.9900000e+02   1.9507332e-01
   2.0000000e+02   1.9714618e-01
   2.0100000e+02   1.9922024e-01
   2.0200000e+02   2.0129551e-01
   2.0300000e+02   2.0337199e-01
   2.0400000e+02   2.0544966e-01
   2.0500000e+02   2.0752852e-01
   2.0600000e+02   2.0960855e-01
   2.0700000e+02   2.1168979e-01
   2.0800000e+02   2.1377219e-01
   2.0900000e+02   2.1585578e-01
   2.1000000e+02   2.1794054e-01
   2.1100000e+02   2.1883237e-01
   2.1200000e+02   2.1972466e-01
   2.1300000e+02   2.2061738e-01
   2.1400000e+02   2.2151056e-01
   2.1500000e+02   2.2240417e-01
   2.1600000e+02   2.2329821e-01
   2.1700000e+02   2.2419268e-01
   2.1800000e+02   2.2508760e-01
   2.1900000e+02   2.2598293e-01
   2.2000000e+02   2.2687872e-01
   2.2100000e+02   2.2777492e-01
   2.2200000e+02   2.2867154e-01
   2.2300000e+02   2.2956860e-01
   2.2400000e+02   2.3046607e-01
   2.2500000e+02   2.3136397e-01
   2.2600000e+02   2.3226228e-01
   2.2700000e+02   2.3316102e-01
   2.2800000e+02   2.3406017e-01
   2.2900000e+02   2.3495972e-01
   2.3000000e+02   2.3585971e-01
   2.3100000e+02   2.3676009e-01
   2.3200000e+02   2.3766090e-01
   2.3300000e+02   2.3856211e-01
   2.3400000e+02   2.3946372e-01
   2.3500000e+02   2.4036574e-01
   2.3600000e+02   2.4126816e-01
   2.3700000e+02   2.4217099e-01
   2.3800000e+02   2.4307421e-01
   2.3900000e+02   2.4397784e-01
   2.4000000e+02   2.4488187e-01
   2.4100000e+02   2.4266137e-01
   2.4200000e+02   2.4044079e-01
   2.4300000e+02   2.3822011e-01
   2.4400000e+02   2.3599935e-01
   2.4500000e+02   2.3377848e-01
   2.4600000e+02   2.3155752e-01
   2.4700000e+02   2.2933647e-01
   2.4800000e+02   2.2711530e-01
   2.4900000e+02   2.2489405e-01
   2.5000000e+02   2.2267269e-01
   2.5100000e+02   2.2045124e-01
   2.5200000e+02   2.1822967e-01
   2.5300000e+02   2.1600801e-01
   2.5400000e+02   2.1378623e-01
   2.5500000e+02   2.1156436e-01
   2.5600000e+02   2.0934238e-01
   2.5700000e+02   2.0712028e-01
   2.5800000e+02   2.0489809e-01
   2.5900000e+02   2.0267577e-01
   2.6000000e+02   2.0045336e-01
   2.6100000e+02   1.9823082e-01
   2.6200000e+02   1.9600818e-01
   2.6300000e+02   1.9378543e-01
   2.6400000e+02   1.9156255e-01
   2.6500000e+02   1.8933956e-01
   2.6600000e+02   1.8711646e-01
   2.6700000e+02   1.8489324e-01
   2.6800000e+02   1.8266991e-01
   2.6900000e+02   1.8044645e-01
   2.7000000e+02   1.7822288e-01
   2.7100000e+02   1.7744863e-01
   2.7200000e+02   1.7667407e-01
   2.7300000e+02   1.7589918e-01
   2.7400000e+02   1.7512394e-01
   2.7500000e+02   1.7434840e-01
   2.7600000e+02   1.7357251e-01
   2.7700000e+02   1.7279631e-01
   2.7800000e+02   1.7201978e-01
   2.7900000e+02   1.7124292e-01
   2.8000000e+02   1.7046575e-01
   2.8100000e+02   1.6968825e-01
   2.8200000e+02   1.6891043e-01
   2.8300000e+02   1.6813231e-01
   2.8400000e+02   1.6735384e-01
   2.8500000e+02   1.6657507e-01
   2.8600000e+02   1.6579598e-01
   2.8700000e+02   1.6501659e-01
   2.8800000e+02   1.6423687e-01
   2.8900000e+02   1.6345684e-01
   2.9000000e+02   1.6267650e-01
   2.9100000e+02   1.6189584e-01
   2.9200000e+02   1.6111489e-01
   2.9300000e+02   1.6033362e-01
   2.9400000e+02   1.5955204e-01
   2.9500000e+02   1.5877014e-01
   2.9600000e+02   1.5798795e-01
   2.9700000e+02   1.5720546e-01
   2.9800000e+02   1.5642266e-01
   2.9900000e+02   1.5563956e-01
   3.0000000e+02   1.5485615e-01
   3.0100000e+02   1.5477923e-01
   3.0200000e+02   1.5470220e-01
   3.0300000e+02   1.5462509e-01
   3.0400000e+02   1.5454789e-01
   3.0500000e+02   1.5447058e-01
   3.0600000e+02   1.5439318e-01
   3.0700000e+02   1.5431568e-01
   3.0800000e+02   1.5423809e-01
   3.0900000e+02   1.5416041e-01
   3.1000000e+02   1.5408264e-01
   3.1100000e+02   1.5400477e-01
   3.1200000e+02   1.5392680e-01
   3.1300000e+02   1.5384875e-01
   3.1400000e+02   1.5377061e-01
   3.1500000e+02   1.5369238e-01
   3.1600000e+02   1.5361406e-01
   3.1700000e+02   1.5353563e-01
   3.1800000e+02   1.5345713e-01
   3.1900000e+02   1.5337855e-01
   3.2000000e+02   1.5329985e-01
   3.2100000e+02   1.5322109e-01
   3.2200000e+02   1.5314223e-01
   3.2300000e+02   1.5306328e-01
   3.2400000e+02   1.5298425e-01
   3.2500000e+02   1.5290512e-01
   3.2600000e+02   1.5282592e-01
   3.2700000e+02   1.5274662e-01
   3.2800000e+02   1.5266724e-01
   3.2900000e+02   1.5258777e-01
   3.3000000e+02   1.5250823e-01
   3.3100000e+02   1.5279582e-01
   3.3200000e+02   1.5308343e-01
   3.3300000e+02   1.5337107e-01
   3.3400000e+02   1.5365873e-01
   3.3500000e+02   1.5394641e-01
   3.3600000e+02   1.5423414e-01
   3.3700000e+02   1.5452188e-01
   3.3800000e+02   1.5480965e-01
   3.3900000e+02   1.5509745e-01
   3.4000000e+02   1.5538529e-01
   3.4100000e+02   1.5567313e-01
   3.4200000e+02   1.5596102e-01
   3.4300000e+02   1.5624893e-01
   3.4400000e+02   1.5653686e-01
   3.4500000e+02   1.5682483e-01
   3.4600000e+02   1.5711282e-01
   3.4700000e+02   1.5740085e-01
   3.4800000e+02   1.5768889e-01
   3.4900000e+02   1.5797697e-01
   3.5000000e+02   1.5826507e-01
   3.5100000e+02   1.5855320e-01
   3.5200000e+02   1.5884137e-01
   3.5300000e+02   1.5912956e-01
   3.5400000e+02   1.5941778e-01
   3.5500000e+02   1.5970603e-01
   3.5600000e+02   1.5999430e-01
   3.5700000e+02   1.6028261e-01
   3.5800000e+02   1.6057095e-01
   3.5900000e+02   1.6085930e-01
   1.4226848e-06   1.6114770e-01
