   0.0000000e+00   5.7323837e-01
   1.0000000e+00   4.1515031e-01
   2.0000000e+00   4.1497609e-01
   3.0000000e+00   4.1529468e-01
   4.0000000e+00   4.1561550e-01
   5.0000000e+00   4.1593784e-01
   6.0000000e+00   4.1626167e-01
   7.0000000e+00   4.1658705e-01
   8.0000000e+00   4.1691399e-01
   9.0000000e+00   4.1724241e-01
   1.0000000e+01   4.1757238e-01
   1.1000000e+01   4.1790390e-01
   1.2000000e+01   4.1823694e-01
   1.3000000e+01   4.1857147e-01
   1.4000000e+01   4.1890755e-01
   1.5000000e+01   4.1924515e-01
   1.6000000e+01   4.1958427e-01
   1.7000000e+01   4.1992491e-01
   1.8000000e+01   4.2026705e-01
   1.9000000e+01   4.2061070e-01
   2.0000000e+01   4.2095587e-01
   2.1000000e+01   4.2130250e-01
   2.2000000e+01   4.2165062e-01
   2.3000000e+01   4.2200026e-01
   2.4000000e+01   4.2235139e-01
   2.5000000e+01   4.2270395e-01
   2.6000000e+01   4.2305800e-01
   2.7000000e+01   4.2341354e-01
   2.8000000e+01   4.2377052e-01
   2.9000000e+01   4.2412898e-01
   3.0000000e+01   4.2448890e-01
   3.1000000e+01   4.2399207e-01
   3.2000000e+01   4.2349911e-01
   3.3000000e+01   4.2301005e-01
   3.4000000e+01   4.2252484e-01
   3.5000000e+01   4.2204344e-01
   3.6000000e+01   4.2156586e-01
   3.7000000e+01   4.2109200e-01
   3.8000000e+01   4.2062187e-01
   3.9000000e+01   4.2015547e-01
   4.0000000e+01   4.1969270e-01
   4.1000000e+01   4.1923353e-01
   4.2000000e+01   4.1877797e-01
   4.3000000e+01   4.1832599e-01
   4.4000000e+01   4.1787750e-01
   4.5000000e+01   4.1743249e-01
   4.6000000e+01   4.1699097e-01
   4.7000000e+01   4.1655284e-01
   4.8000000e+01   4.1611814e-01
   4.9000000e+01   4.1568682e-01
   5.0000000e+01   4.1525882e-01
   5.1000000e+01   4.1483414e-01
   5.2000000e+01   4.1441271e-01
   5.3000000e+01   4.1399458e-01
   5.4000000e+01   4.1357967e-01
   5.5000000e+01   4.1316795e-01
   5.6000000e+01   4.1275936e-01
   5.7000000e+01   4.1235390e-01
   5.8000000e+01   4.1195151e-01
   5.9000000e+01   4.1155219e-01
   6.0000000e+01   4.1115588e-01
   6.1000000e+01   4.1256961e-01
   6.2000000e+01   4.1397595e-01
   6.3000000e+01   4.1537488e-01
   6.4000000e+01   4.1676658e-01
   6.5000000e+01   4.1815102e-01
   6.6000000e+01   4.1952831e-01
   6.7000000e+01   4.2089844e-01
   6.8000000e+01   4.2226157e-01
   6.9000000e+01   4.2361772e-01
   7.0000000e+01   4.2496690e-01
   7.1000000e+01   4.2630929e-01
   7.2000000e+01   4.2764482e-01
   7.3000000e+01   4.2897367e-01
   7.4000000e+01   4.3029583e-01
   7.5000000e+01   4.3161139e-01
   7.6000000e+01   4.3292040e-01
   7.7000000e+01   4.3422288e-01
   7.8000000e+01   4.3551892e-01
   7.9000000e+01   4.3680859e-01
   8.0000000e+01   4.3809193e-01
   8.1000000e+01   4.3936902e-01
   8.2000000e+01   4.4063994e-01
   8.3000000e+01   4.4190475e-01
   8.4000000e+01   4.4316351e-01
   8.5000000e+01   4.4441628e-01
   8.6000000e+01   4.4566309e-01
   8.7000000e+01   4.4690403e-01
   8.8000000e+01   4.4813913e-01
   8.9000000e+01   4.4936848e-01
   9.0000000e+01   4.5059207e-01
   9.1000000e+01   4.4421291e-01
   9.2000000e+01   4.3782231e-01
   9.3000000e+01   4.3142042e-01
   9.4000000e+01   4.2500743e-01
   9.5000000e+01   4.1858354e-01
   9.6000000e+01   4.1214892e-01
   9.7000000e+01   4.0570372e-01
   9.8000000e+01   3.9924818e-01
   9.9000000e+01   3.9278245e-01
   1.0000000e+02   3.8630673e-01
   1.0100000e+02   3.7982121e-01
   1.0200000e+02   3.7332603e-01
   1.0300000e+02   3.6682141e-01
   1.0400000e+02   3.6030748e-01
   1.0500000e+02   3.5378447e-01
   1.0600000e+02   3.4725252e-01
   1.0700000e+02   3.4071550e-01
   1.0800000e+02   3.3417165e-01
   1.0900000e+02   3.2761833e-01
   1.1000000e+02   3.2105568e-01
   1.1100000e+02   3.1448385e-01
   1.1200000e+02   3.0790299e-01
   1.1300000e+02   3.0131325e-01
   1.1400000e+02   2.9471481e-01
   1.1500000e+02   2.8810769e-01
   1.1600000e+02   2.8149217e-01
   1.1700000e+02   2.7486837e-01
   1.1800000e+02   2.6823643e-01
   1.1900000e+02   2.6159650e-01
   1.2000000e+02   2.5494874e-01
   1.2100000e+02   2.4605264e-01
   1.2200000e+02   2.3718667e-01
   1.2300000e+02   2.2835054e-01
   1.2400000e+02   2.1954389e-01
   1.2500000e+02   2.1076643e-01
   1.2600000e+02   2.0201787e-01
   1.2700000e+02   1.9329792e-01
   1.2800000e+02   1.8460630e-01
   1.2900000e+02   1.7594272e-01
   1.3000000e+02   1.6730690e-01
   1.3100000e+02   1.5869857e-01
   1.3200000e+02   1.5011744e-01
   1.3300000e+02   1.4156324e-01
   1.3400000e+02   1.3303567e-01
   1.3500000e+02   1.2453448e-01
   1.3600000e+02   1.1605936e-01
   1.3700000e+02   1.0761007e-01
   1.3800000e+02   9.9186309e-02
   1.3900000e+02   9.0787835e-02
   1.4000000e+02   8.2414381e-02
   1.4100000e+02   7.4065685e-02
   1.4200000e+02   6.5741509e-02
   1.4300000e+02   5.7441574e-02
   1.4400000e+02   4.9165629e-02
   1.4500000e+02   4.0913429e-02
   1.4600000e+02   3.2684721e-02
   1.4700000e+02   2.4479266e-02
   1.4800000e+02   1.6296823e-02
   1.4900000e+02   8.1371451e-03
   1.5000000e+02   2.7477397e-19
   1.5100000e+02  -2.0327112e-19
   1.5200000e+02  -2.7477397e-19
   1.5300000e+02   2.7477397e-19
   1.5400000e+02   0.0000000e+00
   1.5500000e+02   1.6751971e-19
   1.5600000e+02  -3.5751431e-20
   1.5700000e+02  -3.5751431e-20
   1.5800000e+02   1.3738698e-19
   1.5900000e+02   0.0000000e+00
   1.6000000e+02  -1.3738698e-19
   1.6100000e+02  -9.5507068e-20
   1.6200000e+02   0.0000000e+00
   1.6300000e+02   2.4291655e-20
   1.6400000e+02  -2.6111231e-20
   1.6500000e+02  -7.0234561e-22
   1.6600000e+02  -1.7875716e-20
   1.6700000e+02   6.8693492e-20
   1.6800000e+02  -3.5751431e-20
   1.6900000e+02  -3.5751431e-20
   1.7000000e+02   0.0000000e+00
   1.7100000e+02  -6.5884115e-20
   1.7200000e+02   0.0000000e+00
   1.7300000e+02   0.0000000e+00
   1.7400000e+02   6.2105082e-19
   1.7500000e+02   7.1502862e-20
   1.7600000e+02   7.1502862e-20
   1.7700000e+02  -3.4627683e-19
   1.7800000e+02  -3.4627683e-19
   1.7900000e+02   0.0000000e+00
   1.8000000e+02   8.2174012e-10
   1.8100000e+02   4.7389832e-03
   1.8200000e+02   9.4617745e-03
   1.8300000e+02   1.4168588e-02
   1.8400000e+02   1.8859634e-02
   1.8500000e+02   2.3535121e-02
   1.8600000e+02   2.8195253e-02
   1.8700000e+02   3.2840233e-02
   1.8800000e+02   3.7470266e-02
   1.8900000e+02   4.2085551e-02
   1.9000000e+02   4.6686277e-02
   1.9100000e+02   5.1272649e-02
   1.9200000e+02   5.5844847e-02
   1.9300000e+02   6.0403064e-02
   1.9400000e+02   6.4947478e-02
   1.9500000e+02   6.9478281e-02
   1.9600000e+02   7.3995642e-02
   1.9700000e+02   7.8499742e-02
   1.9800000e+02   8.2990743e-02
   1.9900000e+02   8.7468825e-02
   2.0000000e+02   9.1934152e-02
   2.0100000e+02   9.6386872e-02
   2.0200000e+02   1.0082717e-01
   2.0300000e+02   1.0525519e-01
   2.0400000e+02   1.0967112e-01
   2.0500000e+02   1.1407510e-01
   2.0600000e+02   1.1846730e-01
   2.0700000e+02   1.2284787e-01
   2.0800000e+02   1.2721696e-01
   2.0900000e+02   1.3157475e-01
   2.1000000e+02   1.3592136e-01
   2.1100000e+02   1.4418811e-01
   2.1200000e+02   1.5245830e-01
   2.1300000e+02   1.6073185e-01
   2.1400000e+02   1.6900870e-01
   2.1500000e+02   1.7728873e-01
   2.1600000e+02   1.8557185e-01
   2.1700000e+02   1.9385797e-01
   2.1800000e+02   2.0214701e-01
   2.1900000e+02   2.1043886e-01
   2.2000000e+02   2.1873349e-01
   2.2100000e+02   2.2703075e-01
   2.2200000e+02   2.3533061e-01
   2.2300000e+02   2.4363297e-01
   2.2400000e+02   2.5193775e-01
   2.2500000e+02   2.6024485e-01
   2.2600000e+02   2.6855421e-01
   2.2700000e+02   2.7686575e-01
   2.2800000e+02   2.8517941e-01
   2.2900000e+02   2.9349509e-01
   2.3000000e+02   3.0181274e-01
   2.3100000e+02   3.1013229e-01
   2.3200000e+02   3.1845364e-01
   2.3300000e+02   3.2677671e-01
   2.3400000e+02   3.3510152e-01
   2.3500000e+02   3.4342790e-01
   2.3600000e+02   3.5175583e-01
   2.3700000e+02   3.6008528e-01
   2.3800000e+02   3.6841610e-01
   2.3900000e+02   3.7674829e-01
   2.4000000e+02   3.8507962e-01
   2.4100000e+02   3.8403389e-01
   2.4200000e+02   3.8299394e-01
   2.4300000e+02   3.8195968e-01
   2.4400000e+02   3.8093111e-01
   2.4500000e+02   3.7990820e-01
   2.4600000e+02   3.7889084e-01
   2.4700000e+02   3.7787905e-01
   2.4800000e+02   3.7687275e-01
   2.4900000e+02   3.7587190e-01
   2.5000000e+02   3.7487644e-01
   2.5100000e+02   3.7388638e-01
   2.5200000e+02   3.7290162e-01
   2.5300000e+02   3.7192214e-01
   2.5400000e+02   3.7094787e-01
   2.5500000e+02   3.6997879e-01
   2.5600000e+02   3.6901489e-01
   2.5700000e+02   3.6805606e-01
   2.5800000e+02   3.6710230e-01
   2.5900000e+02   3.6615357e-01
   2.6000000e+02   3.6520982e-01
   2.6100000e+02   3.6427101e-01
   2.6200000e+02   3.6333707e-01
   2.6300000e+02   3.6240801e-01
   2.6400000e+02   3.6148375e-01
   2.6500000e+02   3.6056429e-01
   2.6600000e+02   3.5964957e-01
   2.6700000e+02   3.5873953e-01
   2.6800000e+02   3.5783431e-01
   2.6900000e+02   3.5693383e-01
   2.7000000e+02   3.5603797e-01
   2.7100000e+02   3.5572624e-01
   2.7200000e+02   3.5541403e-01
   2.7300000e+02   3.5510132e-01
   2.7400000e+02   3.5478809e-01
   2.7500000e+02   3.5447440e-01
   2.7600000e+02   3.5416016e-01
   2.7700000e+02   3.5384551e-01
   2.7800000e+02   3.5353035e-01
   2.7900000e+02   3.5321468e-01
   2.8000000e+02   3.5289860e-01
   2.8100000e+02   3.5258201e-01
   2.8200000e+02   3.5226500e-01
   2.8300000e+02   3.5194749e-01
   2.8400000e+02   3.5162956e-01
   2.8500000e+02   3.5131115e-01
   2.8600000e+02   3.5099235e-01
   2.8700000e+02   3.5067305e-01
   2.8800000e+02   3.5035336e-01
   2.8900000e+02   3.5003322e-01
   2.9000000e+02   3.4971267e-01
   2.9100000e+02   3.4939170e-01
   2.9200000e+02   3.4907031e-01
   2.9300000e+02   3.4874851e-01
   2.9400000e+02   3.4842628e-01
   2.9500000e+02   3.4810367e-01
   2.9600000e+02   3.4778064e-01
   2.9700000e+02   3.4745723e-01
   2.9800000e+02   3.4713343e-01
   2.9900000e+02   3.4680924e-01
   3.0000000e+02   3.4648463e-01
   3.0100000e+02   3.4649831e-01
   3.0200000e+02   3.4651184e-01
   3.0300000e+02   3.4652528e-01
   3.0400000e+02   3.4653857e-01
   3.0500000e+02   3.4655175e-01
   3.0600000e+02   3.4656483e-01
   3.0700000e+02   3.4657779e-01
   3.0800000e+02   3.4659061e-01
   3.0900000e+02   3.4660333e-01
   3.1000000e+02   3.4661594e-01
   3.1100000e+02   3.4662843e-01
   3.1200000e+02   3.4664083e-01
   3.1300000e+02   3.4665310e-01
   3.1400000e+02   3.4666526e-01
   3.1500000e+02   3.4667733e-01
   3.1600000e+02   3.4668928e-01
   3.1700000e+02   3.4670115e-01
   3.1800000e+02   3.4671289e-01
   3.1900000e+02   3.4672451e-01
   3.2000000e+02   3.4673604e-01
   3.2100000e+02   3.4674752e-01
   3.2200000e+02   3.4675884e-01
   3.2300000e+02   3.4677011e-01
   3.2400000e+02   3.4678125e-01
   3.2500000e+02   3.4679234e-01
   3.2600000e+02   3.4680328e-01
   3.2700000e+02   3.4681419e-01
   3.2800000e+02   3.4682497e-01
   3.2900000e+02   3.4683570e-01
   3.3000000e+02   3.4684634e-01
   3.3100000e+02   3.4715220e-01
   3.3200000e+02   3.4745809e-01
   3.3300000e+02   3.4776399e-01
   3.3400000e+02   3.4806994e-01
   3.3500000e+02   3.4837592e-01
   3.3600000e+02   3.4868190e-01
   3.3700000e+02   3.4898794e-01
   3.3800000e+02   3.4929398e-01
   3.3900000e+02   3.4960005e-01
   3.4000000e+02   3.4990618e-01
   3.4100000e+02   3.5021231e-01
   3.4200000e+02   3.5051849e-01
   3.4300000e+02   3.5082471e-01
   3.4400000e+02   3.5113093e-01
   3.4500000e+02   3.5143724e-01
   3.4600000e+02   3.5174355e-01
   3.4700000e+02   3.5204992e-01
   3.4800000e+02   3.5235628e-01
   3.4900000e+02   3.5266268e-01
   3.5000000e+02   3.5296914e-01
   3.5100000e+02   3.5327566e-01
   3.5200000e+02   3.5358220e-01
   3.5300000e+02   3.5388875e-01
   3.5400000e+02   3.5419539e-01
   3.5500000e+02   3.5450202e-01
   3.5600000e+02   3.5480872e-01
   3.5700000e+02   3.5511544e-01
   3.5800000e+02   3.5542220e-01
   3.5900000e+02   3.5572901e-01
