   0.0000000e+00   3.1377291e+01
   1.0000000e+00   3.1377291e+01
   2.0000000e+00   3.1285355e+01
   3.0000000e+00   3.1167801e+01
   4.0000000e+00   3.1040197e+01
   5.0000000e+00   3.0902586e+01
   6.0000000e+00   3.0754986e+01
   7.0000000e+00   3.0597429e+01
   8.0000000e+00   3.0429953e+01
   9.0000000e+00   3.0252596e+01
   1.0000000e+01   3.0065413e+01
   1.1000000e+01   2.9868458e+01
   1.2000000e+01   2.9661800e+01
   1.3000000e+01   2.9445507e+01
   1.4000000e+01   2.9219660e+01
   1.5000000e+01   2.8984348e+01
   1.6000000e+01   2.8739664e+01
   1.7000000e+01   2.8485714e+01
   1.8000000e+01   2.8222603e+01
   1.9000000e+01   2.7950457e+01
   2.0000000e+01   2.7669395e+01
   2.1000000e+01   2.7379560e+01
   2.2000000e+01   2.7081091e+01
   2.3000000e+01   2.6774139e+01
   2.4000000e+01   2.6458864e+01
   2.5000000e+01   2.6135435e+01
   2.6000000e+01   2.5804026e+01
   2.7000000e+01   2.5464821e+01
   2.8000000e+01   2.5118008e+01
   2.9000000e+01   2.4763790e+01
   3.0000000e+01   2.4402372e+01
   3.1000000e+01   2.4061899e+01
   3.2000000e+01   2.3714535e+01
   3.3000000e+01   2.3360500e+01
   3.4000000e+01   2.3000021e+01
   3.5000000e+01   2.2633324e+01
   3.6000000e+01   2.2260649e+01
   3.7000000e+01   2.1882236e+01
   3.8000000e+01   2.1498337e+01
   3.9000000e+01   2.1109196e+01
   4.0000000e+01   2.0715078e+01
   4.1000000e+01   2.0316240e+01
   4.2000000e+01   1.9912947e+01
   4.3000000e+01   1.9505466e+01
   4.4000000e+01   1.9094070e+01
   4.5000000e+01   1.8679033e+01
   4.6000000e+01   1.8260624e+01
   4.7000000e+01   1.7839127e+01
   4.8000000e+01   1.7414814e+01
   4.9000000e+01   1.6987965e+01
   5.0000000e+01   1.6558857e+01
   5.1000000e+01   1.6127769e+01
   5.2000000e+01   1.5694975e+01
   5.3000000e+01   1.5260751e+01
   5.4000000e+01   1.4825370e+01
   5.5000000e+01   1.4389101e+01
   5.6000000e+01   1.3952212e+01
   5.7000000e+01   1.3514967e+01
   5.8000000e+01   1.3077627e+01
   5.9000000e+01   1.2640449e+01
   6.0000000e+01   1.2203682e+01
   6.1000000e+01   1.1712500e+01
   6.2000000e+01   1.1223024e+01
   6.3000000e+01   1.0735500e+01
   6.4000000e+01   1.0250161e+01
   6.5000000e+01   9.7672358e+00
   6.6000000e+01   9.2869434e+00
   6.7000000e+01   8.8095007e+00
   6.8000000e+01   8.3351078e+00
   6.9000000e+01   7.8639636e+00
   7.0000000e+01   7.3962584e+00
   7.1000000e+01   6.9321713e+00
   7.2000000e+01   6.4718742e+00
   7.3000000e+01   6.0155320e+00
   7.4000000e+01   5.5632992e+00
   7.5000000e+01   5.1153231e+00
   7.6000000e+01   4.6717405e+00
   7.7000000e+01   4.2326818e+00
   7.8000000e+01   3.7982709e+00
   7.9000000e+01   3.3686204e+00
   8.0000000e+01   2.9438374e+00
   8.1000000e+01   2.5240197e+00
   8.2000000e+01   2.1092582e+00
   8.3000000e+01   1.6996362e+00
   8.4000000e+01   1.2952282e+00
   8.5000000e+01   8.9610291e-01
   8.6000000e+01   5.0232232e-01
   8.7000000e+01   1.1394159e-01
   8.8000000e+01  -2.6899198e-01
   8.9000000e+01  -6.4643645e-01
   9.0000000e+01  -1.0183563e+00
   9.1000000e+01  -1.2002336e+00
   9.2000000e+01  -1.3784331e+00
   9.3000000e+01  -1.5529072e+00
   9.4000000e+01  -1.7236108e+00
   9.5000000e+01  -1.8905010e+00
   9.6000000e+01  -2.0535376e+00
   9.7000000e+01  -2.2126827e+00
   9.8000000e+01  -2.3679016e+00
   9.9000000e+01  -2.5191612e+00
   1.0000000e+02  -2.6664312e+00
   1.0100000e+02  -2.8096831e+00
   1.0200000e+02  -2.9488907e+00
   1.0300000e+02  -3.0840299e+00
   1.0400000e+02  -3.2150779e+00
   1.0500000e+02  -3.3420138e+00
   1.0600000e+02  -3.4648190e+00
   1.0700000e+02  -3.5835388e+00
   1.0800000e+02  -3.6981232e+00
   1.0900000e+02  -3.8085115e+00
   1.1000000e+02  -3.9146905e+00
   1.1100000e+02  -4.0166473e+00
   1.1200000e+02  -4.1143713e+00
   1.1300000e+02  -4.2078519e+00
   1.1400000e+02  -4.2970796e+00
   1.1500000e+02  -4.3820462e+00
   1.1600000e+02  -4.4627423e+00
   1.1700000e+02  -4.5391617e+00
   1.1800000e+02  -4.6112981e+00
   1.1900000e+02  -4.6791449e+00
   1.2000000e+02  -4.7426963e+00
   1.2100000e+02  -4.7710128e+00
   1.2200000e+02  -4.7959785e+00
   1.2300000e+02  -4.8175592e+00
   1.2400000e+02  -4.8357253e+00
   1.2500000e+02  -4.8504443e+00
   1.2600000e+02  -4.8616862e+00
   1.2700000e+02  -4.8694224e+00
   1.2800000e+02  -4.8736224e+00
   1.2900000e+02  -4.8742580e+00
   1.3000000e+02  -4.8713007e+00
   1.3100000e+02  -4.8647227e+00
   1.3200000e+02  -4.8544960e+00
   1.3300000e+02  -4.8405929e+00
   1.3400000e+02  -4.8229866e+00
   1.3500000e+02  -4.8016486e+00
   1.3600000e+02  -4.7765527e+00
   1.3700000e+02  -4.7476707e+00
   1.3800000e+02  -4.7149763e+00
   1.3900000e+02  -4.6784406e+00
   1.4000000e+02  -4.6380382e+00
   1.4100000e+02  -4.5937400e+00
   1.4200000e+02  -4.5455184e+00
   1.4300000e+02  -4.4933462e+00
   1.4400000e+02  -4.4371948e+00
   1.4500000e+02  -4.3770351e+00
   1.4600000e+02  -4.3128390e+00
   1.4700000e+02  -4.2445769e+00
   1.4800000e+02  -4.1722193e+00
   1.4900000e+02  -4.0957365e+00
   1.5000000e+02  -4.0150971e+00
   1.5100000e+02  -4.0888481e+00
   1.5200000e+02  -4.1578565e+00
   1.5300000e+02  -4.2221522e+00
   1.5400000e+02  -4.2817645e+00
   1.5500000e+02  -4.3367209e+00
   1.5600000e+02  -4.3870492e+00
   1.5700000e+02  -4.4327745e+00
   1.5800000e+02  -4.4739227e+00
   1.5900000e+02  -4.5105166e+00
   1.6000000e+02  -4.5425801e+00
   1.6100000e+02  -4.5701346e+00
   1.6200000e+02  -4.5932007e+00
   1.6300000e+02  -4.6117992e+00
   1.6400000e+02  -4.6259480e+00
   1.6500000e+02  -4.6356654e+00
   1.6600000e+02  -4.6409678e+00
   1.6700000e+02  -4.6418710e+00
   1.6800000e+02  -4.6383896e+00
   1.6900000e+02  -4.6305375e+00
   1.7000000e+02  -4.6183271e+00
   1.7100000e+02  -4.6017704e+00
   1.7200000e+02  -4.5808773e+00
   1.7300000e+02  -4.5556579e+00
   1.7400000e+02  -4.5261207e+00
   1.7500000e+02  -4.4922733e+00
   1.7600000e+02  -4.4541230e+00
   1.7700000e+02  -4.4116735e+00
   1.7800000e+02  -4.3649321e+00
   1.7900000e+02  -4.3139009e+00
   1.8000000e+02  -4.2585831e+00
   1.8100000e+02  -4.2893624e+00
   1.8200000e+02  -4.3157001e+00
   1.8300000e+02  -4.3376346e+00
   1.8400000e+02  -4.3552041e+00
   1.8500000e+02  -4.3684449e+00
   1.8600000e+02  -4.3773923e+00
   1.8700000e+02  -4.3820806e+00
   1.8800000e+02  -4.3825426e+00
   1.8900000e+02  -4.3788109e+00
   1.9000000e+02  -4.3709145e+00
   1.9100000e+02  -4.3588834e+00
   1.9200000e+02  -4.3427467e+00
   1.9300000e+02  -4.3225312e+00
   1.9400000e+02  -4.2982635e+00
   1.9500000e+02  -4.2699690e+00
   1.9600000e+02  -4.2376723e+00
   1.9700000e+02  -4.2013969e+00
   1.9800000e+02  -4.1611657e+00
   1.9900000e+02  -4.1170011e+00
   2.0000000e+02  -4.0689235e+00
   2.0100000e+02  -4.0169539e+00
   2.0200000e+02  -3.9611113e+00
   2.0300000e+02  -3.9014158e+00
   2.0400000e+02  -3.8378859e+00
   2.0500000e+02  -3.7705390e+00
   2.0600000e+02  -3.6993928e+00
   2.0700000e+02  -3.6244645e+00
   2.0800000e+02  -3.5457702e+00
   2.0900000e+02  -3.4633262e+00
   2.1000000e+02  -3.3771482e+00
   2.1100000e+02  -3.3757000e+00
   2.1200000e+02  -3.3713353e+00
   2.1300000e+02  -3.3640947e+00
   2.1400000e+02  -3.3540184e+00
   2.1500000e+02  -3.3411467e+00
   2.1600000e+02  -3.3255198e+00
   2.1700000e+02  -3.3071773e+00
   2.1800000e+02  -3.2861600e+00
   2.1900000e+02  -3.2625079e+00
   2.2000000e+02  -3.2362611e+00
   2.2100000e+02  -3.2074604e+00
   2.2200000e+02  -3.1761467e+00
   2.2300000e+02  -3.1423604e+00
   2.2400000e+02  -3.1061432e+00
   2.2500000e+02  -3.0675366e+00
   2.2600000e+02  -3.0265825e+00
   2.2700000e+02  -2.9833229e+00
   2.2800000e+02  -2.9378011e+00
   2.2900000e+02  -2.8900604e+00
   2.3000000e+02  -2.8401444e+00
   2.3100000e+02  -2.7880979e+00
   2.3200000e+02  -2.7339654e+00
   2.3300000e+02  -2.6777935e+00
   2.3400000e+02  -2.6196280e+00
   2.3500000e+02  -2.5595162e+00
   2.3600000e+02  -2.4975066e+00
   2.3700000e+02  -2.4336481e+00
   2.3800000e+02  -2.3679907e+00
   2.3900000e+02  -2.3005846e+00
   2.4000000e+02  -2.2314467e+00
   2.4100000e+02  -1.9349750e+00
   2.4200000e+02  -1.6342405e+00
   2.4300000e+02  -1.3292450e+00
   2.4400000e+02  -1.0199915e+00
   2.4500000e+02  -7.0648587e-01
   2.4600000e+02  -3.8873637e-01
   2.4700000e+02  -6.6753559e-02
   2.4800000e+02   2.5944874e-01
   2.4900000e+02   5.8985436e-01
   2.5000000e+02   9.2444408e-01
   2.5100000e+02   1.2631954e+00
   2.5200000e+02   1.6060828e+00
   2.5300000e+02   1.9530772e+00
   2.5400000e+02   2.3041461e+00
   2.5500000e+02   2.6592534e+00
   2.5600000e+02   3.0183587e+00
   2.5700000e+02   3.3814189e+00
   2.5800000e+02   3.7483857e+00
   2.5900000e+02   4.1192074e+00
   2.6000000e+02   4.4938273e+00
   2.6100000e+02   4.8721852e+00
   2.6200000e+02   5.2542157e+00
   2.6300000e+02   5.6398497e+00
   2.6400000e+02   6.0290122e+00
   2.6500000e+02   6.4216242e+00
   2.6600000e+02   6.8176007e+00
   2.6700000e+02   7.2168541e+00
   2.6800000e+02   7.6192851e+00
   2.6900000e+02   8.0247965e+00
   2.7000000e+02   8.4332848e+00
   2.7100000e+02   8.8214684e+00
   2.7200000e+02   9.2123604e+00
   2.7300000e+02   9.6058474e+00
   2.7400000e+02   1.0001814e+01
   2.7500000e+02   1.0400134e+01
   2.7600000e+02   1.0800683e+01
   2.7700000e+02   1.1203328e+01
   2.7800000e+02   1.1607930e+01
   2.7900000e+02   1.2014348e+01
   2.8000000e+02   1.2422433e+01
   2.8100000e+02   1.2832033e+01
   2.8200000e+02   1.3242992e+01
   2.8300000e+02   1.3655146e+01
   2.8400000e+02   1.4068329e+01
   2.8500000e+02   1.4482369e+01
   2.8600000e+02   1.4897091e+01
   2.8700000e+02   1.5312315e+01
   2.8800000e+02   1.5727855e+01
   2.8900000e+02   1.6143524e+01
   2.9000000e+02   1.6559130e+01
   2.9100000e+02   1.6974474e+01
   2.9200000e+02   1.7389359e+01
   2.9300000e+02   1.7803579e+01
   2.9400000e+02   1.8216932e+01
   2.9500000e+02   1.8629208e+01
   2.9600000e+02   1.9040192e+01
   2.9700000e+02   1.9449673e+01
   2.9800000e+02   1.9857433e+01
   2.9900000e+02   2.0263254e+01
   3.0000000e+02   2.0666916e+01
   3.0100000e+02   2.1055395e+01
   3.0200000e+02   2.1441185e+01
   3.0300000e+02   2.1824068e+01
   3.0400000e+02   2.2203821e+01
   3.0500000e+02   2.2580225e+01
   3.0600000e+02   2.2953058e+01
   3.0700000e+02   2.3322102e+01
   3.0800000e+02   2.3687134e+01
   3.0900000e+02   2.4047932e+01
   3.1000000e+02   2.4404280e+01
   3.1100000e+02   2.4755960e+01
   3.1200000e+02   2.5102751e+01
   3.1300000e+02   2.5444445e+01
   3.1400000e+02   2.5780821e+01
   3.1500000e+02   2.6111673e+01
   3.1600000e+02   2.6436789e+01
   3.1700000e+02   2.6755962e+01
   3.1800000e+02   2.7068987e+01
   3.1900000e+02   2.7375664e+01
   3.2000000e+02   2.7675793e+01
   3.2100000e+02   2.7969177e+01
   3.2200000e+02   2.8255625e+01
   3.2300000e+02   2.8534946e+01
   3.2400000e+02   2.8806955e+01
   3.2500000e+02   2.9071472e+01
   3.2600000e+02   2.9328316e+01
   3.2700000e+02   2.9577312e+01
   3.2800000e+02   2.9818291e+01
   3.2900000e+02   3.0051086e+01
   3.3000000e+02   3.0275534e+01
   3.3100000e+02   3.0479643e+01
   3.3200000e+02   3.0675064e+01
   3.3300000e+02   3.0861645e+01
   3.3400000e+02   3.1039244e+01
   3.3500000e+02   3.1207718e+01
   3.3600000e+02   3.1366928e+01
   3.3700000e+02   3.1516747e+01
   3.3800000e+02   3.1657043e+01
   3.3900000e+02   3.1787695e+01
   3.4000000e+02   3.1908583e+01
   3.4100000e+02   3.2019592e+01
   3.4200000e+02   3.2120617e+01
   3.4300000e+02   3.2211548e+01
   3.4400000e+02   3.2292286e+01
   3.4500000e+02   3.2362736e+01
   3.4600000e+02   3.2422813e+01
   3.4700000e+02   3.2472424e+01
   3.4800000e+02   3.2511497e+01
   3.4900000e+02   3.2539951e+01
   3.5000000e+02   3.2557720e+01
   3.5100000e+02   3.2564739e+01
   3.5200000e+02   3.2560947e+01
   3.5300000e+02   3.2546295e+01
   3.5400000e+02   3.2520733e+01
   3.5500000e+02   3.2484222e+01
   3.5600000e+02   3.2436718e+01
   3.5700000e+02   3.2378201e+01
   3.5800000e+02   3.2308643e+01
   3.5900000e+02   3.2228027e+01
