   0.0000000e+00   0.0000000e+00
   1.0000000e+00   1.4003596e-03
   2.0000000e+00   1.9938003e-03
   3.0000000e+00   2.5868497e-03
   4.0000000e+00   3.1806240e-03
   5.0000000e+00   3.7750986e-03
   6.0000000e+00   4.3702470e-03
   7.0000000e+00   4.9660215e-03
   8.0000000e+00   5.5623986e-03
   9.0000000e+00   6.1593591e-03
   1.0000000e+01   6.7568952e-03
   1.1000000e+01   7.3549785e-03
   1.2000000e+01   7.9535777e-03
   1.3000000e+01   8.5526798e-03
   1.4000000e+01   9.1522634e-03
   1.5000000e+01   9.7523127e-03
   1.6000000e+01   1.0352801e-02
   1.7000000e+01   1.0953699e-02
   1.8000000e+01   1.1554997e-02
   1.9000000e+01   1.2156679e-02
   2.0000000e+01   1.2758740e-02
   2.1000000e+01   1.3361170e-02
   2.2000000e+01   1.3963945e-02
   2.3000000e+01   1.4567048e-02
   2.4000000e+01   1.5170471e-02
   2.5000000e+01   1.5774190e-02
   2.6000000e+01   1.6378187e-02
   2.7000000e+01   1.6982444e-02
   2.8000000e+01   1.7586941e-02
   2.9000000e+01   1.8191665e-02
   3.0000000e+01   1.8796589e-02
   3.1000000e+01   1.9335184e-02
   3.2000000e+01   1.9870250e-02
   3.3000000e+01   2.0401800e-02
   3.4000000e+01   2.0929853e-02
   3.5000000e+01   2.1454444e-02
   3.6000000e+01   2.1975599e-02
   3.7000000e+01   2.2493346e-02
   3.8000000e+01   2.3007721e-02
   3.9000000e+01   2.3518769e-02
   4.0000000e+01   2.4026515e-02
   4.1000000e+01   2.4530983e-02
   4.2000000e+01   2.5032215e-02
   4.3000000e+01   2.5530249e-02
   4.4000000e+01   2.6025116e-02
   4.5000000e+01   2.6516832e-02
   4.6000000e+01   2.7005430e-02
   4.7000000e+01   2.7490936e-02
   4.8000000e+01   2.7973378e-02
   4.9000000e+01   2.8452797e-02
   5.0000000e+01   2.8929215e-02
   5.1000000e+01   2.9402655e-02
   5.2000000e+01   2.9873131e-02
   5.3000000e+01   3.0340668e-02
   5.4000000e+01   3.0805303e-02
   5.5000000e+01   3.1267125e-02
   5.6000000e+01   3.1726170e-02
   5.7000000e+01   3.2182448e-02
   5.8000000e+01   3.2635972e-02
   5.9000000e+01   3.3086807e-02
   6.0000000e+01   3.3534966e-02
   6.1000000e+01   3.4253456e-02
   6.2000000e+01   3.4976155e-02
   6.3000000e+01   3.5702970e-02
   6.4000000e+01   3.6433842e-02
   6.5000000e+01   3.7168738e-02
   6.6000000e+01   3.7907574e-02
   6.7000000e+01   3.8650278e-02
   6.8000000e+01   3.9396811e-02
   6.9000000e+01   4.0147100e-02
   7.0000000e+01   4.0901046e-02
   7.1000000e+01   4.1658614e-02
   7.2000000e+01   4.2419735e-02
   7.3000000e+01   4.3184344e-02
   7.4000000e+01   4.3952346e-02
   7.5000000e+01   4.4723704e-02
   7.6000000e+01   4.5498401e-02
   7.7000000e+01   4.6276361e-02
   7.8000000e+01   4.7057513e-02
   7.9000000e+01   4.7841784e-02
   8.0000000e+01   4.8629098e-02
   8.1000000e+01   4.9419396e-02
   8.2000000e+01   5.0212603e-02
   8.3000000e+01   5.1008638e-02
   8.4000000e+01   5.1807448e-02
   8.5000000e+01   5.2608989e-02
   8.6000000e+01   5.3413209e-02
   8.7000000e+01   5.4220043e-02
   8.8000000e+01   5.5029482e-02
   8.9000000e+01   5.5841476e-02
   9.0000000e+01   5.6655999e-02
   9.1000000e+01   5.6145459e-02
   9.2000000e+01   5.5614877e-02
   9.3000000e+01   5.5064384e-02
   9.4000000e+01   5.4494109e-02
   9.5000000e+01   5.3904172e-02
   9.6000000e+01   5.3294677e-02
   9.7000000e+01   5.2665740e-02
   9.8000000e+01   5.2017462e-02
   9.9000000e+01   5.1349953e-02
   1.0000000e+02   5.0663326e-02
   1.0100000e+02   4.9957689e-02
   1.0200000e+02   4.9233157e-02
   1.0300000e+02   4.8489839e-02
   1.0400000e+02   4.7727849e-02
   1.0500000e+02   4.6947304e-02
   1.0600000e+02   4.6148319e-02
   1.0700000e+02   4.5331009e-02
   1.0800000e+02   4.4495497e-02
   1.0900000e+02   4.3641925e-02
   1.1000000e+02   4.2770419e-02
   1.1100000e+02   4.1881099e-02
   1.1200000e+02   4.0974058e-02
   1.1300000e+02   4.0049423e-02
   1.1400000e+02   3.9107300e-02
   1.1500000e+02   3.8147792e-02
   1.1600000e+02   3.7170995e-02
   1.1700000e+02   3.6177006e-02
   1.1800000e+02   3.5165928e-02
   1.1900000e+02   3.4137871e-02
   1.2000000e+02   3.3092946e-02
   1.2100000e+02   3.2161705e-02
   1.2200000e+02   3.1218173e-02
   1.2300000e+02   3.0262487e-02
   1.2400000e+02   2.9294781e-02
   1.2500000e+02   2.8315183e-02
   1.2600000e+02   2.7323818e-02
   1.2700000e+02   2.6320813e-02
   1.2800000e+02   2.5306290e-02
   1.2900000e+02   2.4280373e-02
   1.3000000e+02   2.3243183e-02
   1.3100000e+02   2.2194844e-02
   1.3200000e+02   2.1135477e-02
   1.3300000e+02   2.0065203e-02
   1.3400000e+02   1.8984146e-02
   1.3500000e+02   1.7892424e-02
   1.3600000e+02   1.6790157e-02
   1.3700000e+02   1.5677460e-02
   1.3800000e+02   1.4554447e-02
   1.3900000e+02   1.3421230e-02
   1.4000000e+02   1.2277923e-02
   1.4100000e+02   1.1124633e-02
   1.4200000e+02   9.9614728e-03
   1.4300000e+02   8.7885531e-03
   1.4400000e+02   7.6059825e-03
   1.4500000e+02   6.4138644e-03
   1.4600000e+02   5.2123060e-03
   1.4700000e+02   4.0014088e-03
   1.4800000e+02   2.7812775e-03
   1.4900000e+02   1.5520130e-03
   1.5000000e+02   3.1371688e-04
   1.5100000e+02   3.1314950e-04
   1.5200000e+02   3.1258274e-04
   1.5300000e+02   3.1201664e-04
   1.5400000e+02   3.1145124e-04
   1.5500000e+02   3.1088648e-04
   1.5600000e+02   3.1032244e-04
   1.5700000e+02   3.0975908e-04
   1.5800000e+02   3.0919642e-04
   1.5900000e+02   3.0863448e-04
   1.6000000e+02   3.0807327e-04
   1.6100000e+02   3.0751279e-04
   1.6200000e+02   3.0695304e-04
   1.6300000e+02   3.0639398e-04
   1.6400000e+02   3.0583571e-04
   1.6500000e+02   3.0527817e-04
   1.6600000e+02   3.0472138e-04
   1.6700000e+02   3.0416535e-04
   1.6800000e+02   3.0361005e-04
   1.6900000e+02   3.0305551e-04
   1.7000000e+02   3.0250169e-04
   1.7100000e+02   3.0194866e-04
   1.7200000e+02   3.0139639e-04
   1.7300000e+02   3.0084490e-04
   1.7400000e+02   3.0029420e-04
   1.7500000e+02   2.9974428e-04
   1.7600000e+02   2.9919512e-04
   1.7700000e+02   2.9864674e-04
   1.7800000e+02   2.9809918e-04
   1.7900000e+02   2.9755241e-04
   1.8000000e+02   2.9700657e-04
   1.8100000e+02   1.0605898e-03
   1.8200000e+02   1.8275779e-03
   1.8300000e+02   2.5979250e-03
   1.8400000e+02   3.3715859e-03
   1.8500000e+02   4.1485154e-03
   1.8600000e+02   4.9286694e-03
   1.8700000e+02   5.7120039e-03
   1.8800000e+02   6.4984751e-03
   1.8900000e+02   7.2880406e-03
   1.9000000e+02   8.0806585e-03
   1.9100000e+02   8.8762874e-03
   1.9200000e+02   9.6748872e-03
   1.9300000e+02   1.0476417e-02
   1.9400000e+02   1.1280837e-02
   1.9500000e+02   1.2088111e-02
   1.9600000e+02   1.2898197e-02
   1.9700000e+02   1.3711061e-02
   1.9800000e+02   1.4526665e-02
   1.9900000e+02   1.5344974e-02
   2.0000000e+02   1.6165951e-02
   2.0100000e+02   1.6989563e-02
   2.0200000e+02   1.7815772e-02
   2.0300000e+02   1.8644545e-02
   2.0400000e+02   1.9475847e-02
   2.0500000e+02   2.0309644e-02
   2.0600000e+02   2.1145899e-02
   2.0700000e+02   2.1984583e-02
   2.0800000e+02   2.2825660e-02
   2.0900000e+02   2.3669098e-02
   2.1000000e+02   2.4514867e-02
   2.1100000e+02   2.6424075e-02
   2.1200000e+02   2.8344102e-02
   2.1300000e+02   3.0274887e-02
   2.1400000e+02   3.2216355e-02
   2.1500000e+02   3.4168452e-02
   2.1600000e+02   3.6131099e-02
   2.1700000e+02   3.8104236e-02
   2.1800000e+02   4.0087800e-02
   2.1900000e+02   4.2081717e-02
   2.2000000e+02   4.4085931e-02
   2.2100000e+02   4.6100367e-02
   2.2200000e+02   4.8124969e-02
   2.2300000e+02   5.0159667e-02
   2.2400000e+02   5.2204400e-02
   2.2500000e+02   5.4259099e-02
   2.2600000e+02   5.6323707e-02
   2.2700000e+02   5.8398154e-02
   2.2800000e+02   6.0482383e-02
   2.2900000e+02   6.2576331e-02
   2.3000000e+02   6.4679928e-02
   2.3100000e+02   6.6793121e-02
   2.3200000e+02   6.8915844e-02
   2.3300000e+02   7.1048036e-02
   2.3400000e+02   7.3189631e-02
   2.3500000e+02   7.5340584e-02
   2.3600000e+02   7.7500813e-02
   2.3700000e+02   7.9670280e-02
   2.3800000e+02   8.1848897e-02
   2.3900000e+02   8.4036626e-02
   2.4000000e+02   8.6233407e-02
   2.4100000e+02   8.6008564e-02
   2.4200000e+02   8.5782208e-02
   2.4300000e+02   8.5554361e-02
   2.4400000e+02   8.5325032e-02
   2.4500000e+02   8.5094266e-02
   2.4600000e+02   8.4862068e-02
   2.4700000e+02   8.4628470e-02
   2.4800000e+02   8.4393501e-02
   2.4900000e+02   8.4157184e-02
   2.5000000e+02   8.3919533e-02
   2.5100000e+02   8.3680578e-02
   2.5200000e+02   8.3440334e-02
   2.5300000e+02   8.3198830e-02
   2.5400000e+02   8.2956076e-02
   2.5500000e+02   8.2712106e-02
   2.5600000e+02   8.2466945e-02
   2.5700000e+02   8.2220599e-02
   2.5800000e+02   8.1973098e-02
   2.5900000e+02   8.1724465e-02
   2.6000000e+02   8.1474707e-02
   2.6100000e+02   8.1223853e-02
   2.6200000e+02   8.0971934e-02
   2.6300000e+02   8.0718957e-02
   2.6400000e+02   8.0464937e-02
   2.6500000e+02   8.0209903e-02
   2.6600000e+02   7.9953872e-02
   2.6700000e+02   7.9696864e-02
   2.6800000e+02   7.9438895e-02
   2.6900000e+02   7.9179995e-02
   2.7000000e+02   7.8920178e-02
   2.7100000e+02   7.9022720e-02
   2.7200000e+02   7.9124138e-02
   2.7300000e+02   7.9224445e-02
   2.7400000e+02   7.9323642e-02
   2.7500000e+02   7.9421721e-02
   2.7600000e+02   7.9518713e-02
   2.7700000e+02   7.9614595e-02
   2.7800000e+02   7.9709388e-02
   2.7900000e+02   7.9803102e-02
   2.8000000e+02   7.9895720e-02
   2.8100000e+02   7.9987250e-02
   2.8200000e+02   8.0077700e-02
   2.8300000e+02   8.0167085e-02
   2.8400000e+02   8.0255389e-02
   2.8500000e+02   8.0342628e-02
   2.8600000e+02   8.0428801e-02
   2.8700000e+02   8.0513909e-02
   2.8800000e+02   8.0597959e-02
   2.8900000e+02   8.0680951e-02
   2.9000000e+02   8.0762900e-02
   2.9100000e+02   8.0843791e-02
   2.9200000e+02   8.0923639e-02
   2.9300000e+02   8.1002444e-02
   2.9400000e+02   8.1080221e-02
   2.9500000e+02   8.1156947e-02
   2.9600000e+02   8.1232652e-02
   2.9700000e+02   8.1307322e-02
   2.9800000e+02   8.1380978e-02
   2.9900000e+02   8.1453621e-02
   3.0000000e+02   8.1525251e-02
   3.0100000e+02   8.1725158e-02
   3.0200000e+02   8.1924580e-02
   3.0300000e+02   8.2123525e-02
   3.0400000e+02   8.2321979e-02
   3.0500000e+02   8.2519956e-02
   3.0600000e+02   8.2717456e-02
   3.0700000e+02   8.2914472e-02
   3.0800000e+02   8.3111003e-02
   3.0900000e+02   8.3307065e-02
   3.1000000e+02   8.3502650e-02
   3.1100000e+02   8.3697774e-02
   3.1200000e+02   8.3892427e-02
   3.1300000e+02   8.4086619e-02
   3.1400000e+02   8.4280349e-02
   3.1500000e+02   8.4473617e-02
   3.1600000e+02   8.4666423e-02
   3.1700000e+02   8.4858783e-02
   3.1800000e+02   8.5050687e-02
   3.1900000e+02   8.5242130e-02
   3.2000000e+02   8.5433118e-02
   3.2100000e+02   8.5623652e-02
   3.2200000e+02   8.5813738e-02
   3.2300000e+02   8.6003371e-02
   3.2400000e+02   8.6192548e-02
   3.2500000e+02   8.6381286e-02
   3.2600000e+02   8.6569563e-02
   3.2700000e+02   8.6757399e-02
   3.2800000e+02   8.6944789e-02
   3.2900000e+02   8.7131739e-02
   3.3000000e+02   8.7318234e-02
   3.3100000e+02   8.7626114e-02
   3.3200000e+02   8.7933928e-02
   3.3300000e+02   8.8241681e-02
   3.3400000e+02   8.8549368e-02
   3.3500000e+02   8.8856988e-02
   3.3600000e+02   8.9164548e-02
   3.3700000e+02   8.9472033e-02
   3.3800000e+02   8.9779451e-02
   3.3900000e+02   9.0086803e-02
   3.4000000e+02   9.0394087e-02
   3.4100000e+02   9.0701289e-02
   3.4200000e+02   9.1008425e-02
   3.4300000e+02   9.1315486e-02
   3.4400000e+02   9.1622472e-02
   3.4500000e+02   9.1929384e-02
   3.4600000e+02   9.2236221e-02
   3.4700000e+02   9.2542976e-02
   3.4800000e+02   9.2849657e-02
   3.4900000e+02   9.3156256e-02
   3.5000000e+02   9.3462773e-02
   3.5100000e+02   9.3769215e-02
   3.5200000e+02   9.4075575e-02
   3.5300000e+02   9.4381854e-02
   3.5400000e+02   9.4688050e-02
   3.5500000e+02   9.4994158e-02
   3.5600000e+02   9.5300190e-02
   3.5700000e+02   9.5606133e-02
   3.5800000e+02   9.5911987e-02
   3.5900000e+02   9.6217759e-02
