   0.0000000e+00   6.4419795e+03
   1.0000000e+00   6.3432939e+03
   2.0000000e+00   6.3349146e+03
   3.0000000e+00   6.3272124e+03
   4.0000000e+00   6.3198174e+03
   5.0000000e+00   6.3127373e+03
   6.0000000e+00   6.3059805e+03
   7.0000000e+00   6.2995576e+03
   8.0000000e+00   6.2934785e+03
   9.0000000e+00   6.2877529e+03
   1.0000000e+01   6.2823926e+03
   1.1000000e+01   6.2774072e+03
   1.2000000e+01   6.2728091e+03
   1.3000000e+01   6.2686099e+03
   1.4000000e+01   6.2648218e+03
   1.5000000e+01   6.2614570e+03
   1.6000000e+01   6.2585283e+03
   1.7000000e+01   6.2560488e+03
   1.8000000e+01   6.2540313e+03
   1.9000000e+01   6.2524888e+03
   2.0000000e+01   6.2514351e+03
   2.1000000e+01   6.2508838e+03
   2.2000000e+01   6.2508481e+03
   2.3000000e+01   6.2513418e+03
   2.4000000e+01   6.2523789e+03
   2.5000000e+01   6.2539731e+03
   2.6000000e+01   6.2561377e+03
   2.7000000e+01   6.2588867e+03
   2.8000000e+01   6.2622334e+03
   2.9000000e+01   6.2661914e+03
   3.0000000e+01   6.2707739e+03
   3.1000000e+01   6.2753481e+03
   3.2000000e+01   6.2805591e+03
   3.3000000e+01   6.2864180e+03
   3.4000000e+01   6.2929355e+03
   3.5000000e+01   6.3001216e+03
   3.6000000e+01   6.3079873e+03
   3.7000000e+01   6.3165425e+03
   3.8000000e+01   6.3257964e+03
   3.9000000e+01   6.3357578e+03
   4.0000000e+01   6.3464351e+03
   4.1000000e+01   6.3578369e+03
   4.2000000e+01   6.3699702e+03
   4.3000000e+01   6.3828423e+03
   4.4000000e+01   6.3964585e+03
   4.5000000e+01   6.4108262e+03
   4.6000000e+01   6.4259497e+03
   4.7000000e+01   6.4418330e+03
   4.8000000e+01   6.4584810e+03
   4.9000000e+01   6.4758965e+03
   5.0000000e+01   6.4940811e+03
   5.1000000e+01   6.5130376e+03
   5.2000000e+01   6.5327661e+03
   5.3000000e+01   6.5532671e+03
   5.4000000e+01   6.5745405e+03
   5.5000000e+01   6.5965840e+03
   5.6000000e+01   6.6193960e+03
   5.7000000e+01   6.6429731e+03
   5.8000000e+01   6.6673120e+03
   5.9000000e+01   6.6924087e+03
   6.0000000e+01   6.7182573e+03
   6.1000000e+01   6.7468711e+03
   6.2000000e+01   6.7762725e+03
   6.3000000e+01   6.8064541e+03
   6.4000000e+01   6.8374072e+03
   6.5000000e+01   6.8691216e+03
   6.6000000e+01   6.9015869e+03
   6.7000000e+01   6.9347925e+03
   6.8000000e+01   6.9687261e+03
   6.9000000e+01   7.0033750e+03
   7.0000000e+01   7.0387261e+03
   7.1000000e+01   7.0747651e+03
   7.2000000e+01   7.1114771e+03
   7.3000000e+01   7.1488467e+03
   7.4000000e+01   7.1868584e+03
   7.5000000e+01   7.2254946e+03
   7.6000000e+01   7.2647388e+03
   7.7000000e+01   7.3045728e+03
   7.8000000e+01   7.3449780e+03
   7.9000000e+01   7.3859360e+03
   8.0000000e+01   7.4274277e+03
   8.1000000e+01   7.4694331e+03
   8.2000000e+01   7.5119326e+03
   8.3000000e+01   7.5549053e+03
   8.4000000e+01   7.5983311e+03
   8.5000000e+01   7.6421885e+03
   8.6000000e+01   7.6864556e+03
   8.7000000e+01   7.7311108e+03
   8.8000000e+01   7.7761318e+03
   8.9000000e+01   7.8214961e+03
   9.0000000e+01   7.8671812e+03
   9.1000000e+01   7.8995518e+03
   9.2000000e+01   7.9320415e+03
   9.3000000e+01   7.9646323e+03
   9.4000000e+01   7.9973057e+03
   9.5000000e+01   8.0300435e+03
   9.6000000e+01   8.0628276e+03
   9.7000000e+01   8.0956411e+03
   9.8000000e+01   8.1284639e+03
   9.9000000e+01   8.1612798e+03
   1.0000000e+02   8.1940693e+03
   1.0100000e+02   8.2268164e+03
   1.0200000e+02   8.2595010e+03
   1.0300000e+02   8.2921055e+03
   1.0400000e+02   8.3246133e+03
   1.0500000e+02   8.3570059e+03
   1.0600000e+02   8.3892656e+03
   1.0700000e+02   8.4213857e+03
   1.0800000e+02   8.4533428e+03
   1.0900000e+02   8.4851113e+03
   1.1000000e+02   8.5166748e+03
   1.1100000e+02   8.5480166e+03
   1.1200000e+02   8.5791182e+03
   1.1300000e+02   8.6099648e+03
   1.1400000e+02   8.6405391e+03
   1.1500000e+02   8.6708242e+03
   1.1600000e+02   8.7008047e+03
   1.1700000e+02   8.7304648e+03
   1.1800000e+02   8.7597871e+03
   1.1900000e+02   8.7887588e+03
   1.2000000e+02   8.8173633e+03
   1.2100000e+02   8.8388486e+03
   1.2200000e+02   8.8600146e+03
   1.2300000e+02   8.8808477e+03
   1.2400000e+02   8.9013330e+03
   1.2500000e+02   8.9214561e+03
   1.2600000e+02   8.9412021e+03
   1.2700000e+02   8.9605596e+03
   1.2800000e+02   8.9795137e+03
   1.2900000e+02   8.9980508e+03
   1.3000000e+02   9.0161592e+03
   1.3100000e+02   9.0338262e+03
   1.3200000e+02   9.0510391e+03
   1.3300000e+02   9.0677861e+03
   1.3400000e+02   9.0840557e+03
   1.3500000e+02   9.0998359e+03
   1.3600000e+02   9.1151162e+03
   1.3700000e+02   9.1298857e+03
   1.3800000e+02   9.1441338e+03
   1.3900000e+02   9.1578516e+03
   1.4000000e+02   9.1710273e+03
   1.4100000e+02   9.1836533e+03
   1.4200000e+02   9.1957197e+03
   1.4300000e+02   9.2072197e+03
   1.4400000e+02   9.2181426e+03
   1.4500000e+02   9.2284814e+03
   1.4600000e+02   9.2382285e+03
   1.4700000e+02   9.2473789e+03
   1.4800000e+02   9.2559219e+03
   1.4900000e+02   9.2638555e+03
   1.5000000e+02   9.2711699e+03
   1.5100000e+02   9.2944863e+03
   1.5200000e+02   9.3170713e+03
   1.5300000e+02   9.3389121e+03
   1.5400000e+02   9.3600020e+03
   1.5500000e+02   9.3803320e+03
   1.5600000e+02   9.3998926e+03
   1.5700000e+02   9.4186768e+03
   1.5800000e+02   9.4366777e+03
   1.5900000e+02   9.4538877e+03
   1.6000000e+02   9.4702988e+03
   1.6100000e+02   9.4859072e+03
   1.6200000e+02   9.5007051e+03
   1.6300000e+02   9.5146885e+03
   1.6400000e+02   9.5278516e+03
   1.6500000e+02   9.5401904e+03
   1.6600000e+02   9.5516992e+03
   1.6700000e+02   9.5623760e+03
   1.6800000e+02   9.5722178e+03
   1.6900000e+02   9.5812207e+03
   1.7000000e+02   9.5893818e+03
   1.7100000e+02   9.5967002e+03
   1.7200000e+02   9.6031748e+03
   1.7300000e+02   9.6088018e+03
   1.7400000e+02   9.6135840e+03
   1.7500000e+02   9.6175176e+03
   1.7600000e+02   9.6206055e+03
   1.7700000e+02   9.6228467e+03
   1.7800000e+02   9.6242422e+03
   1.7900000e+02   9.6247939e+03
   1.8000000e+02   9.6245039e+03
   1.8100000e+02   9.6331445e+03
   1.8200000e+02   9.6408818e+03
   1.8300000e+02   9.6477139e+03
   1.8400000e+02   9.6536426e+03
   1.8500000e+02   9.6586680e+03
   1.8600000e+02   9.6627930e+03
   1.8700000e+02   9.6660195e+03
   1.8800000e+02   9.6683477e+03
   1.8900000e+02   9.6697842e+03
   1.9000000e+02   9.6703291e+03
   1.9100000e+02   9.6699883e+03
   1.9200000e+02   9.6687646e+03
   1.9300000e+02   9.6666621e+03
   1.9400000e+02   9.6636865e+03
   1.9500000e+02   9.6598438e+03
   1.9600000e+02   9.6551377e+03
   1.9700000e+02   9.6495752e+03
   1.9800000e+02   9.6431631e+03
   1.9900000e+02   9.6359063e+03
   2.0000000e+02   9.6278135e+03
   2.0100000e+02   9.6188916e+03
   2.0200000e+02   9.6091484e+03
   2.0300000e+02   9.5985908e+03
   2.0400000e+02   9.5872295e+03
   2.0500000e+02   9.5750723e+03
   2.0600000e+02   9.5621270e+03
   2.0700000e+02   9.5484033e+03
   2.0800000e+02   9.5339121e+03
   2.0900000e+02   9.5186641e+03
   2.1000000e+02   9.5026670e+03
   2.1100000e+02   9.4914932e+03
   2.1200000e+02   9.4795703e+03
   2.1300000e+02   9.4669082e+03
   2.1400000e+02   9.4535137e+03
   2.1500000e+02   9.4393955e+03
   2.1600000e+02   9.4245635e+03
   2.1700000e+02   9.4090254e+03
   2.1800000e+02   9.3927910e+03
   2.1900000e+02   9.3758691e+03
   2.2000000e+02   9.3582705e+03
   2.2100000e+02   9.3400059e+03
   2.2200000e+02   9.3210840e+03
   2.2300000e+02   9.3015146e+03
   2.2400000e+02   9.2813105e+03
   2.2500000e+02   9.2604814e+03
   2.2600000e+02   9.2390400e+03
   2.2700000e+02   9.2169951e+03
   2.2800000e+02   9.1943594e+03
   2.2900000e+02   9.1711455e+03
   2.3000000e+02   9.1473633e+03
   2.3100000e+02   9.1230264e+03
   2.3200000e+02   9.0981465e+03
   2.3300000e+02   9.0727363e+03
   2.3400000e+02   9.0468086e+03
   2.3500000e+02   9.0203750e+03
   2.3600000e+02   8.9934492e+03
   2.3700000e+02   8.9660430e+03
   2.3800000e+02   8.9381709e+03
   2.3900000e+02   8.9098447e+03
   2.4000000e+02   8.8810732e+03
   2.4100000e+02   8.8381533e+03
   2.4200000e+02   8.7951006e+03
   2.4300000e+02   8.7519375e+03
   2.4400000e+02   8.7086807e+03
   2.4500000e+02   8.6653506e+03
   2.4600000e+02   8.6219668e+03
   2.4700000e+02   8.5785479e+03
   2.4800000e+02   8.5351123e+03
   2.4900000e+02   8.4916797e+03
   2.5000000e+02   8.4482686e+03
   2.5100000e+02   8.4048994e+03
   2.5200000e+02   8.3615898e+03
   2.5300000e+02   8.3183584e+03
   2.5400000e+02   8.2752246e+03
   2.5500000e+02   8.2322070e+03
   2.5600000e+02   8.1893228e+03
   2.5700000e+02   8.1465918e+03
   2.5800000e+02   8.1040298e+03
   2.5900000e+02   8.0616563e+03
   2.6000000e+02   8.0194888e+03
   2.6100000e+02   7.9775439e+03
   2.6200000e+02   7.9358389e+03
   2.6300000e+02   7.8943911e+03
   2.6400000e+02   7.8532158e+03
   2.6500000e+02   7.8123306e+03
   2.6600000e+02   7.7717505e+03
   2.6700000e+02   7.7314912e+03
   2.6800000e+02   7.6915679e+03
   2.6900000e+02   7.6519961e+03
   2.7000000e+02   7.6127891e+03
   2.7100000e+02   7.5732886e+03
   2.7200000e+02   7.5341284e+03
   2.7300000e+02   7.4953228e+03
   2.7400000e+02   7.4568828e+03
   2.7500000e+02   7.4188218e+03
   2.7600000e+02   7.3811514e+03
   2.7700000e+02   7.3438838e+03
   2.7800000e+02   7.3070283e+03
   2.7900000e+02   7.2705972e+03
   2.8000000e+02   7.2345996e+03
   2.8100000e+02   7.1990444e+03
   2.8200000e+02   7.1639419e+03
   2.8300000e+02   7.1292993e+03
   2.8400000e+02   7.0951250e+03
   2.8500000e+02   7.0614258e+03
   2.8600000e+02   7.0282090e+03
   2.8700000e+02   6.9954805e+03
   2.8800000e+02   6.9632456e+03
   2.8900000e+02   6.9315098e+03
   2.9000000e+02   6.9002773e+03
   2.9100000e+02   6.8695518e+03
   2.9200000e+02   6.8393364e+03
   2.9300000e+02   6.8096343e+03
   2.9400000e+02   6.7804478e+03
   2.9500000e+02   6.7517773e+03
   2.9600000e+02   6.7236250e+03
   2.9700000e+02   6.6959902e+03
   2.9800000e+02   6.6688735e+03
   2.9900000e+02   6.6422739e+03
   3.0000000e+02   6.6161899e+03
   3.0100000e+02   6.5903574e+03
   3.0200000e+02   6.5650142e+03
   3.0300000e+02   6.5401567e+03
   3.0400000e+02   6.5157827e+03
   3.0500000e+02   6.4918892e+03
   3.0600000e+02   6.4684712e+03
   3.0700000e+02   6.4455254e+03
   3.0800000e+02   6.4230464e+03
   3.0900000e+02   6.4010288e+03
   3.1000000e+02   6.3794688e+03
   3.1100000e+02   6.3583584e+03
   3.1200000e+02   6.3376929e+03
   3.1300000e+02   6.3174653e+03
   3.1400000e+02   6.2976699e+03
   3.1500000e+02   6.2782988e+03
   3.1600000e+02   6.2593452e+03
   3.1700000e+02   6.2408022e+03
   3.1800000e+02   6.2226616e+03
   3.1900000e+02   6.2049165e+03
   3.2000000e+02   6.1875591e+03
   3.2100000e+02   6.1705811e+03
   3.2200000e+02   6.1539756e+03
   3.2300000e+02   6.1377334e+03
   3.2400000e+02   6.1218477e+03
   3.2500000e+02   6.1063105e+03
   3.2600000e+02   6.0911133e+03
   3.2700000e+02   6.0762490e+03
   3.2800000e+02   6.0617100e+03
   3.2900000e+02   6.0474883e+03
   3.3000000e+02   6.0335767e+03
   3.3100000e+02   6.0194756e+03
   3.3200000e+02   6.0056592e+03
   3.3300000e+02   5.9921216e+03
   3.3400000e+02   5.9788569e+03
   3.3500000e+02   5.9658599e+03
   3.3600000e+02   5.9531245e+03
   3.3700000e+02   5.9406460e+03
   3.3800000e+02   5.9284204e+03
   3.3900000e+02   5.9164424e+03
   3.4000000e+02   5.9047085e+03
   3.4100000e+02   5.8932153e+03
   3.4200000e+02   5.8819604e+03
   3.4300000e+02   5.8709395e+03
   3.4400000e+02   5.8601519e+03
   3.4500000e+02   5.8495952e+03
   3.4600000e+02   5.8392681e+03
   3.4700000e+02   5.8291704e+03
   3.4800000e+02   5.8193018e+03
   3.4900000e+02   5.8096621e+03
   3.5000000e+02   5.8002520e+03
   3.5100000e+02   5.7910737e+03
   3.5200000e+02   5.7821289e+03
   3.5300000e+02   5.7734189e+03
   3.5400000e+02   5.7649482e+03
   3.5500000e+02   5.7567192e+03
   3.5600000e+02   5.7487368e+03
   3.5700000e+02   5.7410049e+03
   3.5800000e+02   5.7335298e+03
   3.5900000e+02   5.7263164e+03
