   0.0000000e+00   1.0883602e+02
   1.0000000e+00   1.1135271e+01
   2.0000000e+00   1.1113960e+01
   3.0000000e+00   1.1091773e+01
   4.0000000e+00   1.1068189e+01
   5.0000000e+00   1.1043217e+01
   6.0000000e+00   1.1016866e+01
   7.0000000e+00   1.0989146e+01
   8.0000000e+00   1.0960068e+01
   9.0000000e+00   1.0929644e+01
   1.0000000e+01   1.0897886e+01
   1.1000000e+01   1.0864808e+01
   1.2000000e+01   1.0830423e+01
   1.3000000e+01   1.0794749e+01
   1.4000000e+01   1.0757800e+01
   1.5000000e+01   1.0719592e+01
   1.6000000e+01   1.0680144e+01
   1.7000000e+01   1.0639474e+01
   1.8000000e+01   1.0597599e+01
   1.9000000e+01   1.0554540e+01
   2.0000000e+01   1.0510316e+01
   2.1000000e+01   1.0464950e+01
   2.2000000e+01   1.0418460e+01
   2.3000000e+01   1.0370871e+01
   2.4000000e+01   1.0322205e+01
   2.5000000e+01   1.0272483e+01
   2.6000000e+01   1.0221729e+01
   2.7000000e+01   1.0169969e+01
   2.8000000e+01   1.0117227e+01
   2.9000000e+01   1.0063525e+01
   3.0000000e+01   1.0008891e+01
   3.1000000e+01   9.9533091e+00
   3.2000000e+01   9.8968487e+00
   3.3000000e+01   9.8395205e+00
   3.4000000e+01   9.7813416e+00
   3.5000000e+01   9.7223425e+00
   3.6000000e+01   9.6625500e+00
   3.7000000e+01   9.6019917e+00
   3.8000000e+01   9.5406942e+00
   3.9000000e+01   9.4786835e+00
   4.0000000e+01   9.4159861e+00
   4.1000000e+01   9.3526306e+00
   4.2000000e+01   9.2886410e+00
   4.3000000e+01   9.2240477e+00
   4.4000000e+01   9.1588745e+00
   4.5000000e+01   9.0931530e+00
   4.6000000e+01   9.0269108e+00
   4.7000000e+01   8.9601717e+00
   4.8000000e+01   8.8929615e+00
   4.9000000e+01   8.8253078e+00
   5.0000000e+01   8.7572374e+00
   5.1000000e+01   8.6887779e+00
   5.2000000e+01   8.6199541e+00
   5.3000000e+01   8.5507936e+00
   5.4000000e+01   8.4813223e+00
   5.5000000e+01   8.4115658e+00
   5.6000000e+01   8.3415489e+00
   5.7000000e+01   8.2712984e+00
   5.8000000e+01   8.2008390e+00
   5.9000000e+01   8.1301956e+00
   6.0000000e+01   8.0593929e+00
   6.1000000e+01   7.9865494e+00
   6.2000000e+01   7.9135861e+00
   6.3000000e+01   7.8405285e+00
   6.4000000e+01   7.7674007e+00
   6.5000000e+01   7.6942258e+00
   6.6000000e+01   7.6210279e+00
   6.7000000e+01   7.5478301e+00
   6.8000000e+01   7.4746552e+00
   6.9000000e+01   7.4015250e+00
   7.0000000e+01   7.3284616e+00
   7.1000000e+01   7.2554870e+00
   7.2000000e+01   7.1826215e+00
   7.3000000e+01   7.1098857e+00
   7.4000000e+01   7.0372996e+00
   7.5000000e+01   6.9648833e+00
   7.6000000e+01   6.8926558e+00
   7.7000000e+01   6.8206344e+00
   7.8000000e+01   6.7488375e+00
   7.9000000e+01   6.6772847e+00
   8.0000000e+01   6.6059918e+00
   8.1000000e+01   6.5349765e+00
   8.2000000e+01   6.4642563e+00
   8.3000000e+01   6.3938456e+00
   8.4000000e+01   6.3237605e+00
   8.5000000e+01   6.2540164e+00
   8.6000000e+01   6.1846275e+00
   8.7000000e+01   6.1156087e+00
   8.8000000e+01   6.0469737e+00
   8.9000000e+01   5.9787354e+00
   9.0000000e+01   5.9109068e+00
   9.1000000e+01   5.8459902e+00
   9.2000000e+01   5.7815561e+00
   9.3000000e+01   5.7176156e+00
   9.4000000e+01   5.6541805e+00
   9.5000000e+01   5.5912619e+00
   9.6000000e+01   5.5288696e+00
   9.7000000e+01   5.4670148e+00
   9.8000000e+01   5.4057064e+00
   9.9000000e+01   5.3449540e+00
   1.0000000e+02   5.2847662e+00
   1.0100000e+02   5.2251525e+00
   1.0200000e+02   5.1661201e+00
   1.0300000e+02   5.1076779e+00
   1.0400000e+02   5.0498333e+00
   1.0500000e+02   4.9925928e+00
   1.0600000e+02   4.9359646e+00
   1.0700000e+02   4.8799539e+00
   1.0800000e+02   4.8245678e+00
   1.0900000e+02   4.7698121e+00
   1.1000000e+02   4.7156930e+00
   1.1100000e+02   4.6622157e+00
   1.1200000e+02   4.6093855e+00
   1.1300000e+02   4.5572066e+00
   1.1400000e+02   4.5056839e+00
   1.1500000e+02   4.4548225e+00
   1.1600000e+02   4.4046254e+00
   1.1700000e+02   4.3550973e+00
   1.1800000e+02   4.3062415e+00
   1.1900000e+02   4.2580619e+00
   1.2000000e+02   4.2105608e+00
   1.2100000e+02   4.1681719e+00
   1.2200000e+02   4.1264777e+00
   1.2300000e+02   4.0854793e+00
   1.2400000e+02   4.0451803e+00
   1.2500000e+02   4.0055814e+00
   1.2600000e+02   3.9666851e+00
   1.2700000e+02   3.9284925e+00
   1.2800000e+02   3.8910053e+00
   1.2900000e+02   3.8542244e+00
   1.3000000e+02   3.8181515e+00
   1.3100000e+02   3.7827873e+00
   1.3200000e+02   3.7481325e+00
   1.3300000e+02   3.7141883e+00
   1.3400000e+02   3.6809552e+00
   1.3500000e+02   3.6484337e+00
   1.3600000e+02   3.6166244e+00
   1.3700000e+02   3.5855277e+00
   1.3800000e+02   3.5551434e+00
   1.3900000e+02   3.5254724e+00
   1.4000000e+02   3.4965141e+00
   1.4100000e+02   3.4682691e+00
   1.4200000e+02   3.4407370e+00
   1.4300000e+02   3.4139178e+00
   1.4400000e+02   3.3878112e+00
   1.4500000e+02   3.3624172e+00
   1.4600000e+02   3.3377352e+00
   1.4700000e+02   3.3137646e+00
   1.4800000e+02   3.2905054e+00
   1.4900000e+02   3.2679572e+00
   1.5000000e+02   3.2461193e+00
   1.5100000e+02   3.2265460e+00
   1.5200000e+02   3.2076697e+00
   1.5300000e+02   3.1894896e+00
   1.5400000e+02   3.1720047e+00
   1.5500000e+02   3.1552145e+00
   1.5600000e+02   3.1391177e+00
   1.5700000e+02   3.1237140e+00
   1.5800000e+02   3.1090019e+00
   1.5900000e+02   3.0949807e+00
   1.6000000e+02   3.0816495e+00
   1.6100000e+02   3.0690074e+00
   1.6200000e+02   3.0570533e+00
   1.6300000e+02   3.0457861e+00
   1.6400000e+02   3.0352051e+00
   1.6500000e+02   3.0253088e+00
   1.6600000e+02   3.0160966e+00
   1.6700000e+02   3.0075672e+00
   1.6800000e+02   2.9997199e+00
   1.6900000e+02   2.9925532e+00
   1.7000000e+02   2.9860663e+00
   1.7100000e+02   2.9802580e+00
   1.7200000e+02   2.9751272e+00
   1.7300000e+02   2.9706731e+00
   1.7400000e+02   2.9668941e+00
   1.7500000e+02   2.9637897e+00
   1.7600000e+02   2.9613585e+00
   1.7700000e+02   2.9595993e+00
   1.7800000e+02   2.9585111e+00
   1.7900000e+02   2.9580932e+00
   1.8000000e+02   2.9583440e+00
   1.8100000e+02   2.9590552e+00
   1.8200000e+02   2.9604206e+00
   1.8300000e+02   2.9624391e+00
   1.8400000e+02   2.9651098e+00
   1.8500000e+02   2.9684310e+00
   1.8600000e+02   2.9724026e+00
   1.8700000e+02   2.9770226e+00
   1.8800000e+02   2.9822905e+00
   1.8900000e+02   2.9882050e+00
   1.9000000e+02   2.9947648e+00
   1.9100000e+02   3.0019689e+00
   1.9200000e+02   3.0098159e+00
   1.9300000e+02   3.0183048e+00
   1.9400000e+02   3.0274346e+00
   1.9500000e+02   3.0372038e+00
   1.9600000e+02   3.0476110e+00
   1.9700000e+02   3.0586553e+00
   1.9800000e+02   3.0703359e+00
   1.9900000e+02   3.0826523e+00
   2.0000000e+02   3.0956013e+00
   2.0100000e+02   3.1091816e+00
   2.0200000e+02   3.1233919e+00
   2.0300000e+02   3.1382303e+00
   2.0400000e+02   3.1536958e+00
   2.0500000e+02   3.1697867e+00
   2.0600000e+02   3.1865013e+00
   2.0700000e+02   3.2038381e+00
   2.0800000e+02   3.2217953e+00
   2.0900000e+02   3.2403712e+00
   2.1000000e+02   3.2595642e+00
   2.1100000e+02   3.2801304e+00
   2.1200000e+02   3.3013060e+00
   2.1300000e+02   3.3230896e+00
   2.1400000e+02   3.3454788e+00
   2.1500000e+02   3.3684716e+00
   2.1600000e+02   3.3920658e+00
   2.1700000e+02   3.4162593e+00
   2.1800000e+02   3.4410496e+00
   2.1900000e+02   3.4664345e+00
   2.2000000e+02   3.4924114e+00
   2.2100000e+02   3.5189781e+00
   2.2200000e+02   3.5461316e+00
   2.2300000e+02   3.5738692e+00
   2.2400000e+02   3.6021881e+00
   2.2500000e+02   3.6310854e+00
   2.2600000e+02   3.6605582e+00
   2.2700000e+02   3.6906033e+00
   2.2800000e+02   3.7212172e+00
   2.2900000e+02   3.7523966e+00
   2.3000000e+02   3.7841384e+00
   2.3100000e+02   3.8164382e+00
   2.3200000e+02   3.8492930e+00
   2.3300000e+02   3.8826985e+00
   2.3400000e+02   3.9166508e+00
   2.3500000e+02   3.9511454e+00
   2.3600000e+02   3.9861784e+00
   2.3700000e+02   4.0217452e+00
   2.3800000e+02   4.0578403e+00
   2.3900000e+02   4.0944600e+00
   2.4000000e+02   4.1315989e+00
   2.4100000e+02   4.1717076e+00
   2.4200000e+02   4.2123494e+00
   2.4300000e+02   4.2535186e+00
   2.4400000e+02   4.2952108e+00
   2.4500000e+02   4.3374190e+00
   2.4600000e+02   4.3801379e+00
   2.4700000e+02   4.4233618e+00
   2.4800000e+02   4.4670835e+00
   2.4900000e+02   4.5112967e+00
   2.5000000e+02   4.5559950e+00
   2.5100000e+02   4.6011705e+00
   2.5200000e+02   4.6468163e+00
   2.5300000e+02   4.6929250e+00
   2.5400000e+02   4.7394891e+00
   2.5500000e+02   4.7864995e+00
   2.5600000e+02   4.8339486e+00
   2.5700000e+02   4.8818283e+00
   2.5800000e+02   4.9301291e+00
   2.5900000e+02   4.9788418e+00
   2.6000000e+02   5.0279570e+00
   2.6100000e+02   5.0774651e+00
   2.6200000e+02   5.1273561e+00
   2.6300000e+02   5.1776199e+00
   2.6400000e+02   5.2282457e+00
   2.6500000e+02   5.2792225e+00
   2.6600000e+02   5.3305392e+00
   2.6700000e+02   5.3821840e+00
   2.6800000e+02   5.4341455e+00
   2.6900000e+02   5.4864116e+00
   2.7000000e+02   5.5389690e+00
   2.7100000e+02   5.5919566e+00
   2.7200000e+02   5.6452417e+00
   2.7300000e+02   5.6988125e+00
   2.7400000e+02   5.7526550e+00
   2.7500000e+02   5.8067555e+00
   2.7600000e+02   5.8611021e+00
   2.7700000e+02   5.9156904e+00
   2.7800000e+02   5.9704928e+00
   2.7900000e+02   6.0254936e+00
   2.8000000e+02   6.0806775e+00
   2.8100000e+02   6.1360283e+00
   2.8200000e+02   6.1915302e+00
   2.8300000e+02   6.2471662e+00
   2.8400000e+02   6.3029194e+00
   2.8500000e+02   6.3587718e+00
   2.8600000e+02   6.4147062e+00
   2.8700000e+02   6.4707041e+00
   2.8800000e+02   6.5267477e+00
   2.8900000e+02   6.5828185e+00
   2.9000000e+02   6.6388960e+00
   2.9100000e+02   6.6949625e+00
   2.9200000e+02   6.7509966e+00
   2.9300000e+02   6.8069801e+00
   2.9400000e+02   6.8628917e+00
   2.9500000e+02   6.9187102e+00
   2.9600000e+02   6.9744158e+00
   2.9700000e+02   7.0299864e+00
   2.9800000e+02   7.0854015e+00
   2.9900000e+02   7.1406384e+00
   3.0000000e+02   7.1956749e+00
   3.0100000e+02   7.2450819e+00
   3.0200000e+02   7.2942243e+00
   3.0300000e+02   7.3430800e+00
   3.0400000e+02   7.3916268e+00
   3.0500000e+02   7.4398417e+00
   3.0600000e+02   7.4877028e+00
   3.0700000e+02   7.5351868e+00
   3.0800000e+02   7.5822706e+00
   3.0900000e+02   7.6289315e+00
   3.1000000e+02   7.6751466e+00
   3.1100000e+02   7.7208924e+00
   3.1200000e+02   7.7661457e+00
   3.1300000e+02   7.8108830e+00
   3.1400000e+02   7.8550820e+00
   3.1500000e+02   7.8987184e+00
   3.1600000e+02   7.9417696e+00
   3.1700000e+02   7.9842114e+00
   3.1800000e+02   8.0260220e+00
   3.1900000e+02   8.0671768e+00
   3.2000000e+02   8.1076241e+00
   3.2100000e+02   8.1473656e+00
   3.2200000e+02   8.1863804e+00
   3.2300000e+02   8.2246437e+00
   3.2400000e+02   8.2621355e+00
   3.2500000e+02   8.2988319e+00
   3.2600000e+02   8.3347111e+00
   3.2700000e+02   8.3697538e+00
   3.2800000e+02   8.4039354e+00
   3.2900000e+02   8.4372368e+00
   3.3000000e+02   8.4696379e+00
   3.3100000e+02   8.4946890e+00
   3.3200000e+02   8.5187531e+00
   3.3300000e+02   8.5418110e+00
   3.3400000e+02   8.5638447e+00
   3.3500000e+02   8.5848360e+00
   3.3600000e+02   8.6047707e+00
   3.3700000e+02   8.6236315e+00
   3.3800000e+02   8.6414042e+00
   3.3900000e+02   8.6580725e+00
   3.4000000e+02   8.6736221e+00
   3.4100000e+02   8.6880398e+00
   3.4200000e+02   8.7013140e+00
   3.4300000e+02   8.7134314e+00
   3.4400000e+02   8.7243805e+00
   3.4500000e+02   8.7341499e+00
   3.4600000e+02   8.7427311e+00
   3.4700000e+02   8.7501135e+00
   3.4800000e+02   8.7562895e+00
   3.4900000e+02   8.7612505e+00
   3.5000000e+02   8.7649899e+00
   3.5100000e+02   8.7675018e+00
   3.5200000e+02   8.7687807e+00
   3.5300000e+02   8.7688208e+00
   3.5400000e+02   8.7676210e+00
   3.5500000e+02   8.7651758e+00
   3.5600000e+02   8.7614861e+00
   3.5700000e+02   8.7565479e+00
   3.5800000e+02   8.7503614e+00
   3.5900000e+02   8.7429295e+00
   2.6219766e-08   8.7342501e+00
