   0.0000000e+00   6.6322686e+03
   1.0000000e+00   1.5632575e+04
   2.0000000e+00   1.5632511e+04
   3.0000000e+00   1.5633024e+04
   4.0000000e+00   1.5634475e+04
   5.0000000e+00   1.5636862e+04
   6.0000000e+00   1.5640186e+04
   7.0000000e+00   1.5644444e+04
   8.0000000e+00   1.5649639e+04
   9.0000000e+00   1.5655765e+04
   1.0000000e+01   1.5662823e+04
   1.1000000e+01   1.5670812e+04
   1.2000000e+01   1.5679727e+04
   1.3000000e+01   1.5689567e+04
   1.4000000e+01   1.5700330e+04
   1.5000000e+01   1.5712012e+04
   1.6000000e+01   1.5724610e+04
   1.7000000e+01   1.5738122e+04
   1.8000000e+01   1.5752542e+04
   1.9000000e+01   1.5767867e+04
   2.0000000e+01   1.5784093e+04
   2.1000000e+01   1.5801215e+04
   2.2000000e+01   1.5819228e+04
   2.3000000e+01   1.5838127e+04
   2.4000000e+01   1.5857907e+04
   2.5000000e+01   1.5878563e+04
   2.6000000e+01   1.5900087e+04
   2.7000000e+01   1.5922475e+04
   2.8000000e+01   1.5945720e+04
   2.9000000e+01   1.5969814e+04
   3.0000000e+01   1.5994751e+04
   3.1000000e+01   1.6020596e+04
   3.2000000e+01   1.6047270e+04
   3.3000000e+01   1.6074776e+04
   3.4000000e+01   1.6103117e+04
   3.5000000e+01   1.6132277e+04
   3.6000000e+01   1.6162250e+04
   3.7000000e+01   1.6193023e+04
   3.8000000e+01   1.6224590e+04
   3.9000000e+01   1.6256938e+04
   4.0000000e+01   1.6290062e+04
   4.1000000e+01   1.6323948e+04
   4.2000000e+01   1.6358588e+04
   4.3000000e+01   1.6393971e+04
   4.4000000e+01   1.6430088e+04
   4.5000000e+01   1.6466922e+04
   4.6000000e+01   1.6504467e+04
   4.7000000e+01   1.6542709e+04
   4.8000000e+01   1.6581641e+04
   4.9000000e+01   1.6621248e+04
   5.0000000e+01   1.6661518e+04
   5.1000000e+01   1.6702441e+04
   5.2000000e+01   1.6744002e+04
   5.3000000e+01   1.6786189e+04
   5.4000000e+01   1.6828992e+04
   5.5000000e+01   1.6872395e+04
   5.6000000e+01   1.6916385e+04
   5.7000000e+01   1.6960947e+04
   5.8000000e+01   1.7006072e+04
   5.9000000e+01   1.7051740e+04
   6.0000000e+01   1.7097943e+04
   6.1000000e+01   1.7145074e+04
   6.2000000e+01   1.7192697e+04
   6.3000000e+01   1.7240799e+04
   6.4000000e+01   1.7289361e+04
   6.5000000e+01   1.7338373e+04
   6.6000000e+01   1.7387818e+04
   6.7000000e+01   1.7437684e+04
   6.8000000e+01   1.7487951e+04
   6.9000000e+01   1.7538607e+04
   7.0000000e+01   1.7589635e+04
   7.1000000e+01   1.7641020e+04
   7.2000000e+01   1.7692748e+04
   7.3000000e+01   1.7744801e+04
   7.4000000e+01   1.7797162e+04
   7.5000000e+01   1.7849816e+04
   7.6000000e+01   1.7902748e+04
   7.7000000e+01   1.7955943e+04
   7.8000000e+01   1.8009381e+04
   7.9000000e+01   1.8063049e+04
   8.0000000e+01   1.8116928e+04
   8.1000000e+01   1.8171002e+04
   8.2000000e+01   1.8225254e+04
   8.3000000e+01   1.8279670e+04
   8.4000000e+01   1.8334227e+04
   8.5000000e+01   1.8388912e+04
   8.6000000e+01   1.8443709e+04
   8.7000000e+01   1.8498598e+04
   8.8000000e+01   1.8553564e+04
   8.9000000e+01   1.8608590e+04
   9.0000000e+01   1.8663654e+04
   9.1000000e+01   1.8718543e+04
   9.2000000e+01   1.8773432e+04
   9.3000000e+01   1.8828303e+04
   9.4000000e+01   1.8883141e+04
   9.5000000e+01   1.8937926e+04
   9.6000000e+01   1.8992645e+04
   9.7000000e+01   1.9047277e+04
   9.8000000e+01   1.9101809e+04
   9.9000000e+01   1.9156219e+04
   1.0000000e+02   1.9210490e+04
   1.0100000e+02   1.9264611e+04
   1.0200000e+02   1.9318559e+04
   1.0300000e+02   1.9372318e+04
   1.0400000e+02   1.9425871e+04
   1.0500000e+02   1.9479205e+04
   1.0600000e+02   1.9532299e+04
   1.0700000e+02   1.9585137e+04
   1.0800000e+02   1.9637701e+04
   1.0900000e+02   1.9689979e+04
   1.1000000e+02   1.9741949e+04
   1.1100000e+02   1.9793598e+04
   1.1200000e+02   1.9844908e+04
   1.1300000e+02   1.9895863e+04
   1.1400000e+02   1.9946449e+04
   1.1500000e+02   1.9996646e+04
   1.1600000e+02   2.0046441e+04
   1.1700000e+02   2.0095816e+04
   1.1800000e+02   2.0144758e+04
   1.1900000e+02   2.0193248e+04
   1.2000000e+02   2.0241273e+04
   1.2100000e+02   2.0288834e+04
   1.2200000e+02   2.0335902e+04
   1.2300000e+02   2.0382467e+04
   1.2400000e+02   2.0428512e+04
   1.2500000e+02   2.0474020e+04
   1.2600000e+02   2.0518979e+04
   1.2700000e+02   2.0563371e+04
   1.2800000e+02   2.0607188e+04
   1.2900000e+02   2.0650410e+04
   1.3000000e+02   2.0693027e+04
   1.3100000e+02   2.0735023e+04
   1.3200000e+02   2.0776387e+04
   1.3300000e+02   2.0817104e+04
   1.3400000e+02   2.0857160e+04
   1.3500000e+02   2.0896543e+04
   1.3600000e+02   2.0935240e+04
   1.3700000e+02   2.0973238e+04
   1.3800000e+02   2.1010529e+04
   1.3900000e+02   2.1047096e+04
   1.4000000e+02   2.1082928e+04
   1.4100000e+02   2.1118016e+04
   1.4200000e+02   2.1152344e+04
   1.4300000e+02   2.1185906e+04
   1.4400000e+02   2.1218689e+04
   1.4500000e+02   2.1250682e+04
   1.4600000e+02   2.1281877e+04
   1.4700000e+02   2.1312260e+04
   1.4800000e+02   2.1341824e+04
   1.4900000e+02   2.1370559e+04
   1.5000000e+02   2.1398455e+04
   1.5100000e+02   2.1425738e+04
   1.5200000e+02   2.1452170e+04
   1.5300000e+02   2.1477740e+04
   1.5400000e+02   2.1502445e+04
   1.5500000e+02   2.1526270e+04
   1.5600000e+02   2.1549211e+04
   1.5700000e+02   2.1571264e+04
   1.5800000e+02   2.1592412e+04
   1.5900000e+02   2.1612658e+04
   1.6000000e+02   2.1631990e+04
   1.6100000e+02   2.1650402e+04
   1.6200000e+02   2.1667893e+04
   1.6300000e+02   2.1684451e+04
   1.6400000e+02   2.1700072e+04
   1.6500000e+02   2.1714752e+04
   1.6600000e+02   2.1728488e+04
   1.6700000e+02   2.1741271e+04
   1.6800000e+02   2.1753102e+04
   1.6900000e+02   2.1763971e+04
   1.7000000e+02   2.1773879e+04
   1.7100000e+02   2.1782822e+04
   1.7200000e+02   2.1790795e+04
   1.7300000e+02   2.1797797e+04
   1.7400000e+02   2.1803826e+04
   1.7500000e+02   2.1808877e+04
   1.7600000e+02   2.1812953e+04
   1.7700000e+02   2.1816047e+04
   1.7800000e+02   2.1818162e+04
   1.7900000e+02   2.1819295e+04
   1.8000000e+02   2.1819447e+04
   1.8100000e+02   2.1818791e+04
   1.8200000e+02   2.1817150e+04
   1.8300000e+02   2.1814527e+04
   1.8400000e+02   2.1810924e+04
   1.8500000e+02   2.1806340e+04
   1.8600000e+02   2.1800773e+04
   1.8700000e+02   2.1794230e+04
   1.8800000e+02   2.1786713e+04
   1.8900000e+02   2.1778221e+04
   1.9000000e+02   2.1768756e+04
   1.9100000e+02   2.1758324e+04
   1.9200000e+02   2.1746926e+04
   1.9300000e+02   2.1734568e+04
   1.9400000e+02   2.1721250e+04
   1.9500000e+02   2.1706980e+04
   1.9600000e+02   2.1691760e+04
   1.9700000e+02   2.1675598e+04
   1.9800000e+02   2.1658492e+04
   1.9900000e+02   2.1640449e+04
   2.0000000e+02   2.1621479e+04
   2.0100000e+02   2.1601586e+04
   2.0200000e+02   2.1580775e+04
   2.0300000e+02   2.1559057e+04
   2.0400000e+02   2.1536434e+04
   2.0500000e+02   2.1512914e+04
   2.0600000e+02   2.1488506e+04
   2.0700000e+02   2.1463217e+04
   2.0800000e+02   2.1437053e+04
   2.0900000e+02   2.1410025e+04
   2.1000000e+02   2.1382139e+04
   2.1100000e+02   2.1353297e+04
   2.1200000e+02   2.1323617e+04
   2.1300000e+02   2.1293109e+04
   2.1400000e+02   2.1261783e+04
   2.1500000e+02   2.1229648e+04
   2.1600000e+02   2.1196713e+04
   2.1700000e+02   2.1162990e+04
   2.1800000e+02   2.1128490e+04
   2.1900000e+02   2.1093221e+04
   2.2000000e+02   2.1057193e+04
   2.2100000e+02   2.1020422e+04
   2.2200000e+02   2.0982916e+04
   2.2300000e+02   2.0944688e+04
   2.2400000e+02   2.0905748e+04
   2.2500000e+02   2.0866107e+04
   2.2600000e+02   2.0825781e+04
   2.2700000e+02   2.0784783e+04
   2.2800000e+02   2.0743121e+04
   2.2900000e+02   2.0700811e+04
   2.3000000e+02   2.0657865e+04
   2.3100000e+02   2.0614297e+04
   2.3200000e+02   2.0570121e+04
   2.3300000e+02   2.0525350e+04
   2.3400000e+02   2.0479998e+04
   2.3500000e+02   2.0434078e+04
   2.3600000e+02   2.0387605e+04
   2.3700000e+02   2.0340592e+04
   2.3800000e+02   2.0293059e+04
   2.3900000e+02   2.0245014e+04
   2.4000000e+02   2.0196473e+04
   2.4100000e+02   2.0146961e+04
   2.4200000e+02   2.0096986e+04
   2.4300000e+02   2.0046566e+04
   2.4400000e+02   1.9995717e+04
   2.4500000e+02   1.9944453e+04
   2.4600000e+02   1.9892793e+04
   2.4700000e+02   1.9840750e+04
   2.4800000e+02   1.9788340e+04
   2.4900000e+02   1.9735580e+04
   2.5000000e+02   1.9682486e+04
   2.5100000e+02   1.9629074e+04
   2.5200000e+02   1.9575359e+04
   2.5300000e+02   1.9521361e+04
   2.5400000e+02   1.9467094e+04
   2.5500000e+02   1.9412574e+04
   2.5600000e+02   1.9357820e+04
   2.5700000e+02   1.9302848e+04
   2.5800000e+02   1.9247672e+04
   2.5900000e+02   1.9192313e+04
   2.6000000e+02   1.9136785e+04
   2.6100000e+02   1.9081105e+04
   2.6200000e+02   1.9025291e+04
   2.6300000e+02   1.8969361e+04
   2.6400000e+02   1.8913332e+04
   2.6500000e+02   1.8857221e+04
   2.6600000e+02   1.8801043e+04
   2.6700000e+02   1.8744814e+04
   2.6800000e+02   1.8688557e+04
   2.6900000e+02   1.8632285e+04
   2.7000000e+02   1.8576018e+04
   2.7100000e+02   1.8519045e+04
   2.7200000e+02   1.8462109e+04
   2.7300000e+02   1.8405225e+04
   2.7400000e+02   1.8348412e+04
   2.7500000e+02   1.8291686e+04
   2.7600000e+02   1.8235063e+04
   2.7700000e+02   1.8178547e+04
   2.7800000e+02   1.8122174e+04
   2.7900000e+02   1.8065953e+04
   2.8000000e+02   1.8009908e+04
   2.8100000e+02   1.7954053e+04
   2.8200000e+02   1.7898404e+04
   2.8300000e+02   1.7842982e+04
   2.8400000e+02   1.7787797e+04
   2.8500000e+02   1.7732869e+04
   2.8600000e+02   1.7678215e+04
   2.8700000e+02   1.7623848e+04
   2.8800000e+02   1.7569787e+04
   2.8900000e+02   1.7516049e+04
   2.9000000e+02   1.7462646e+04
   2.9100000e+02   1.7409598e+04
   2.9200000e+02   1.7356916e+04
   2.9300000e+02   1.7304621e+04
   2.9400000e+02   1.7252725e+04
   2.9500000e+02   1.7201242e+04
   2.9600000e+02   1.7150191e+04
   2.9700000e+02   1.7099584e+04
   2.9800000e+02   1.7049438e+04
   2.9900000e+02   1.6999764e+04
   3.0000000e+02   1.6950582e+04
   3.0100000e+02   1.6901523e+04
   3.0200000e+02   1.6852977e+04
   3.0300000e+02   1.6804957e+04
   3.0400000e+02   1.6757475e+04
   3.0500000e+02   1.6710545e+04
   3.0600000e+02   1.6664186e+04
   3.0700000e+02   1.6618402e+04
   3.0800000e+02   1.6573215e+04
   3.0900000e+02   1.6528635e+04
   3.1000000e+02   1.6484676e+04
   3.1100000e+02   1.6441346e+04
   3.1200000e+02   1.6398662e+04
   3.1300000e+02   1.6356636e+04
   3.1400000e+02   1.6315277e+04
   3.1500000e+02   1.6274600e+04
   3.1600000e+02   1.6234615e+04
   3.1700000e+02   1.6195334e+04
   3.1800000e+02   1.6156768e+04
   3.1900000e+02   1.6118928e+04
   3.2000000e+02   1.6081850e+04
   3.2100000e+02   1.6045521e+04
   3.2200000e+02   1.6009953e+04
   3.2300000e+02   1.5975153e+04
   3.2400000e+02   1.5941134e+04
   3.2500000e+02   1.5907904e+04
   3.2600000e+02   1.5875471e+04
   3.2700000e+02   1.5843846e+04
   3.2800000e+02   1.5813037e+04
   3.2900000e+02   1.5783053e+04
   3.3000000e+02   1.5753901e+04
   3.3100000e+02   1.5725744e+04
   3.3200000e+02   1.5698430e+04
   3.3300000e+02   1.5671963e+04
   3.3400000e+02   1.5646354e+04
   3.3500000e+02   1.5621607e+04
   3.3600000e+02   1.5597731e+04
   3.3700000e+02   1.5574733e+04
   3.3800000e+02   1.5552619e+04
   3.3900000e+02   1.5531396e+04
   3.4000000e+02   1.5511067e+04
   3.4100000e+02   1.5491640e+04
   3.4200000e+02   1.5473121e+04
   3.4300000e+02   1.5455514e+04
   3.4400000e+02   1.5438824e+04
   3.4500000e+02   1.5423056e+04
   3.4600000e+02   1.5408214e+04
   3.4700000e+02   1.5394302e+04
   3.4800000e+02   1.5381324e+04
   3.4900000e+02   1.5369285e+04
   3.5000000e+02   1.5358187e+04
   3.5100000e+02   1.5348032e+04
   3.5200000e+02   1.5338825e+04
   3.5300000e+02   1.5330567e+04
   3.5400000e+02   1.5323262e+04
   3.5500000e+02   1.5316909e+04
   3.5600000e+02   1.5311513e+04
   3.5700000e+02   1.5307073e+04
   3.5800000e+02   1.5303591e+04
   3.5900000e+02   1.5301068e+04
   2.6219766e-08   1.5299506e+04
