   0.0000000e+00   1.1957195e+02
   1.0000000e+00   1.9039721e+01
   2.0000000e+00   1.8933083e+01
   3.0000000e+00   1.8827160e+01
   4.0000000e+00   1.8719919e+01
   5.0000000e+00   1.8610371e+01
   6.0000000e+00   1.8499077e+01
   7.0000000e+00   1.8384075e+01
   8.0000000e+00   1.8266855e+01
   9.0000000e+00   1.8146414e+01
   1.0000000e+01   1.8023455e+01
   1.1000000e+01   1.7898520e+01
   1.2000000e+01   1.7771635e+01
   1.3000000e+01   1.7643303e+01
   1.4000000e+01   1.7513468e+01
   1.5000000e+01   1.7381945e+01
   1.6000000e+01   1.7248848e+01
   1.7000000e+01   1.7114178e+01
   1.8000000e+01   1.6977713e+01
   1.9000000e+01   1.6839180e+01
   2.0000000e+01   1.6698734e+01
   2.1000000e+01   1.6556149e+01
   2.2000000e+01   1.6411617e+01
   2.3000000e+01   1.6265144e+01
   2.4000000e+01   1.6116541e+01
   2.5000000e+01   1.5966325e+01
   2.6000000e+01   1.5814499e+01
   2.7000000e+01   1.5661232e+01
   2.8000000e+01   1.5506119e+01
   2.9000000e+01   1.5349101e+01
   3.0000000e+01   1.5190329e+01
   3.1000000e+01   1.4993475e+01
   3.2000000e+01   1.4786583e+01
   3.3000000e+01   1.4569766e+01
   3.4000000e+01   1.4343594e+01
   3.5000000e+01   1.4110909e+01
   3.6000000e+01   1.3870800e+01
   3.7000000e+01   1.3626541e+01
   3.8000000e+01   1.3380565e+01
   3.9000000e+01   1.3134971e+01
   4.0000000e+01   1.2890624e+01
   4.1000000e+01   1.2647196e+01
   4.2000000e+01   1.2405348e+01
   4.3000000e+01   1.2166404e+01
   4.4000000e+01   1.1933046e+01
   4.5000000e+01   1.1701608e+01
   4.6000000e+01   1.1473162e+01
   4.7000000e+01   1.1247576e+01
   4.8000000e+01   1.1024013e+01
   4.9000000e+01   1.0803917e+01
   5.0000000e+01   1.0587564e+01
   5.1000000e+01   1.0372921e+01
   5.2000000e+01   1.0160138e+01
   5.3000000e+01   9.9506044e+00
   5.4000000e+01   9.7444267e+00
   5.5000000e+01   9.5417051e+00
   5.6000000e+01   9.3433819e+00
   5.7000000e+01   9.1499834e+00
   5.8000000e+01   8.9593716e+00
   5.9000000e+01   8.7715778e+00
   6.0000000e+01   8.5866060e+00
   6.1000000e+01   8.4143953e+00
   6.2000000e+01   8.2453489e+00
   6.3000000e+01   8.0796833e+00
   6.4000000e+01   7.9177403e+00
   6.5000000e+01   7.7596564e+00
   6.6000000e+01   7.6051435e+00
   6.7000000e+01   7.4543262e+00
   6.8000000e+01   7.3073134e+00
   6.9000000e+01   7.1641865e+00
   7.0000000e+01   7.0250096e+00
   7.1000000e+01   6.8898344e+00
   7.2000000e+01   6.7581873e+00
   7.3000000e+01   6.6292868e+00
   7.4000000e+01   6.5057497e+00
   7.5000000e+01   6.3874006e+00
   7.6000000e+01   6.2740388e+00
   7.7000000e+01   6.1654692e+00
   7.8000000e+01   6.0615015e+00
   7.9000000e+01   5.9619579e+00
   8.0000000e+01   5.8666606e+00
   8.1000000e+01   5.7752666e+00
   8.2000000e+01   5.6876540e+00
   8.3000000e+01   5.6040740e+00
   8.4000000e+01   5.5242696e+00
   8.5000000e+01   5.4479909e+00
   8.6000000e+01   5.3750029e+00
   8.7000000e+01   5.3050900e+00
   8.8000000e+01   5.2380543e+00
   8.9000000e+01   5.1737094e+00
   9.0000000e+01   5.1118798e+00
   9.1000000e+01   5.0815396e+00
   9.2000000e+01   5.0515442e+00
   9.3000000e+01   5.0218782e+00
   9.4000000e+01   4.9925408e+00
   9.5000000e+01   4.9635196e+00
   9.6000000e+01   4.9348078e+00
   9.7000000e+01   4.9063988e+00
   9.8000000e+01   4.8782821e+00
   9.9000000e+01   4.8504496e+00
   1.0000000e+02   4.8228979e+00
   1.0100000e+02   4.7956247e+00
   1.0200000e+02   4.7686219e+00
   1.0300000e+02   4.7418814e+00
   1.0400000e+02   4.7153983e+00
   1.0500000e+02   4.6891723e+00
   1.0600000e+02   4.6631961e+00
   1.0700000e+02   4.6374636e+00
   1.0800000e+02   4.6119699e+00
   1.0900000e+02   4.5867176e+00
   1.1000000e+02   4.5617018e+00
   1.1100000e+02   4.5369205e+00
   1.1200000e+02   4.5123706e+00
   1.1300000e+02   4.4880476e+00
   1.1400000e+02   4.4639492e+00
   1.1500000e+02   4.4400716e+00
   1.1600000e+02   4.4164138e+00
   1.1700000e+02   4.3929768e+00
   1.1800000e+02   4.3697610e+00
   1.1900000e+02   4.3467617e+00
   1.2000000e+02   4.3239727e+00
   1.2100000e+02   4.3149052e+00
   1.2200000e+02   4.3059659e+00
   1.2300000e+02   4.2971539e+00
   1.2400000e+02   4.2884698e+00
   1.2500000e+02   4.2799134e+00
   1.2600000e+02   4.2714868e+00
   1.2700000e+02   4.2631912e+00
   1.2800000e+02   4.2550278e+00
   1.2900000e+02   4.2469988e+00
   1.3000000e+02   4.2391052e+00
   1.3100000e+02   4.2313509e+00
   1.3200000e+02   4.2237358e+00
   1.3300000e+02   4.2162628e+00
   1.3400000e+02   4.2089348e+00
   1.3500000e+02   4.2017541e+00
   1.3600000e+02   4.1947207e+00
   1.3700000e+02   4.1878343e+00
   1.3800000e+02   4.1810937e+00
   1.3900000e+02   4.1744976e+00
   1.4000000e+02   4.1680470e+00
   1.4100000e+02   4.1617422e+00
   1.4200000e+02   4.1555872e+00
   1.4300000e+02   4.1495829e+00
   1.4400000e+02   4.1437311e+00
   1.4500000e+02   4.1380320e+00
   1.4600000e+02   4.1324849e+00
   1.4700000e+02   4.1270890e+00
   1.4800000e+02   4.1218448e+00
   1.4900000e+02   4.1167502e+00
   1.5000000e+02   4.1118064e+00
   1.5100000e+02   4.1211686e+00
   1.5200000e+02   4.1306462e+00
   1.5300000e+02   4.1402416e+00
   1.5400000e+02   4.1499572e+00
   1.5500000e+02   4.1597953e+00
   1.5600000e+02   4.1697598e+00
   1.5700000e+02   4.1798534e+00
   1.5800000e+02   4.1900792e+00
   1.5900000e+02   4.2004404e+00
   1.6000000e+02   4.2109385e+00
   1.6100000e+02   4.2215772e+00
   1.6200000e+02   4.2323589e+00
   1.6300000e+02   4.2432857e+00
   1.6400000e+02   4.2543583e+00
   1.6500000e+02   4.2655802e+00
   1.6600000e+02   4.2769547e+00
   1.6700000e+02   4.2884836e+00
   1.6800000e+02   4.3001699e+00
   1.6900000e+02   4.3120151e+00
   1.7000000e+02   4.3240209e+00
   1.7100000e+02   4.3361897e+00
   1.7200000e+02   4.3485236e+00
   1.7300000e+02   4.3610239e+00
   1.7400000e+02   4.3736939e+00
   1.7500000e+02   4.3865347e+00
   1.7600000e+02   4.3995485e+00
   1.7700000e+02   4.4127383e+00
   1.7800000e+02   4.4261050e+00
   1.7900000e+02   4.4396520e+00
   1.8000000e+02   4.4533806e+00
   1.8100000e+02   4.4791660e+00
   1.8200000e+02   4.5051551e+00
   1.8300000e+02   4.5313516e+00
   1.8400000e+02   4.5577598e+00
   1.8500000e+02   4.5843835e+00
   1.8600000e+02   4.6112256e+00
   1.8700000e+02   4.6382914e+00
   1.8800000e+02   4.6655836e+00
   1.8900000e+02   4.6931067e+00
   1.9000000e+02   4.7208643e+00
   1.9100000e+02   4.7488604e+00
   1.9200000e+02   4.7770987e+00
   1.9300000e+02   4.8055830e+00
   1.9400000e+02   4.8343167e+00
   1.9500000e+02   4.8633041e+00
   1.9600000e+02   4.8925495e+00
   1.9700000e+02   4.9220567e+00
   1.9800000e+02   4.9518304e+00
   1.9900000e+02   4.9818735e+00
   2.0000000e+02   5.0121908e+00
   2.0100000e+02   5.0427852e+00
   2.0200000e+02   5.0736609e+00
   2.0300000e+02   5.1048222e+00
   2.0400000e+02   5.1362748e+00
   2.0500000e+02   5.1680222e+00
   2.0600000e+02   5.2000694e+00
   2.0700000e+02   5.2324200e+00
   2.0800000e+02   5.2650781e+00
   2.0900000e+02   5.2980485e+00
   2.1000000e+02   5.3313341e+00
   2.1100000e+02   5.3715372e+00
   2.1200000e+02   5.4120641e+00
   2.1300000e+02   5.4529195e+00
   2.1400000e+02   5.4941087e+00
   2.1500000e+02   5.5356369e+00
   2.1600000e+02   5.5775094e+00
   2.1700000e+02   5.6197314e+00
   2.1800000e+02   5.6623087e+00
   2.1900000e+02   5.7052441e+00
   2.2000000e+02   5.7485428e+00
   2.2100000e+02   5.7922096e+00
   2.2200000e+02   5.8362498e+00
   2.2300000e+02   5.8806677e+00
   2.2400000e+02   5.9254670e+00
   2.2500000e+02   5.9706531e+00
   2.2600000e+02   6.0162296e+00
   2.2700000e+02   6.0622015e+00
   2.2800000e+02   6.1085734e+00
   2.2900000e+02   6.1553497e+00
   2.3000000e+02   6.2025342e+00
   2.3100000e+02   6.2501311e+00
   2.3200000e+02   6.2981443e+00
   2.3300000e+02   6.3465781e+00
   2.3400000e+02   6.3954372e+00
   2.3500000e+02   6.4447246e+00
   2.3600000e+02   6.4944429e+00
   2.3700000e+02   6.5445962e+00
   2.3800000e+02   6.5951867e+00
   2.3900000e+02   6.6462183e+00
   2.4000000e+02   6.6976943e+00
   2.4100000e+02   6.7848320e+00
   2.4200000e+02   6.8722062e+00
   2.4300000e+02   6.9598207e+00
   2.4400000e+02   7.0476770e+00
   2.4500000e+02   7.1357765e+00
   2.4600000e+02   7.2241220e+00
   2.4700000e+02   7.3127136e+00
   2.4800000e+02   7.4015517e+00
   2.4900000e+02   7.4906378e+00
   2.5000000e+02   7.5799727e+00
   2.5100000e+02   7.6695566e+00
   2.5200000e+02   7.7593899e+00
   2.5300000e+02   7.8494716e+00
   2.5400000e+02   7.9398012e+00
   2.5500000e+02   8.0303774e+00
   2.5600000e+02   8.1211996e+00
   2.5700000e+02   8.2122650e+00
   2.5800000e+02   8.3035688e+00
   2.5900000e+02   8.3951101e+00
   2.6000000e+02   8.4868870e+00
   2.6100000e+02   8.5788965e+00
   2.6200000e+02   8.6711349e+00
   2.6300000e+02   8.7636003e+00
   2.6400000e+02   8.8562880e+00
   2.6500000e+02   8.9491920e+00
   2.6600000e+02   9.0423079e+00
   2.6700000e+02   9.1356306e+00
   2.6800000e+02   9.2291536e+00
   2.6900000e+02   9.3228731e+00
   2.7000000e+02   9.4167814e+00
   2.7100000e+02   9.4579563e+00
   2.7200000e+02   9.4993982e+00
   2.7300000e+02   9.5411015e+00
   2.7400000e+02   9.5830574e+00
   2.7500000e+02   9.6252594e+00
   2.7600000e+02   9.6676998e+00
   2.7700000e+02   9.7103662e+00
   2.7800000e+02   9.7532492e+00
   2.7900000e+02   9.7963409e+00
   2.8000000e+02   9.8396330e+00
   2.8100000e+02   9.8831167e+00
   2.8200000e+02   9.9267826e+00
   2.8300000e+02   9.9706230e+00
   2.8400000e+02   1.0014627e+01
   2.8500000e+02   1.0058786e+01
   2.8600000e+02   1.0103091e+01
   2.8700000e+02   1.0147532e+01
   2.8800000e+02   1.0192100e+01
   2.8900000e+02   1.0236782e+01
   2.9000000e+02   1.0281568e+01
   2.9100000e+02   1.0326447e+01
   2.9200000e+02   1.0371408e+01
   2.9300000e+02   1.0416442e+01
   2.9400000e+02   1.0461536e+01
   2.9500000e+02   1.0506680e+01
   2.9600000e+02   1.0551861e+01
   2.9700000e+02   1.0597068e+01
   2.9800000e+02   1.0642290e+01
   2.9900000e+02   1.0687514e+01
   3.0000000e+02   1.0732728e+01
   3.0100000e+02   1.0757374e+01
   3.0200000e+02   1.0781786e+01
   3.0300000e+02   1.0805953e+01
   3.0400000e+02   1.0829863e+01
   3.0500000e+02   1.0853503e+01
   3.0600000e+02   1.0876864e+01
   3.0700000e+02   1.0899934e+01
   3.0800000e+02   1.0922701e+01
   3.0900000e+02   1.0945154e+01
   3.1000000e+02   1.0967280e+01
   3.1100000e+02   1.0989070e+01
   3.1200000e+02   1.1010509e+01
   3.1300000e+02   1.1031589e+01
   3.1400000e+02   1.1052295e+01
   3.1500000e+02   1.1072618e+01
   3.1600000e+02   1.1092545e+01
   3.1700000e+02   1.1112064e+01
   3.1800000e+02   1.1131166e+01
   3.1900000e+02   1.1149839e+01
   3.2000000e+02   1.1168072e+01
   3.2100000e+02   1.1185853e+01
   3.2200000e+02   1.1203172e+01
   3.2300000e+02   1.1220018e+01
   3.2400000e+02   1.1236380e+01
   3.2500000e+02   1.1252247e+01
   3.2600000e+02   1.1267610e+01
   3.2700000e+02   1.1282456e+01
   3.2800000e+02   1.1296779e+01
   3.2900000e+02   1.1310547e+01
   3.3000000e+02   1.1323746e+01
   3.3100000e+02   1.1317094e+01
   3.3200000e+02   1.1309908e+01
   3.3300000e+02   1.1302179e+01
   3.3400000e+02   1.1293899e+01
   3.3500000e+02   1.1285059e+01
   3.3600000e+02   1.1275653e+01
   3.3700000e+02   1.1265673e+01
   3.3800000e+02   1.1255112e+01
   3.3900000e+02   1.1243964e+01
   3.4000000e+02   1.1232224e+01
   3.4100000e+02   1.1219886e+01
   3.4200000e+02   1.1206945e+01
   3.4300000e+02   1.1193397e+01
   3.4400000e+02   1.1179237e+01
   3.4500000e+02   1.1164463e+01
   3.4600000e+02   1.1149071e+01
   3.4700000e+02   1.1133059e+01
   3.4800000e+02   1.1116423e+01
   3.4900000e+02   1.1099162e+01
   3.5000000e+02   1.1081277e+01
   3.5100000e+02   1.1062764e+01
   3.5200000e+02   1.1043625e+01
   3.5300000e+02   1.1023858e+01
   3.5400000e+02   1.1003466e+01
   3.5500000e+02   1.0982449e+01
   3.5600000e+02   1.0960809e+01
   3.5700000e+02   1.0938547e+01
   3.5800000e+02   1.0915667e+01
   3.5900000e+02   1.0892171e+01
   7.1133672e-07   1.0868062e+01
   1.0000007e+00   1.0828893e+01
   2.0000007e+00   1.0789074e+01
   3.0000007e+00   1.0748613e+01
   4.0000010e+00   1.0707518e+01
   5.0000010e+00   1.0665795e+01
   6.0000010e+00   1.0623455e+01
   7.0000010e+00   1.0580507e+01
   8.0000010e+00   1.0536960e+01
   9.0000010e+00   1.0492822e+01
   1.0000001e+01   1.0448106e+01
   1.1000001e+01   1.0402820e+01
   1.2000001e+01   1.0356977e+01
   1.3000001e+01   1.0310586e+01
   1.4000001e+01   1.0263660e+01
   1.5000001e+01   1.0216210e+01
   1.6000000e+01   1.0168248e+01
   1.7000000e+01   1.0119787e+01
   1.8000000e+01   1.0070840e+01
   1.9000000e+01   1.0021418e+01
   2.0000000e+01   9.9715347e+00
   2.1000000e+01   9.9212027e+00
   2.2000000e+01   9.8704367e+00
   2.3000000e+01   9.8192492e+00
   2.4000000e+01   9.7676535e+00
   2.5000000e+01   9.7156639e+00
   2.6000000e+01   9.6632948e+00
   2.7000000e+01   9.6105595e+00
   2.8000000e+01   9.5574713e+00
   2.9000000e+01   9.5040464e+00
   3.0000000e+01   9.4502974e+00
   3.1000000e+01   9.3375902e+00
   3.2000000e+01   9.2247534e+00
   3.3000000e+01   9.1118107e+00
   3.4000000e+01   8.9987841e+00
   3.5000000e+01   8.8856974e+00
   3.6000000e+01   8.7725716e+00
   3.7000000e+01   8.6594296e+00
   3.8000000e+01   8.5462923e+00
   3.9000000e+01   8.4331818e+00
   4.0000000e+01   8.3201189e+00
   4.1000000e+01   8.2071247e+00
   4.2000000e+01   8.0942192e+00
   4.3000000e+01   7.9814243e+00
   4.4000000e+01   7.8687577e+00
   4.5000000e+01   7.7562404e+00
   4.6000000e+01   7.6438904e+00
   4.7000000e+01   7.5317273e+00
   4.8000000e+01   7.4197683e+00
   4.9000000e+01   7.3080316e+00
   5.0000000e+01   7.1965346e+00
   5.1000000e+01   7.0852938e+00
   5.2000000e+01   6.9743266e+00
   5.3000000e+01   6.8636479e+00
   5.4000000e+01   6.7532735e+00
   5.5000000e+01   6.6432190e+00
   5.6000000e+01   6.5334983e+00
   5.7000000e+01   6.4241252e+00
   5.8000000e+01   6.3151140e+00
   5.9000000e+01   6.2064776e+00
   6.0000000e+01   6.0982285e+00
   6.1000000e+01   6.0530815e+00
   6.2000000e+01   6.0080323e+00
   6.3000000e+01   5.9630890e+00
   6.4000000e+01   5.9182591e+00
   6.5000000e+01   5.8735504e+00
   6.6000000e+01   5.8289700e+00
   6.7000000e+01   5.7845249e+00
   6.8000000e+01   5.7402220e+00
   6.9000000e+01   5.6960669e+00
   7.0000000e+01   5.6520667e+00
   7.1000000e+01   5.6082273e+00
   7.2000000e+01   5.5645542e+00
   7.3000000e+01   5.5210533e+00
   7.4000000e+01   5.4777303e+00
   7.5000000e+01   5.4345894e+00
   7.6000000e+01   5.3916364e+00
   7.7000000e+01   5.3488750e+00
   7.8000000e+01   5.3063111e+00
   7.9000000e+01   5.2639480e+00
   8.0000000e+01   5.2217908e+00
   8.1000000e+01   5.1798429e+00
   8.2000000e+01   5.1381083e+00
   8.3000000e+01   5.0965905e+00
   8.4000000e+01   5.0552936e+00
   8.5000000e+01   5.0142198e+00
   8.6000000e+01   4.9733729e+00
   8.7000000e+01   4.9327555e+00
   8.8000000e+01   4.8923707e+00
   8.9000000e+01   4.8522205e+00
   9.0000000e+01   4.8123074e+00
   9.1000000e+01   4.7839131e+00
   9.2000000e+01   4.7556877e+00
   9.3000000e+01   4.7276340e+00
   9.4000000e+01   4.6997538e+00
   9.5000000e+01   4.6720495e+00
   9.6000000e+01   4.6445241e+00
   9.7000000e+01   4.6171784e+00
   9.8000000e+01   4.5900149e+00
   9.9000000e+01   4.5630355e+00
   1.0000000e+02   4.5362420e+00
   1.0100000e+02   4.5096354e+00
   1.0200000e+02   4.4832172e+00
   1.0300000e+02   4.4569898e+00
   1.0400000e+02   4.4309530e+00
   1.0500000e+02   4.4051089e+00
   1.0600000e+02   4.3794584e+00
   1.0700000e+02   4.3540025e+00
   1.0800000e+02   4.3287416e+00
   1.0900000e+02   4.3036766e+00
   1.1000000e+02   4.2788086e+00
   1.1100000e+02   4.2541375e+00
   1.1200000e+02   4.2296643e+00
   1.1300000e+02   4.2053890e+00
   1.1400000e+02   4.1813121e+00
   1.1500000e+02   4.1574340e+00
   1.1600000e+02   4.1337547e+00
   1.1700000e+02   4.1102743e+00
   1.1800000e+02   4.0869927e+00
   1.1900000e+02   4.0639095e+00
   1.2000000e+02   4.0410252e+00
   1.2100000e+02   4.0313134e+00
   1.2200000e+02   4.0217390e+00
   1.2300000e+02   4.0123038e+00
   1.2400000e+02   4.0030088e+00
   1.2500000e+02   3.9938550e+00
   1.2600000e+02   3.9848430e+00
   1.2700000e+02   3.9759736e+00
   1.2800000e+02   3.9672477e+00
   1.2900000e+02   3.9586658e+00
   1.3000000e+02   3.9502292e+00
   1.3100000e+02   3.9419382e+00
   1.3200000e+02   3.9337933e+00
   1.3300000e+02   3.9257956e+00
   1.3400000e+02   3.9179454e+00
   1.3500000e+02   3.9102433e+00
   1.3600000e+02   3.9026897e+00
   1.3700000e+02   3.8952849e+00
   1.3800000e+02   3.8880298e+00
   1.3900000e+02   3.8809245e+00
   1.4000000e+02   3.8739696e+00
   1.4100000e+02   3.8671651e+00
   1.4200000e+02   3.8605118e+00
   1.4300000e+02   3.8540101e+00
   1.4400000e+02   3.8476598e+00
   1.4500000e+02   3.8414617e+00
   1.4600000e+02   3.8354158e+00
   1.4700000e+02   3.8295224e+00
   1.4800000e+02   3.8237817e+00
   1.4900000e+02   3.8181939e+00
   1.5000000e+02   3.8127594e+00
   1.5100000e+02   3.8209658e+00
   1.5200000e+02   3.8293006e+00
   1.5300000e+02   3.8377655e+00
   1.5400000e+02   3.8463624e+00
   1.5500000e+02   3.8550930e+00
   1.5600000e+02   3.8639593e+00
   1.5700000e+02   3.8729630e+00
   1.5800000e+02   3.8821058e+00
   1.5900000e+02   3.8913896e+00
   1.6000000e+02   3.9008160e+00
   1.6100000e+02   3.9103870e+00
   1.6200000e+02   3.9201043e+00
   1.6300000e+02   3.9299698e+00
   1.6400000e+02   3.9399853e+00
   1.6500000e+02   3.9501524e+00
   1.6600000e+02   3.9604728e+00
   1.6700000e+02   3.9709487e+00
   1.6800000e+02   3.9815814e+00
   1.6900000e+02   3.9923728e+00
   1.7000000e+02   4.0033245e+00
   1.7100000e+02   4.0144386e+00
   1.7200000e+02   4.0257163e+00
   1.7300000e+02   4.0371599e+00
   1.7400000e+02   4.0487704e+00
   1.7500000e+02   4.0605502e+00
   1.7600000e+02   4.0725007e+00
   1.7700000e+02   4.0846233e+00
   1.7800000e+02   4.0969200e+00
   1.7900000e+02   4.1093931e+00
   1.8000000e+02   4.1220431e+00
   1.8100000e+02   4.1463075e+00
   1.8200000e+02   4.1707664e+00
   1.8300000e+02   4.1954236e+00
   1.8400000e+02   4.2202821e+00
   1.8500000e+02   4.2453456e+00
   1.8600000e+02   4.2706165e+00
   1.8700000e+02   4.2960987e+00
   1.8800000e+02   4.3217955e+00
   1.8900000e+02   4.3477097e+00
   1.9000000e+02   4.3738446e+00
   1.9100000e+02   4.4002042e+00
   1.9200000e+02   4.4267912e+00
   1.9300000e+02   4.4536085e+00
   1.9400000e+02   4.4806604e+00
   1.9500000e+02   4.5079498e+00
   1.9600000e+02   4.5354795e+00
   1.9700000e+02   4.5632534e+00
   1.9800000e+02   4.5912743e+00
   1.9900000e+02   4.6195455e+00
   2.0000000e+02   4.6480708e+00
   2.0100000e+02   4.6768527e+00
   2.0200000e+02   4.7058949e+00
   2.0300000e+02   4.7352009e+00
   2.0400000e+02   4.7647734e+00
   2.0500000e+02   4.7946157e+00
   2.0600000e+02   4.8247313e+00
   2.0700000e+02   4.8551235e+00
   2.0800000e+02   4.8857956e+00
   2.0900000e+02   4.9167500e+00
   2.1000000e+02   4.9479909e+00
   2.1100000e+02   4.9845505e+00
   2.1200000e+02   5.0214148e+00
   2.1300000e+02   5.0585866e+00
   2.1400000e+02   5.0960708e+00
   2.1500000e+02   5.1338701e+00
   2.1600000e+02   5.1719885e+00
   2.1700000e+02   5.2104301e+00
   2.1800000e+02   5.2491980e+00
   2.1900000e+02   5.2882957e+00
   2.2000000e+02   5.3277278e+00
   2.2100000e+02   5.3674965e+00
   2.2200000e+02   5.4076061e+00
   2.2300000e+02   5.4480596e+00
   2.2400000e+02   5.4888606e+00
   2.2500000e+02   5.5300131e+00
   2.2600000e+02   5.5715194e+00
   2.2700000e+02   5.6133833e+00
   2.2800000e+02   5.6556077e+00
   2.2900000e+02   5.6981964e+00
   2.3000000e+02   5.7411518e+00
   2.3100000e+02   5.7844777e+00
   2.3200000e+02   5.8281760e+00
   2.3300000e+02   5.8722506e+00
   2.3400000e+02   5.9167042e+00
   2.3500000e+02   5.9615388e+00
   2.3600000e+02   6.0067577e+00
   2.3700000e+02   6.0523639e+00
   2.3800000e+02   6.0983591e+00
   2.3900000e+02   6.1447287e+00
   2.4000000e+02   6.1914892e+00
   2.4100000e+02   6.2558475e+00
   2.4200000e+02   6.3203883e+00
   2.4300000e+02   6.3851128e+00
   2.4400000e+02   6.4500217e+00
   2.4500000e+02   6.5151162e+00
   2.4600000e+02   6.5803967e+00
   2.4700000e+02   6.6458631e+00
   2.4800000e+02   6.7115164e+00
   2.4900000e+02   6.7773566e+00
   2.5000000e+02   6.8433833e+00
   2.5100000e+02   6.9095960e+00
   2.5200000e+02   6.9759946e+00
   2.5300000e+02   7.0425782e+00
   2.5400000e+02   7.1093464e+00
   2.5500000e+02   7.1762972e+00
   2.5600000e+02   7.2434301e+00
   2.5700000e+02   7.3107429e+00
   2.5800000e+02   7.3782344e+00
   2.5900000e+02   7.4459023e+00
   2.6000000e+02   7.5137448e+00
   2.6100000e+02   7.5817595e+00
   2.6200000e+02   7.6499429e+00
   2.6300000e+02   7.7182922e+00
   2.6400000e+02   7.7868047e+00
   2.6500000e+02   7.8554764e+00
   2.6600000e+02   7.9243035e+00
   2.6700000e+02   7.9932823e+00
   2.6800000e+02   8.0624084e+00
   2.6900000e+02   8.1314201e+00
   2.7000000e+02   8.1999731e+00
   2.7100000e+02   8.2646332e+00
   2.7200000e+02   8.3298454e+00
   2.7300000e+02   8.3955946e+00
   2.7400000e+02   8.4618645e+00
   2.7500000e+02   8.5286388e+00
   2.7600000e+02   8.5959024e+00
   2.7700000e+02   8.6636381e+00
   2.7800000e+02   8.7318296e+00
   2.7900000e+02   8.8004618e+00
   2.8000000e+02   8.8695183e+00
   2.8100000e+02   8.9389830e+00
   2.8200000e+02   9.0088387e+00
   2.8300000e+02   9.0790701e+00
   2.8400000e+02   9.1496611e+00
   2.8500000e+02   9.2205935e+00
   2.8600000e+02   9.2918520e+00
   2.8700000e+02   9.3634205e+00
   2.8800000e+02   9.4352808e+00
   2.8900000e+02   9.5074167e+00
   2.9000000e+02   9.5798111e+00
   2.9100000e+02   9.6524467e+00
   2.9200000e+02   9.7253065e+00
   2.9300000e+02   9.7983732e+00
   2.9400000e+02   9.8716288e+00
   2.9500000e+02   9.9450560e+00
   2.9600000e+02   1.0018637e+01
   2.9700000e+02   1.0092354e+01
   2.9800000e+02   1.0166189e+01
   2.9900000e+02   1.0240124e+01
   3.0000000e+02   1.0314140e+01
   3.0100000e+02   1.0336466e+01
   3.0200000e+02   1.0358602e+01
   3.0300000e+02   1.0380536e+01
   3.0400000e+02   1.0402257e+01
   3.0500000e+02   1.0423753e+01
   3.0600000e+02   1.0445013e+01
   3.0700000e+02   1.0466026e+01
   3.0800000e+02   1.0486779e+01
   3.0900000e+02   1.0507261e+01
   3.1000000e+02   1.0527461e+01
   3.1100000e+02   1.0547367e+01
   3.1200000e+02   1.0566967e+01
   3.1300000e+02   1.0586250e+01
   3.1400000e+02   1.0605205e+01
   3.1500000e+02   1.0623819e+01
   3.1600000e+02   1.0642083e+01
   3.1700000e+02   1.0659984e+01
   3.1800000e+02   1.0677511e+01
   3.1900000e+02   1.0694654e+01
   3.2000000e+02   1.0711400e+01
   3.2100000e+02   1.0727740e+01
   3.2200000e+02   1.0743663e+01
   3.2300000e+02   1.0759157e+01
   3.2400000e+02   1.0774213e+01
   3.2500000e+02   1.0788819e+01
   3.2600000e+02   1.0802967e+01
   3.2700000e+02   1.0816647e+01
   3.2800000e+02   1.0829846e+01
   3.2900000e+02   1.0842558e+01
   3.3000000e+02   1.0854771e+01
   3.3100000e+02   1.0850871e+01
   3.3200000e+02   1.0846429e+01
   3.3300000e+02   1.0841440e+01
   3.3400000e+02   1.0835896e+01
   3.3500000e+02   1.0829792e+01
   3.3600000e+02   1.0823122e+01
   3.3700000e+02   1.0815881e+01
   3.3800000e+02   1.0808063e+01
   3.3900000e+02   1.0799663e+01
   3.4000000e+02   1.0790677e+01
   3.4100000e+02   1.0781101e+01
   3.4200000e+02   1.0770932e+01
   3.4300000e+02   1.0760166e+01
   3.4400000e+02   1.0748800e+01
   3.4500000e+02   1.0736832e+01
   3.4600000e+02   1.0724258e+01
   3.4700000e+02   1.0711080e+01
   3.4800000e+02   1.0697292e+01
   3.4900000e+02   1.0682897e+01
   3.5000000e+02   1.0667892e+01
   3.5100000e+02   1.0652277e+01
   3.5200000e+02   1.0636053e+01
   3.5300000e+02   1.0619221e+01
   3.5400000e+02   1.0601781e+01
   3.5500000e+02   1.0583735e+01
   3.5600000e+02   1.0565084e+01
   3.5700000e+02   1.0545833e+01
   3.5800000e+02   1.0525981e+01
   3.5900000e+02   1.0505533e+01
   1.4226848e-06   1.0484492e+01
