   0.0000000e+00   1.3471966e+04
   1.0000000e+00   1.3113215e+04
   2.0000000e+00   1.3094027e+04
   3.0000000e+00   1.3076653e+04
   4.0000000e+00   1.3060081e+04
   5.0000000e+00   1.3044334e+04
   6.0000000e+00   1.3029435e+04
   7.0000000e+00   1.3015406e+04
   8.0000000e+00   1.3002273e+04
   9.0000000e+00   1.2990057e+04
   1.0000000e+01   1.2978779e+04
   1.1000000e+01   1.2968465e+04
   1.2000000e+01   1.2959134e+04
   1.3000000e+01   1.2950813e+04
   1.4000000e+01   1.2943563e+04
   1.5000000e+01   1.2937426e+04
   1.6000000e+01   1.2932398e+04
   1.7000000e+01   1.2928556e+04
   1.8000000e+01   1.2925898e+04
   1.9000000e+01   1.2924429e+04
   2.0000000e+01   1.2924178e+04
   2.1000000e+01   1.2925172e+04
   2.2000000e+01   1.2927432e+04
   2.3000000e+01   1.2930978e+04
   2.4000000e+01   1.2935851e+04
   2.5000000e+01   1.2942064e+04
   2.6000000e+01   1.2949670e+04
   2.7000000e+01   1.2958695e+04
   2.8000000e+01   1.2969169e+04
   2.9000000e+01   1.2981117e+04
   3.0000000e+01   1.2994568e+04
   3.1000000e+01   1.3009218e+04
   3.2000000e+01   1.3025409e+04
   3.3000000e+01   1.3043164e+04
   3.4000000e+01   1.3062508e+04
   3.5000000e+01   1.3083467e+04
   3.6000000e+01   1.3106063e+04
   3.7000000e+01   1.3130319e+04
   3.8000000e+01   1.3156255e+04
   3.9000000e+01   1.3183890e+04
   4.0000000e+01   1.3213229e+04
   4.1000000e+01   1.3244229e+04
   4.2000000e+01   1.3276979e+04
   4.3000000e+01   1.3311493e+04
   4.4000000e+01   1.3347783e+04
   4.5000000e+01   1.3385861e+04
   4.6000000e+01   1.3425745e+04
   4.7000000e+01   1.3467433e+04
   4.8000000e+01   1.3510927e+04
   4.9000000e+01   1.3556234e+04
   5.0000000e+01   1.3603354e+04
   5.1000000e+01   1.3652290e+04
   5.2000000e+01   1.3703040e+04
   5.3000000e+01   1.3755602e+04
   5.4000000e+01   1.3809970e+04
   5.5000000e+01   1.3866139e+04
   5.6000000e+01   1.3924101e+04
   5.7000000e+01   1.3983845e+04
   5.8000000e+01   1.4045357e+04
   5.9000000e+01   1.4108624e+04
   6.0000000e+01   1.4173631e+04
   6.1000000e+01   1.4240027e+04
   6.2000000e+01   1.4308149e+04
   6.3000000e+01   1.4377979e+04
   6.4000000e+01   1.4449494e+04
   6.5000000e+01   1.4522660e+04
   6.6000000e+01   1.4597438e+04
   6.7000000e+01   1.4673829e+04
   6.8000000e+01   1.4751780e+04
   6.9000000e+01   1.4831278e+04
   7.0000000e+01   1.4912313e+04
   7.1000000e+01   1.4994839e+04
   7.2000000e+01   1.5078826e+04
   7.3000000e+01   1.5164258e+04
   7.4000000e+01   1.5251085e+04
   7.5000000e+01   1.5339264e+04
   7.6000000e+01   1.5428763e+04
   7.7000000e+01   1.5519559e+04
   7.8000000e+01   1.5611594e+04
   7.9000000e+01   1.5704857e+04
   8.0000000e+01   1.5799309e+04
   8.1000000e+01   1.5894884e+04
   8.2000000e+01   1.5991538e+04
   8.3000000e+01   1.6089226e+04
   8.4000000e+01   1.6187910e+04
   8.5000000e+01   1.6287557e+04
   8.6000000e+01   1.6388148e+04
   8.7000000e+01   1.6489662e+04
   8.8000000e+01   1.6591984e+04
   8.9000000e+01   1.6695063e+04
   9.0000000e+01   1.6798854e+04
   9.1000000e+01   1.6900994e+04
   9.2000000e+01   1.7003859e+04
   9.3000000e+01   1.7107629e+04
   9.4000000e+01   1.7211980e+04
   9.5000000e+01   1.7316811e+04
   9.6000000e+01   1.7422066e+04
   9.7000000e+01   1.7527703e+04
   9.8000000e+01   1.7633678e+04
   9.9000000e+01   1.7740025e+04
   1.0000000e+02   1.7846830e+04
   1.0100000e+02   1.7954053e+04
   1.0200000e+02   1.8061789e+04
   1.0300000e+02   1.8169691e+04
   1.0400000e+02   1.8277670e+04
   1.0500000e+02   1.8385664e+04
   1.0600000e+02   1.8493617e+04
   1.0700000e+02   1.8601473e+04
   1.0800000e+02   1.8709176e+04
   1.0900000e+02   1.8816670e+04
   1.1000000e+02   1.8923928e+04
   1.1100000e+02   1.9030854e+04
   1.1200000e+02   1.9137391e+04
   1.1300000e+02   1.9243480e+04
   1.1400000e+02   1.9349070e+04
   1.1500000e+02   1.9454096e+04
   1.1600000e+02   1.9558506e+04
   1.1700000e+02   1.9662240e+04
   1.1800000e+02   1.9765244e+04
   1.1900000e+02   1.9867461e+04
   1.2000000e+02   1.9968834e+04
   1.2100000e+02   2.0046236e+04
   1.2200000e+02   2.0122518e+04
   1.2300000e+02   2.0197672e+04
   1.2400000e+02   2.0271695e+04
   1.2500000e+02   2.0344578e+04
   1.2600000e+02   2.0417334e+04
   1.2700000e+02   2.0489287e+04
   1.2800000e+02   2.0561059e+04
   1.2900000e+02   2.0632271e+04
   1.3000000e+02   2.0702535e+04
   1.3100000e+02   2.0771809e+04
   1.3200000e+02   2.0840055e+04
   1.3300000e+02   2.0907238e+04
   1.3400000e+02   2.0973322e+04
   1.3500000e+02   2.1038273e+04
   1.3600000e+02   2.1102057e+04
   1.3700000e+02   2.1164639e+04
   1.3800000e+02   2.1225984e+04
   1.3900000e+02   2.1286068e+04
   1.4000000e+02   2.1344854e+04
   1.4100000e+02   2.1402314e+04
   1.4200000e+02   2.1458465e+04
   1.4300000e+02   2.1513215e+04
   1.4400000e+02   2.1566535e+04
   1.4500000e+02   2.1618385e+04
   1.4600000e+02   2.1668750e+04
   1.4700000e+02   2.1717600e+04
   1.4800000e+02   2.1764908e+04
   1.4900000e+02   2.1810654e+04
   1.5000000e+02   2.1854813e+04
   1.5100000e+02   2.1912486e+04
   1.5200000e+02   2.1968391e+04
   1.5300000e+02   2.2022508e+04
   1.5400000e+02   2.2074813e+04
   1.5500000e+02   2.2125291e+04
   1.5600000e+02   2.2173924e+04
   1.5700000e+02   2.2220691e+04
   1.5800000e+02   2.2265580e+04
   1.5900000e+02   2.2308570e+04
   1.6000000e+02   2.2349650e+04
   1.6100000e+02   2.2388803e+04
   1.6200000e+02   2.2426018e+04
   1.6300000e+02   2.2461279e+04
   1.6400000e+02   2.2494576e+04
   1.6500000e+02   2.2525898e+04
   1.6600000e+02   2.2555234e+04
   1.6700000e+02   2.2582572e+04
   1.6800000e+02   2.2607906e+04
   1.6900000e+02   2.2631229e+04
   1.7000000e+02   2.2652527e+04
   1.7100000e+02   2.2671803e+04
   1.7200000e+02   2.2689045e+04
   1.7300000e+02   2.2704248e+04
   1.7400000e+02   2.2717387e+04
   1.7500000e+02   2.2728480e+04
   1.7600000e+02   2.2737525e+04
   1.7700000e+02   2.2744521e+04
   1.7800000e+02   2.2749463e+04
   1.7900000e+02   2.2752355e+04
   1.8000000e+02   2.2753199e+04
   1.8100000e+02   2.2766025e+04
   1.8200000e+02   2.2776668e+04
   1.8300000e+02   2.2785125e+04
   1.8400000e+02   2.2791404e+04
   1.8500000e+02   2.2795510e+04
   1.8600000e+02   2.2797445e+04
   1.8700000e+02   2.2797217e+04
   1.8800000e+02   2.2794834e+04
   1.8900000e+02   2.2790303e+04
   1.9000000e+02   2.2783641e+04
   1.9100000e+02   2.2774855e+04
   1.9200000e+02   2.2763953e+04
   1.9300000e+02   2.2750939e+04
   1.9400000e+02   2.2735828e+04
   1.9500000e+02   2.2719049e+04
   1.9600000e+02   2.2700244e+04
   1.9700000e+02   2.2679422e+04
   1.9800000e+02   2.2656586e+04
   1.9900000e+02   2.2631752e+04
   2.0000000e+02   2.2604930e+04
   2.0100000e+02   2.2576133e+04
   2.0200000e+02   2.2545373e+04
   2.0300000e+02   2.2512662e+04
   2.0400000e+02   2.2478021e+04
   2.0500000e+02   2.2441459e+04
   2.0600000e+02   2.2402990e+04
   2.0700000e+02   2.2362635e+04
   2.0800000e+02   2.2320408e+04
   2.0900000e+02   2.2276324e+04
   2.1000000e+02   2.2230404e+04
   2.1100000e+02   2.2165057e+04
   2.1200000e+02   2.2098346e+04
   2.1300000e+02   2.2030314e+04
   2.1400000e+02   2.1960994e+04
   2.1500000e+02   2.1890424e+04
   2.1600000e+02   2.1818641e+04
   2.1700000e+02   2.1745684e+04
   2.1800000e+02   2.1671590e+04
   2.1900000e+02   2.1596398e+04
   2.2000000e+02   2.1520154e+04
   2.2100000e+02   2.1442895e+04
   2.2200000e+02   2.1364660e+04
   2.2300000e+02   2.1285498e+04
   2.2400000e+02   2.1205439e+04
   2.2500000e+02   2.1124529e+04
   2.2600000e+02   2.1042820e+04
   2.2700000e+02   2.0960357e+04
   2.2800000e+02   2.0877188e+04
   2.2900000e+02   2.0793354e+04
   2.3000000e+02   2.0708906e+04
   2.3100000e+02   2.0623891e+04
   2.3200000e+02   2.0538355e+04
   2.3300000e+02   2.0452348e+04
   2.3400000e+02   2.0365918e+04
   2.3500000e+02   2.0279115e+04
   2.3600000e+02   2.0191988e+04
   2.3700000e+02   2.0104590e+04
   2.3800000e+02   2.0016967e+04
   2.3900000e+02   1.9929184e+04
   2.4000000e+02   1.9841281e+04
   2.4100000e+02   1.9742402e+04
   2.4200000e+02   1.9643109e+04
   2.4300000e+02   1.9543439e+04
   2.4400000e+02   1.9443439e+04
   2.4500000e+02   1.9343150e+04
   2.4600000e+02   1.9242611e+04
   2.4700000e+02   1.9141869e+04
   2.4800000e+02   1.9040963e+04
   2.4900000e+02   1.8939934e+04
   2.5000000e+02   1.8838828e+04
   2.5100000e+02   1.8737688e+04
   2.5200000e+02   1.8636566e+04
   2.5300000e+02   1.8535492e+04
   2.5400000e+02   1.8434512e+04
   2.5500000e+02   1.8333664e+04
   2.5600000e+02   1.8232994e+04
   2.5700000e+02   1.8132539e+04
   2.5800000e+02   1.8032348e+04
   2.5900000e+02   1.7932455e+04
   2.6000000e+02   1.7832906e+04
   2.6100000e+02   1.7733740e+04
   2.6200000e+02   1.7635000e+04
   2.6300000e+02   1.7536736e+04
   2.6400000e+02   1.7439016e+04
   2.6500000e+02   1.7341842e+04
   2.6600000e+02   1.7245248e+04
   2.6700000e+02   1.7149273e+04
   2.6800000e+02   1.7053961e+04
   2.6900000e+02   1.6959342e+04
   2.7000000e+02   1.6865457e+04
   2.7100000e+02   1.6770834e+04
   2.7200000e+02   1.6676842e+04
   2.7300000e+02   1.6583508e+04
   2.7400000e+02   1.6490865e+04
   2.7500000e+02   1.6398951e+04
   2.7600000e+02   1.6307929e+04
   2.7700000e+02   1.6217686e+04
   2.7800000e+02   1.6128239e+04
   2.7900000e+02   1.6039613e+04
   2.8000000e+02   1.5951844e+04
   2.8100000e+02   1.5864956e+04
   2.8200000e+02   1.5778976e+04
   2.8300000e+02   1.5693928e+04
   2.8400000e+02   1.5609837e+04
   2.8500000e+02   1.5526724e+04
   2.8600000e+02   1.5444612e+04
   2.8700000e+02   1.5363521e+04
   2.8800000e+02   1.5283472e+04
   2.8900000e+02   1.5204479e+04
   2.9000000e+02   1.5126563e+04
   2.9100000e+02   1.5049739e+04
   2.9200000e+02   1.4974021e+04
   2.9300000e+02   1.4899426e+04
   2.9400000e+02   1.4825960e+04
   2.9500000e+02   1.4753641e+04
   2.9600000e+02   1.4682474e+04
   2.9700000e+02   1.4612472e+04
   2.9800000e+02   1.4543639e+04
   2.9900000e+02   1.4475984e+04
   3.0000000e+02   1.4409513e+04
   3.0100000e+02   1.4342827e+04
   3.0200000e+02   1.4277224e+04
   3.0300000e+02   1.4212703e+04
   3.0400000e+02   1.4149270e+04
   3.0500000e+02   1.4086923e+04
   3.0600000e+02   1.4025660e+04
   3.0700000e+02   1.3965481e+04
   3.0800000e+02   1.3906386e+04
   3.0900000e+02   1.3848367e+04
   3.1000000e+02   1.3791425e+04
   3.1100000e+02   1.3735553e+04
   3.1200000e+02   1.3680745e+04
   3.1300000e+02   1.3626996e+04
   3.1400000e+02   1.3574298e+04
   3.1500000e+02   1.3522646e+04
   3.1600000e+02   1.3472028e+04
   3.1700000e+02   1.3422437e+04
   3.1800000e+02   1.3373863e+04
   3.1900000e+02   1.3326297e+04
   3.2000000e+02   1.3279728e+04
   3.2100000e+02   1.3234144e+04
   3.2200000e+02   1.3189533e+04
   3.2300000e+02   1.3145887e+04
   3.2400000e+02   1.3103191e+04
   3.2500000e+02   1.3061433e+04
   3.2600000e+02   1.3020602e+04
   3.2700000e+02   1.2980687e+04
   3.2800000e+02   1.2941675e+04
   3.2900000e+02   1.2903552e+04
   3.3000000e+02   1.2866305e+04
   3.3100000e+02   1.2827001e+04
   3.3200000e+02   1.2788458e+04
   3.3300000e+02   1.2750668e+04
   3.3400000e+02   1.2713623e+04
   3.3500000e+02   1.2677313e+04
   3.3600000e+02   1.2641738e+04
   3.3700000e+02   1.2606887e+04
   3.3800000e+02   1.2572756e+04
   3.3900000e+02   1.2539339e+04
   3.4000000e+02   1.2506633e+04
   3.4100000e+02   1.2474633e+04
   3.4200000e+02   1.2443337e+04
   3.4300000e+02   1.2412741e+04
   3.4400000e+02   1.2382846e+04
   3.4500000e+02   1.2353648e+04
   3.4600000e+02   1.2325148e+04
   3.4700000e+02   1.2297349e+04
   3.4800000e+02   1.2270250e+04
   3.4900000e+02   1.2243868e+04
   3.5000000e+02   1.2218199e+04
   3.5100000e+02   1.2193240e+04
   3.5200000e+02   1.2168996e+04
   3.5300000e+02   1.2145475e+04
   3.5400000e+02   1.2122681e+04
   3.5500000e+02   1.2100625e+04
   3.5600000e+02   1.2079315e+04
   3.5700000e+02   1.2058762e+04
   3.5800000e+02   1.2038976e+04
   3.5900000e+02   1.2019969e+04
   7.1133672e-07   1.2001754e+04
   1.0000007e+00   1.1980552e+04
   2.0000007e+00   1.1960206e+04
   3.0000007e+00   1.1940736e+04
   4.0000010e+00   1.1922167e+04
   5.0000010e+00   1.1904519e+04
   6.0000010e+00   1.1887817e+04
   7.0000010e+00   1.1872089e+04
   8.0000010e+00   1.1857358e+04
   9.0000010e+00   1.1843652e+04
   1.0000001e+01   1.1830997e+04
   1.1000001e+01   1.1819424e+04
   1.2000001e+01   1.1808959e+04
   1.3000001e+01   1.1799672e+04
   1.4000001e+01   1.1791567e+04
   1.5000001e+01   1.1784660e+04
   1.6000000e+01   1.1778979e+04
   1.7000000e+01   1.1774557e+04
   1.8000000e+01   1.1771424e+04
   1.9000000e+01   1.1769613e+04
   2.0000000e+01   1.1769155e+04
   2.1000000e+01   1.1770083e+04
   2.2000000e+01   1.1772428e+04
   2.3000000e+01   1.1776222e+04
   2.4000000e+01   1.1781495e+04
   2.5000000e+01   1.1788278e+04
   2.6000000e+01   1.1796604e+04
   2.7000000e+01   1.1806502e+04
   2.8000000e+01   1.1818000e+04
   2.9000000e+01   1.1831129e+04
   3.0000000e+01   1.1845917e+04
   3.1000000e+01   1.1860877e+04
   3.2000000e+01   1.1877569e+04
   3.3000000e+01   1.1896021e+04
   3.4000000e+01   1.1916255e+04
   3.5000000e+01   1.1938298e+04
   3.6000000e+01   1.1962172e+04
   3.7000000e+01   1.1987896e+04
   3.8000000e+01   1.2015491e+04
   3.9000000e+01   1.2044976e+04
   4.0000000e+01   1.2076367e+04
   4.1000000e+01   1.2109680e+04
   4.2000000e+01   1.2144927e+04
   4.3000000e+01   1.2182120e+04
   4.4000000e+01   1.2221270e+04
   4.5000000e+01   1.2262383e+04
   4.6000000e+01   1.2305467e+04
   4.7000000e+01   1.2350524e+04
   4.8000000e+01   1.2397561e+04
   4.9000000e+01   1.2446573e+04
   5.0000000e+01   1.2497562e+04
   5.1000000e+01   1.2550522e+04
   5.2000000e+01   1.2605450e+04
   5.3000000e+01   1.2662337e+04
   5.4000000e+01   1.2721174e+04
   5.5000000e+01   1.2781950e+04
   5.6000000e+01   1.2844650e+04
   5.7000000e+01   1.2909262e+04
   5.8000000e+01   1.2975766e+04
   5.9000000e+01   1.3044144e+04
   6.0000000e+01   1.3114376e+04
   6.1000000e+01   1.3184750e+04
   6.2000000e+01   1.3257051e+04
   6.3000000e+01   1.3331254e+04
   6.4000000e+01   1.3407327e+04
   6.5000000e+01   1.3485245e+04
   6.6000000e+01   1.3564973e+04
   6.7000000e+01   1.3646479e+04
   6.8000000e+01   1.3729727e+04
   6.9000000e+01   1.3814683e+04
   7.0000000e+01   1.3901308e+04
   7.1000000e+01   1.3989563e+04
   7.2000000e+01   1.4079408e+04
   7.3000000e+01   1.4170803e+04
   7.4000000e+01   1.4263702e+04
   7.5000000e+01   1.4358064e+04
   7.6000000e+01   1.4453845e+04
   7.7000000e+01   1.4550997e+04
   7.8000000e+01   1.4649475e+04
   7.9000000e+01   1.4749230e+04
   8.0000000e+01   1.4850217e+04
   8.1000000e+01   1.4952386e+04
   8.2000000e+01   1.5055687e+04
   8.3000000e+01   1.5160068e+04
   8.4000000e+01   1.5265483e+04
   8.5000000e+01   1.5371880e+04
   8.6000000e+01   1.5479206e+04
   8.7000000e+01   1.5587410e+04
   8.8000000e+01   1.5696440e+04
   8.9000000e+01   1.5806246e+04
   9.0000000e+01   1.5916774e+04
   9.1000000e+01   1.6011457e+04
   9.2000000e+01   1.6107291e+04
   9.3000000e+01   1.6204213e+04
   9.4000000e+01   1.6302157e+04
   9.5000000e+01   1.6401059e+04
   9.6000000e+01   1.6500855e+04
   9.7000000e+01   1.6601482e+04
   9.8000000e+01   1.6702875e+04
   9.9000000e+01   1.6804969e+04
   1.0000000e+02   1.6907697e+04
   1.0100000e+02   1.7011002e+04
   1.0200000e+02   1.7114818e+04
   1.0300000e+02   1.7219078e+04
   1.0400000e+02   1.7323727e+04
   1.0500000e+02   1.7428697e+04
   1.0600000e+02   1.7533926e+04
   1.0700000e+02   1.7639357e+04
   1.0800000e+02   1.7744928e+04
   1.0900000e+02   1.7850576e+04
   1.1000000e+02   1.7956244e+04
   1.1100000e+02   1.8061871e+04
   1.1200000e+02   1.8167402e+04
   1.1300000e+02   1.8272775e+04
   1.1400000e+02   1.8377939e+04
   1.1500000e+02   1.8482832e+04
   1.1600000e+02   1.8587398e+04
   1.1700000e+02   1.8691588e+04
   1.1800000e+02   1.8795340e+04
   1.1900000e+02   1.8898607e+04
   1.2000000e+02   1.9001334e+04
   1.2100000e+02   1.9108898e+04
   1.2200000e+02   1.9215355e+04
   1.2300000e+02   1.9320672e+04
   1.2400000e+02   1.9424814e+04
   1.2500000e+02   1.9527754e+04
   1.2600000e+02   1.9629461e+04
   1.2700000e+02   1.9729904e+04
   1.2800000e+02   1.9829057e+04
   1.2900000e+02   1.9926887e+04
   1.3000000e+02   2.0023369e+04
   1.3100000e+02   2.0118473e+04
   1.3200000e+02   2.0212174e+04
   1.3300000e+02   2.0304441e+04
   1.3400000e+02   2.0395254e+04
   1.3500000e+02   2.0484582e+04
   1.3600000e+02   2.0572402e+04
   1.3700000e+02   2.0658691e+04
   1.3800000e+02   2.0743424e+04
   1.3900000e+02   2.0826574e+04
   1.4000000e+02   2.0908125e+04
   1.4100000e+02   2.0988049e+04
   1.4200000e+02   2.1066328e+04
   1.4300000e+02   2.1142938e+04
   1.4400000e+02   2.1217861e+04
   1.4500000e+02   2.1291080e+04
   1.4600000e+02   2.1362570e+04
   1.4700000e+02   2.1432316e+04
   1.4800000e+02   2.1500301e+04
   1.4900000e+02   2.1566504e+04
   1.5000000e+02   2.1630912e+04
   1.5100000e+02   2.1691475e+04
   1.5200000e+02   2.1750186e+04
   1.5300000e+02   2.1807029e+04
   1.5400000e+02   2.1861988e+04
   1.5500000e+02   2.1915041e+04
   1.5600000e+02   2.1966174e+04
   1.5700000e+02   2.2015373e+04
   1.5800000e+02   2.2062621e+04
   1.5900000e+02   2.2107906e+04
   1.6000000e+02   2.2151211e+04
   1.6100000e+02   2.2192525e+04
   1.6200000e+02   2.2231838e+04
   1.6300000e+02   2.2269137e+04
   1.6400000e+02   2.2304412e+04
   1.6500000e+02   2.2337652e+04
   1.6600000e+02   2.2368850e+04
   1.6700000e+02   2.2397996e+04
   1.6800000e+02   2.2425084e+04
   1.6900000e+02   2.2450105e+04
   1.7000000e+02   2.2473059e+04
   1.7100000e+02   2.2493932e+04
   1.7200000e+02   2.2512725e+04
   1.7300000e+02   2.2529434e+04
   1.7400000e+02   2.2544055e+04
   1.7500000e+02   2.2556584e+04
   1.7600000e+02   2.2567023e+04
   1.7700000e+02   2.2575369e+04
   1.7800000e+02   2.2581625e+04
   1.7900000e+02   2.2585787e+04
   1.8000000e+02   2.2587859e+04
   1.8100000e+02   2.2583889e+04
   1.8200000e+02   2.2577824e+04
   1.8300000e+02   2.2569666e+04
   1.8400000e+02   2.2559414e+04
   1.8500000e+02   2.2547068e+04
   1.8600000e+02   2.2532635e+04
   1.8700000e+02   2.2516109e+04
   1.8800000e+02   2.2497500e+04
   1.8900000e+02   2.2476811e+04
   1.9000000e+02   2.2454045e+04
   1.9100000e+02   2.2429209e+04
   1.9200000e+02   2.2402309e+04
   1.9300000e+02   2.2373352e+04
   1.9400000e+02   2.2342344e+04
   1.9500000e+02   2.2309299e+04
   1.9600000e+02   2.2274221e+04
   1.9700000e+02   2.2237121e+04
   1.9800000e+02   2.2198014e+04
   1.9900000e+02   2.2156904e+04
   2.0000000e+02   2.2113811e+04
   2.0100000e+02   2.2068742e+04
   2.0200000e+02   2.2021713e+04
   2.0300000e+02   2.1972736e+04
   2.0400000e+02   2.1921828e+04
   2.0500000e+02   2.1869004e+04
   2.0600000e+02   2.1814279e+04
   2.0700000e+02   2.1757672e+04
   2.0800000e+02   2.1699197e+04
   2.0900000e+02   2.1638877e+04
   2.1000000e+02   2.1576725e+04
   2.1100000e+02   2.1519287e+04
   2.1200000e+02   2.1460676e+04
   2.1300000e+02   2.1400924e+04
   2.1400000e+02   2.1340070e+04
   2.1500000e+02   2.1278148e+04
   2.1600000e+02   2.1215191e+04
   2.1700000e+02   2.1151242e+04
   2.1800000e+02   2.1086332e+04
   2.1900000e+02   2.1020502e+04
   2.2000000e+02   2.0953793e+04
   2.2100000e+02   2.0886240e+04
   2.2200000e+02   2.0817887e+04
   2.2300000e+02   2.0748773e+04
   2.2400000e+02   2.0678939e+04
   2.2500000e+02   2.0608428e+04
   2.2600000e+02   2.0537283e+04
   2.2700000e+02   2.0465545e+04
   2.2800000e+02   2.0393256e+04
   2.2900000e+02   2.0320465e+04
   2.3000000e+02   2.0247209e+04
   2.3100000e+02   2.0173539e+04
   2.3200000e+02   2.0099498e+04
   2.3300000e+02   2.0025133e+04
   2.3400000e+02   1.9950486e+04
   2.3500000e+02   1.9875607e+04
   2.3600000e+02   1.9800543e+04
   2.3700000e+02   1.9725338e+04
   2.3800000e+02   1.9650039e+04
   2.3900000e+02   1.9574695e+04
   2.4000000e+02   1.9499355e+04
   2.4100000e+02   1.9402875e+04
   2.4200000e+02   1.9306002e+04
   2.4300000e+02   1.9208779e+04
   2.4400000e+02   1.9111246e+04
   2.4500000e+02   1.9013449e+04
   2.4600000e+02   1.8915430e+04
   2.4700000e+02   1.8817230e+04
   2.4800000e+02   1.8718895e+04
   2.4900000e+02   1.8620467e+04
   2.5000000e+02   1.8521990e+04
   2.5100000e+02   1.8423508e+04
   2.5200000e+02   1.8325061e+04
   2.5300000e+02   1.8226695e+04
   2.5400000e+02   1.8128451e+04
   2.5500000e+02   1.8030375e+04
   2.5600000e+02   1.7932510e+04
   2.5700000e+02   1.7834895e+04
   2.5800000e+02   1.7737574e+04
   2.5900000e+02   1.7640592e+04
   2.6000000e+02   1.7543986e+04
   2.6100000e+02   1.7447803e+04
   2.6200000e+02   1.7352080e+04
   2.6300000e+02   1.7256859e+04
   2.6400000e+02   1.7162184e+04
   2.6500000e+02   1.7068088e+04
   2.6600000e+02   1.6974615e+04
   2.6700000e+02   1.6881807e+04
   2.6800000e+02   1.6789693e+04
   2.6900000e+02   1.6698318e+04
   2.7000000e+02   1.6607721e+04
   2.7100000e+02   1.6514725e+04
   2.7200000e+02   1.6422365e+04
   2.7300000e+02   1.6330674e+04
   2.7400000e+02   1.6239682e+04
   2.7500000e+02   1.6149422e+04
   2.7600000e+02   1.6059922e+04
   2.7700000e+02   1.5971215e+04
   2.7800000e+02   1.5883327e+04
   2.7900000e+02   1.5796287e+04
   2.8000000e+02   1.5710123e+04
   2.8100000e+02   1.5624860e+04
   2.8200000e+02   1.5540523e+04
   2.8300000e+02   1.5457138e+04
   2.8400000e+02   1.5374727e+04
   2.8500000e+02   1.5293310e+04
   2.8600000e+02   1.5212912e+04
   2.8700000e+02   1.5133551e+04
   2.8800000e+02   1.5055246e+04
   2.8900000e+02   1.4978016e+04
   2.9000000e+02   1.4901877e+04
   2.9100000e+02   1.4826845e+04
   2.9200000e+02   1.4752933e+04
   2.9300000e+02   1.4680154e+04
   2.9400000e+02   1.4608524e+04
   2.9500000e+02   1.4538051e+04
   2.9600000e+02   1.4468745e+04
   2.9700000e+02   1.4400613e+04
   2.9800000e+02   1.4333666e+04
   2.9900000e+02   1.4267907e+04
   3.0000000e+02   1.4203343e+04
   3.0100000e+02   1.4137771e+04
   3.0200000e+02   1.4073289e+04
   3.0300000e+02   1.4009898e+04
   3.0400000e+02   1.3947600e+04
   3.0500000e+02   1.3886396e+04
   3.0600000e+02   1.3826284e+04
   3.0700000e+02   1.3767263e+04
   3.0800000e+02   1.3709331e+04
   3.0900000e+02   1.3652485e+04
   3.1000000e+02   1.3596722e+04
   3.1100000e+02   1.3542034e+04
   3.1200000e+02   1.3488417e+04
   3.1300000e+02   1.3435864e+04
   3.1400000e+02   1.3384367e+04
   3.1500000e+02   1.3333920e+04
   3.1600000e+02   1.3284512e+04
   3.1700000e+02   1.3236135e+04
   3.1800000e+02   1.3188777e+04
   3.1900000e+02   1.3142431e+04
   3.2000000e+02   1.3097084e+04
   3.2100000e+02   1.3052725e+04
   3.2200000e+02   1.3009340e+04
   3.2300000e+02   1.2966921e+04
   3.2400000e+02   1.2925453e+04
   3.2500000e+02   1.2884925e+04
   3.2600000e+02   1.2845321e+04
   3.2700000e+02   1.2806632e+04
   3.2800000e+02   1.2768842e+04
   3.2900000e+02   1.2731940e+04
   3.3000000e+02   1.2695912e+04
   3.3100000e+02   1.2656866e+04
   3.3200000e+02   1.2618585e+04
   3.3300000e+02   1.2581058e+04
   3.3400000e+02   1.2544278e+04
   3.3500000e+02   1.2508239e+04
   3.3600000e+02   1.2472933e+04
   3.3700000e+02   1.2438354e+04
   3.3800000e+02   1.2404496e+04
   3.3900000e+02   1.2371355e+04
   3.4000000e+02   1.2338927e+04
   3.4100000e+02   1.2307204e+04
   3.4200000e+02   1.2276188e+04
   3.4300000e+02   1.2245872e+04
   3.4400000e+02   1.2216257e+04
   3.4500000e+02   1.2187341e+04
   3.4600000e+02   1.2159123e+04
   3.4700000e+02   1.2131605e+04
   3.4800000e+02   1.2104788e+04
   3.4900000e+02   1.2078675e+04
   3.5000000e+02   1.2053268e+04
   3.5100000e+02   1.2028570e+04
   3.5200000e+02   1.2004591e+04
   3.5300000e+02   1.1981333e+04
   3.5400000e+02   1.1958805e+04
   3.5500000e+02   1.1937014e+04
   3.5600000e+02   1.1915968e+04
   3.5700000e+02   1.1895680e+04
   3.5800000e+02   1.1876159e+04
   3.5900000e+02   1.1857419e+04
   1.4226848e-06   1.1839472e+04
