   0.0000000e+00   3.6641094e-01
   1.0000000e+00   2.8695267e-01
   2.0000000e+00   2.8761911e-01
   3.0000000e+00   2.8870073e-01
   4.0000000e+00   2.8978154e-01
   5.0000000e+00   2.9086155e-01
   6.0000000e+00   2.9194075e-01
   7.0000000e+00   2.9301926e-01
   8.0000000e+00   2.9409701e-01
   9.0000000e+00   2.9517397e-01
   1.0000000e+01   2.9625005e-01
   1.1000000e+01   2.9732510e-01
   1.2000000e+01   2.9839906e-01
   1.3000000e+01   2.9947174e-01
   1.4000000e+01   3.0054322e-01
   1.5000000e+01   3.0161339e-01
   1.6000000e+01   3.0268234e-01
   1.7000000e+01   3.0375022e-01
   1.8000000e+01   3.0481687e-01
   1.9000000e+01   3.0588251e-01
   2.0000000e+01   3.0694720e-01
   2.1000000e+01   3.0801085e-01
   2.2000000e+01   3.0907351e-01
   2.3000000e+01   3.1013513e-01
   2.4000000e+01   3.1119573e-01
   2.5000000e+01   3.1225532e-01
   2.6000000e+01   3.1331390e-01
   2.7000000e+01   3.1437150e-01
   2.8000000e+01   3.1542808e-01
   2.9000000e+01   3.1648374e-01
   3.0000000e+01   3.1753835e-01
   3.1000000e+01   3.1860372e-01
   3.2000000e+01   3.1966892e-01
   3.3000000e+01   3.2073402e-01
   3.4000000e+01   3.2179904e-01
   3.5000000e+01   3.2286394e-01
   3.6000000e+01   3.2392877e-01
   3.7000000e+01   3.2499349e-01
   3.8000000e+01   3.2605812e-01
   3.9000000e+01   3.2712260e-01
   4.0000000e+01   3.2818699e-01
   4.1000000e+01   3.2925129e-01
   4.2000000e+01   3.3031559e-01
   4.3000000e+01   3.3137986e-01
   4.4000000e+01   3.3244416e-01
   4.5000000e+01   3.3350843e-01
   4.6000000e+01   3.3457276e-01
   4.7000000e+01   3.3563706e-01
   4.8000000e+01   3.3670139e-01
   4.9000000e+01   3.3776575e-01
   5.0000000e+01   3.3883014e-01
   5.1000000e+01   3.3989456e-01
   5.2000000e+01   3.4095901e-01
   5.3000000e+01   3.4202358e-01
   5.4000000e+01   3.4308818e-01
   5.5000000e+01   3.4415284e-01
   5.6000000e+01   3.4521762e-01
   5.7000000e+01   3.4628248e-01
   5.8000000e+01   3.4734750e-01
   5.9000000e+01   3.4841260e-01
   6.0000000e+01   3.4947789e-01
   6.1000000e+01   3.5060939e-01
   6.2000000e+01   3.5174584e-01
   6.3000000e+01   3.5288718e-01
   6.4000000e+01   3.5403341e-01
   6.5000000e+01   3.5518441e-01
   6.6000000e+01   3.5634023e-01
   6.7000000e+01   3.5750076e-01
   6.8000000e+01   3.5866597e-01
   6.9000000e+01   3.5983589e-01
   7.0000000e+01   3.6101040e-01
   7.1000000e+01   3.6218944e-01
   7.2000000e+01   3.6337304e-01
   7.3000000e+01   3.6456111e-01
   7.4000000e+01   3.6575362e-01
   7.5000000e+01   3.6695051e-01
   7.6000000e+01   3.6815175e-01
   7.7000000e+01   3.6935732e-01
   7.8000000e+01   3.7056714e-01
   7.9000000e+01   3.7178534e-01
   8.0000000e+01   3.7300831e-01
   8.1000000e+01   3.7423587e-01
   8.2000000e+01   3.7546837e-01
   8.3000000e+01   3.7670535e-01
   8.4000000e+01   3.7794682e-01
   8.5000000e+01   3.7919271e-01
   8.6000000e+01   3.8044304e-01
   8.7000000e+01   3.8169774e-01
   8.8000000e+01   3.8295671e-01
   8.9000000e+01   3.8421997e-01
   9.0000000e+01   3.8548750e-01
   9.1000000e+01   3.8726902e-01
   9.2000000e+01   3.8905770e-01
   9.3000000e+01   3.9085367e-01
   9.4000000e+01   3.9265701e-01
   9.5000000e+01   3.9446786e-01
   9.6000000e+01   3.9628628e-01
   9.7000000e+01   3.9811248e-01
   9.8000000e+01   3.9994654e-01
   9.9000000e+01   4.0178853e-01
   1.0000000e+02   4.0363866e-01
   1.0100000e+02   4.0552631e-01
   1.0200000e+02   4.0747425e-01
   1.0300000e+02   4.0944579e-01
   1.0400000e+02   4.1143394e-01
   1.0500000e+02   4.1343755e-01
   1.0600000e+02   4.1545555e-01
   1.0700000e+02   4.1748682e-01
   1.0800000e+02   4.1953024e-01
   1.0900000e+02   4.2158470e-01
   1.1000000e+02   4.2364904e-01
   1.1100000e+02   4.2572212e-01
   1.1200000e+02   4.2780271e-01
   1.1300000e+02   4.2988974e-01
   1.1400000e+02   4.3198189e-01
   1.1500000e+02   4.3407804e-01
   1.1600000e+02   4.3617693e-01
   1.1700000e+02   4.3827733e-01
   1.1800000e+02   4.4037801e-01
   1.1900000e+02   4.4247767e-01
   1.2000000e+02   4.4457504e-01
   1.2100000e+02   4.4412291e-01
   1.2200000e+02   4.4358543e-01
   1.2300000e+02   4.4296673e-01
   1.2400000e+02   4.4227120e-01
   1.2500000e+02   4.4150349e-01
   1.2600000e+02   4.4079745e-01
   1.2700000e+02   4.4007173e-01
   1.2800000e+02   4.3939999e-01
   1.2900000e+02   4.3873820e-01
   1.3000000e+02   4.3804696e-01
   1.3100000e+02   4.3732774e-01
   1.3200000e+02   4.3658215e-01
   1.3300000e+02   4.3581170e-01
   1.3400000e+02   4.3501794e-01
   1.3500000e+02   4.3420228e-01
   1.3600000e+02   4.3336609e-01
   1.3700000e+02   4.3251070e-01
   1.3800000e+02   4.3163735e-01
   1.3900000e+02   4.3074727e-01
   1.4000000e+02   4.2984158e-01
   1.4100000e+02   4.2892206e-01
   1.4200000e+02   4.2799610e-01
   1.4300000e+02   4.2705694e-01
   1.4400000e+02   4.2610496e-01
   1.4500000e+02   4.2514053e-01
   1.4600000e+02   4.2416403e-01
   1.4700000e+02   4.2317575e-01
   1.4800000e+02   4.2217609e-01
   1.4900000e+02   4.2116538e-01
   1.5000000e+02   4.2014393e-01
   1.5100000e+02   4.2000875e-01
   1.5200000e+02   4.1988027e-01
   1.5300000e+02   4.1975835e-01
   1.5400000e+02   4.1964287e-01
   1.5500000e+02   4.1953367e-01
   1.5600000e+02   4.1943061e-01
   1.5700000e+02   4.1933358e-01
   1.5800000e+02   4.1924238e-01
   1.5900000e+02   4.1915694e-01
   1.6000000e+02   4.1907704e-01
   1.6100000e+02   4.1900262e-01
   1.6200000e+02   4.1893354e-01
   1.6300000e+02   4.1886967e-01
   1.6400000e+02   4.1881084e-01
   1.6500000e+02   4.1875699e-01
   1.6600000e+02   4.1870800e-01
   1.6700000e+02   4.1866368e-01
   1.6800000e+02   4.1862398e-01
   1.6900000e+02   4.1858876e-01
   1.7000000e+02   4.1855791e-01
   1.7100000e+02   4.1853136e-01
   1.7200000e+02   4.1850895e-01
   1.7300000e+02   4.1849059e-01
   1.7400000e+02   4.1847619e-01
   1.7500000e+02   4.1846567e-01
   1.7600000e+02   4.1845891e-01
   1.7700000e+02   4.1845575e-01
   1.7800000e+02   4.1845620e-01
   1.7900000e+02   4.1846013e-01
   1.8000000e+02   4.1846743e-01
   1.8100000e+02   4.1920185e-01
   1.8200000e+02   4.1994292e-01
   1.8300000e+02   4.2069048e-01
   1.8400000e+02   4.2144439e-01
   1.8500000e+02   4.2220446e-01
   1.8600000e+02   4.2297053e-01
   1.8700000e+02   4.2374253e-01
   1.8800000e+02   4.2452022e-01
   1.8900000e+02   4.2530352e-01
   1.9000000e+02   4.2609352e-01
   1.9100000e+02   4.2689022e-01
   1.9200000e+02   4.2769250e-01
   1.9300000e+02   4.2850029e-01
   1.9400000e+02   4.2931351e-01
   1.9500000e+02   4.3018404e-01
   1.9600000e+02   4.3106720e-01
   1.9700000e+02   4.3196172e-01
   1.9800000e+02   4.3286729e-01
   1.9900000e+02   4.3378371e-01
   2.0000000e+02   4.3471077e-01
   2.0100000e+02   4.3564820e-01
   2.0200000e+02   4.3659580e-01
   2.0300000e+02   4.3755335e-01
   2.0400000e+02   4.3852055e-01
   2.0500000e+02   4.3949723e-01
   2.0600000e+02   4.4048318e-01
   2.0700000e+02   4.4147819e-01
   2.0800000e+02   4.4248196e-01
   2.0900000e+02   4.4349438e-01
   2.1000000e+02   4.4451514e-01
   2.1100000e+02   4.4191849e-01
   2.1200000e+02   4.3931338e-01
   2.1300000e+02   4.3669984e-01
   2.1400000e+02   4.3407813e-01
   2.1500000e+02   4.3144831e-01
   2.1600000e+02   4.2881063e-01
   2.1700000e+02   4.2616513e-01
   2.1800000e+02   4.2351198e-01
   2.1900000e+02   4.2085141e-01
   2.2000000e+02   4.1818345e-01
   2.2100000e+02   4.1550830e-01
   2.2200000e+02   4.1282612e-01
   2.2300000e+02   4.1013703e-01
   2.2400000e+02   4.0744117e-01
   2.2500000e+02   4.0473872e-01
   2.2600000e+02   4.0202984e-01
   2.2700000e+02   3.9931461e-01
   2.2800000e+02   3.9659324e-01
   2.2900000e+02   3.9386585e-01
   2.3000000e+02   3.9113259e-01
   2.3100000e+02   3.8839358e-01
   2.3200000e+02   3.8564897e-01
   2.3300000e+02   3.8289899e-01
   2.3400000e+02   3.8014370e-01
   2.3500000e+02   3.7738335e-01
   2.3600000e+02   3.7461802e-01
   2.3700000e+02   3.7184787e-01
   2.3800000e+02   3.6907306e-01
   2.3900000e+02   3.6629376e-01
   2.4000000e+02   3.6351007e-01
   2.4100000e+02   3.6141196e-01
   2.4200000e+02   3.5931304e-01
   2.4300000e+02   3.5721332e-01
   2.4400000e+02   3.5511285e-01
   2.4500000e+02   3.5301161e-01
   2.4600000e+02   3.5090959e-01
   2.4700000e+02   3.4880683e-01
   2.4800000e+02   3.4670332e-01
   2.4900000e+02   3.4459910e-01
   2.5000000e+02   3.4249413e-01
   2.5100000e+02   3.4038842e-01
   2.5200000e+02   3.3828202e-01
   2.5300000e+02   3.3617491e-01
   2.5400000e+02   3.3406711e-01
   2.5500000e+02   3.3195859e-01
   2.5600000e+02   3.2984939e-01
   2.5700000e+02   3.2773954e-01
   2.5800000e+02   3.2562897e-01
   2.5900000e+02   3.2351777e-01
   2.6000000e+02   3.2140592e-01
   2.6100000e+02   3.1929338e-01
   2.6200000e+02   3.1718025e-01
   2.6300000e+02   3.1506643e-01
   2.6400000e+02   3.1295201e-01
   2.6500000e+02   3.1083697e-01
   2.6600000e+02   3.0872127e-01
   2.6700000e+02   3.0660498e-01
   2.6800000e+02   3.0448809e-01
   2.6900000e+02   3.0237061e-01
   2.7000000e+02   3.0025253e-01
   2.7100000e+02   2.9893273e-01
   2.7200000e+02   2.9761332e-01
   2.7300000e+02   2.9629427e-01
   2.7400000e+02   2.9497561e-01
   2.7500000e+02   2.9365730e-01
   2.7600000e+02   2.9233935e-01
   2.7700000e+02   2.9102176e-01
   2.7800000e+02   2.8970453e-01
   2.7900000e+02   2.8838769e-01
   2.8000000e+02   2.8707114e-01
   2.8100000e+02   2.8575498e-01
   2.8200000e+02   2.8443912e-01
   2.8300000e+02   2.8312364e-01
   2.8400000e+02   2.8180850e-01
   2.8500000e+02   2.8049368e-01
   2.8600000e+02   2.7917919e-01
   2.8700000e+02   2.7786502e-01
   2.8800000e+02   2.7655125e-01
   2.8900000e+02   2.7523774e-01
   2.9000000e+02   2.7392456e-01
   2.9100000e+02   2.7261174e-01
   2.9200000e+02   2.7129921e-01
   2.9300000e+02   2.6998702e-01
   2.9400000e+02   2.6867515e-01
   2.9500000e+02   2.6736358e-01
   2.9600000e+02   2.6605231e-01
   2.9700000e+02   2.6474136e-01
   2.9800000e+02   2.6343071e-01
   2.9900000e+02   2.6212037e-01
   3.0000000e+02   2.6081035e-01
   3.0100000e+02   2.6010254e-01
   3.0200000e+02   2.5939497e-01
   3.0300000e+02   2.5868773e-01
   3.0400000e+02   2.5798076e-01
   3.0500000e+02   2.5727403e-01
   3.0600000e+02   2.5656760e-01
   3.0700000e+02   2.5586143e-01
   3.0800000e+02   2.5515553e-01
   3.0900000e+02   2.5444987e-01
   3.1000000e+02   2.5374448e-01
   3.1100000e+02   2.5303939e-01
   3.1200000e+02   2.5233451e-01
   3.1300000e+02   2.5162992e-01
   3.1400000e+02   2.5092557e-01
   3.1500000e+02   2.5022146e-01
   3.1600000e+02   2.4951763e-01
   3.1700000e+02   2.4881403e-01
   3.1800000e+02   2.4811068e-01
   3.1900000e+02   2.4740759e-01
   3.2000000e+02   2.4670474e-01
   3.2100000e+02   2.4600214e-01
   3.2200000e+02   2.4529977e-01
   3.2300000e+02   2.4459764e-01
   3.2400000e+02   2.4389575e-01
   3.2500000e+02   2.4319410e-01
   3.2600000e+02   2.4249269e-01
   3.2700000e+02   2.4179150e-01
   3.2800000e+02   2.4109055e-01
   3.2900000e+02   2.4038984e-01
   3.3000000e+02   2.3968935e-01
   3.3100000e+02   2.3996703e-01
   3.3200000e+02   2.4024476e-01
   3.3300000e+02   2.4052252e-01
   3.3400000e+02   2.4080031e-01
   3.3500000e+02   2.4107812e-01
   3.3600000e+02   2.4135597e-01
   3.3700000e+02   2.4163388e-01
   3.3800000e+02   2.4191178e-01
   3.3900000e+02   2.4218975e-01
   3.4000000e+02   2.4246775e-01
   3.4100000e+02   2.4274579e-01
   3.4200000e+02   2.4302384e-01
   3.4300000e+02   2.4330194e-01
   3.4400000e+02   2.4358007e-01
   3.4500000e+02   2.4385826e-01
   3.4600000e+02   2.4413647e-01
   3.4700000e+02   2.4441470e-01
   3.4800000e+02   2.4469298e-01
   3.4900000e+02   2.4497131e-01
   3.5000000e+02   2.4524966e-01
   3.5100000e+02   2.4552804e-01
   3.5200000e+02   2.4580647e-01
   3.5300000e+02   2.4608491e-01
   3.5400000e+02   2.4636342e-01
   3.5500000e+02   2.4664195e-01
   3.5600000e+02   2.4692051e-01
   3.5700000e+02   2.4719912e-01
   3.5800000e+02   2.4747775e-01
   3.5900000e+02   2.4775642e-01
   7.1133672e-07   2.4803515e-01
   1.0000007e+00   2.4916330e-01
   2.0000007e+00   2.5029138e-01
   3.0000007e+00   2.5141937e-01
   4.0000010e+00   2.5254729e-01
   5.0000010e+00   2.5367513e-01
   6.0000010e+00   2.5480288e-01
   7.0000010e+00   2.5593057e-01
   8.0000010e+00   2.5705820e-01
   9.0000010e+00   2.5818571e-01
   1.0000001e+01   2.5931320e-01
   1.1000001e+01   2.6044059e-01
   1.2000001e+01   2.6156792e-01
   1.3000001e+01   2.6269516e-01
   1.4000001e+01   2.6382235e-01
   1.5000001e+01   2.6494944e-01
   1.6000000e+01   2.6607648e-01
   1.7000000e+01   2.6720348e-01
   1.8000000e+01   2.6833037e-01
   1.9000000e+01   2.6945722e-01
   2.0000000e+01   2.7058399e-01
   2.1000000e+01   2.7171072e-01
   2.2000000e+01   2.7283737e-01
   2.3000000e+01   2.7396396e-01
   2.4000000e+01   2.7509046e-01
   2.5000000e+01   2.7621695e-01
   2.6000000e+01   2.7734333e-01
   2.7000000e+01   2.7846968e-01
   2.8000000e+01   2.7959600e-01
   2.9000000e+01   2.8072223e-01
   3.0000000e+01   2.8184837e-01
   3.1000000e+01   2.8303710e-01
   3.2000000e+01   2.8422579e-01
   3.3000000e+01   2.8541455e-01
   3.4000000e+01   2.8660330e-01
   3.5000000e+01   2.8779206e-01
   3.6000000e+01   2.8898087e-01
   3.7000000e+01   2.9016966e-01
   3.8000000e+01   2.9135847e-01
   3.9000000e+01   2.9254732e-01
   4.0000000e+01   2.9373619e-01
   4.1000000e+01   2.9492503e-01
   4.2000000e+01   2.9611391e-01
   4.3000000e+01   2.9730281e-01
   4.4000000e+01   2.9849172e-01
   4.5000000e+01   2.9968065e-01
   4.6000000e+01   3.0086958e-01
   4.7000000e+01   3.0205855e-01
   4.8000000e+01   3.0324754e-01
   4.9000000e+01   3.0443656e-01
   5.0000000e+01   3.0562559e-01
   5.1000000e+01   3.0681461e-01
   5.2000000e+01   3.0800369e-01
   5.3000000e+01   3.0919278e-01
   5.4000000e+01   3.1038186e-01
   5.5000000e+01   3.1157097e-01
   5.6000000e+01   3.1276008e-01
   5.7000000e+01   3.1394923e-01
   5.8000000e+01   3.1513840e-01
   5.9000000e+01   3.1632754e-01
   6.0000000e+01   3.1751674e-01
   6.1000000e+01   3.1917259e-01
   6.2000000e+01   3.2082918e-01
   6.3000000e+01   3.2248655e-01
   6.4000000e+01   3.2414469e-01
   6.5000000e+01   3.2580361e-01
   6.6000000e+01   3.2746324e-01
   6.7000000e+01   3.2912362e-01
   6.8000000e+01   3.3078474e-01
   6.9000000e+01   3.3244663e-01
   7.0000000e+01   3.3410925e-01
   7.1000000e+01   3.3577257e-01
   7.2000000e+01   3.3743659e-01
   7.3000000e+01   3.3910134e-01
   7.4000000e+01   3.4076682e-01
   7.5000000e+01   3.4243298e-01
   7.6000000e+01   3.4409985e-01
   7.7000000e+01   3.4576741e-01
   7.8000000e+01   3.4743565e-01
   7.9000000e+01   3.4910461e-01
   8.0000000e+01   3.5077423e-01
   8.1000000e+01   3.5244453e-01
   8.2000000e+01   3.5411549e-01
   8.3000000e+01   3.5578710e-01
   8.4000000e+01   3.5745940e-01
   8.5000000e+01   3.5913235e-01
   8.6000000e+01   3.6080596e-01
   8.7000000e+01   3.6248022e-01
   8.8000000e+01   3.6415511e-01
   8.9000000e+01   3.6583063e-01
   9.0000000e+01   3.6750680e-01
   9.1000000e+01   3.6971936e-01
   9.2000000e+01   3.7193137e-01
   9.3000000e+01   3.7414283e-01
   9.4000000e+01   3.7635371e-01
   9.5000000e+01   3.7856406e-01
   9.6000000e+01   3.8077381e-01
   9.7000000e+01   3.8298297e-01
   9.8000000e+01   3.8519156e-01
   9.9000000e+01   3.8739955e-01
   1.0000000e+02   3.8960695e-01
   1.0100000e+02   3.9181376e-01
   1.0200000e+02   3.9401993e-01
   1.0300000e+02   3.9622548e-01
   1.0400000e+02   3.9843047e-01
   1.0500000e+02   4.0063477e-01
   1.0600000e+02   4.0283850e-01
   1.0700000e+02   4.0504152e-01
   1.0800000e+02   4.0724394e-01
   1.0900000e+02   4.0944570e-01
   1.1000000e+02   4.1164681e-01
   1.1100000e+02   4.1384727e-01
   1.1200000e+02   4.1604704e-01
   1.1300000e+02   4.1824618e-01
   1.1400000e+02   4.2044461e-01
   1.1500000e+02   4.2264238e-01
   1.1600000e+02   4.2483947e-01
   1.1700000e+02   4.2703584e-01
   1.1800000e+02   4.2923152e-01
   1.1900000e+02   4.3142650e-01
   1.2000000e+02   4.3362078e-01
   1.2100000e+02   4.3250889e-01
   1.2200000e+02   4.3139696e-01
   1.2300000e+02   4.3028501e-01
   1.2400000e+02   4.2917305e-01
   1.2500000e+02   4.2806110e-01
   1.2600000e+02   4.2694911e-01
   1.2700000e+02   4.2583713e-01
   1.2800000e+02   4.2472509e-01
   1.2900000e+02   4.2361304e-01
   1.3000000e+02   4.2250097e-01
   1.3100000e+02   4.2138883e-01
   1.3200000e+02   4.2027670e-01
   1.3300000e+02   4.1916457e-01
   1.3400000e+02   4.1805238e-01
   1.3500000e+02   4.1694015e-01
   1.3600000e+02   4.1582787e-01
   1.3700000e+02   4.1471559e-01
   1.3800000e+02   4.1360328e-01
   1.3900000e+02   4.1249087e-01
   1.4000000e+02   4.1137844e-01
   1.4100000e+02   4.1026601e-01
   1.4200000e+02   4.0915352e-01
   1.4300000e+02   4.0804097e-01
   1.4400000e+02   4.0692839e-01
   1.4500000e+02   4.0581575e-01
   1.4600000e+02   4.0470311e-01
   1.4700000e+02   4.0359038e-01
   1.4800000e+02   4.0247759e-01
   1.4900000e+02   4.0136480e-01
   1.5000000e+02   4.0025192e-01
   1.5100000e+02   4.0037847e-01
   1.5200000e+02   4.0050474e-01
   1.5300000e+02   4.0063074e-01
   1.5400000e+02   4.0075651e-01
   1.5500000e+02   4.0088201e-01
   1.5600000e+02   4.0100726e-01
   1.5700000e+02   4.0113229e-01
   1.5800000e+02   4.0125704e-01
   1.5900000e+02   4.0138155e-01
   1.6000000e+02   4.0150583e-01
   1.6100000e+02   4.0162984e-01
   1.6200000e+02   4.0175360e-01
   1.6300000e+02   4.0187716e-01
   1.6400000e+02   4.0200052e-01
   1.6500000e+02   4.0212360e-01
   1.6600000e+02   4.0224648e-01
   1.6700000e+02   4.0236908e-01
   1.6800000e+02   4.0249151e-01
   1.6900000e+02   4.0261367e-01
   1.7000000e+02   4.0273568e-01
   1.7100000e+02   4.0285739e-01
   1.7200000e+02   4.0297896e-01
   1.7300000e+02   4.0310028e-01
   1.7400000e+02   4.0322137e-01
   1.7500000e+02   4.0334225e-01
   1.7600000e+02   4.0346295e-01
   1.7700000e+02   4.0358341e-01
   1.7800000e+02   4.0370369e-01
   1.7900000e+02   4.0382376e-01
   1.8000000e+02   4.0394363e-01
   1.8100000e+02   4.0521955e-01
   1.8200000e+02   4.0649620e-01
   1.8300000e+02   4.0777349e-01
   1.8400000e+02   4.0905142e-01
   1.8500000e+02   4.1032988e-01
   1.8600000e+02   4.1160893e-01
   1.8700000e+02   4.1288847e-01
   1.8800000e+02   4.1416854e-01
   1.8900000e+02   4.1544908e-01
   1.9000000e+02   4.1673014e-01
   1.9100000e+02   4.1801170e-01
   1.9200000e+02   4.1929376e-01
   1.9300000e+02   4.2057630e-01
   1.9400000e+02   4.2185938e-01
   1.9500000e+02   4.2314297e-01
   1.9600000e+02   4.2442709e-01
   1.9700000e+02   4.2571178e-01
   1.9800000e+02   4.2699698e-01
   1.9900000e+02   4.2828274e-01
   2.0000000e+02   4.2956910e-01
   2.0100000e+02   4.3085602e-01
   2.0200000e+02   4.3214354e-01
   2.0300000e+02   4.3343166e-01
   2.0400000e+02   4.3472037e-01
   2.0500000e+02   4.3600971e-01
   2.0600000e+02   4.3729970e-01
   2.0700000e+02   4.3859032e-01
   2.0800000e+02   4.3988159e-01
   2.0900000e+02   4.4117349e-01
   2.1000000e+02   4.4246608e-01
   2.1100000e+02   4.3961951e-01
   2.1200000e+02   4.3677363e-01
   2.1300000e+02   4.3392846e-01
   2.1400000e+02   4.3108398e-01
   2.1500000e+02   4.2824015e-01
   2.1600000e+02   4.2539701e-01
   2.1700000e+02   4.2255452e-01
   2.1800000e+02   4.1971269e-01
   2.1900000e+02   4.1687149e-01
   2.2000000e+02   4.1403091e-01
   2.2100000e+02   4.1119099e-01
   2.2200000e+02   4.0835169e-01
   2.2300000e+02   4.0551302e-01
   2.2400000e+02   4.0267491e-01
   2.2500000e+02   3.9983743e-01
   2.2600000e+02   3.9700055e-01
   2.2700000e+02   3.9416426e-01
   2.2800000e+02   3.9132857e-01
   2.2900000e+02   3.8849348e-01
   2.3000000e+02   3.8565895e-01
   2.3100000e+02   3.8282496e-01
   2.3200000e+02   3.7999159e-01
   2.3300000e+02   3.7715879e-01
   2.3400000e+02   3.7432653e-01
   2.3500000e+02   3.7149486e-01
   2.3600000e+02   3.6866373e-01
   2.3700000e+02   3.6583313e-01
   2.3800000e+02   3.6300316e-01
   2.3900000e+02   3.6017367e-01
   2.4000000e+02   3.5734481e-01
   2.4100000e+02   3.5518491e-01
   2.4200000e+02   3.5302484e-01
   2.4300000e+02   3.5086453e-01
   2.4400000e+02   3.4870395e-01
   2.4500000e+02   3.4654319e-01
   2.4600000e+02   3.4438220e-01
   2.4700000e+02   3.4222096e-01
   2.4800000e+02   3.4005952e-01
   2.4900000e+02   3.3789781e-01
   2.5000000e+02   3.3573592e-01
   2.5100000e+02   3.3357376e-01
   2.5200000e+02   3.3141142e-01
   2.5300000e+02   3.2924885e-01
   2.5400000e+02   3.2708603e-01
   2.5500000e+02   3.2492304e-01
   2.5600000e+02   3.2275978e-01
   2.5700000e+02   3.2059634e-01
   2.5800000e+02   3.1843266e-01
   2.5900000e+02   3.1626880e-01
   2.6000000e+02   3.1410468e-01
   2.6100000e+02   3.1194034e-01
   2.6200000e+02   3.0977580e-01
   2.6300000e+02   3.0761108e-01
   2.6400000e+02   3.0544609e-01
   2.6500000e+02   3.0328092e-01
   2.6600000e+02   3.0111551e-01
   2.6700000e+02   2.9894993e-01
   2.6800000e+02   2.9678410e-01
   2.6900000e+02   2.9461810e-01
   2.7000000e+02   2.9245186e-01
   2.7100000e+02   2.9117712e-01
   2.7200000e+02   2.8990242e-01
   2.7300000e+02   2.8862777e-01
   2.7400000e+02   2.8735322e-01
   2.7500000e+02   2.8607866e-01
   2.7600000e+02   2.8480417e-01
   2.7700000e+02   2.8352973e-01
   2.7800000e+02   2.8225532e-01
   2.7900000e+02   2.8098097e-01
   2.8000000e+02   2.7970666e-01
   2.8100000e+02   2.7843243e-01
   2.8200000e+02   2.7715820e-01
   2.8300000e+02   2.7588403e-01
   2.8400000e+02   2.7460992e-01
   2.8500000e+02   2.7333587e-01
   2.8600000e+02   2.7206182e-01
   2.8700000e+02   2.7078786e-01
   2.8800000e+02   2.6951391e-01
   2.8900000e+02   2.6824000e-01
   2.9000000e+02   2.6696619e-01
   2.9100000e+02   2.6569238e-01
   2.9200000e+02   2.6441863e-01
   2.9300000e+02   2.6314491e-01
   2.9400000e+02   2.6187125e-01
   2.9500000e+02   2.6059762e-01
   2.9600000e+02   2.5932407e-01
   2.9700000e+02   2.5805050e-01
   2.9800000e+02   2.5677705e-01
   2.9900000e+02   2.5550357e-01
   3.0000000e+02   2.5423014e-01
   3.0100000e+02   2.5355709e-01
   3.0200000e+02   2.5288406e-01
   3.0300000e+02   2.5221109e-01
   3.0400000e+02   2.5153813e-01
   3.0500000e+02   2.5086522e-01
   3.0600000e+02   2.5019234e-01
   3.0700000e+02   2.4951951e-01
   3.0800000e+02   2.4884671e-01
   3.0900000e+02   2.4817394e-01
   3.1000000e+02   2.4750122e-01
   3.1100000e+02   2.4682853e-01
   3.1200000e+02   2.4615586e-01
   3.1300000e+02   2.4548326e-01
   3.1400000e+02   2.4481067e-01
   3.1500000e+02   2.4413812e-01
   3.1600000e+02   2.4346560e-01
   3.1700000e+02   2.4279314e-01
   3.1800000e+02   2.4212070e-01
   3.1900000e+02   2.4144828e-01
   3.2000000e+02   2.4077593e-01
   3.2100000e+02   2.4010359e-01
   3.2200000e+02   2.3943129e-01
   3.2300000e+02   2.3875903e-01
   3.2400000e+02   2.3808679e-01
   3.2500000e+02   2.3741460e-01
   3.2600000e+02   2.3674244e-01
   3.2700000e+02   2.3607031e-01
   3.2800000e+02   2.3539822e-01
   3.2900000e+02   2.3472616e-01
   3.3000000e+02   2.3405413e-01
   3.3100000e+02   2.3434336e-01
   3.3200000e+02   2.3463257e-01
   3.3300000e+02   2.3492178e-01
   3.3400000e+02   2.3521096e-01
   3.3500000e+02   2.3550013e-01
   3.3600000e+02   2.3578927e-01
   3.3700000e+02   2.3607840e-01
   3.3800000e+02   2.3636752e-01
   3.3900000e+02   2.3665662e-01
   3.4000000e+02   2.3694570e-01
   3.4100000e+02   2.3723477e-01
   3.4200000e+02   2.3752382e-01
   3.4300000e+02   2.3781286e-01
   3.4400000e+02   2.3810188e-01
   3.4500000e+02   2.3839089e-01
   3.4600000e+02   2.3867987e-01
   3.4700000e+02   2.3896883e-01
   3.4800000e+02   2.3925780e-01
   3.4900000e+02   2.3954673e-01
   3.5000000e+02   2.3983566e-01
   3.5100000e+02   2.4012457e-01
   3.5200000e+02   2.4041344e-01
   3.5300000e+02   2.4070233e-01
   3.5400000e+02   2.4099119e-01
   3.5500000e+02   2.4128003e-01
   3.5600000e+02   2.4156885e-01
   3.5700000e+02   2.4185768e-01
   3.5800000e+02   2.4214646e-01
   3.5900000e+02   2.4243523e-01
   1.4226848e-06   2.4272400e-01
