   0.0000000e+00   5.6746563e+03
   1.0000000e+00   1.6040549e+04
   2.0000000e+00   1.6040764e+04
   3.0000000e+00   1.6041561e+04
   4.0000000e+00   1.6043178e+04
   5.0000000e+00   1.6045616e+04
   6.0000000e+00   1.6048874e+04
   7.0000000e+00   1.6052952e+04
   8.0000000e+00   1.6057849e+04
   9.0000000e+00   1.6063561e+04
   1.0000000e+01   1.6070088e+04
   1.1000000e+01   1.6077428e+04
   1.2000000e+01   1.6085579e+04
   1.3000000e+01   1.6094538e+04
   1.4000000e+01   1.6104306e+04
   1.5000000e+01   1.6114878e+04
   1.6000000e+01   1.6126251e+04
   1.7000000e+01   1.6138421e+04
   1.8000000e+01   1.6151384e+04
   1.9000000e+01   1.6165136e+04
   2.0000000e+01   1.6179672e+04
   2.1000000e+01   1.6194991e+04
   2.2000000e+01   1.6211086e+04
   2.3000000e+01   1.6227952e+04
   2.4000000e+01   1.6245586e+04
   2.5000000e+01   1.6263979e+04
   2.6000000e+01   1.6283130e+04
   2.7000000e+01   1.6303031e+04
   2.8000000e+01   1.6323676e+04
   2.9000000e+01   1.6345059e+04
   3.0000000e+01   1.6367173e+04
   3.1000000e+01   1.6390352e+04
   3.2000000e+01   1.6414252e+04
   3.3000000e+01   1.6438867e+04
   3.4000000e+01   1.6464188e+04
   3.5000000e+01   1.6490209e+04
   3.6000000e+01   1.6516920e+04
   3.7000000e+01   1.6544318e+04
   3.8000000e+01   1.6572391e+04
   3.9000000e+01   1.6601129e+04
   4.0000000e+01   1.6630527e+04
   4.1000000e+01   1.6660572e+04
   4.2000000e+01   1.6691262e+04
   4.3000000e+01   1.6722582e+04
   4.4000000e+01   1.6754521e+04
   4.5000000e+01   1.6787076e+04
   4.6000000e+01   1.6820234e+04
   4.7000000e+01   1.6853982e+04
   4.8000000e+01   1.6888314e+04
   4.9000000e+01   1.6923221e+04
   5.0000000e+01   1.6958686e+04
   5.1000000e+01   1.6994703e+04
   5.2000000e+01   1.7031262e+04
   5.3000000e+01   1.7068348e+04
   5.4000000e+01   1.7105951e+04
   5.5000000e+01   1.7144063e+04
   5.6000000e+01   1.7182668e+04
   5.7000000e+01   1.7221758e+04
   5.8000000e+01   1.7261318e+04
   5.9000000e+01   1.7301338e+04
   6.0000000e+01   1.7341803e+04
   6.1000000e+01   1.7382826e+04
   6.2000000e+01   1.7424264e+04
   6.3000000e+01   1.7466107e+04
   6.4000000e+01   1.7508342e+04
   6.5000000e+01   1.7550955e+04
   6.6000000e+01   1.7593938e+04
   6.7000000e+01   1.7637271e+04
   6.8000000e+01   1.7680943e+04
   6.9000000e+01   1.7724945e+04
   7.0000000e+01   1.7769260e+04
   7.1000000e+01   1.7813873e+04
   7.2000000e+01   1.7858773e+04
   7.3000000e+01   1.7903945e+04
   7.4000000e+01   1.7949377e+04
   7.5000000e+01   1.7995053e+04
   7.6000000e+01   1.8040961e+04
   7.7000000e+01   1.8087084e+04
   7.8000000e+01   1.8133410e+04
   7.9000000e+01   1.8179924e+04
   8.0000000e+01   1.8226613e+04
   8.1000000e+01   1.8273463e+04
   8.2000000e+01   1.8320457e+04
   8.3000000e+01   1.8367582e+04
   8.4000000e+01   1.8414822e+04
   8.5000000e+01   1.8462164e+04
   8.6000000e+01   1.8509594e+04
   8.7000000e+01   1.8557096e+04
   8.8000000e+01   1.8604654e+04
   8.9000000e+01   1.8652244e+04
   9.0000000e+01   1.8699861e+04
   9.1000000e+01   1.8747406e+04
   9.2000000e+01   1.8794951e+04
   9.3000000e+01   1.8842479e+04
   9.4000000e+01   1.8889977e+04
   9.5000000e+01   1.8937428e+04
   9.6000000e+01   1.8984820e+04
   9.7000000e+01   1.9032127e+04
   9.8000000e+01   1.9079344e+04
   9.9000000e+01   1.9126451e+04
   1.0000000e+02   1.9173438e+04
   1.0100000e+02   1.9220287e+04
   1.0200000e+02   1.9266984e+04
   1.0300000e+02   1.9313518e+04
   1.0400000e+02   1.9359871e+04
   1.0500000e+02   1.9406029e+04
   1.0600000e+02   1.9451979e+04
   1.0700000e+02   1.9497705e+04
   1.0800000e+02   1.9543195e+04
   1.0900000e+02   1.9588430e+04
   1.1000000e+02   1.9633400e+04
   1.1100000e+02   1.9678090e+04
   1.1200000e+02   1.9722486e+04
   1.1300000e+02   1.9766574e+04
   1.1400000e+02   1.9810338e+04
   1.1500000e+02   1.9853764e+04
   1.1600000e+02   1.9896842e+04
   1.1700000e+02   1.9939563e+04
   1.1800000e+02   1.9981906e+04
   1.1900000e+02   2.0023861e+04
   1.2000000e+02   2.0065418e+04
   1.2100000e+02   2.0106617e+04
   1.2200000e+02   2.0147395e+04
   1.2300000e+02   2.0187736e+04
   1.2400000e+02   2.0227629e+04
   1.2500000e+02   2.0267063e+04
   1.2600000e+02   2.0306025e+04
   1.2700000e+02   2.0344500e+04
   1.2800000e+02   2.0382479e+04
   1.2900000e+02   2.0419945e+04
   1.3000000e+02   2.0456893e+04
   1.3100000e+02   2.0493307e+04
   1.3200000e+02   2.0529176e+04
   1.3300000e+02   2.0564490e+04
   1.3400000e+02   2.0599236e+04
   1.3500000e+02   2.0633402e+04
   1.3600000e+02   2.0666980e+04
   1.3700000e+02   2.0699959e+04
   1.3800000e+02   2.0732328e+04
   1.3900000e+02   2.0764057e+04
   1.4000000e+02   2.0795150e+04
   1.4100000e+02   2.0825602e+04
   1.4200000e+02   2.0855400e+04
   1.4300000e+02   2.0884539e+04
   1.4400000e+02   2.0913006e+04
   1.4500000e+02   2.0940793e+04
   1.4600000e+02   2.0967891e+04
   1.4700000e+02   2.0994291e+04
   1.4800000e+02   2.1019986e+04
   1.4900000e+02   2.1044967e+04
   1.5000000e+02   2.1069227e+04
   1.5100000e+02   2.1092852e+04
   1.5200000e+02   2.1115742e+04
   1.5300000e+02   2.1137891e+04
   1.5400000e+02   2.1159289e+04
   1.5500000e+02   2.1179922e+04
   1.5600000e+02   2.1199791e+04
   1.5700000e+02   2.1218893e+04
   1.5800000e+02   2.1237221e+04
   1.5900000e+02   2.1254770e+04
   1.6000000e+02   2.1271529e+04
   1.6100000e+02   2.1287502e+04
   1.6200000e+02   2.1302680e+04
   1.6300000e+02   2.1317053e+04
   1.6400000e+02   2.1330623e+04
   1.6500000e+02   2.1343383e+04
   1.6600000e+02   2.1355330e+04
   1.6700000e+02   2.1366457e+04
   1.6800000e+02   2.1376764e+04
   1.6900000e+02   2.1386248e+04
   1.7000000e+02   2.1394900e+04
   1.7100000e+02   2.1402725e+04
   1.7200000e+02   2.1409715e+04
   1.7300000e+02   2.1415869e+04
   1.7400000e+02   2.1421188e+04
   1.7500000e+02   2.1425666e+04
   1.7600000e+02   2.1429303e+04
   1.7700000e+02   2.1432098e+04
   1.7800000e+02   2.1434049e+04
   1.7900000e+02   2.1435156e+04
   1.8000000e+02   2.1435420e+04
   1.8100000e+02   2.1434904e+04
   1.8200000e+02   2.1433545e+04
   1.8300000e+02   2.1431344e+04
   1.8400000e+02   2.1428301e+04
   1.8500000e+02   2.1424418e+04
   1.8600000e+02   2.1419695e+04
   1.8700000e+02   2.1414133e+04
   1.8800000e+02   2.1407736e+04
   1.8900000e+02   2.1400504e+04
   1.9000000e+02   2.1392438e+04
   1.9100000e+02   2.1383533e+04
   1.9200000e+02   2.1373803e+04
   1.9300000e+02   2.1363244e+04
   1.9400000e+02   2.1351863e+04
   1.9500000e+02   2.1339662e+04
   1.9600000e+02   2.1326648e+04
   1.9700000e+02   2.1312820e+04
   1.9800000e+02   2.1298186e+04
   1.9900000e+02   2.1282750e+04
   2.0000000e+02   2.1266516e+04
   2.0100000e+02   2.1249486e+04
   2.0200000e+02   2.1231670e+04
   2.0300000e+02   2.1213072e+04
   2.0400000e+02   2.1193697e+04
   2.0500000e+02   2.1173551e+04
   2.0600000e+02   2.1152641e+04
   2.0700000e+02   2.1130973e+04
   2.0800000e+02   2.1108553e+04
   2.0900000e+02   2.1085389e+04
   2.1000000e+02   2.1061490e+04
   2.1100000e+02   2.1036662e+04
   2.1200000e+02   2.1011115e+04
   2.1300000e+02   2.0984854e+04
   2.1400000e+02   2.0957889e+04
   2.1500000e+02   2.0930227e+04
   2.1600000e+02   2.0901873e+04
   2.1700000e+02   2.0872844e+04
   2.1800000e+02   2.0843135e+04
   2.1900000e+02   2.0812766e+04
   2.2000000e+02   2.0781746e+04
   2.2100000e+02   2.0750082e+04
   2.2200000e+02   2.0717789e+04
   2.2300000e+02   2.0684871e+04
   2.2400000e+02   2.0651340e+04
   2.2500000e+02   2.0617207e+04
   2.2600000e+02   2.0582484e+04
   2.2700000e+02   2.0547180e+04
   2.2800000e+02   2.0511305e+04
   2.2900000e+02   2.0474871e+04
   2.3000000e+02   2.0437889e+04
   2.3100000e+02   2.0400371e+04
   2.3200000e+02   2.0362328e+04
   2.3300000e+02   2.0323771e+04
   2.3400000e+02   2.0284715e+04
   2.3500000e+02   2.0245166e+04
   2.3600000e+02   2.0205141e+04
   2.3700000e+02   2.0164652e+04
   2.3800000e+02   2.0123711e+04
   2.3900000e+02   2.0082330e+04
   2.4000000e+02   2.0040520e+04
   2.4100000e+02   1.9997941e+04
   2.4200000e+02   1.9954963e+04
   2.4300000e+02   1.9911596e+04
   2.4400000e+02   1.9867854e+04
   2.4500000e+02   1.9823750e+04
   2.4600000e+02   1.9779297e+04
   2.4700000e+02   1.9734512e+04
   2.4800000e+02   1.9689404e+04
   2.4900000e+02   1.9643992e+04
   2.5000000e+02   1.9598285e+04
   2.5100000e+02   1.9552299e+04
   2.5200000e+02   1.9506049e+04
   2.5300000e+02   1.9459547e+04
   2.5400000e+02   1.9412809e+04
   2.5500000e+02   1.9365848e+04
   2.5600000e+02   1.9318678e+04
   2.5700000e+02   1.9271314e+04
   2.5800000e+02   1.9223773e+04
   2.5900000e+02   1.9176066e+04
   2.6000000e+02   1.9128207e+04
   2.6100000e+02   1.9080215e+04
   2.6200000e+02   1.9032102e+04
   2.6300000e+02   1.8983879e+04
   2.6400000e+02   1.8935566e+04
   2.6500000e+02   1.8887178e+04
   2.6600000e+02   1.8838725e+04
   2.6700000e+02   1.8790227e+04
   2.6800000e+02   1.8741693e+04
   2.6900000e+02   1.8693145e+04
   2.7000000e+02   1.8644590e+04
   2.7100000e+02   1.8595600e+04
   2.7200000e+02   1.8546637e+04
   2.7300000e+02   1.8497713e+04
   2.7400000e+02   1.8448848e+04
   2.7500000e+02   1.8400049e+04
   2.7600000e+02   1.8351340e+04
   2.7700000e+02   1.8302727e+04
   2.7800000e+02   1.8254230e+04
   2.7900000e+02   1.8205861e+04
   2.8000000e+02   1.8157635e+04
   2.8100000e+02   1.8109568e+04
   2.8200000e+02   1.8061674e+04
   2.8300000e+02   1.8013965e+04
   2.8400000e+02   1.7966457e+04
   2.8500000e+02   1.7919164e+04
   2.8600000e+02   1.7872102e+04
   2.8700000e+02   1.7825283e+04
   2.8800000e+02   1.7778721e+04
   2.8900000e+02   1.7732430e+04
   2.9000000e+02   1.7686424e+04
   2.9100000e+02   1.7640717e+04
   2.9200000e+02   1.7595320e+04
   2.9300000e+02   1.7550252e+04
   2.9400000e+02   1.7505521e+04
   2.9500000e+02   1.7461145e+04
   2.9600000e+02   1.7417133e+04
   2.9700000e+02   1.7373500e+04
   2.9800000e+02   1.7330262e+04
   2.9900000e+02   1.7287426e+04
   3.0000000e+02   1.7245006e+04
   3.0100000e+02   1.7202791e+04
   3.0200000e+02   1.7161014e+04
   3.0300000e+02   1.7119689e+04
   3.0400000e+02   1.7078830e+04
   3.0500000e+02   1.7038447e+04
   3.0600000e+02   1.6998553e+04
   3.0700000e+02   1.6959156e+04
   3.0800000e+02   1.6920273e+04
   3.0900000e+02   1.6881912e+04
   3.1000000e+02   1.6844086e+04
   3.1100000e+02   1.6806803e+04
   3.1200000e+02   1.6770078e+04
   3.1300000e+02   1.6733918e+04
   3.1400000e+02   1.6698338e+04
   3.1500000e+02   1.6663344e+04
   3.1600000e+02   1.6628947e+04
   3.1700000e+02   1.6595158e+04
   3.1800000e+02   1.6561988e+04
   3.1900000e+02   1.6529445e+04
   3.2000000e+02   1.6497539e+04
   3.2100000e+02   1.6466279e+04
   3.2200000e+02   1.6435674e+04
   3.2300000e+02   1.6405732e+04
   3.2400000e+02   1.6376463e+04
   3.2500000e+02   1.6347874e+04
   3.2600000e+02   1.6319976e+04
   3.2700000e+02   1.6292773e+04
   3.2800000e+02   1.6266277e+04
   3.2900000e+02   1.6240492e+04
   3.3000000e+02   1.6215430e+04
   3.3100000e+02   1.6191080e+04
   3.3200000e+02   1.6167463e+04
   3.3300000e+02   1.6144585e+04
   3.3400000e+02   1.6122452e+04
   3.3500000e+02   1.6101071e+04
   3.3600000e+02   1.6080448e+04
   3.3700000e+02   1.6060589e+04
   3.3800000e+02   1.6041500e+04
   3.3900000e+02   1.6023186e+04
   3.4000000e+02   1.6005651e+04
   3.4100000e+02   1.5988902e+04
   3.4200000e+02   1.5972942e+04
   3.4300000e+02   1.5957777e+04
   3.4400000e+02   1.5943412e+04
   3.4500000e+02   1.5929849e+04
   3.4600000e+02   1.5917093e+04
   3.4700000e+02   1.5905146e+04
   3.4800000e+02   1.5894014e+04
   3.4900000e+02   1.5883698e+04
   3.5000000e+02   1.5874203e+04
   3.5100000e+02   1.5865529e+04
   3.5200000e+02   1.5857680e+04
   3.5300000e+02   1.5850657e+04
   3.5400000e+02   1.5844464e+04
   3.5500000e+02   1.5839101e+04
   3.5600000e+02   1.5834569e+04
   3.5700000e+02   1.5830872e+04
   3.5800000e+02   1.5828008e+04
   3.5900000e+02   1.5825979e+04
   2.6219766e-08   1.5824784e+04
