   0.0000000e+00   2.6431559e-03
   1.0000000e+00   1.6722158e-02
   2.0000000e+00   1.6733592e-02
   3.0000000e+00   1.6729672e-02
   4.0000000e+00   1.6725644e-02
   5.0000000e+00   1.6721532e-02
   6.0000000e+00   1.6717333e-02
   7.0000000e+00   1.6713051e-02
   8.0000000e+00   1.6708685e-02
   9.0000000e+00   1.6704239e-02
   1.0000000e+01   1.6699713e-02
   1.1000000e+01   1.6695108e-02
   1.2000000e+01   1.6690426e-02
   1.3000000e+01   1.6685667e-02
   1.4000000e+01   1.6680976e-02
   1.5000000e+01   1.6676331e-02
   1.6000000e+01   1.6671645e-02
   1.7000000e+01   1.6666919e-02
   1.8000000e+01   1.6662152e-02
   1.9000000e+01   1.6657351e-02
   2.0000000e+01   1.6652510e-02
   2.1000000e+01   1.6647633e-02
   2.2000000e+01   1.6642723e-02
   2.3000000e+01   1.6637778e-02
   2.4000000e+01   1.6632797e-02
   2.5000000e+01   1.6627787e-02
   2.6000000e+01   1.6622743e-02
   2.7000000e+01   1.6617667e-02
   2.8000000e+01   1.6612561e-02
   2.9000000e+01   1.6607428e-02
   3.0000000e+01   1.6602265e-02
   3.1000000e+01   1.6619505e-02
   3.2000000e+01   1.6637076e-02
   3.3000000e+01   1.6654974e-02
   3.4000000e+01   1.6673196e-02
   3.5000000e+01   1.6691739e-02
   3.6000000e+01   1.6710600e-02
   3.7000000e+01   1.6729780e-02
   3.8000000e+01   1.6749270e-02
   3.9000000e+01   1.6769072e-02
   4.0000000e+01   1.6789183e-02
   4.1000000e+01   1.6809599e-02
   4.2000000e+01   1.6830320e-02
   4.3000000e+01   1.6851338e-02
   4.4000000e+01   1.6872656e-02
   4.5000000e+01   1.6894268e-02
   4.6000000e+01   1.6916173e-02
   4.7000000e+01   1.6938368e-02
   4.8000000e+01   1.6960850e-02
   4.9000000e+01   1.6983619e-02
   5.0000000e+01   1.7006669e-02
   5.1000000e+01   1.7029999e-02
   5.2000000e+01   1.7053608e-02
   5.3000000e+01   1.7077493e-02
   5.4000000e+01   1.7101647e-02
   5.5000000e+01   1.7126076e-02
   5.6000000e+01   1.7150771e-02
   5.7000000e+01   1.7175732e-02
   5.8000000e+01   1.7200956e-02
   5.9000000e+01   1.7226441e-02
   6.0000000e+01   1.7252186e-02
   6.1000000e+01   1.7287580e-02
   6.2000000e+01   1.7322915e-02
   6.3000000e+01   1.7358189e-02
   6.4000000e+01   1.7393406e-02
   6.5000000e+01   1.7428566e-02
   6.6000000e+01   1.7463665e-02
   6.7000000e+01   1.7498711e-02
   6.8000000e+01   1.7533701e-02
   6.9000000e+01   1.7568633e-02
   7.0000000e+01   1.7603511e-02
   7.1000000e+01   1.7638335e-02
   7.2000000e+01   1.7673103e-02
   7.3000000e+01   1.7707821e-02
   7.4000000e+01   1.7742485e-02
   7.5000000e+01   1.7777095e-02
   7.6000000e+01   1.7811654e-02
   7.7000000e+01   1.7846163e-02
   7.8000000e+01   1.7880620e-02
   7.9000000e+01   1.7915029e-02
   8.0000000e+01   1.7949387e-02
   8.1000000e+01   1.7983697e-02
   8.2000000e+01   1.8017961e-02
   8.3000000e+01   1.8052174e-02
   8.4000000e+01   1.8086340e-02
   8.5000000e+01   1.8120460e-02
   8.6000000e+01   1.8154534e-02
   8.7000000e+01   1.8188562e-02
   8.8000000e+01   1.8222461e-02
   8.9000000e+01   1.8255673e-02
   9.0000000e+01   1.8288799e-02
   9.1000000e+01   1.8307030e-02
   9.2000000e+01   1.8325141e-02
   9.3000000e+01   1.8343035e-02
   9.4000000e+01   1.8360732e-02
   9.5000000e+01   1.8378237e-02
   9.6000000e+01   1.8395558e-02
   9.7000000e+01   1.8412279e-02
   9.8000000e+01   1.8428618e-02
   9.9000000e+01   1.8444641e-02
   1.0000000e+02   1.8460352e-02
   1.0100000e+02   1.8475754e-02
   1.0200000e+02   1.8490849e-02
   1.0300000e+02   1.8505642e-02
   1.0400000e+02   1.8520137e-02
   1.0500000e+02   1.8534334e-02
   1.0600000e+02   1.8548237e-02
   1.0700000e+02   1.8561853e-02
   1.0800000e+02   1.8575180e-02
   1.0900000e+02   1.8588223e-02
   1.1000000e+02   1.8600985e-02
   1.1100000e+02   1.8613471e-02
   1.1200000e+02   1.8625680e-02
   1.1300000e+02   1.8637620e-02
   1.1400000e+02   1.8649040e-02
   1.1500000e+02   1.8660223e-02
   1.1600000e+02   1.8671252e-02
   1.1700000e+02   1.8682124e-02
   1.1800000e+02   1.8692845e-02
   1.1900000e+02   1.8703414e-02
   1.2000000e+02   1.8713834e-02
   1.2100000e+02   1.8711401e-02
   1.2200000e+02   1.8709067e-02
   1.2300000e+02   1.8706828e-02
   1.2400000e+02   1.8704683e-02
   1.2500000e+02   1.8702632e-02
   1.2600000e+02   1.8700674e-02
   1.2700000e+02   1.8698810e-02
   1.2800000e+02   1.8697038e-02
   1.2900000e+02   1.8695358e-02
   1.3000000e+02   1.8693769e-02
   1.3100000e+02   1.8692270e-02
   1.3200000e+02   1.8690862e-02
   1.3300000e+02   1.8689541e-02
   1.3400000e+02   1.8688310e-02
   1.3500000e+02   1.8687168e-02
   1.3600000e+02   1.8686112e-02
   1.3700000e+02   1.8685143e-02
   1.3800000e+02   1.8684261e-02
   1.3900000e+02   1.8682420e-02
   1.4000000e+02   1.8680351e-02
   1.4100000e+02   1.8678242e-02
   1.4200000e+02   1.8676102e-02
   1.4300000e+02   1.8673927e-02
   1.4400000e+02   1.8671717e-02
   1.4500000e+02   1.8669477e-02
   1.4600000e+02   1.8667206e-02
   1.4700000e+02   1.8664902e-02
   1.4800000e+02   1.8662570e-02
   1.4900000e+02   1.8660206e-02
   1.5000000e+02   1.8657815e-02
   1.5100000e+02   1.8650949e-02
   1.5200000e+02   1.8644167e-02
   1.5300000e+02   1.8637469e-02
   1.5400000e+02   1.8630857e-02
   1.5500000e+02   1.8623678e-02
   1.5600000e+02   1.8616591e-02
   1.5700000e+02   1.8609645e-02
   1.5800000e+02   1.8602842e-02
   1.5900000e+02   1.8596178e-02
   1.6000000e+02   1.8589653e-02
   1.6100000e+02   1.8583264e-02
   1.6200000e+02   1.8577013e-02
   1.6300000e+02   1.8570896e-02
   1.6400000e+02   1.8564915e-02
   1.6500000e+02   1.8559063e-02
   1.6600000e+02   1.8553346e-02
   1.6700000e+02   1.8547758e-02
   1.6800000e+02   1.8542299e-02
   1.6900000e+02   1.8536968e-02
   1.7000000e+02   1.8531764e-02
   1.7100000e+02   1.8526684e-02
   1.7200000e+02   1.8521730e-02
   1.7300000e+02   1.8516900e-02
   1.7400000e+02   1.8512191e-02
   1.7500000e+02   1.8507604e-02
   1.7600000e+02   1.8503137e-02
   1.7700000e+02   1.8498790e-02
   1.7800000e+02   1.8494559e-02
   1.7900000e+02   1.8490447e-02
   1.8000000e+02   1.8486449e-02
   1.8100000e+02   1.8482160e-02
   1.8200000e+02   1.8478125e-02
   1.8300000e+02   1.8474344e-02
   1.8400000e+02   1.8470811e-02
   1.8500000e+02   1.8467527e-02
   1.8600000e+02   1.8464485e-02
   1.8700000e+02   1.8461689e-02
   1.8800000e+02   1.8459132e-02
   1.8900000e+02   1.8456811e-02
   1.9000000e+02   1.8454567e-02
   1.9100000e+02   1.8452220e-02
   1.9200000e+02   1.8450018e-02
   1.9300000e+02   1.8447962e-02
   1.9400000e+02   1.8446051e-02
   1.9500000e+02   1.8444281e-02
   1.9600000e+02   1.8442651e-02
   1.9700000e+02   1.8441163e-02
   1.9800000e+02   1.8439813e-02
   1.9900000e+02   1.8438600e-02
   2.0000000e+02   1.8437523e-02
   2.0100000e+02   1.8436581e-02
   2.0200000e+02   1.8435773e-02
   2.0300000e+02   1.8435093e-02
   2.0400000e+02   1.8434547e-02
   2.0500000e+02   1.8434128e-02
   2.0600000e+02   1.8433839e-02
   2.0700000e+02   1.8433677e-02
   2.0800000e+02   1.8433640e-02
   2.0900000e+02   1.8433727e-02
   2.1000000e+02   1.8433936e-02
   2.1100000e+02   1.8420821e-02
   2.1200000e+02   1.8407872e-02
   2.1300000e+02   1.8395094e-02
   2.1400000e+02   1.8382482e-02
   2.1500000e+02   1.8370036e-02
   2.1600000e+02   1.8357754e-02
   2.1700000e+02   1.8345611e-02
   2.1800000e+02   1.8333275e-02
   2.1900000e+02   1.8321134e-02
   2.2000000e+02   1.8309189e-02
   2.2100000e+02   1.8297434e-02
   2.2200000e+02   1.8285872e-02
   2.2300000e+02   1.8274499e-02
   2.2400000e+02   1.8263312e-02
   2.2500000e+02   1.8252311e-02
   2.2600000e+02   1.8241495e-02
   2.2700000e+02   1.8230859e-02
   2.2800000e+02   1.8220404e-02
   2.2900000e+02   1.8210130e-02
   2.3000000e+02   1.8200029e-02
   2.3100000e+02   1.8190105e-02
   2.3200000e+02   1.8180352e-02
   2.3300000e+02   1.8170774e-02
   2.3400000e+02   1.8161364e-02
   2.3500000e+02   1.8152123e-02
   2.3600000e+02   1.8143047e-02
   2.3700000e+02   1.8134138e-02
   2.3800000e+02   1.8125394e-02
   2.3900000e+02   1.8116809e-02
   2.4000000e+02   1.8108387e-02
   2.4100000e+02   1.8078325e-02
   2.4200000e+02   1.8048406e-02
   2.4300000e+02   1.8018620e-02
   2.4400000e+02   1.7988972e-02
   2.4500000e+02   1.7959461e-02
   2.4600000e+02   1.7930081e-02
   2.4700000e+02   1.7900836e-02
   2.4800000e+02   1.7871721e-02
   2.4900000e+02   1.7842738e-02
   2.5000000e+02   1.7813884e-02
   2.5100000e+02   1.7785158e-02
   2.5200000e+02   1.7756561e-02
   2.5300000e+02   1.7728090e-02
   2.5400000e+02   1.7699745e-02
   2.5500000e+02   1.7671524e-02
   2.5600000e+02   1.7643424e-02
   2.5700000e+02   1.7615449e-02
   2.5800000e+02   1.7587595e-02
   2.5900000e+02   1.7559860e-02
   2.6000000e+02   1.7532246e-02
   2.6100000e+02   1.7504750e-02
   2.6200000e+02   1.7477371e-02
   2.6300000e+02   1.7450109e-02
   2.6400000e+02   1.7422959e-02
   2.6500000e+02   1.7395929e-02
   2.6600000e+02   1.7369008e-02
   2.6700000e+02   1.7342202e-02
   2.6800000e+02   1.7315507e-02
   2.6900000e+02   1.7288923e-02
   2.7000000e+02   1.7262449e-02
   2.7100000e+02   1.7214896e-02
   2.7200000e+02   1.7167438e-02
   2.7300000e+02   1.7120073e-02
   2.7400000e+02   1.7072802e-02
   2.7500000e+02   1.7025622e-02
   2.7600000e+02   1.6978536e-02
   2.7700000e+02   1.6931541e-02
   2.7800000e+02   1.6884636e-02
   2.7900000e+02   1.6837822e-02
   2.8000000e+02   1.6791096e-02
   2.8100000e+02   1.6744461e-02
   2.8200000e+02   1.6697912e-02
   2.8300000e+02   1.6651450e-02
   2.8400000e+02   1.6605075e-02
   2.8500000e+02   1.6558787e-02
   2.8600000e+02   1.6512584e-02
   2.8700000e+02   1.6466467e-02
   2.8800000e+02   1.6420431e-02
   2.8900000e+02   1.6374482e-02
   2.9000000e+02   1.6328614e-02
   2.9100000e+02   1.6282830e-02
   2.9200000e+02   1.6237127e-02
   2.9300000e+02   1.6191505e-02
   2.9400000e+02   1.6145965e-02
   2.9500000e+02   1.6100504e-02
   2.9600000e+02   1.6055122e-02
   2.9700000e+02   1.6009819e-02
   2.9800000e+02   1.5964594e-02
   2.9900000e+02   1.5919447e-02
   3.0000000e+02   1.5874378e-02
   3.0100000e+02   1.5833242e-02
   3.0200000e+02   1.5792133e-02
   3.0300000e+02   1.5751051e-02
   3.0400000e+02   1.5709996e-02
   3.0500000e+02   1.5668968e-02
   3.0600000e+02   1.5627965e-02
   3.0700000e+02   1.5586992e-02
   3.0800000e+02   1.5546042e-02
   3.0900000e+02   1.5505120e-02
   3.1000000e+02   1.5464224e-02
   3.1100000e+02   1.5423353e-02
   3.1200000e+02   1.5382509e-02
   3.1300000e+02   1.5341688e-02
   3.1400000e+02   1.5300894e-02
   3.1500000e+02   1.5260126e-02
   3.1600000e+02   1.5219382e-02
   3.1700000e+02   1.5178664e-02
   3.1800000e+02   1.5137970e-02
   3.1900000e+02   1.5097301e-02
   3.2000000e+02   1.5056657e-02
   3.2100000e+02   1.5016036e-02
   3.2200000e+02   1.4975441e-02
   3.2300000e+02   1.4934869e-02
   3.2400000e+02   1.4894321e-02
   3.2500000e+02   1.4853796e-02
   3.2600000e+02   1.4813296e-02
   3.2700000e+02   1.4772819e-02
   3.2800000e+02   1.4732365e-02
   3.2900000e+02   1.4691936e-02
   3.3000000e+02   1.4651529e-02
   3.3100000e+02   1.4633457e-02
   3.3200000e+02   1.4615396e-02
   3.3300000e+02   1.4597343e-02
   3.3400000e+02   1.4579301e-02
   3.3500000e+02   1.4561268e-02
   3.3600000e+02   1.4543244e-02
   3.3700000e+02   1.4525229e-02
   3.3800000e+02   1.4507225e-02
   3.3900000e+02   1.4489230e-02
   3.4000000e+02   1.4471243e-02
   3.4100000e+02   1.4453266e-02
   3.4200000e+02   1.4435298e-02
   3.4300000e+02   1.4417338e-02
   3.4400000e+02   1.4399389e-02
   3.4500000e+02   1.4381449e-02
   3.4600000e+02   1.4363517e-02
   3.4700000e+02   1.4345595e-02
   3.4800000e+02   1.4327681e-02
   3.4900000e+02   1.4309776e-02
   3.5000000e+02   1.4291880e-02
   3.5100000e+02   1.4273992e-02
   3.5200000e+02   1.4256114e-02
   3.5300000e+02   1.4238245e-02
   3.5400000e+02   1.4220384e-02
   3.5500000e+02   1.4202531e-02
   3.5600000e+02   1.4184687e-02
   3.5700000e+02   1.4166852e-02
   3.5800000e+02   1.4149026e-02
   3.5900000e+02   1.4131208e-02
   2.6219766e-08   1.4113398e-02
