   0.0000000e+00   1.3182388e-18
   1.0000000e+00   6.9187355e-04
   2.0000000e+00   1.3581694e-03
   3.0000000e+00   2.0287158e-03
   4.0000000e+00   2.7036550e-03
   5.0000000e+00   3.3829159e-03
   6.0000000e+00   4.0663383e-03
   7.0000000e+00   4.7537936e-03
   8.0000000e+00   5.4450696e-03
   9.0000000e+00   6.1401324e-03
   1.0000000e+01   6.8386896e-03
   1.1000000e+01   7.5402670e-03
   1.2000000e+01   8.2446225e-03
   1.3000000e+01   8.9515280e-03
   1.4000000e+01   9.6606603e-03
   1.5000000e+01   1.0371720e-02
   1.6000000e+01   1.1085103e-02
   1.7000000e+01   1.1800834e-02
   1.8000000e+01   1.2519023e-02
   1.9000000e+01   1.3239549e-02
   2.0000000e+01   1.3962838e-02
   2.1000000e+01   1.4689256e-02
   2.2000000e+01   1.5418897e-02
   2.3000000e+01   1.6151730e-02
   2.4000000e+01   1.6887706e-02
   2.5000000e+01   1.7626813e-02
   2.6000000e+01   1.8369047e-02
   2.7000000e+01   1.9114153e-02
   2.8000000e+01   1.9861957e-02
   2.9000000e+01   2.0612409e-02
   3.0000000e+01   2.1365562e-02
   3.1000000e+01   2.2219425e-02
   3.2000000e+01   2.3081690e-02
   3.3000000e+01   2.3952285e-02
   3.4000000e+01   2.4831258e-02
   3.5000000e+01   2.5718501e-02
   3.6000000e+01   2.6613934e-02
   3.7000000e+01   2.7517457e-02
   3.8000000e+01   2.8428916e-02
   3.9000000e+01   2.9348094e-02
   4.0000000e+01   3.0274903e-02
   4.1000000e+01   3.1209288e-02
   4.2000000e+01   3.2151170e-02
   4.3000000e+01   3.3100441e-02
   4.4000000e+01   3.4057036e-02
   4.5000000e+01   3.5020832e-02
   4.6000000e+01   3.5991646e-02
   4.7000000e+01   3.6969405e-02
   4.8000000e+01   3.7954129e-02
   4.9000000e+01   3.8945783e-02
   5.0000000e+01   3.9944284e-02
   5.1000000e+01   4.0949550e-02
   5.2000000e+01   4.1961521e-02
   5.3000000e+01   4.2980038e-02
   5.4000000e+01   4.4004999e-02
   5.5000000e+01   4.5036305e-02
   5.6000000e+01   4.6073880e-02
   5.7000000e+01   4.7117673e-02
   5.8000000e+01   4.8167583e-02
   5.9000000e+01   4.9223505e-02
   6.0000000e+01   5.0285373e-02
   6.1000000e+01   5.1519126e-02
   6.2000000e+01   5.2763499e-02
   6.3000000e+01   5.4018389e-02
   6.4000000e+01   5.5283710e-02
   6.5000000e+01   5.6559388e-02
   6.6000000e+01   5.7845339e-02
   6.7000000e+01   5.9141465e-02
   6.8000000e+01   6.0447641e-02
   6.9000000e+01   6.1763745e-02
   7.0000000e+01   6.3089654e-02
   7.1000000e+01   6.4425267e-02
   7.2000000e+01   6.5770499e-02
   7.3000000e+01   6.7125291e-02
   7.4000000e+01   6.8489507e-02
   7.5000000e+01   6.9863051e-02
   7.6000000e+01   7.1245834e-02
   7.7000000e+01   7.2637789e-02
   7.8000000e+01   7.4038833e-02
   7.9000000e+01   7.5448900e-02
   8.0000000e+01   7.6867901e-02
   8.1000000e+01   7.8295752e-02
   8.2000000e+01   7.9732358e-02
   8.3000000e+01   8.1177622e-02
   8.4000000e+01   8.2631424e-02
   8.5000000e+01   8.4093660e-02
   8.6000000e+01   8.5564226e-02
   8.7000000e+01   8.7043054e-02
   8.8000000e+01   8.8530079e-02
   8.9000000e+01   9.0025216e-02
   9.0000000e+01   9.1528393e-02
   9.1000000e+01   9.3171328e-02
   9.2000000e+01   9.4825722e-02
   9.3000000e+01   9.6491493e-02
   9.4000000e+01   9.8168559e-02
   9.5000000e+01   9.9856868e-02
   9.6000000e+01   1.0155634e-01
   9.7000000e+01   1.0326691e-01
   9.8000000e+01   1.0498851e-01
   9.9000000e+01   1.0672108e-01
   1.0000000e+02   1.0846458e-01
   1.0100000e+02   1.1021893e-01
   1.0200000e+02   1.1198411e-01
   1.0300000e+02   1.1376007e-01
   1.0400000e+02   1.1554674e-01
   1.0500000e+02   1.1734407e-01
   1.0600000e+02   1.1915203e-01
   1.0700000e+02   1.2097055e-01
   1.0800000e+02   1.2279961e-01
   1.0900000e+02   1.2463913e-01
   1.1000000e+02   1.2648912e-01
   1.1100000e+02   1.2834950e-01
   1.1200000e+02   1.3022026e-01
   1.1300000e+02   1.3210146e-01
   1.1400000e+02   1.3399304e-01
   1.1500000e+02   1.3589495e-01
   1.1600000e+02   1.3780716e-01
   1.1700000e+02   1.3972963e-01
   1.1800000e+02   1.4166233e-01
   1.1900000e+02   1.4360517e-01
   1.2000000e+02   1.4555815e-01
   1.2100000e+02   1.4725833e-01
   1.2200000e+02   1.4896739e-01
   1.2300000e+02   1.5068534e-01
   1.2400000e+02   1.5241225e-01
   1.2500000e+02   1.5414812e-01
   1.2600000e+02   1.5589297e-01
   1.2700000e+02   1.5764683e-01
   1.2800000e+02   1.5940975e-01
   1.2900000e+02   1.6118176e-01
   1.3000000e+02   1.6296293e-01
   1.3100000e+02   1.6475333e-01
   1.3200000e+02   1.6655304e-01
   1.3300000e+02   1.6836207e-01
   1.3400000e+02   1.7018045e-01
   1.3500000e+02   1.7200823e-01
   1.3600000e+02   1.7384550e-01
   1.3700000e+02   1.7569228e-01
   1.3800000e+02   1.7754859e-01
   1.3900000e+02   1.7941447e-01
   1.4000000e+02   1.8128996e-01
   1.4100000e+02   1.8317510e-01
   1.4200000e+02   1.8506993e-01
   1.4300000e+02   1.8697453e-01
   1.4400000e+02   1.8888889e-01
   1.4500000e+02   1.9081309e-01
   1.4600000e+02   1.9274715e-01
   1.4700000e+02   1.9469111e-01
   1.4800000e+02   1.9664498e-01
   1.4900000e+02   1.9860877e-01
   1.5000000e+02   2.0058270e-01
   1.5100000e+02   2.0140877e-01
   1.5200000e+02   2.0223117e-01
   1.5300000e+02   2.0304988e-01
   1.5400000e+02   2.0386498e-01
   1.5500000e+02   2.0467646e-01
   1.5600000e+02   2.0548443e-01
   1.5700000e+02   2.0628893e-01
   1.5800000e+02   2.0709002e-01
   1.5900000e+02   2.0788771e-01
   1.6000000e+02   2.0868206e-01
   1.6100000e+02   2.0947313e-01
   1.6200000e+02   2.1026093e-01
   1.6300000e+02   2.1104553e-01
   1.6400000e+02   2.1182700e-01
   1.6500000e+02   2.1260548e-01
   1.6600000e+02   2.1338098e-01
   1.6700000e+02   2.1415353e-01
   1.6800000e+02   2.1492311e-01
   1.6900000e+02   2.1568975e-01
   1.7000000e+02   2.1645343e-01
   1.7100000e+02   2.1721417e-01
   1.7200000e+02   2.1797198e-01
   1.7300000e+02   2.1872683e-01
   1.7400000e+02   2.1947874e-01
   1.7500000e+02   2.2022773e-01
   1.7600000e+02   2.2097380e-01
   1.7700000e+02   2.2171713e-01
   1.7800000e+02   2.2245772e-01
   1.7900000e+02   2.2319563e-01
   1.8000000e+02   2.2393085e-01
   1.8100000e+02   2.2330889e-01
   1.8200000e+02   2.2266972e-01
   1.8300000e+02   2.2201329e-01
   1.8400000e+02   2.2133966e-01
   1.8500000e+02   2.2064877e-01
   1.8600000e+02   2.1994063e-01
   1.8700000e+02   2.1921526e-01
   1.8800000e+02   2.1847263e-01
   1.8900000e+02   2.1771279e-01
   1.9000000e+02   2.1693568e-01
   1.9100000e+02   2.1614137e-01
   1.9200000e+02   2.1532999e-01
   1.9300000e+02   2.1450150e-01
   1.9400000e+02   2.1365589e-01
   1.9500000e+02   2.1279313e-01
   1.9600000e+02   2.1191317e-01
   1.9700000e+02   2.1101597e-01
   1.9800000e+02   2.1010152e-01
   1.9900000e+02   2.0916975e-01
   2.0000000e+02   2.0822065e-01
   2.0100000e+02   2.0725416e-01
   2.0200000e+02   2.0627026e-01
   2.0300000e+02   2.0526892e-01
   2.0400000e+02   2.0425008e-01
   2.0500000e+02   2.0321374e-01
   2.0600000e+02   2.0215994e-01
   2.0700000e+02   2.0108868e-01
   2.0800000e+02   1.9999991e-01
   2.0900000e+02   1.9889367e-01
   2.1000000e+02   1.9776987e-01
   2.1100000e+02   1.9648583e-01
   2.1200000e+02   1.9518749e-01
   2.1300000e+02   1.9387490e-01
   2.1400000e+02   1.9254810e-01
   2.1500000e+02   1.9120714e-01
   2.1600000e+02   1.8985207e-01
   2.1700000e+02   1.8848296e-01
   2.1800000e+02   1.8709983e-01
   2.1900000e+02   1.8570273e-01
   2.2000000e+02   1.8429171e-01
   2.2100000e+02   1.8286680e-01
   2.2200000e+02   1.8142805e-01
   2.2300000e+02   1.7997551e-01
   2.2400000e+02   1.7850925e-01
   2.2500000e+02   1.7702928e-01
   2.2600000e+02   1.7553568e-01
   2.2700000e+02   1.7402847e-01
   2.2800000e+02   1.7250770e-01
   2.2900000e+02   1.7097344e-01
   2.3000000e+02   1.6942568e-01
   2.3100000e+02   1.6786450e-01
   2.3200000e+02   1.6628993e-01
   2.3300000e+02   1.6470198e-01
   2.3400000e+02   1.6310075e-01
   2.3500000e+02   1.6148627e-01
   2.3600000e+02   1.5985857e-01
   2.3700000e+02   1.5821773e-01
   2.3800000e+02   1.5656377e-01
   2.3900000e+02   1.5489677e-01
   2.4000000e+02   1.5321670e-01
   2.4100000e+02   1.5211022e-01
   2.4200000e+02   1.5099609e-01
   2.4300000e+02   1.4987437e-01
   2.4400000e+02   1.4874513e-01
   2.4500000e+02   1.4760841e-01
   2.4600000e+02   1.4646427e-01
   2.4700000e+02   1.4531276e-01
   2.4800000e+02   1.4415389e-01
   2.4900000e+02   1.4298774e-01
   2.5000000e+02   1.4181435e-01
   2.5100000e+02   1.4063379e-01
   2.5200000e+02   1.3944609e-01
   2.5300000e+02   1.3825129e-01
   2.5400000e+02   1.3704944e-01
   2.5500000e+02   1.3584058e-01
   2.5600000e+02   1.3462475e-01
   2.5700000e+02   1.3340199e-01
   2.5800000e+02   1.3217236e-01
   2.5900000e+02   1.3093589e-01
   2.6000000e+02   1.2969263e-01
   2.6100000e+02   1.2844260e-01
   2.6200000e+02   1.2718588e-01
   2.6300000e+02   1.2592249e-01
   2.6400000e+02   1.2465249e-01
   2.6500000e+02   1.2337592e-01
   2.6600000e+02   1.2209281e-01
   2.6700000e+02   1.2080323e-01
   2.6800000e+02   1.1950722e-01
   2.6900000e+02   1.1820481e-01
   2.7000000e+02   1.1689605e-01
   2.7100000e+02   1.1620618e-01
   2.7200000e+02   1.1551269e-01
   2.7300000e+02   1.1481559e-01
   2.7400000e+02   1.1411490e-01
   2.7500000e+02   1.1341064e-01
   2.7600000e+02   1.1270286e-01
   2.7700000e+02   1.1199158e-01
   2.7800000e+02   1.1127680e-01
   2.7900000e+02   1.1055856e-01
   2.8000000e+02   1.0983688e-01
   2.8100000e+02   1.0911180e-01
   2.8200000e+02   1.0838333e-01
   2.8300000e+02   1.0765149e-01
   2.8400000e+02   1.0691632e-01
   2.8500000e+02   1.0617784e-01
   2.8600000e+02   1.0543606e-01
   2.8700000e+02   1.0469103e-01
   2.8800000e+02   1.0394276e-01
   2.8900000e+02   1.0319127e-01
   2.9000000e+02   1.0243660e-01
   2.9100000e+02   1.0167877e-01
   2.9200000e+02   1.0091780e-01
   2.9300000e+02   1.0015371e-01
   2.9400000e+02   9.9386536e-02
   2.9500000e+02   9.8616287e-02
   2.9600000e+02   9.7842984e-02
   2.9700000e+02   9.7066656e-02
   2.9800000e+02   9.6287325e-02
   2.9900000e+02   9.5505007e-02
   3.0000000e+02   9.4719730e-02
   3.0100000e+02   9.4449736e-02
   3.0200000e+02   9.4178192e-02
   3.0300000e+02   9.3905099e-02
   3.0400000e+02   9.3630470e-02
   3.0500000e+02   9.3354315e-02
   3.0600000e+02   9.3076639e-02
   3.0700000e+02   9.2797466e-02
   3.0800000e+02   9.2516795e-02
   3.0900000e+02   9.2234641e-02
   3.1000000e+02   9.1951020e-02
   3.1100000e+02   9.1665931e-02
   3.1200000e+02   9.1379389e-02
   3.1300000e+02   9.1091409e-02
   3.1400000e+02   9.0801992e-02
   3.1500000e+02   9.0511158e-02
   3.1600000e+02   9.0218902e-02
   3.1700000e+02   8.9925252e-02
   3.1800000e+02   8.9630201e-02
   3.1900000e+02   8.9333773e-02
   3.2000000e+02   8.9035973e-02
   3.2100000e+02   8.8736810e-02
   3.2200000e+02   8.8436298e-02
   3.2300000e+02   8.8134430e-02
   3.2400000e+02   8.7831236e-02
   3.2500000e+02   8.7526716e-02
   3.2600000e+02   8.7220885e-02
   3.2700000e+02   8.6913750e-02
   3.2800000e+02   8.6605310e-02
   3.2900000e+02   8.6295590e-02
   3.3000000e+02   8.5984595e-02
   3.3100000e+02   8.6145625e-02
   3.3200000e+02   8.6306304e-02
   3.3300000e+02   8.6466633e-02
   3.3400000e+02   8.6626612e-02
   3.3500000e+02   8.6786240e-02
   3.3600000e+02   8.6945526e-02
   3.3700000e+02   8.7104470e-02
   3.3800000e+02   8.7263077e-02
   3.3900000e+02   8.7421343e-02
   3.4000000e+02   8.7579273e-02
   3.4100000e+02   8.7736875e-02
   3.4200000e+02   8.7894142e-02
   3.4300000e+02   8.8051088e-02
   3.4400000e+02   8.8207699e-02
   3.4500000e+02   8.8363990e-02
   3.4600000e+02   8.8519961e-02
   3.4700000e+02   8.8675611e-02
   3.4800000e+02   8.8830948e-02
   3.4900000e+02   8.8985965e-02
   3.5000000e+02   8.9140683e-02
   3.5100000e+02   8.9295082e-02
   3.5200000e+02   8.9449175e-02
   3.5300000e+02   8.9602962e-02
   3.5400000e+02   8.9756452e-02
   3.5500000e+02   8.9909635e-02
   3.5600000e+02   9.0062514e-02
   3.5700000e+02   9.0215109e-02
   3.5800000e+02   9.0367399e-02
   3.5900000e+02   9.0519413e-02
   7.1133672e-07   9.0671130e-02
   1.0000007e+00   9.1309220e-02
   2.0000007e+00   9.1947787e-02
   3.0000007e+00   9.2586823e-02
   4.0000010e+00   9.3226328e-02
   5.0000010e+00   9.3866289e-02
   6.0000010e+00   9.4506703e-02
   7.0000010e+00   9.5147580e-02
   8.0000010e+00   9.5788911e-02
   9.0000010e+00   9.6430674e-02
   1.0000001e+01   9.7072892e-02
   1.1000001e+01   9.7715549e-02
   1.2000001e+01   9.8358639e-02
   1.3000001e+01   9.9002160e-02
   1.4000001e+01   9.9646114e-02
   1.5000001e+01   1.0029049e-01
   1.6000000e+01   1.0093530e-01
   1.7000000e+01   1.0158051e-01
   1.8000000e+01   1.0222615e-01
   1.9000000e+01   1.0287219e-01
   2.0000000e+01   1.0351864e-01
   2.1000000e+01   1.0416549e-01
   2.2000000e+01   1.0481275e-01
   2.3000000e+01   1.0546040e-01
   2.4000000e+01   1.0610844e-01
   2.5000000e+01   1.0675687e-01
   2.6000000e+01   1.0740570e-01
   2.7000000e+01   1.0805491e-01
   2.8000000e+01   1.0870448e-01
   2.9000000e+01   1.0935445e-01
   3.0000000e+01   1.1000479e-01
   3.1000000e+01   1.1118362e-01
   3.2000000e+01   1.1236364e-01
   3.3000000e+01   1.1354486e-01
   3.4000000e+01   1.1472724e-01
   3.5000000e+01   1.1591080e-01
   3.6000000e+01   1.1709551e-01
   3.7000000e+01   1.1828136e-01
   3.8000000e+01   1.1946838e-01
   3.9000000e+01   1.2065651e-01
   4.0000000e+01   1.2184579e-01
   4.1000000e+01   1.2303618e-01
   4.2000000e+01   1.2422769e-01
   4.3000000e+01   1.2542030e-01
   4.4000000e+01   1.2661402e-01
   4.5000000e+01   1.2780882e-01
   4.6000000e+01   1.2900472e-01
   4.7000000e+01   1.3020170e-01
   4.8000000e+01   1.3139975e-01
   4.9000000e+01   1.3259886e-01
   5.0000000e+01   1.3379905e-01
   5.1000000e+01   1.3500027e-01
   5.2000000e+01   1.3620254e-01
   5.3000000e+01   1.3740586e-01
   5.4000000e+01   1.3861021e-01
   5.5000000e+01   1.3981558e-01
   5.6000000e+01   1.4102198e-01
   5.7000000e+01   1.4222939e-01
   5.8000000e+01   1.4343783e-01
   5.9000000e+01   1.4464726e-01
   6.0000000e+01   1.4585769e-01
   6.1000000e+01   1.4773332e-01
   6.2000000e+01   1.4961150e-01
   6.3000000e+01   1.5149219e-01
   6.4000000e+01   1.5337542e-01
   6.5000000e+01   1.5526114e-01
   6.6000000e+01   1.5714936e-01
   6.7000000e+01   1.5904006e-01
   6.8000000e+01   1.6093323e-01
   6.9000000e+01   1.6282885e-01
   7.0000000e+01   1.6472693e-01
   7.1000000e+01   1.6662745e-01
   7.2000000e+01   1.6853039e-01
   7.3000000e+01   1.7043576e-01
   7.4000000e+01   1.7234352e-01
   7.5000000e+01   1.7425369e-01
   7.6000000e+01   1.7616625e-01
   7.7000000e+01   1.7808117e-01
   7.8000000e+01   1.7999846e-01
   7.9000000e+01   1.8191811e-01
   8.0000000e+01   1.8384010e-01
   8.1000000e+01   1.8576443e-01
   8.2000000e+01   1.8769106e-01
   8.3000000e+01   1.8962003e-01
   8.4000000e+01   1.9155130e-01
   8.5000000e+01   1.9348486e-01
   8.6000000e+01   1.9542071e-01
   8.7000000e+01   1.9735883e-01
   8.8000000e+01   1.9929922e-01
   8.9000000e+01   2.0124185e-01
   9.0000000e+01   2.0318675e-01
   9.1000000e+01   2.0617576e-01
   9.2000000e+01   2.0917310e-01
   9.3000000e+01   2.1217872e-01
   9.4000000e+01   2.1519266e-01
   9.5000000e+01   2.1821491e-01
   9.6000000e+01   2.2124548e-01
   9.7000000e+01   2.2428435e-01
   9.8000000e+01   2.2733153e-01
   9.9000000e+01   2.3038705e-01
   1.0000000e+02   2.3345087e-01
   1.0100000e+02   2.3652303e-01
   1.0200000e+02   2.3960350e-01
   1.0300000e+02   2.4269231e-01
   1.0400000e+02   2.4578942e-01
   1.0500000e+02   2.4889489e-01
   1.0600000e+02   2.5200865e-01
   1.0700000e+02   2.5513077e-01
   1.0800000e+02   2.5826120e-01
   1.0900000e+02   2.6139998e-01
   1.1000000e+02   2.6454708e-01
   1.1100000e+02   2.6770249e-01
   1.1200000e+02   2.7086627e-01
   1.1300000e+02   2.7403840e-01
   1.1400000e+02   2.7721882e-01
   1.1500000e+02   2.8040761e-01
   1.1600000e+02   2.8360474e-01
   1.1700000e+02   2.8681016e-01
   1.1800000e+02   2.9002395e-01
   1.1900000e+02   2.9324609e-01
   1.2000000e+02   2.9647657e-01
   1.2100000e+02   3.0075809e-01
   1.2200000e+02   3.0504411e-01
   1.2300000e+02   3.0933458e-01
   1.2400000e+02   3.1362948e-01
   1.2500000e+02   3.1792891e-01
   1.2600000e+02   3.2223281e-01
   1.2700000e+02   3.2654130e-01
   1.2800000e+02   3.3085433e-01
   1.2900000e+02   3.3517197e-01
   1.3000000e+02   3.3949423e-01
   1.3100000e+02   3.4382114e-01
   1.3200000e+02   3.4815276e-01
   1.3300000e+02   3.5248908e-01
   1.3400000e+02   3.5683018e-01
   1.3500000e+02   3.6117610e-01
   1.3600000e+02   3.6552688e-01
   1.3700000e+02   3.6988255e-01
   1.3800000e+02   3.7424317e-01
   1.3900000e+02   3.7860876e-01
   1.4000000e+02   3.8297939e-01
   1.4100000e+02   3.8735512e-01
   1.4200000e+02   3.9173600e-01
   1.4300000e+02   3.9612207e-01
   1.4400000e+02   4.0051335e-01
   1.4500000e+02   4.0491000e-01
   1.4600000e+02   4.0931195e-01
   1.4700000e+02   4.1371936e-01
   1.4800000e+02   4.1813225e-01
   1.4900000e+02   4.2255095e-01
   1.5000000e+02   4.2697656e-01
   1.5100000e+02   4.2719930e-01
   1.5200000e+02   4.2742610e-01
   1.5300000e+02   4.2765698e-01
   1.5400000e+02   4.2789209e-01
   1.5500000e+02   4.2813134e-01
   1.5600000e+02   4.2837489e-01
   1.5700000e+02   4.2862257e-01
   1.5800000e+02   4.2887428e-01
   1.5900000e+02   4.2912990e-01
   1.6000000e+02   4.2938942e-01
   1.6100000e+02   4.2965272e-01
   1.6200000e+02   4.2991975e-01
   1.6300000e+02   4.3019038e-01
   1.6400000e+02   4.3046457e-01
   1.6500000e+02   4.3074226e-01
   1.6600000e+02   4.3102336e-01
   1.6700000e+02   4.3130776e-01
   1.6800000e+02   4.3159539e-01
   1.6900000e+02   4.3188617e-01
   1.7000000e+02   4.3217999e-01
   1.7100000e+02   4.3247679e-01
   1.7200000e+02   4.3277645e-01
   1.7300000e+02   4.3307889e-01
   1.7400000e+02   4.3338400e-01
   1.7500000e+02   4.3369171e-01
   1.7600000e+02   4.3400192e-01
   1.7700000e+02   4.3431446e-01
   1.7800000e+02   4.3462920e-01
   1.7900000e+02   4.3494621e-01
   1.8000000e+02   4.3526548e-01
   1.8100000e+02   4.3129784e-01
   1.8200000e+02   4.2732167e-01
   1.8300000e+02   4.2333731e-01
   1.8400000e+02   4.1934454e-01
   1.8500000e+02   4.1534323e-01
   1.8600000e+02   4.1133317e-01
   1.8700000e+02   4.0731418e-01
   1.8800000e+02   4.0328604e-01
   1.8900000e+02   3.9924863e-01
   1.9000000e+02   3.9520168e-01
   1.9100000e+02   3.9114502e-01
   1.9200000e+02   3.8707843e-01
   1.9300000e+02   3.8300174e-01
   1.9400000e+02   3.7891477e-01
   1.9500000e+02   3.7481725e-01
   1.9600000e+02   3.7070900e-01
   1.9700000e+02   3.6658981e-01
   1.9800000e+02   3.6245942e-01
   1.9900000e+02   3.5831767e-01
   2.0000000e+02   3.5416433e-01
   2.0100000e+02   3.4999916e-01
   2.0200000e+02   3.4582195e-01
   2.0300000e+02   3.4163260e-01
   2.0400000e+02   3.3743092e-01
   2.0500000e+02   3.3321661e-01
   2.0600000e+02   3.2898948e-01
   2.0700000e+02   3.2474932e-01
   2.0800000e+02   3.2049593e-01
   2.0900000e+02   3.1622910e-01
   2.1000000e+02   3.1194866e-01
   2.1100000e+02   3.0856481e-01
   2.1200000e+02   3.0517119e-01
   2.1300000e+02   3.0176768e-01
   2.1400000e+02   2.9835433e-01
   2.1500000e+02   2.9493105e-01
   2.1600000e+02   2.9149789e-01
   2.1700000e+02   2.8805476e-01
   2.1800000e+02   2.8460166e-01
   2.1900000e+02   2.8113860e-01
   2.2000000e+02   2.7766550e-01
   2.2100000e+02   2.7418241e-01
   2.2200000e+02   2.7068922e-01
   2.2300000e+02   2.6718596e-01
   2.2400000e+02   2.6367262e-01
   2.2500000e+02   2.6014915e-01
   2.2600000e+02   2.5661555e-01
   2.2700000e+02   2.5307176e-01
   2.2800000e+02   2.4951780e-01
   2.2900000e+02   2.4595362e-01
   2.3000000e+02   2.4237920e-01
   2.3100000e+02   2.3879452e-01
   2.3200000e+02   2.3519956e-01
   2.3300000e+02   2.3159429e-01
   2.3400000e+02   2.2797871e-01
   2.3500000e+02   2.2435276e-01
   2.3600000e+02   2.2071645e-01
   2.3700000e+02   2.1706972e-01
   2.3800000e+02   2.1341257e-01
   2.3900000e+02   2.0974497e-01
   2.4000000e+02   2.0606691e-01
   2.4100000e+02   2.0412853e-01
   2.4200000e+02   2.0218804e-01
   2.4300000e+02   2.0024543e-01
   2.4400000e+02   1.9830066e-01
   2.4500000e+02   1.9635381e-01
   2.4600000e+02   1.9440483e-01
   2.4700000e+02   1.9245374e-01
   2.4800000e+02   1.9050057e-01
   2.4900000e+02   1.8854529e-01
   2.5000000e+02   1.8658793e-01
   2.5100000e+02   1.8462849e-01
   2.5200000e+02   1.8266699e-01
   2.5300000e+02   1.8070340e-01
   2.5400000e+02   1.7873774e-01
   2.5500000e+02   1.7677003e-01
   2.5600000e+02   1.7480026e-01
   2.5700000e+02   1.7282847e-01
   2.5800000e+02   1.7085461e-01
   2.5900000e+02   1.6887873e-01
   2.6000000e+02   1.6690081e-01
   2.6100000e+02   1.6492087e-01
   2.6200000e+02   1.6293891e-01
   2.6300000e+02   1.6095494e-01
   2.6400000e+02   1.5896896e-01
   2.6500000e+02   1.5698098e-01
   2.6600000e+02   1.5499099e-01
   2.6700000e+02   1.5299903e-01
   2.6800000e+02   1.5100506e-01
   2.6900000e+02   1.4900912e-01
   2.7000000e+02   1.4701122e-01
   2.7100000e+02   1.4594331e-01
   2.7200000e+02   1.4487459e-01
   2.7300000e+02   1.4380501e-01
   2.7400000e+02   1.4273460e-01
   2.7500000e+02   1.4166336e-01
   2.7600000e+02   1.4059129e-01
   2.7700000e+02   1.3951840e-01
   2.7800000e+02   1.3844468e-01
   2.7900000e+02   1.3737014e-01
   2.8000000e+02   1.3629477e-01
   2.8100000e+02   1.3521859e-01
   2.8200000e+02   1.3414161e-01
   2.8300000e+02   1.3306379e-01
   2.8400000e+02   1.3198519e-01
   2.8500000e+02   1.3090578e-01
   2.8600000e+02   1.2982555e-01
   2.8700000e+02   1.2874453e-01
   2.8800000e+02   1.2766270e-01
   2.8900000e+02   1.2658009e-01
   2.9000000e+02   1.2549669e-01
   2.9100000e+02   1.2441248e-01
   2.9200000e+02   1.2332750e-01
   2.9300000e+02   1.2224173e-01
   2.9400000e+02   1.2115517e-01
   2.9500000e+02   1.2006784e-01
   2.9600000e+02   1.1897972e-01
   2.9700000e+02   1.1789083e-01
   2.9800000e+02   1.1680117e-01
   2.9900000e+02   1.1571074e-01
   3.0000000e+02   1.1461955e-01
   3.0100000e+02   1.1417826e-01
   3.0200000e+02   1.1373664e-01
   3.0300000e+02   1.1329468e-01
   3.0400000e+02   1.1285239e-01
   3.0500000e+02   1.1240976e-01
   3.0600000e+02   1.1196678e-01
   3.0700000e+02   1.1152348e-01
   3.0800000e+02   1.1107984e-01
   3.0900000e+02   1.1063587e-01
   3.1000000e+02   1.1019157e-01
   3.1100000e+02   1.0974694e-01
   3.1200000e+02   1.0930198e-01
   3.1300000e+02   1.0885669e-01
   3.1400000e+02   1.0841108e-01
   3.1500000e+02   1.0796515e-01
   3.1600000e+02   1.0751888e-01
   3.1700000e+02   1.0707230e-01
   3.1800000e+02   1.0662540e-01
   3.1900000e+02   1.0617817e-01
   3.2000000e+02   1.0573063e-01
   3.2100000e+02   1.0528277e-01
   3.2200000e+02   1.0483459e-01
   3.2300000e+02   1.0438610e-01
   3.2400000e+02   1.0393729e-01
   3.2500000e+02   1.0348817e-01
   3.2600000e+02   1.0303874e-01
   3.2700000e+02   1.0258899e-01
   3.2800000e+02   1.0213893e-01
   3.2900000e+02   1.0168856e-01
   3.3000000e+02   1.0123789e-01
   3.3100000e+02   1.0134641e-01
   3.3200000e+02   1.0145490e-01
   3.3300000e+02   1.0156336e-01
   3.3400000e+02   1.0167179e-01
   3.3500000e+02   1.0178018e-01
   3.3600000e+02   1.0188855e-01
   3.3700000e+02   1.0199688e-01
   3.3800000e+02   1.0210520e-01
   3.3900000e+02   1.0221348e-01
   3.4000000e+02   1.0232173e-01
   3.4100000e+02   1.0242996e-01
   3.4200000e+02   1.0253815e-01
   3.4300000e+02   1.0264632e-01
   3.4400000e+02   1.0275446e-01
   3.4500000e+02   1.0286258e-01
   3.4600000e+02   1.0297066e-01
   3.4700000e+02   1.0307872e-01
   3.4800000e+02   1.0318676e-01
   3.4900000e+02   1.0329477e-01
   3.5000000e+02   1.0340276e-01
   3.5100000e+02   1.0351072e-01
   3.5200000e+02   1.0361864e-01
   3.5300000e+02   1.0372655e-01
   3.5400000e+02   1.0383444e-01
   3.5500000e+02   1.0394230e-01
   3.5600000e+02   1.0405013e-01
   3.5700000e+02   1.0415794e-01
   3.5800000e+02   1.0426573e-01
   3.5900000e+02   1.0437348e-01
   1.4226848e-06   1.0448123e-01
