   0.0000000e+00   1.4774724e+04
   1.0000000e+00   2.0226811e+04
   2.0000000e+00   2.0222334e+04
   3.0000000e+00   2.0219029e+04
   4.0000000e+00   2.0216830e+04
   5.0000000e+00   2.0215740e+04
   6.0000000e+00   2.0215762e+04
   7.0000000e+00   2.0216900e+04
   8.0000000e+00   2.0219160e+04
   9.0000000e+00   2.0222541e+04
   1.0000000e+01   2.0227051e+04
   1.1000000e+01   2.0232693e+04
   1.2000000e+01   2.0239477e+04
   1.3000000e+01   2.0247398e+04
   1.4000000e+01   2.0256467e+04
   1.5000000e+01   2.0266682e+04
   1.6000000e+01   2.0278041e+04
   1.7000000e+01   2.0290547e+04
   1.8000000e+01   2.0304195e+04
   1.9000000e+01   2.0318988e+04
   2.0000000e+01   2.0334920e+04
   2.1000000e+01   2.0351988e+04
   2.2000000e+01   2.0370186e+04
   2.3000000e+01   2.0389516e+04
   2.4000000e+01   2.0409973e+04
   2.5000000e+01   2.0431559e+04
   2.6000000e+01   2.0454270e+04
   2.7000000e+01   2.0478104e+04
   2.8000000e+01   2.0503061e+04
   2.9000000e+01   2.0529139e+04
   3.0000000e+01   2.0556336e+04
   3.1000000e+01   2.0586973e+04
   3.2000000e+01   2.0618686e+04
   3.3000000e+01   2.0651471e+04
   3.4000000e+01   2.0685322e+04
   3.5000000e+01   2.0720236e+04
   3.6000000e+01   2.0756211e+04
   3.7000000e+01   2.0793236e+04
   3.8000000e+01   2.0831314e+04
   3.9000000e+01   2.0870438e+04
   4.0000000e+01   2.0910604e+04
   4.1000000e+01   2.0951801e+04
   4.2000000e+01   2.0994023e+04
   4.3000000e+01   2.1037271e+04
   4.4000000e+01   2.1081531e+04
   4.5000000e+01   2.1126801e+04
   4.6000000e+01   2.1173066e+04
   4.7000000e+01   2.1220322e+04
   4.8000000e+01   2.1268559e+04
   4.9000000e+01   2.1317768e+04
   5.0000000e+01   2.1367932e+04
   5.1000000e+01   2.1419045e+04
   5.2000000e+01   2.1471094e+04
   5.3000000e+01   2.1524070e+04
   5.4000000e+01   2.1577959e+04
   5.5000000e+01   2.1632752e+04
   5.6000000e+01   2.1688434e+04
   5.7000000e+01   2.1744988e+04
   5.8000000e+01   2.1802408e+04
   5.9000000e+01   2.1860674e+04
   6.0000000e+01   2.1919771e+04
   6.1000000e+01   2.1979803e+04
   6.2000000e+01   2.2040627e+04
   6.3000000e+01   2.2102230e+04
   6.4000000e+01   2.2164594e+04
   6.5000000e+01   2.2227703e+04
   6.6000000e+01   2.2291541e+04
   6.7000000e+01   2.2356092e+04
   6.8000000e+01   2.2421338e+04
   6.9000000e+01   2.2487262e+04
   7.0000000e+01   2.2553852e+04
   7.1000000e+01   2.2621082e+04
   7.2000000e+01   2.2688934e+04
   7.3000000e+01   2.2757389e+04
   7.4000000e+01   2.2826430e+04
   7.5000000e+01   2.2896031e+04
   7.6000000e+01   2.2966176e+04
   7.7000000e+01   2.3036842e+04
   7.8000000e+01   2.3108006e+04
   7.9000000e+01   2.3179650e+04
   8.0000000e+01   2.3251756e+04
   8.1000000e+01   2.3324305e+04
   8.2000000e+01   2.3397266e+04
   8.3000000e+01   2.3470619e+04
   8.4000000e+01   2.3544340e+04
   8.5000000e+01   2.3618404e+04
   8.6000000e+01   2.3692787e+04
   8.7000000e+01   2.3767469e+04
   8.8000000e+01   2.3842422e+04
   8.9000000e+01   2.3917623e+04
   9.0000000e+01   2.3993047e+04
   9.1000000e+01   2.4065945e+04
   9.2000000e+01   2.4139006e+04
   9.3000000e+01   2.4212205e+04
   9.4000000e+01   2.4285518e+04
   9.5000000e+01   2.4358922e+04
   9.6000000e+01   2.4432387e+04
   9.7000000e+01   2.4505891e+04
   9.8000000e+01   2.4579404e+04
   9.9000000e+01   2.4652906e+04
   1.0000000e+02   2.4726371e+04
   1.0100000e+02   2.4799773e+04
   1.0200000e+02   2.4873100e+04
   1.0300000e+02   2.4946313e+04
   1.0400000e+02   2.5019385e+04
   1.0500000e+02   2.5092293e+04
   1.0600000e+02   2.5165008e+04
   1.0700000e+02   2.5237508e+04
   1.0800000e+02   2.5309762e+04
   1.0900000e+02   2.5381748e+04
   1.1000000e+02   2.5453438e+04
   1.1100000e+02   2.5524809e+04
   1.1200000e+02   2.5595857e+04
   1.1300000e+02   2.5666533e+04
   1.1400000e+02   2.5736811e+04
   1.1500000e+02   2.5806662e+04
   1.1600000e+02   2.5876064e+04
   1.1700000e+02   2.5944992e+04
   1.1800000e+02   2.6013418e+04
   1.1900000e+02   2.6081318e+04
   1.2000000e+02   2.6148666e+04
   1.2100000e+02   2.6210793e+04
   1.2200000e+02   2.6272264e+04
   1.2300000e+02   2.6333057e+04
   1.2400000e+02   2.6393143e+04
   1.2500000e+02   2.6452502e+04
   1.2600000e+02   2.6511109e+04
   1.2700000e+02   2.6568939e+04
   1.2800000e+02   2.6625971e+04
   1.2900000e+02   2.6682168e+04
   1.3000000e+02   2.6737508e+04
   1.3100000e+02   2.6791979e+04
   1.3200000e+02   2.6845551e+04
   1.3300000e+02   2.6898207e+04
   1.3400000e+02   2.6949922e+04
   1.3500000e+02   2.7000678e+04
   1.3600000e+02   2.7050447e+04
   1.3700000e+02   2.7099215e+04
   1.3800000e+02   2.7146961e+04
   1.3900000e+02   2.7193658e+04
   1.4000000e+02   2.7239293e+04
   1.4100000e+02   2.7283842e+04
   1.4200000e+02   2.7327287e+04
   1.4300000e+02   2.7369609e+04
   1.4400000e+02   2.7410793e+04
   1.4500000e+02   2.7450820e+04
   1.4600000e+02   2.7489668e+04
   1.4700000e+02   2.7527316e+04
   1.4800000e+02   2.7563752e+04
   1.4900000e+02   2.7598973e+04
   1.5000000e+02   2.7632947e+04
   1.5100000e+02   2.7669463e+04
   1.5200000e+02   2.7704748e+04
   1.5300000e+02   2.7738773e+04
   1.5400000e+02   2.7771535e+04
   1.5500000e+02   2.7803016e+04
   1.5600000e+02   2.7833205e+04
   1.5700000e+02   2.7862088e+04
   1.5800000e+02   2.7889654e+04
   1.5900000e+02   2.7915889e+04
   1.6000000e+02   2.7940783e+04
   1.6100000e+02   2.7964326e+04
   1.6200000e+02   2.7986506e+04
   1.6300000e+02   2.8007299e+04
   1.6400000e+02   2.8026678e+04
   1.6500000e+02   2.8044670e+04
   1.6600000e+02   2.8061264e+04
   1.6700000e+02   2.8076459e+04
   1.6800000e+02   2.8090242e+04
   1.6900000e+02   2.8102611e+04
   1.7000000e+02   2.8113557e+04
   1.7100000e+02   2.8123072e+04
   1.7200000e+02   2.8131152e+04
   1.7300000e+02   2.8137797e+04
   1.7400000e+02   2.8142998e+04
   1.7500000e+02   2.8146752e+04
   1.7600000e+02   2.8149057e+04
   1.7700000e+02   2.8149906e+04
   1.7800000e+02   2.8149297e+04
   1.7900000e+02   2.8147230e+04
   1.8000000e+02   2.8143701e+04
   1.8100000e+02   2.8147160e+04
   1.8200000e+02   2.8149303e+04
   1.8300000e+02   2.8150131e+04
   1.8400000e+02   2.8149643e+04
   1.8500000e+02   2.8147850e+04
   1.8600000e+02   2.8144754e+04
   1.8700000e+02   2.8140357e+04
   1.8800000e+02   2.8134666e+04
   1.8900000e+02   2.8127684e+04
   1.9000000e+02   2.8119389e+04
   1.9100000e+02   2.8109729e+04
   1.9200000e+02   2.8098809e+04
   1.9300000e+02   2.8086629e+04
   1.9400000e+02   2.8073203e+04
   1.9500000e+02   2.8058537e+04
   1.9600000e+02   2.8042641e+04
   1.9700000e+02   2.8025521e+04
   1.9800000e+02   2.8007193e+04
   1.9900000e+02   2.7987664e+04
   2.0000000e+02   2.7966945e+04
   2.0100000e+02   2.7945047e+04
   2.0200000e+02   2.7921980e+04
   2.0300000e+02   2.7897760e+04
   2.0400000e+02   2.7872400e+04
   2.0500000e+02   2.7845908e+04
   2.0600000e+02   2.7818303e+04
   2.0700000e+02   2.7789598e+04
   2.0800000e+02   2.7759805e+04
   2.0900000e+02   2.7728939e+04
   2.1000000e+02   2.7697020e+04
   2.1100000e+02   2.7656332e+04
   2.1200000e+02   2.7614543e+04
   2.1300000e+02   2.7571666e+04
   2.1400000e+02   2.7527721e+04
   2.1500000e+02   2.7482723e+04
   2.1600000e+02   2.7436689e+04
   2.1700000e+02   2.7389639e+04
   2.1800000e+02   2.7341590e+04
   2.1900000e+02   2.7292563e+04
   2.2000000e+02   2.7242574e+04
   2.2100000e+02   2.7191645e+04
   2.2200000e+02   2.7139793e+04
   2.2300000e+02   2.7087041e+04
   2.2400000e+02   2.7033408e+04
   2.2500000e+02   2.6978918e+04
   2.2600000e+02   2.6923588e+04
   2.2700000e+02   2.6867439e+04
   2.2800000e+02   2.6810498e+04
   2.2900000e+02   2.6752783e+04
   2.3000000e+02   2.6694320e+04
   2.3100000e+02   2.6635127e+04
   2.3200000e+02   2.6575230e+04
   2.3300000e+02   2.6514654e+04
   2.3400000e+02   2.6453422e+04
   2.3500000e+02   2.6391555e+04
   2.3600000e+02   2.6329080e+04
   2.3700000e+02   2.6266020e+04
   2.3800000e+02   2.6202400e+04
   2.3900000e+02   2.6138248e+04
   2.4000000e+02   2.6073584e+04
   2.4100000e+02   2.6000547e+04
   2.4200000e+02   2.5926986e+04
   2.4300000e+02   2.5852928e+04
   2.4400000e+02   2.5778396e+04
   2.4500000e+02   2.5703418e+04
   2.4600000e+02   2.5628018e+04
   2.4700000e+02   2.5552221e+04
   2.4800000e+02   2.5476053e+04
   2.4900000e+02   2.5399539e+04
   2.5000000e+02   2.5322705e+04
   2.5100000e+02   2.5245578e+04
   2.5200000e+02   2.5168186e+04
   2.5300000e+02   2.5090549e+04
   2.5400000e+02   2.5012695e+04
   2.5500000e+02   2.4934654e+04
   2.5600000e+02   2.4856447e+04
   2.5700000e+02   2.4778105e+04
   2.5800000e+02   2.4699652e+04
   2.5900000e+02   2.4621113e+04
   2.6000000e+02   2.4542518e+04
   2.6100000e+02   2.4463889e+04
   2.6200000e+02   2.4385254e+04
   2.6300000e+02   2.4306637e+04
   2.6400000e+02   2.4228066e+04
   2.6500000e+02   2.4149570e+04
   2.6600000e+02   2.4071170e+04
   2.6700000e+02   2.3992893e+04
   2.6800000e+02   2.3914764e+04
   2.6900000e+02   2.3836811e+04
   2.7000000e+02   2.3759059e+04
   2.7100000e+02   2.3678168e+04
   2.7200000e+02   2.3597463e+04
   2.7300000e+02   2.3516967e+04
   2.7400000e+02   2.3436709e+04
   2.7500000e+02   2.3356713e+04
   2.7600000e+02   2.3277000e+04
   2.7700000e+02   2.3197594e+04
   2.7800000e+02   2.3118521e+04
   2.7900000e+02   2.3039803e+04
   2.8000000e+02   2.2961463e+04
   2.8100000e+02   2.2883525e+04
   2.8200000e+02   2.2806010e+04
   2.8300000e+02   2.2728939e+04
   2.8400000e+02   2.2652338e+04
   2.8500000e+02   2.2576227e+04
   2.8600000e+02   2.2500625e+04
   2.8700000e+02   2.2425561e+04
   2.8800000e+02   2.2351049e+04
   2.8900000e+02   2.2277111e+04
   2.9000000e+02   2.2203770e+04
   2.9100000e+02   2.2131045e+04
   2.9200000e+02   2.2058955e+04
   2.9300000e+02   2.1987521e+04
   2.9400000e+02   2.1916762e+04
   2.9500000e+02   2.1846695e+04
   2.9600000e+02   2.1777340e+04
   2.9700000e+02   2.1708715e+04
   2.9800000e+02   2.1640838e+04
   2.9900000e+02   2.1573725e+04
   3.0000000e+02   2.1507396e+04
   3.0100000e+02   2.1441012e+04
   3.0200000e+02   2.1375385e+04
   3.0300000e+02   2.1310533e+04
   3.0400000e+02   2.1246475e+04
   3.0500000e+02   2.1183223e+04
   3.0600000e+02   2.1120791e+04
   3.0700000e+02   2.1059197e+04
   3.0800000e+02   2.0998453e+04
   3.0900000e+02   2.0938574e+04
   3.1000000e+02   2.0879576e+04
   3.1100000e+02   2.0821467e+04
   3.1200000e+02   2.0764248e+04
   3.1300000e+02   2.0707939e+04
   3.1400000e+02   2.0652561e+04
   3.1500000e+02   2.0598123e+04
   3.1600000e+02   2.0544639e+04
   3.1700000e+02   2.0492117e+04
   3.1800000e+02   2.0440572e+04
   3.1900000e+02   2.0390014e+04
   3.2000000e+02   2.0340441e+04
   3.2100000e+02   2.0291861e+04
   3.2200000e+02   2.0244293e+04
   3.2300000e+02   2.0197750e+04
   3.2400000e+02   2.0152240e+04
   3.2500000e+02   2.0107770e+04
   3.2600000e+02   2.0064350e+04
   3.2700000e+02   2.0021986e+04
   3.2800000e+02   1.9980699e+04
   3.2900000e+02   1.9940508e+04
   3.3000000e+02   1.9901396e+04
   3.3100000e+02   1.9863256e+04
   3.3200000e+02   1.9826176e+04
   3.3300000e+02   1.9790162e+04
   3.3400000e+02   1.9755223e+04
   3.3500000e+02   1.9721361e+04
   3.3600000e+02   1.9688604e+04
   3.3700000e+02   1.9656957e+04
   3.3800000e+02   1.9626412e+04
   3.3900000e+02   1.9596973e+04
   3.4000000e+02   1.9568645e+04
   3.4100000e+02   1.9541434e+04
   3.4200000e+02   1.9515344e+04
   3.4300000e+02   1.9490381e+04
   3.4400000e+02   1.9466551e+04
   3.4500000e+02   1.9443855e+04
   3.4600000e+02   1.9422303e+04
   3.4700000e+02   1.9401896e+04
   3.4800000e+02   1.9382637e+04
   3.4900000e+02   1.9364531e+04
   3.5000000e+02   1.9347582e+04
   3.5100000e+02   1.9331789e+04
   3.5200000e+02   1.9317162e+04
   3.5300000e+02   1.9303701e+04
   3.5400000e+02   1.9291408e+04
   3.5500000e+02   1.9280293e+04
   3.5600000e+02   1.9270352e+04
   3.5700000e+02   1.9261586e+04
   3.5800000e+02   1.9254000e+04
   3.5900000e+02   1.9247594e+04
   7.1133672e-07   1.9242371e+04
   1.0000007e+00   1.9237938e+04
   2.0000007e+00   1.9234697e+04
   3.0000007e+00   1.9232646e+04
   4.0000010e+00   1.9231789e+04
   5.0000010e+00   1.9232127e+04
   6.0000010e+00   1.9233662e+04
   7.0000010e+00   1.9236420e+04
   8.0000010e+00   1.9240408e+04
   9.0000010e+00   1.9245598e+04
   1.0000001e+01   1.9251990e+04
   1.1000001e+01   1.9259588e+04
   1.2000001e+01   1.9268387e+04
   1.3000001e+01   1.9278418e+04
   1.4000001e+01   1.9289682e+04
   1.5000001e+01   1.9302150e+04
   1.6000000e+01   1.9315824e+04
   1.7000000e+01   1.9330703e+04
   1.8000000e+01   1.9346783e+04
   1.9000000e+01   1.9364066e+04
   2.0000000e+01   1.9382551e+04
   2.1000000e+01   1.9402234e+04
   2.2000000e+01   1.9423113e+04
   2.3000000e+01   1.9445189e+04
   2.4000000e+01   1.9468459e+04
   2.5000000e+01   1.9492918e+04
   2.6000000e+01   1.9518564e+04
   2.7000000e+01   1.9545393e+04
   2.8000000e+01   1.9573400e+04
   2.9000000e+01   1.9602584e+04
   3.0000000e+01   1.9632941e+04
   3.1000000e+01   1.9663408e+04
   3.2000000e+01   1.9695074e+04
   3.3000000e+01   1.9727932e+04
   3.4000000e+01   1.9761979e+04
   3.5000000e+01   1.9797207e+04
   3.6000000e+01   1.9833611e+04
   3.7000000e+01   1.9871186e+04
   3.8000000e+01   1.9909924e+04
   3.9000000e+01   1.9949818e+04
   4.0000000e+01   1.9990859e+04
   4.1000000e+01   2.0033041e+04
   4.2000000e+01   2.0076357e+04
   4.3000000e+01   2.0120793e+04
   4.4000000e+01   2.0166344e+04
   4.5000000e+01   2.0212994e+04
   4.6000000e+01   2.0260740e+04
   4.7000000e+01   2.0309566e+04
   4.8000000e+01   2.0359465e+04
   4.9000000e+01   2.0410420e+04
   5.0000000e+01   2.0462422e+04
   5.1000000e+01   2.0515459e+04
   5.2000000e+01   2.0569516e+04
   5.3000000e+01   2.0624578e+04
   5.4000000e+01   2.0680633e+04
   5.5000000e+01   2.0737664e+04
   5.6000000e+01   2.0795658e+04
   5.7000000e+01   2.0854600e+04
   5.8000000e+01   2.0914471e+04
   5.9000000e+01   2.0975258e+04
   6.0000000e+01   2.1036939e+04
   6.1000000e+01   2.1097201e+04
   6.2000000e+01   2.1158383e+04
   6.3000000e+01   2.1220465e+04
   6.4000000e+01   2.1283430e+04
   6.5000000e+01   2.1347258e+04
   6.6000000e+01   2.1411932e+04
   6.7000000e+01   2.1477430e+04
   6.8000000e+01   2.1543734e+04
   6.9000000e+01   2.1610820e+04
   7.0000000e+01   2.1678672e+04
   7.1000000e+01   2.1747262e+04
   7.2000000e+01   2.1816574e+04
   7.3000000e+01   2.1886584e+04
   7.4000000e+01   2.1957268e+04
   7.5000000e+01   2.2028604e+04
   7.6000000e+01   2.2100568e+04
   7.7000000e+01   2.2173139e+04
   7.8000000e+01   2.2246289e+04
   7.9000000e+01   2.2319998e+04
   8.0000000e+01   2.2394238e+04
   8.1000000e+01   2.2468986e+04
   8.2000000e+01   2.2544217e+04
   8.3000000e+01   2.2619904e+04
   8.4000000e+01   2.2696025e+04
   8.5000000e+01   2.2772549e+04
   8.6000000e+01   2.2849453e+04
   8.7000000e+01   2.2926711e+04
   8.8000000e+01   2.3004295e+04
   8.9000000e+01   2.3082180e+04
   9.0000000e+01   2.3160338e+04
   9.1000000e+01   2.3231309e+04
   9.2000000e+01   2.3302549e+04
   9.3000000e+01   2.3374031e+04
   9.4000000e+01   2.3445729e+04
   9.5000000e+01   2.3517611e+04
   9.6000000e+01   2.3589654e+04
   9.7000000e+01   2.3661828e+04
   9.8000000e+01   2.3734105e+04
   9.9000000e+01   2.3806461e+04
   1.0000000e+02   2.3878861e+04
   1.0100000e+02   2.3951283e+04
   1.0200000e+02   2.4023695e+04
   1.0300000e+02   2.4096072e+04
   1.0400000e+02   2.4168385e+04
   1.0500000e+02   2.4240604e+04
   1.0600000e+02   2.4312701e+04
   1.0700000e+02   2.4384652e+04
   1.0800000e+02   2.4456424e+04
   1.0900000e+02   2.4527992e+04
   1.1000000e+02   2.4599326e+04
   1.1100000e+02   2.4670400e+04
   1.1200000e+02   2.4741186e+04
   1.1300000e+02   2.4811656e+04
   1.1400000e+02   2.4881781e+04
   1.1500000e+02   2.4951535e+04
   1.1600000e+02   2.5020893e+04
   1.1700000e+02   2.5089822e+04
   1.1800000e+02   2.5158301e+04
   1.1900000e+02   2.5226299e+04
   1.2000000e+02   2.5293791e+04
   1.2100000e+02   2.5338873e+04
   1.2200000e+02   2.5383420e+04
   1.2300000e+02   2.5427404e+04
   1.2400000e+02   2.5470799e+04
   1.2500000e+02   2.5513572e+04
   1.2600000e+02   2.5555697e+04
   1.2700000e+02   2.5597145e+04
   1.2800000e+02   2.5637885e+04
   1.2900000e+02   2.5677895e+04
   1.3000000e+02   2.5717146e+04
   1.3100000e+02   2.5755611e+04
   1.3200000e+02   2.5793268e+04
   1.3300000e+02   2.5830084e+04
   1.3400000e+02   2.5866037e+04
   1.3500000e+02   2.5901102e+04
   1.3600000e+02   2.5935254e+04
   1.3700000e+02   2.5968465e+04
   1.3800000e+02   2.6000715e+04
   1.3900000e+02   2.6031977e+04
   1.4000000e+02   2.6062229e+04
   1.4100000e+02   2.6091445e+04
   1.4200000e+02   2.6119605e+04
   1.4300000e+02   2.6146686e+04
   1.4400000e+02   2.6172664e+04
   1.4500000e+02   2.6197521e+04
   1.4600000e+02   2.6221232e+04
   1.4700000e+02   2.6243777e+04
   1.4800000e+02   2.6264961e+04
   1.4900000e+02   2.6284244e+04
   1.5000000e+02   2.6302213e+04
   1.5100000e+02   2.6337885e+04
   1.5200000e+02   2.6372092e+04
   1.5300000e+02   2.6404816e+04
   1.5400000e+02   2.6436043e+04
   1.5500000e+02   2.6465758e+04
   1.5600000e+02   2.6494041e+04
   1.5700000e+02   2.6520980e+04
   1.5800000e+02   2.6546451e+04
   1.5900000e+02   2.6570445e+04
   1.6000000e+02   2.6592953e+04
   1.6100000e+02   2.6613967e+04
   1.6200000e+02   2.6633480e+04
   1.6300000e+02   2.6651484e+04
   1.6400000e+02   2.6667973e+04
   1.6500000e+02   2.6682938e+04
   1.6600000e+02   2.6696375e+04
   1.6700000e+02   2.6708279e+04
   1.6800000e+02   2.6718646e+04
   1.6900000e+02   2.6727471e+04
   1.7000000e+02   2.6734750e+04
   1.7100000e+02   2.6740482e+04
   1.7200000e+02   2.6744664e+04
   1.7300000e+02   2.6747291e+04
   1.7400000e+02   2.6748365e+04
   1.7500000e+02   2.6747885e+04
   1.7600000e+02   2.6745898e+04
   1.7700000e+02   2.6742414e+04
   1.7800000e+02   2.6737305e+04
   1.7900000e+02   2.6730572e+04
   1.8000000e+02   2.6722213e+04
   1.8100000e+02   2.6748027e+04
   1.8200000e+02   2.6772027e+04
   1.8300000e+02   2.6794902e+04
   1.8400000e+02   2.6816652e+04
   1.8500000e+02   2.6837289e+04
   1.8600000e+02   2.6856828e+04
   1.8700000e+02   2.6875279e+04
   1.8800000e+02   2.6892656e+04
   1.8900000e+02   2.6908975e+04
   1.9000000e+02   2.6924248e+04
   1.9100000e+02   2.6938494e+04
   1.9200000e+02   2.6951729e+04
   1.9300000e+02   2.6963965e+04
   1.9400000e+02   2.6975225e+04
   1.9500000e+02   2.6985525e+04
   1.9600000e+02   2.6994885e+04
   1.9700000e+02   2.7003324e+04
   1.9800000e+02   2.7010861e+04
   1.9900000e+02   2.7017521e+04
   2.0000000e+02   2.7023322e+04
   2.0100000e+02   2.7028266e+04
   2.0200000e+02   2.7032350e+04
   2.0300000e+02   2.7035637e+04
   2.0400000e+02   2.7038197e+04
   2.0500000e+02   2.7040020e+04
   2.0600000e+02   2.7041100e+04
   2.0700000e+02   2.7041461e+04
   2.0800000e+02   2.7041131e+04
   2.0900000e+02   2.7040137e+04
   2.1000000e+02   2.7038504e+04
   2.1100000e+02   2.7006777e+04
   2.1200000e+02   2.6974029e+04
   2.1300000e+02   2.6940277e+04
   2.1400000e+02   2.6905543e+04
   2.1500000e+02   2.6869844e+04
   2.1600000e+02   2.6833199e+04
   2.1700000e+02   2.6795633e+04
   2.1800000e+02   2.6757164e+04
   2.1900000e+02   2.6717811e+04
   2.2000000e+02   2.6677596e+04
   2.2100000e+02   2.6636541e+04
   2.2200000e+02   2.6594672e+04
   2.2300000e+02   2.6552010e+04
   2.2400000e+02   2.6508615e+04
   2.2500000e+02   2.6464498e+04
   2.2600000e+02   2.6419654e+04
   2.2700000e+02   2.6374107e+04
   2.2800000e+02   2.6327883e+04
   2.2900000e+02   2.6281004e+04
   2.3000000e+02   2.6233498e+04
   2.3100000e+02   2.6185387e+04
   2.3200000e+02   2.6136697e+04
   2.3300000e+02   2.6087457e+04
   2.3400000e+02   2.6037689e+04
   2.3500000e+02   2.5987422e+04
   2.3600000e+02   2.5936682e+04
   2.3700000e+02   2.5885494e+04
   2.3800000e+02   2.5833887e+04
   2.3900000e+02   2.5781889e+04
   2.4000000e+02   2.5729523e+04
   2.4100000e+02   2.5659479e+04
   2.4200000e+02   2.5588928e+04
   2.4300000e+02   2.5517885e+04
   2.4400000e+02   2.5446373e+04
   2.4500000e+02   2.5374424e+04
   2.4600000e+02   2.5302057e+04
   2.4700000e+02   2.5229301e+04
   2.4800000e+02   2.5156184e+04
   2.4900000e+02   2.5082729e+04
   2.5000000e+02   2.5008967e+04
   2.5100000e+02   2.4934918e+04
   2.5200000e+02   2.4860613e+04
   2.5300000e+02   2.4786076e+04
   2.5400000e+02   2.4711336e+04
   2.5500000e+02   2.4636418e+04
   2.5600000e+02   2.4561350e+04
   2.5700000e+02   2.4486158e+04
   2.5800000e+02   2.4410871e+04
   2.5900000e+02   2.4335514e+04
   2.6000000e+02   2.4260113e+04
   2.6100000e+02   2.4184699e+04
   2.6200000e+02   2.4109293e+04
   2.6300000e+02   2.4033924e+04
   2.6400000e+02   2.3958621e+04
   2.6500000e+02   2.3883406e+04
   2.6600000e+02   2.3808307e+04
   2.6700000e+02   2.3733352e+04
   2.6800000e+02   2.3658561e+04
   2.6900000e+02   2.3583965e+04
   2.7000000e+02   2.3509590e+04
   2.7100000e+02   2.3430551e+04
   2.7200000e+02   2.3351701e+04
   2.7300000e+02   2.3273063e+04
   2.7400000e+02   2.3194662e+04
   2.7500000e+02   2.3116523e+04
   2.7600000e+02   2.3038670e+04
   2.7700000e+02   2.2961127e+04
   2.7800000e+02   2.2883916e+04
   2.7900000e+02   2.2807064e+04
   2.8000000e+02   2.2730592e+04
   2.8100000e+02   2.2654523e+04
   2.8200000e+02   2.2578881e+04
   2.8300000e+02   2.2503689e+04
   2.8400000e+02   2.2428969e+04
   2.8500000e+02   2.2354742e+04
   2.8600000e+02   2.2281027e+04
   2.8700000e+02   2.2207854e+04
   2.8800000e+02   2.2135236e+04
   2.8900000e+02   2.2063199e+04
   2.9000000e+02   2.1991760e+04
   2.9100000e+02   2.1920941e+04
   2.9200000e+02   2.1850764e+04
   2.9300000e+02   2.1781244e+04
   2.9400000e+02   2.1712406e+04
   2.9500000e+02   2.1644264e+04
   2.9600000e+02   2.1576838e+04
   2.9700000e+02   2.1510148e+04
   2.9800000e+02   2.1444211e+04
   2.9900000e+02   2.1379041e+04
   3.0000000e+02   2.1314662e+04
   3.0100000e+02   2.1249326e+04
   3.0200000e+02   2.1184744e+04
   3.0300000e+02   2.1120941e+04
   3.0400000e+02   2.1057932e+04
   3.0500000e+02   2.0995730e+04
   3.0600000e+02   2.0934350e+04
   3.0700000e+02   2.0873811e+04
   3.0800000e+02   2.0814121e+04
   3.0900000e+02   2.0755301e+04
   3.1000000e+02   2.0697359e+04
   3.1100000e+02   2.0640311e+04
   3.1200000e+02   2.0584172e+04
   3.1300000e+02   2.0528951e+04
   3.1400000e+02   2.0474664e+04
   3.1500000e+02   2.0421320e+04
   3.1600000e+02   2.0368932e+04
   3.1700000e+02   2.0317508e+04
   3.1800000e+02   2.0267064e+04
   3.1900000e+02   2.0217609e+04
   3.2000000e+02   2.0169152e+04
   3.2100000e+02   2.0121703e+04
   3.2200000e+02   2.0075273e+04
   3.2300000e+02   2.0029869e+04
   3.2400000e+02   1.9985502e+04
   3.2500000e+02   1.9942180e+04
   3.2600000e+02   1.9899910e+04
   3.2700000e+02   1.9858701e+04
   3.2800000e+02   1.9818561e+04
   3.2900000e+02   1.9779496e+04
   3.3000000e+02   1.9741514e+04
   3.3100000e+02   1.9703768e+04
   3.3200000e+02   1.9667086e+04
   3.3300000e+02   1.9631477e+04
   3.3400000e+02   1.9596945e+04
   3.3500000e+02   1.9563500e+04
   3.3600000e+02   1.9531150e+04
   3.3700000e+02   1.9499910e+04
   3.3800000e+02   1.9469777e+04
   3.3900000e+02   1.9440752e+04
   3.4000000e+02   1.9412846e+04
   3.4100000e+02   1.9386059e+04
   3.4200000e+02   1.9360400e+04
   3.4300000e+02   1.9335871e+04
   3.4400000e+02   1.9312480e+04
   3.4500000e+02   1.9290232e+04
   3.4600000e+02   1.9269129e+04
   3.4700000e+02   1.9249176e+04
   3.4800000e+02   1.9230375e+04
   3.4900000e+02   1.9212734e+04
   3.5000000e+02   1.9196252e+04
   3.5100000e+02   1.9180934e+04
   3.5200000e+02   1.9166785e+04
   3.5300000e+02   1.9153807e+04
   3.5400000e+02   1.9142002e+04
   3.5500000e+02   1.9131375e+04
   3.5600000e+02   1.9121924e+04
   3.5700000e+02   1.9113654e+04
   3.5800000e+02   1.9106570e+04
   3.5900000e+02   1.9100668e+04
   1.4226848e-06   1.9095955e+04
