   0.0000000e+00   1.0821203e+02
   1.0000000e+00   8.1045540e+01
   2.0000000e+00   8.1544830e+01
   3.0000000e+00   8.2180649e+01
   4.0000000e+00   8.2948853e+01
   5.0000000e+00   8.3938904e+01
   6.0000000e+00   8.4787605e+01
   7.0000000e+00   8.4883789e+01
   8.0000000e+00   8.5049873e+01
   9.0000000e+00   8.5207573e+01
   1.0000000e+01   8.5342430e+01
   1.1000000e+01   8.5450439e+01
   1.2000000e+01   8.5530693e+01
   1.3000000e+01   8.5583382e+01
   1.4000000e+01   8.5609177e+01
   1.5000000e+01   8.5608894e+01
   1.6000000e+01   8.5583389e+01
   1.7000000e+01   8.5533524e+01
   1.8000000e+01   8.5460121e+01
   1.9000000e+01   8.5363953e+01
   2.0000000e+01   8.5245743e+01
   2.1000000e+01   8.5106178e+01
   2.2000000e+01   8.4945877e+01
   2.3000000e+01   8.4765442e+01
   2.4000000e+01   8.4565430e+01
   2.5000000e+01   8.4346359e+01
   2.6000000e+01   8.4108719e+01
   2.7000000e+01   8.3852982e+01
   2.8000000e+01   8.3579590e+01
   2.9000000e+01   8.3288956e+01
   3.0000000e+01   8.2981483e+01
   3.1000000e+01   8.1793289e+01
   3.2000000e+01   8.0672707e+01
   3.3000000e+01   7.9617332e+01
   3.4000000e+01   7.8624802e+01
   3.5000000e+01   7.7692810e+01
   3.6000000e+01   7.6819153e+01
   3.7000000e+01   7.6001740e+01
   3.8000000e+01   7.5238571e+01
   3.9000000e+01   7.4527786e+01
   4.0000000e+01   7.3867653e+01
   4.1000000e+01   7.3256577e+01
   4.2000000e+01   7.2693100e+01
   4.3000000e+01   7.2175919e+01
   4.4000000e+01   7.1703857e+01
   4.5000000e+01   7.1275894e+01
   4.6000000e+01   7.0891174e+01
   4.7000000e+01   7.0551544e+01
   4.8000000e+01   7.0254272e+01
   4.9000000e+01   6.9998886e+01
   5.0000000e+01   6.9785133e+01
   5.1000000e+01   6.9612953e+01
   5.2000000e+01   6.9482483e+01
   5.3000000e+01   6.9394005e+01
   5.4000000e+01   6.9348053e+01
   5.5000000e+01   6.9345322e+01
   5.6000000e+01   6.9386780e+01
   5.7000000e+01   6.9473625e+01
   5.8000000e+01   6.9607353e+01
   5.9000000e+01   6.9789757e+01
   6.0000000e+01   7.0022995e+01
   6.1000000e+01   6.9340355e+01
   6.2000000e+01   6.8656418e+01
   6.3000000e+01   6.7971260e+01
   6.4000000e+01   6.7284996e+01
   6.5000000e+01   6.6597778e+01
   6.6000000e+01   6.5909813e+01
   6.7000000e+01   6.5221367e+01
   6.8000000e+01   6.4532784e+01
   6.9000000e+01   6.3844528e+01
   7.0000000e+01   6.3157211e+01
   7.1000000e+01   6.2471691e+01
   7.2000000e+01   6.1789185e+01
   7.3000000e+01   6.1113060e+01
   7.4000000e+01   6.0449764e+01
   7.5000000e+01   5.9801273e+01
   7.6000000e+01   5.9176086e+01
   7.7000000e+01   5.8597157e+01
   7.8000000e+01   5.8142460e+01
   7.9000000e+01   5.7331577e+01
   8.0000000e+01   5.5523846e+01
   8.1000000e+01   5.4136124e+01
   8.2000000e+01   5.2950603e+01
   8.3000000e+01   5.1905300e+01
   8.4000000e+01   5.0969498e+01
   8.5000000e+01   5.0124458e+01
   8.6000000e+01   4.9361534e+01
   8.7000000e+01   4.8668468e+01
   8.8000000e+01   4.8037121e+01
   8.9000000e+01   4.7461857e+01
   9.0000000e+01   4.6938164e+01
   9.1000000e+01   4.6636280e+01
   9.2000000e+01   4.6333752e+01
   9.3000000e+01   4.6030968e+01
   9.4000000e+01   4.5728058e+01
   9.5000000e+01   4.5425209e+01
   9.6000000e+01   4.5122601e+01
   9.7000000e+01   4.4820404e+01
   9.8000000e+01   4.4518776e+01
   9.9000000e+01   4.4218300e+01
   1.0000000e+02   4.3921825e+01
   1.0100000e+02   4.3626026e+01
   1.0200000e+02   4.3331001e+01
   1.0300000e+02   4.3036869e+01
   1.0400000e+02   4.2743721e+01
   1.0500000e+02   4.2452465e+01
   1.0600000e+02   4.2162865e+01
   1.0700000e+02   4.1874596e+01
   1.0800000e+02   4.1587662e+01
   1.0900000e+02   4.1302059e+01
   1.1000000e+02   4.1017746e+01
   1.1100000e+02   4.0734634e+01
   1.1200000e+02   4.0452591e+01
   1.1300000e+02   4.0171425e+01
   1.1400000e+02   3.9891090e+01
   1.1500000e+02   3.9611771e+01
   1.1600000e+02   3.9331783e+01
   1.1700000e+02   3.9050362e+01
   1.1800000e+02   3.8766411e+01
   1.1900000e+02   3.8479568e+01
   1.2000000e+02   3.8186958e+01
   1.2100000e+02   3.8097591e+01
   1.2200000e+02   3.8012585e+01
   1.2300000e+02   3.7932281e+01
   1.2400000e+02   3.7857040e+01
   1.2500000e+02   3.7787266e+01
   1.2600000e+02   3.7723385e+01
   1.2700000e+02   3.7665955e+01
   1.2800000e+02   3.7615662e+01
   1.2900000e+02   3.7573166e+01
   1.3000000e+02   3.7539246e+01
   1.3100000e+02   3.7514820e+01
   1.3200000e+02   3.7501011e+01
   1.3300000e+02   3.7499203e+01
   1.3400000e+02   3.7511295e+01
   1.3500000e+02   3.7540600e+01
   1.3600000e+02   3.7589039e+01
   1.3700000e+02   3.7660152e+01
   1.3800000e+02   3.7761909e+01
   1.3900000e+02   3.7906994e+01
   1.4000000e+02   3.8125290e+01
   1.4100000e+02   3.8524590e+01
   1.4200000e+02   3.8199398e+01
   1.4300000e+02   3.8279659e+01
   1.4400000e+02   3.8899742e+01
   1.4500000e+02   3.7886894e+01
   1.4600000e+02   3.7059475e+01
   1.4700000e+02   3.6405800e+01
   1.4800000e+02   3.5844986e+01
   1.4900000e+02   3.5346603e+01
   1.5000000e+02   3.4894905e+01
   1.5100000e+02   3.4334911e+01
   1.5200000e+02   3.3827133e+01
   1.5300000e+02   3.3363098e+01
   1.5400000e+02   3.2936508e+01
   1.5500000e+02   3.2543049e+01
   1.5600000e+02   3.2178947e+01
   1.5700000e+02   3.1840109e+01
   1.5800000e+02   3.1524006e+01
   1.5900000e+02   3.1228521e+01
   1.6000000e+02   3.0951864e+01
   1.6100000e+02   3.0692497e+01
   1.6200000e+02   3.0449093e+01
   1.6300000e+02   3.0220495e+01
   1.6400000e+02   3.0005690e+01
   1.6500000e+02   2.9803780e+01
   1.6600000e+02   2.9613972e+01
   1.6700000e+02   2.9435553e+01
   1.6800000e+02   2.9267887e+01
   1.6900000e+02   2.9110403e+01
   1.7000000e+02   2.8962585e+01
   1.7100000e+02   2.8823961e+01
   1.7200000e+02   2.8694109e+01
   1.7300000e+02   2.8572638e+01
   1.7400000e+02   2.8459194e+01
   1.7500000e+02   2.8353453e+01
   1.7600000e+02   2.8255169e+01
   1.7700000e+02   2.8164135e+01
   1.7800000e+02   2.8080200e+01
   1.7900000e+02   2.8002865e+01
   1.8000000e+02   2.7931915e+01
   1.8100000e+02   2.7893198e+01
   1.8200000e+02   2.7860199e+01
   1.8300000e+02   2.7832792e+01
   1.8400000e+02   2.7810863e+01
   1.8500000e+02   2.7794308e+01
   1.8600000e+02   2.7783026e+01
   1.8700000e+02   2.7776922e+01
   1.8800000e+02   2.7775909e+01
   1.8900000e+02   2.7779907e+01
   1.9000000e+02   2.7788836e+01
   1.9100000e+02   2.7802628e+01
   1.9200000e+02   2.7821215e+01
   1.9300000e+02   2.7844534e+01
   1.9400000e+02   2.7872530e+01
   1.9500000e+02   2.7905149e+01
   1.9600000e+02   2.7942341e+01
   1.9700000e+02   2.7984058e+01
   1.9800000e+02   2.8030262e+01
   1.9900000e+02   2.8080910e+01
   2.0000000e+02   2.8135973e+01
   2.0100000e+02   2.8195417e+01
   2.0200000e+02   2.8259211e+01
   2.0300000e+02   2.8327328e+01
   2.0400000e+02   2.8399744e+01
   2.0500000e+02   2.8476461e+01
   2.0600000e+02   2.8557455e+01
   2.0700000e+02   2.8642668e+01
   2.0800000e+02   2.8732084e+01
   2.0900000e+02   2.8825697e+01
   2.1000000e+02   2.8923492e+01
   2.1100000e+02   2.9053526e+01
   2.1200000e+02   2.9187765e+01
   2.1300000e+02   2.9326229e+01
   2.1400000e+02   2.9468937e+01
   2.1500000e+02   2.9615911e+01
   2.1600000e+02   2.9767174e+01
   2.1700000e+02   2.9922747e+01
   2.1800000e+02   3.0082655e+01
   2.1900000e+02   3.0246923e+01
   2.2000000e+02   3.0415579e+01
   2.2100000e+02   3.0588644e+01
   2.2200000e+02   3.0766150e+01
   2.2300000e+02   3.0948124e+01
   2.2400000e+02   3.1134596e+01
   2.2500000e+02   3.1325594e+01
   2.2600000e+02   3.1521149e+01
   2.2700000e+02   3.1721289e+01
   2.2800000e+02   3.1926046e+01
   2.2900000e+02   3.2135452e+01
   2.3000000e+02   3.2349533e+01
   2.3100000e+02   3.2568325e+01
   2.3200000e+02   3.2791855e+01
   2.3300000e+02   3.3020153e+01
   2.3400000e+02   3.3253254e+01
   2.3500000e+02   3.3491180e+01
   2.3600000e+02   3.3733967e+01
   2.3700000e+02   3.3981640e+01
   2.3800000e+02   3.4234226e+01
   2.3900000e+02   3.4491756e+01
   2.4000000e+02   3.4754250e+01
   2.4100000e+02   3.5027378e+01
   2.4200000e+02   3.5305809e+01
   2.4300000e+02   3.5589588e+01
   2.4400000e+02   3.5878746e+01
   2.4500000e+02   3.6173328e+01
   2.4600000e+02   3.6473362e+01
   2.4700000e+02   3.6778889e+01
   2.4800000e+02   3.7089931e+01
   2.4900000e+02   3.7406525e+01
   2.5000000e+02   3.7728699e+01
   2.5100000e+02   3.8056469e+01
   2.5200000e+02   3.8389866e+01
   2.5300000e+02   3.8728905e+01
   2.5400000e+02   3.9073597e+01
   2.5500000e+02   3.9423962e+01
   2.5600000e+02   3.9780006e+01
   2.5700000e+02   4.0141731e+01
   2.5800000e+02   4.0509140e+01
   2.5900000e+02   4.0882225e+01
   2.6000000e+02   4.1260986e+01
   2.6100000e+02   4.1645401e+01
   2.6200000e+02   4.2035454e+01
   2.6300000e+02   4.2431118e+01
   2.6400000e+02   4.2832371e+01
   2.6500000e+02   4.3239170e+01
   2.6600000e+02   4.3651474e+01
   2.6700000e+02   4.4069237e+01
   2.6800000e+02   4.4492401e+01
   2.6900000e+02   4.4920902e+01
   2.7000000e+02   4.5354679e+01
   2.7100000e+02   4.5783112e+01
   2.7200000e+02   4.6216957e+01
   2.7300000e+02   4.6656143e+01
   2.7400000e+02   4.7100586e+01
   2.7500000e+02   4.7550198e+01
   2.7600000e+02   4.8004883e+01
   2.7700000e+02   4.8464535e+01
   2.7800000e+02   4.8929043e+01
   2.7900000e+02   4.9398281e+01
   2.8000000e+02   4.9872116e+01
   2.8100000e+02   5.0350410e+01
   2.8200000e+02   5.0833015e+01
   2.8300000e+02   5.1319763e+01
   2.8400000e+02   5.1810493e+01
   2.8500000e+02   5.2305023e+01
   2.8600000e+02   5.2803165e+01
   2.8700000e+02   5.3304722e+01
   2.8800000e+02   5.3809494e+01
   2.8900000e+02   5.4317261e+01
   2.9000000e+02   5.4827793e+01
   2.9100000e+02   5.5340858e+01
   2.9200000e+02   5.5856213e+01
   2.9300000e+02   5.6373608e+01
   2.9400000e+02   5.6892780e+01
   2.9500000e+02   5.7413464e+01
   2.9600000e+02   5.7935387e+01
   2.9700000e+02   5.8458260e+01
   2.9800000e+02   5.8981804e+01
   2.9900000e+02   5.9505718e+01
   3.0000000e+02   6.0029701e+01
   3.0100000e+02   6.0506405e+01
   3.0200000e+02   6.0982849e+01
   3.0300000e+02   6.1458748e+01
   3.0400000e+02   6.1933819e+01
   3.0500000e+02   6.2407768e+01
   3.0600000e+02   6.2880302e+01
   3.0700000e+02   6.3351124e+01
   3.0800000e+02   6.3819935e+01
   3.0900000e+02   6.4286438e+01
   3.1000000e+02   6.4750320e+01
   3.1100000e+02   6.5211288e+01
   3.1200000e+02   6.5669037e+01
   3.1300000e+02   6.6123253e+01
   3.1400000e+02   6.6573639e+01
   3.1500000e+02   6.7019890e+01
   3.1600000e+02   6.7461708e+01
   3.1700000e+02   6.7898788e+01
   3.1800000e+02   6.8330841e+01
   3.1900000e+02   6.8757576e+01
   3.2000000e+02   6.9178696e+01
   3.2100000e+02   6.9593918e+01
   3.2200000e+02   7.0002968e+01
   3.2300000e+02   7.0405556e+01
   3.2400000e+02   7.0801430e+01
   3.2500000e+02   7.1190308e+01
   3.2600000e+02   7.1571930e+01
   3.2700000e+02   7.1946060e+01
   3.2800000e+02   7.2312439e+01
   3.2900000e+02   7.2670830e+01
   3.3000000e+02   7.3020996e+01
   3.3100000e+02   7.3280495e+01
   3.3200000e+02   7.3531715e+01
   3.3300000e+02   7.3774445e+01
   3.3400000e+02   7.4008469e+01
   3.3500000e+02   7.4233582e+01
   3.3600000e+02   7.4449570e+01
   3.3700000e+02   7.4656258e+01
   3.3800000e+02   7.4853432e+01
   3.3900000e+02   7.5040916e+01
   3.4000000e+02   7.5218529e+01
   3.4100000e+02   7.5386093e+01
   3.4200000e+02   7.5543434e+01
   3.4300000e+02   7.5690392e+01
   3.4400000e+02   7.5826805e+01
   3.4500000e+02   7.5952530e+01
   3.4600000e+02   7.6067406e+01
   3.4700000e+02   7.6171310e+01
   3.4800000e+02   7.6264091e+01
   3.4900000e+02   7.6345627e+01
   3.5000000e+02   7.6415794e+01
   3.5100000e+02   7.6474480e+01
   3.5200000e+02   7.6521576e+01
   3.5300000e+02   7.6556976e+01
   3.5400000e+02   7.6580589e+01
   3.5500000e+02   7.6592323e+01
   3.5600000e+02   7.6592087e+01
   3.5700000e+02   7.6579819e+01
   3.5800000e+02   7.6555450e+01
   3.5900000e+02   7.6518906e+01
   2.6219766e-08   7.6470139e+01
