   0.0000000e+00   0.0000000e+00
   1.0000000e+00   2.4547991e-03
   2.0000000e+00   4.0627122e-03
   3.0000000e+00   5.7126107e-03
   4.0000000e+00   7.4086981e-03
   5.0000000e+00   9.1500087e-03
   6.0000000e+00   1.0935565e-02
   7.0000000e+00   1.2764420e-02
   8.0000000e+00   1.4635648e-02
   9.0000000e+00   1.6548343e-02
   1.0000000e+01   1.8501624e-02
   1.1000000e+01   2.0494629e-02
   1.2000000e+01   2.2526514e-02
   1.3000000e+01   2.4596455e-02
   1.4000000e+01   2.6703658e-02
   1.5000000e+01   2.8847344e-02
   1.6000000e+01   3.1026749e-02
   1.7000000e+01   3.3241119e-02
   1.8000000e+01   3.5489723e-02
   1.9000000e+01   3.7771840e-02
   2.0000000e+01   4.0086769e-02
   2.1000000e+01   4.2433828e-02
   2.2000000e+01   4.4812351e-02
   2.3000000e+01   4.7221687e-02
   2.4000000e+01   4.9661186e-02
   2.5000000e+01   5.2130230e-02
   2.6000000e+01   5.4628201e-02
   2.7000000e+01   5.7154499e-02
   2.8000000e+01   5.9708536e-02
   2.9000000e+01   6.2289748e-02
   3.0000000e+01   6.4897582e-02
   3.1000000e+01   6.8050779e-02
   3.2000000e+01   7.1253821e-02
   3.3000000e+01   7.4505471e-02
   3.4000000e+01   7.7804551e-02
   3.5000000e+01   8.1149921e-02
   3.6000000e+01   8.4540457e-02
   3.7000000e+01   8.7975085e-02
   3.8000000e+01   9.1452748e-02
   3.9000000e+01   9.4972409e-02
   4.0000000e+01   9.8533072e-02
   4.1000000e+01   1.0213376e-01
   4.2000000e+01   1.0577353e-01
   4.3000000e+01   1.0945146e-01
   4.4000000e+01   1.1316666e-01
   4.5000000e+01   1.1691826e-01
   4.6000000e+01   1.2070541e-01
   4.7000000e+01   1.2452728e-01
   4.8000000e+01   1.2838301e-01
   4.9000000e+01   1.3227178e-01
   5.0000000e+01   1.3619283e-01
   5.1000000e+01   1.4014539e-01
   5.2000000e+01   1.4412875e-01
   5.3000000e+01   1.4814220e-01
   5.4000000e+01   1.5218504e-01
   5.5000000e+01   1.5625657e-01
   5.6000000e+01   1.6035615e-01
   5.7000000e+01   1.6448313e-01
   5.8000000e+01   1.6863689e-01
   5.9000000e+01   1.7281680e-01
   6.0000000e+01   1.7702226e-01
   6.1000000e+01   1.8083432e-01
   6.2000000e+01   1.8465585e-01
   6.3000000e+01   1.8848631e-01
   6.4000000e+01   1.9232523e-01
   6.5000000e+01   1.9617218e-01
   6.6000000e+01   2.0002665e-01
   6.7000000e+01   2.0388821e-01
   6.8000000e+01   2.0775646e-01
   6.9000000e+01   2.1163097e-01
   7.0000000e+01   2.1551135e-01
   7.1000000e+01   2.1939725e-01
   7.2000000e+01   2.2328828e-01
   7.3000000e+01   2.2718410e-01
   7.4000000e+01   2.3108432e-01
   7.5000000e+01   2.3498848e-01
   7.6000000e+01   2.3889627e-01
   7.7000000e+01   2.4280734e-01
   7.8000000e+01   2.4672142e-01
   7.9000000e+01   2.5063822e-01
   8.0000000e+01   2.5455743e-01
   8.1000000e+01   2.5847882e-01
   8.2000000e+01   2.6240212e-01
   8.3000000e+01   2.6632708e-01
   8.4000000e+01   2.7025348e-01
   8.5000000e+01   2.7418107e-01
   8.6000000e+01   2.7810964e-01
   8.7000000e+01   2.8203878e-01
   8.8000000e+01   2.8596827e-01
   8.9000000e+01   2.8989786e-01
   9.0000000e+01   2.9382735e-01
   9.1000000e+01   2.9631522e-01
   9.2000000e+01   2.9879013e-01
   9.3000000e+01   3.0125225e-01
   9.4000000e+01   3.0370170e-01
   9.5000000e+01   3.0613863e-01
   9.6000000e+01   3.0856320e-01
   9.7000000e+01   3.1097555e-01
   9.8000000e+01   3.1337580e-01
   9.9000000e+01   3.1576410e-01
   1.0000000e+02   3.1814057e-01
   1.0100000e+02   3.2050526e-01
   1.0200000e+02   3.2285833e-01
   1.0300000e+02   3.2519990e-01
   1.0400000e+02   3.2753015e-01
   1.0500000e+02   3.2984921e-01
   1.0600000e+02   3.3215719e-01
   1.0700000e+02   3.3445421e-01
   1.0800000e+02   3.3674040e-01
   1.0900000e+02   3.3901590e-01
   1.1000000e+02   3.4128085e-01
   1.1100000e+02   3.4353539e-01
   1.1200000e+02   3.4577960e-01
   1.1300000e+02   3.4801364e-01
   1.1400000e+02   3.5023764e-01
   1.1500000e+02   3.5245165e-01
   1.1600000e+02   3.5465583e-01
   1.1700000e+02   3.5685030e-01
   1.1800000e+02   3.5903519e-01
   1.1900000e+02   3.6121061e-01
   1.2000000e+02   3.6337668e-01
   1.2100000e+02   3.6450675e-01
   1.2200000e+02   3.6562496e-01
   1.2300000e+02   3.6673158e-01
   1.2400000e+02   3.6782682e-01
   1.2500000e+02   3.6891094e-01
   1.2600000e+02   3.6998460e-01
   1.2700000e+02   3.7104860e-01
   1.2800000e+02   3.7210315e-01
   1.2900000e+02   3.7314841e-01
   1.3000000e+02   3.7418461e-01
   1.3100000e+02   3.7521186e-01
   1.3200000e+02   3.7623036e-01
   1.3300000e+02   3.7724024e-01
   1.3400000e+02   3.7824172e-01
   1.3500000e+02   3.7923497e-01
   1.3600000e+02   3.8022009e-01
   1.3700000e+02   3.8119727e-01
   1.3800000e+02   3.8216668e-01
   1.3900000e+02   3.8312846e-01
   1.4000000e+02   3.8408276e-01
   1.4100000e+02   3.8502976e-01
   1.4200000e+02   3.8596958e-01
   1.4300000e+02   3.8690236e-01
   1.4400000e+02   3.8782826e-01
   1.4500000e+02   3.8874742e-01
   1.4600000e+02   3.8965994e-01
   1.4700000e+02   3.9056602e-01
   1.4800000e+02   3.9146572e-01
   1.4900000e+02   3.9235923e-01
   1.5000000e+02   3.9324665e-01
   1.5100000e+02   3.9301011e-01
   1.5200000e+02   3.9275956e-01
   1.5300000e+02   3.9249521e-01
   1.5400000e+02   3.9221719e-01
   1.5500000e+02   3.9192563e-01
   1.5600000e+02   3.9162073e-01
   1.5700000e+02   3.9130262e-01
   1.5800000e+02   3.9097148e-01
   1.5900000e+02   3.9062741e-01
   1.6000000e+02   3.9027056e-01
   1.6100000e+02   3.8990107e-01
   1.6200000e+02   3.8951910e-01
   1.6300000e+02   3.8912472e-01
   1.6400000e+02   3.8871810e-01
   1.6500000e+02   3.8829935e-01
   1.6600000e+02   3.8786861e-01
   1.6700000e+02   3.8742599e-01
   1.6800000e+02   3.8697159e-01
   1.6900000e+02   3.8650557e-01
   1.7000000e+02   3.8602802e-01
   1.7100000e+02   3.8553908e-01
   1.7200000e+02   3.8503885e-01
   1.7300000e+02   3.8452744e-01
   1.7400000e+02   3.8400498e-01
   1.7500000e+02   3.8347155e-01
   1.7600000e+02   3.8292730e-01
   1.7700000e+02   3.8237238e-01
   1.7800000e+02   3.8180685e-01
   1.7900000e+02   3.8123089e-01
   1.8000000e+02   3.8064459e-01
   1.8100000e+02   3.7922966e-01
   1.8200000e+02   3.7779903e-01
   1.8300000e+02   3.7635288e-01
   1.8400000e+02   3.7489128e-01
   1.8500000e+02   3.7341437e-01
   1.8600000e+02   3.7192225e-01
   1.8700000e+02   3.7041509e-01
   1.8800000e+02   3.6889300e-01
   1.8900000e+02   3.6735603e-01
   1.9000000e+02   3.6580440e-01
   1.9100000e+02   3.6423814e-01
   1.9200000e+02   3.6265740e-01
   1.9300000e+02   3.6106232e-01
   1.9400000e+02   3.5945296e-01
   1.9500000e+02   3.5782945e-01
   1.9600000e+02   3.5619193e-01
   1.9700000e+02   3.5454053e-01
   1.9800000e+02   3.5287532e-01
   1.9900000e+02   3.5119641e-01
   2.0000000e+02   3.4950390e-01
   2.0100000e+02   3.4779793e-01
   2.0200000e+02   3.4607860e-01
   2.0300000e+02   3.4434599e-01
   2.0400000e+02   3.4260023e-01
   2.0500000e+02   3.4084135e-01
   2.0600000e+02   3.3906955e-01
   2.0700000e+02   3.3728486e-01
   2.0800000e+02   3.3548737e-01
   2.0900000e+02   3.3367720e-01
   2.1000000e+02   3.3185440e-01
   2.1100000e+02   3.3003840e-01
   2.1200000e+02   3.2821035e-01
   2.1300000e+02   3.2637033e-01
   2.1400000e+02   3.2451847e-01
   2.1500000e+02   3.2265487e-01
   2.1600000e+02   3.2077962e-01
   2.1700000e+02   3.1889284e-01
   2.1800000e+02   3.1699458e-01
   2.1900000e+02   3.1508496e-01
   2.2000000e+02   3.1316411e-01
   2.2100000e+02   3.1123206e-01
   2.2200000e+02   3.0928898e-01
   2.2300000e+02   3.0733487e-01
   2.2400000e+02   3.0536991e-01
   2.2500000e+02   3.0339414e-01
   2.2600000e+02   3.0140767e-01
   2.2700000e+02   2.9941058e-01
   2.2800000e+02   2.9740295e-01
   2.2900000e+02   2.9538488e-01
   2.3000000e+02   2.9335648e-01
   2.3100000e+02   2.9131779e-01
   2.3200000e+02   2.8926891e-01
   2.3300000e+02   2.8720993e-01
   2.3400000e+02   2.8514093e-01
   2.3500000e+02   2.8306198e-01
   2.3600000e+02   2.8097317e-01
   2.3700000e+02   2.7887458e-01
   2.3800000e+02   2.7676627e-01
   2.3900000e+02   2.7464837e-01
   2.4000000e+02   2.7252090e-01
   2.4100000e+02   2.7091479e-01
   2.4200000e+02   2.6930097e-01
   2.4300000e+02   2.6767948e-01
   2.4400000e+02   2.6605046e-01
   2.4500000e+02   2.6441392e-01
   2.4600000e+02   2.6276994e-01
   2.4700000e+02   2.6111862e-01
   2.4800000e+02   2.5945997e-01
   2.4900000e+02   2.5779411e-01
   2.5000000e+02   2.5612110e-01
   2.5100000e+02   2.5444099e-01
   2.5200000e+02   2.5275382e-01
   2.5300000e+02   2.5105971e-01
   2.5400000e+02   2.4935868e-01
   2.5500000e+02   2.4765080e-01
   2.5600000e+02   2.4593616e-01
   2.5700000e+02   2.4421479e-01
   2.5800000e+02   2.4248677e-01
   2.5900000e+02   2.4075215e-01
   2.6000000e+02   2.3901099e-01
   2.6100000e+02   2.3726335e-01
   2.6200000e+02   2.3550931e-01
   2.6300000e+02   2.3374890e-01
   2.6400000e+02   2.3198219e-01
   2.6500000e+02   2.3020923e-01
   2.6600000e+02   2.2843009e-01
   2.6700000e+02   2.2664481e-01
   2.6800000e+02   2.2485347e-01
   2.6900000e+02   2.2305611e-01
   2.7000000e+02   2.2125277e-01
   2.7100000e+02   2.2010851e-01
   2.7200000e+02   2.1895954e-01
   2.7300000e+02   2.1780594e-01
   2.7400000e+02   2.1664770e-01
   2.7500000e+02   2.1548487e-01
   2.7600000e+02   2.1431752e-01
   2.7700000e+02   2.1314566e-01
   2.7800000e+02   2.1196935e-01
   2.7900000e+02   2.1078861e-01
   2.8000000e+02   2.0960349e-01
   2.8100000e+02   2.0841403e-01
   2.8200000e+02   2.0722026e-01
   2.8300000e+02   2.0602223e-01
   2.8400000e+02   2.0481996e-01
   2.8500000e+02   2.0361349e-01
   2.8600000e+02   2.0240287e-01
   2.8700000e+02   2.0118812e-01
   2.8800000e+02   1.9996928e-01
   2.8900000e+02   1.9874638e-01
   2.9000000e+02   1.9751947e-01
   2.9100000e+02   1.9628857e-01
   2.9200000e+02   1.9505371e-01
   2.9300000e+02   1.9381493e-01
   2.9400000e+02   1.9257228e-01
   2.9500000e+02   1.9132577e-01
   2.9600000e+02   1.9007544e-01
   2.9700000e+02   1.8882132e-01
   2.9800000e+02   1.8756345e-01
   2.9900000e+02   1.8630187e-01
   3.0000000e+02   1.8503660e-01
   3.0100000e+02   1.8480746e-01
   3.0200000e+02   1.8457633e-01
   3.0300000e+02   1.8434320e-01
   3.0400000e+02   1.8410811e-01
   3.0500000e+02   1.8387105e-01
   3.0600000e+02   1.8363205e-01
   3.0700000e+02   1.8339111e-01
   3.0800000e+02   1.8314826e-01
   3.0900000e+02   1.8290350e-01
   3.1000000e+02   1.8265685e-01
   3.1100000e+02   1.8240833e-01
   3.1200000e+02   1.8215795e-01
   3.1300000e+02   1.8190572e-01
   3.1400000e+02   1.8165165e-01
   3.1500000e+02   1.8139575e-01
   3.1600000e+02   1.8113805e-01
   3.1700000e+02   1.8087855e-01
   3.1800000e+02   1.8061727e-01
   3.1900000e+02   1.8035422e-01
   3.2000000e+02   1.8008941e-01
   3.2100000e+02   1.7982286e-01
   3.2200000e+02   1.7955458e-01
   3.2300000e+02   1.7928459e-01
   3.2400000e+02   1.7901288e-01
   3.2500000e+02   1.7873947e-01
   3.2600000e+02   1.7846440e-01
   3.2700000e+02   1.7818765e-01
   3.2800000e+02   1.7790926e-01
   3.2900000e+02   1.7762920e-01
   3.3000000e+02   1.7734751e-01
   3.3100000e+02   1.7864490e-01
   3.3200000e+02   1.7994298e-01
   3.3300000e+02   1.8124177e-01
   3.3400000e+02   1.8254124e-01
   3.3500000e+02   1.8384139e-01
   3.3600000e+02   1.8514220e-01
   3.3700000e+02   1.8644369e-01
   3.3800000e+02   1.8774581e-01
   3.3900000e+02   1.8904857e-01
   3.4000000e+02   1.9035198e-01
   3.4100000e+02   1.9165601e-01
   3.4200000e+02   1.9296065e-01
   3.4300000e+02   1.9426590e-01
   3.4400000e+02   1.9557175e-01
   3.4500000e+02   1.9687819e-01
   3.4600000e+02   1.9818522e-01
   3.4700000e+02   1.9949283e-01
   3.4800000e+02   2.0080100e-01
   3.4900000e+02   2.0210974e-01
   3.5000000e+02   2.0341903e-01
   3.5100000e+02   2.0472889e-01
   3.5200000e+02   2.0603928e-01
   3.5300000e+02   2.0735019e-01
   3.5400000e+02   2.0866165e-01
   3.5500000e+02   2.0997363e-01
   3.5600000e+02   2.1128611e-01
   3.5700000e+02   2.1259911e-01
   3.5800000e+02   2.1391262e-01
   3.5900000e+02   2.1522661e-01
   2.6219766e-08   2.1654110e-01
