   0.0000000e+00   1.0505083e+04
   1.0000000e+00   1.0162992e+04
   2.0000000e+00   1.0131500e+04
   3.0000000e+00   1.0096679e+04
   4.0000000e+00   1.0059434e+04
   5.0000000e+00   1.0018795e+04
   6.0000000e+00   9.9835186e+03
   7.0000000e+00   9.9632520e+03
   8.0000000e+00   9.9413213e+03
   9.0000000e+00   9.9192158e+03
   1.0000000e+01   9.8971797e+03
   1.1000000e+01   9.8752559e+03
   1.2000000e+01   9.8534395e+03
   1.3000000e+01   9.8317119e+03
   1.4000000e+01   9.8100537e+03
   1.5000000e+01   9.7884521e+03
   1.6000000e+01   9.7668965e+03
   1.7000000e+01   9.7453848e+03
   1.8000000e+01   9.7239180e+03
   1.9000000e+01   9.7025029e+03
   2.0000000e+01   9.6811523e+03
   2.1000000e+01   9.6598809e+03
   2.2000000e+01   9.6387080e+03
   2.3000000e+01   9.6176563e+03
   2.4000000e+01   9.5967490e+03
   2.5000000e+01   9.5760156e+03
   2.6000000e+01   9.5554844e+03
   2.7000000e+01   9.5351885e+03
   2.8000000e+01   9.5151602e+03
   2.9000000e+01   9.4954355e+03
   3.0000000e+01   9.4760498e+03
   3.1000000e+01   9.4738076e+03
   3.2000000e+01   9.4730869e+03
   3.3000000e+01   9.4733223e+03
   3.4000000e+01   9.4740137e+03
   3.5000000e+01   9.4747129e+03
   3.6000000e+01   9.4750234e+03
   3.7000000e+01   9.4745928e+03
   3.8000000e+01   9.4731104e+03
   3.9000000e+01   9.4702998e+03
   4.0000000e+01   9.4659160e+03
   4.1000000e+01   9.4597441e+03
   4.2000000e+01   9.4515957e+03
   4.3000000e+01   9.4413018e+03
   4.4000000e+01   9.4287158e+03
   4.5000000e+01   9.4137100e+03
   4.6000000e+01   9.3961709e+03
   4.7000000e+01   9.3758428e+03
   4.8000000e+01   9.3527686e+03
   4.9000000e+01   9.3268809e+03
   5.0000000e+01   9.2981152e+03
   5.1000000e+01   9.2664209e+03
   5.2000000e+01   9.2317500e+03
   5.3000000e+01   9.1940684e+03
   5.4000000e+01   9.1533447e+03
   5.5000000e+01   9.1095586e+03
   5.6000000e+01   9.0626963e+03
   5.7000000e+01   9.0127490e+03
   5.8000000e+01   8.9597188e+03
   5.9000000e+01   8.9036123e+03
   6.0000000e+01   8.8444463e+03
   6.1000000e+01   8.8445068e+03
   6.2000000e+01   8.8458096e+03
   6.3000000e+01   8.8483740e+03
   6.4000000e+01   8.8522188e+03
   6.5000000e+01   8.8573604e+03
   6.6000000e+01   8.8638096e+03
   6.7000000e+01   8.8715742e+03
   6.8000000e+01   8.8806523e+03
   6.9000000e+01   8.8910352e+03
   7.0000000e+01   8.9026934e+03
   7.1000000e+01   8.9155742e+03
   7.2000000e+01   8.9295869e+03
   7.3000000e+01   8.9444355e+03
   7.4000000e+01   8.9595049e+03
   7.5000000e+01   8.9745400e+03
   7.6000000e+01   8.9886270e+03
   7.7000000e+01   8.9993281e+03
   7.8000000e+01   8.9984160e+03
   7.9000000e+01   9.0351182e+03
   8.0000000e+01   9.1854512e+03
   8.1000000e+01   9.3003760e+03
   8.2000000e+01   9.3989961e+03
   8.3000000e+01   9.4860049e+03
   8.4000000e+01   9.5634229e+03
   8.5000000e+01   9.6323301e+03
   8.6000000e+01   9.6927520e+03
   8.7000000e+01   9.7455107e+03
   8.8000000e+01   9.7910449e+03
   8.9000000e+01   9.8295654e+03
   9.0000000e+01   9.8612305e+03
   9.1000000e+01   9.8769893e+03
   9.2000000e+01   9.8934795e+03
   9.3000000e+01   9.9106465e+03
   9.4000000e+01   9.9284766e+03
   9.5000000e+01   9.9469453e+03
   9.6000000e+01   9.9660283e+03
   9.7000000e+01   9.9857031e+03
   9.8000000e+01   1.0005946e+04
   9.9000000e+01   1.0026654e+04
   1.0000000e+02   1.0047292e+04
   1.0100000e+02   1.0068477e+04
   1.0200000e+02   1.0090192e+04
   1.0300000e+02   1.0112424e+04
   1.0400000e+02   1.0135152e+04
   1.0500000e+02   1.0158200e+04
   1.0600000e+02   1.0181610e+04
   1.0700000e+02   1.0205449e+04
   1.0800000e+02   1.0229715e+04
   1.0900000e+02   1.0254409e+04
   1.1000000e+02   1.0279541e+04
   1.1100000e+02   1.0305130e+04
   1.1200000e+02   1.0331206e+04
   1.1300000e+02   1.0357815e+04
   1.1400000e+02   1.0384973e+04
   1.1500000e+02   1.0412641e+04
   1.1600000e+02   1.0441209e+04
   1.1700000e+02   1.0470878e+04
   1.1800000e+02   1.0501931e+04
   1.1900000e+02   1.0534493e+04
   1.2000000e+02   1.0569307e+04
   1.2100000e+02   1.0572293e+04
   1.2200000e+02   1.0574447e+04
   1.2300000e+02   1.0575673e+04
   1.2400000e+02   1.0575867e+04
   1.2500000e+02   1.0574917e+04
   1.2600000e+02   1.0572697e+04
   1.2700000e+02   1.0569047e+04
   1.2800000e+02   1.0563786e+04
   1.2900000e+02   1.0556740e+04
   1.3000000e+02   1.0547708e+04
   1.3100000e+02   1.0536457e+04
   1.3200000e+02   1.0522706e+04
   1.3300000e+02   1.0506118e+04
   1.3400000e+02   1.0486232e+04
   1.3500000e+02   1.0462254e+04
   1.3600000e+02   1.0433751e+04
   1.3700000e+02   1.0399922e+04
   1.3800000e+02   1.0358927e+04
   1.3900000e+02   1.0307896e+04
   1.4000000e+02   1.0240074e+04
   1.4100000e+02   1.0131305e+04
   1.4200000e+02   1.0191300e+04
   1.4300000e+02   1.0157083e+04
   1.4400000e+02   1.0000159e+04
   1.4500000e+02   1.0218776e+04
   1.4600000e+02   1.0404819e+04
   1.4700000e+02   1.0555446e+04
   1.4800000e+02   1.0687542e+04
   1.4900000e+02   1.0807288e+04
   1.5000000e+02   1.0917798e+04
   1.5100000e+02   1.1083825e+04
   1.5200000e+02   1.1240288e+04
   1.5300000e+02   1.1388526e+04
   1.5400000e+02   1.1529514e+04
   1.5500000e+02   1.1663818e+04
   1.5600000e+02   1.1791981e+04
   1.5700000e+02   1.1914799e+04
   1.5800000e+02   1.2032647e+04
   1.5900000e+02   1.2145843e+04
   1.6000000e+02   1.2254650e+04
   1.6100000e+02   1.2359296e+04
   1.6200000e+02   1.2459975e+04
   1.6300000e+02   1.2556857e+04
   1.6400000e+02   1.2650092e+04
   1.6500000e+02   1.2739811e+04
   1.6600000e+02   1.2826129e+04
   1.6700000e+02   1.2909154e+04
   1.6800000e+02   1.2988979e+04
   1.6900000e+02   1.3065688e+04
   1.7000000e+02   1.3139360e+04
   1.7100000e+02   1.3210067e+04
   1.7200000e+02   1.3277873e+04
   1.7300000e+02   1.3342839e+04
   1.7400000e+02   1.3405021e+04
   1.7500000e+02   1.3464469e+04
   1.7600000e+02   1.3521209e+04
   1.7700000e+02   1.3575256e+04
   1.7800000e+02   1.3626602e+04
   1.7900000e+02   1.3675412e+04
   1.8000000e+02   1.3721725e+04
   1.8100000e+02   1.3771393e+04
   1.8200000e+02   1.3818825e+04
   1.8300000e+02   1.3864040e+04
   1.8400000e+02   1.3907055e+04
   1.8500000e+02   1.3947888e+04
   1.8600000e+02   1.3986556e+04
   1.8700000e+02   1.4023078e+04
   1.8800000e+02   1.4057474e+04
   1.8900000e+02   1.4089760e+04
   1.9000000e+02   1.4119957e+04
   1.9100000e+02   1.4148084e+04
   1.9200000e+02   1.4174160e+04
   1.9300000e+02   1.4198206e+04
   1.9400000e+02   1.4220241e+04
   1.9500000e+02   1.4240286e+04
   1.9600000e+02   1.4258362e+04
   1.9700000e+02   1.4274491e+04
   1.9800000e+02   1.4288692e+04
   1.9900000e+02   1.4300990e+04
   2.0000000e+02   1.4311403e+04
   2.0100000e+02   1.4319956e+04
   2.0200000e+02   1.4326671e+04
   2.0300000e+02   1.4331572e+04
   2.0400000e+02   1.4334683e+04
   2.0500000e+02   1.4336015e+04
   2.0600000e+02   1.4335597e+04
   2.0700000e+02   1.4333473e+04
   2.0800000e+02   1.4329667e+04
   2.0900000e+02   1.4324205e+04
   2.1000000e+02   1.4317112e+04
   2.1100000e+02   1.4294850e+04
   2.1200000e+02   1.4271151e+04
   2.1300000e+02   1.4246041e+04
   2.1400000e+02   1.4219544e+04
   2.1500000e+02   1.4191687e+04
   2.1600000e+02   1.4162495e+04
   2.1700000e+02   1.4131995e+04
   2.1800000e+02   1.4100216e+04
   2.1900000e+02   1.4067184e+04
   2.2000000e+02   1.4032929e+04
   2.2100000e+02   1.3997479e+04
   2.2200000e+02   1.3960863e+04
   2.2300000e+02   1.3923110e+04
   2.2400000e+02   1.3884252e+04
   2.2500000e+02   1.3844317e+04
   2.2600000e+02   1.3803337e+04
   2.2700000e+02   1.3761344e+04
   2.2800000e+02   1.3718368e+04
   2.2900000e+02   1.3674442e+04
   2.3000000e+02   1.3629600e+04
   2.3100000e+02   1.3583873e+04
   2.3200000e+02   1.3537295e+04
   2.3300000e+02   1.3489900e+04
   2.3400000e+02   1.3441722e+04
   2.3500000e+02   1.3392795e+04
   2.3600000e+02   1.3343154e+04
   2.3700000e+02   1.3292835e+04
   2.3800000e+02   1.3241872e+04
   2.3900000e+02   1.3190302e+04
   2.4000000e+02   1.3138159e+04
   2.4100000e+02   1.3074056e+04
   2.4200000e+02   1.3009517e+04
   2.4300000e+02   1.2944580e+04
   2.4400000e+02   1.2879281e+04
   2.4500000e+02   1.2813657e+04
   2.4600000e+02   1.2747745e+04
   2.4700000e+02   1.2681582e+04
   2.4800000e+02   1.2615206e+04
   2.4900000e+02   1.2548653e+04
   2.5000000e+02   1.2481963e+04
   2.5100000e+02   1.2415172e+04
   2.5200000e+02   1.2348319e+04
   2.5300000e+02   1.2281443e+04
   2.5400000e+02   1.2214581e+04
   2.5500000e+02   1.2147772e+04
   2.5600000e+02   1.2081054e+04
   2.5700000e+02   1.2014466e+04
   2.5800000e+02   1.1948045e+04
   2.5900000e+02   1.1881831e+04
   2.6000000e+02   1.1815860e+04
   2.6100000e+02   1.1750174e+04
   2.6200000e+02   1.1684807e+04
   2.6300000e+02   1.1619798e+04
   2.6400000e+02   1.1555185e+04
   2.6500000e+02   1.1491005e+04
   2.6600000e+02   1.1427295e+04
   2.6700000e+02   1.1364093e+04
   2.6800000e+02   1.1301433e+04
   2.6900000e+02   1.1239352e+04
   2.7000000e+02   1.1177886e+04
   2.7100000e+02   1.1109655e+04
   2.7200000e+02   1.1042093e+04
   2.7300000e+02   1.0975233e+04
   2.7400000e+02   1.0909108e+04
   2.7500000e+02   1.0843751e+04
   2.7600000e+02   1.0779194e+04
   2.7700000e+02   1.0715468e+04
   2.7800000e+02   1.0652603e+04
   2.7900000e+02   1.0590629e+04
   2.8000000e+02   1.0529575e+04
   2.8100000e+02   1.0469471e+04
   2.8200000e+02   1.0410342e+04
   2.8300000e+02   1.0352215e+04
   2.8400000e+02   1.0295115e+04
   2.8500000e+02   1.0239067e+04
   2.8600000e+02   1.0184095e+04
   2.8700000e+02   1.0130219e+04
   2.8800000e+02   1.0077461e+04
   2.8900000e+02   1.0025842e+04
   2.9000000e+02   9.9753789e+03
   2.9100000e+02   9.9260908e+03
   2.9200000e+02   9.8779941e+03
   2.9300000e+02   9.8311025e+03
   2.9400000e+02   9.7854297e+03
   2.9500000e+02   9.7409893e+03
   2.9600000e+02   9.6977910e+03
   2.9700000e+02   9.6558438e+03
   2.9800000e+02   9.6151563e+03
   2.9900000e+02   9.5757363e+03
   3.0000000e+02   9.5375869e+03
   3.0100000e+02   9.4931943e+03
   3.0200000e+02   9.4499375e+03
   3.0300000e+02   9.4078184e+03
   3.0400000e+02   9.3668379e+03
   3.0500000e+02   9.3269961e+03
   3.0600000e+02   9.2882920e+03
   3.0700000e+02   9.2507227e+03
   3.0800000e+02   9.2142852e+03
   3.0900000e+02   9.1789756e+03
   3.1000000e+02   9.1447861e+03
   3.1100000e+02   9.1117119e+03
   3.1200000e+02   9.0797432e+03
   3.1300000e+02   9.0488711e+03
   3.1400000e+02   9.0190869e+03
   3.1500000e+02   8.9903779e+03
   3.1600000e+02   8.9627324e+03
   3.1700000e+02   8.9361377e+03
   3.1800000e+02   8.9105801e+03
   3.1900000e+02   8.8860439e+03
   3.2000000e+02   8.8625156e+03
   3.2100000e+02   8.8399775e+03
   3.2200000e+02   8.8184141e+03
   3.2300000e+02   8.7978076e+03
   3.2400000e+02   8.7781396e+03
   3.2500000e+02   8.7593926e+03
   3.2600000e+02   8.7415479e+03
   3.2700000e+02   8.7245850e+03
   3.2800000e+02   8.7084854e+03
   3.2900000e+02   8.6932305e+03
   3.3000000e+02   8.6787979e+03
   3.3100000e+02   8.6524824e+03
   3.3200000e+02   8.6268057e+03
   3.3300000e+02   8.6017520e+03
   3.3400000e+02   8.5773096e+03
   3.3500000e+02   8.5534648e+03
   3.3600000e+02   8.5302041e+03
   3.3700000e+02   8.5075156e+03
   3.3800000e+02   8.4853857e+03
   3.3900000e+02   8.4638037e+03
   3.4000000e+02   8.4427559e+03
   3.4100000e+02   8.4222334e+03
   3.4200000e+02   8.4022227e+03
   3.4300000e+02   8.3827168e+03
   3.4400000e+02   8.3637031e+03
   3.4500000e+02   8.3451738e+03
   3.4600000e+02   8.3271211e+03
   3.4700000e+02   8.3095361e+03
   3.4800000e+02   8.2924131e+03
   3.4900000e+02   8.2757441e+03
   3.5000000e+02   8.2595254e+03
   3.5100000e+02   8.2437510e+03
   3.5200000e+02   8.2284180e+03
   3.5300000e+02   8.2135234e+03
   3.5400000e+02   8.1990645e+03
   3.5500000e+02   8.1850400e+03
   3.5600000e+02   8.1714502e+03
   3.5700000e+02   8.1582959e+03
   3.5800000e+02   8.1455786e+03
   3.5900000e+02   8.1333008e+03
   2.6219766e-08   8.1214653e+03
