   0.0000000e+00   5.3248453e-01
   1.0000000e+00   5.2781624e-01
   2.0000000e+00   5.0883293e-01
   3.0000000e+00   4.8475024e-01
   4.0000000e+00   4.5580158e-01
   5.0000000e+00   4.1893339e-01
   6.0000000e+00   3.8689113e-01
   7.0000000e+00   3.8076156e-01
   8.0000000e+00   3.7187266e-01
   9.0000000e+00   3.6294541e-01
   1.0000000e+01   3.5447702e-01
   1.1000000e+01   3.4660080e-01
   1.2000000e+01   3.3934313e-01
   1.3000000e+01   3.3269176e-01
   1.4000000e+01   3.2661954e-01
   1.5000000e+01   3.2109404e-01
   1.6000000e+01   3.1608173e-01
   1.7000000e+01   3.1154972e-01
   1.8000000e+01   3.0746666e-01
   1.9000000e+01   3.0380312e-01
   2.0000000e+01   3.0053154e-01
   2.1000000e+01   2.9762650e-01
   2.2000000e+01   2.9506427e-01
   2.3000000e+01   2.9282293e-01
   2.4000000e+01   2.9088217e-01
   2.5000000e+01   2.8922310e-01
   2.6000000e+01   2.8782821e-01
   2.7000000e+01   2.8668118e-01
   2.8000000e+01   2.8576690e-01
   2.9000000e+01   2.8507125e-01
   3.0000000e+01   2.8458121e-01
   3.1000000e+01   3.1277636e-01
   3.2000000e+01   3.3839884e-01
   3.3000000e+01   3.6153322e-01
   3.4000000e+01   3.8225794e-01
   3.5000000e+01   4.0064576e-01
   3.6000000e+01   4.1676426e-01
   3.7000000e+01   4.3067616e-01
   3.8000000e+01   4.4243979e-01
   3.9000000e+01   4.5210916e-01
   4.0000000e+01   4.5973444e-01
   4.1000000e+01   4.6536201e-01
   4.2000000e+01   4.6903470e-01
   4.3000000e+01   4.7079194e-01
   4.4000000e+01   4.7066978e-01
   4.5000000e+01   4.6870109e-01
   4.6000000e+01   4.6491560e-01
   4.7000000e+01   4.5925042e-01
   4.8000000e+01   4.5180416e-01
   4.9000000e+01   4.4260028e-01
   5.0000000e+01   4.3165573e-01
   5.1000000e+01   4.1898409e-01
   5.2000000e+01   4.0459558e-01
   5.3000000e+01   3.8849679e-01
   5.4000000e+01   3.7069052e-01
   5.5000000e+01   3.5117552e-01
   5.6000000e+01   3.2994622e-01
   5.7000000e+01   3.0699220e-01
   5.8000000e+01   2.8229776e-01
   5.9000000e+01   2.5584126e-01
   6.0000000e+01   2.2759432e-01
   6.1000000e+01   2.2955254e-01
   6.2000000e+01   2.3138066e-01
   6.3000000e+01   2.3308808e-01
   6.4000000e+01   2.3468354e-01
   6.5000000e+01   2.3617448e-01
   6.6000000e+01   2.3756681e-01
   6.7000000e+01   2.3886453e-01
   6.8000000e+01   2.4006885e-01
   6.9000000e+01   2.4117717e-01
   7.0000000e+01   2.4218111e-01
   7.1000000e+01   2.4306357e-01
   7.2000000e+01   2.4379373e-01
   7.3000000e+01   2.4426270e-01
   7.4000000e+01   2.4424672e-01
   7.5000000e+01   2.4367656e-01
   7.6000000e+01   2.4224077e-01
   7.7000000e+01   2.3908429e-01
   7.8000000e+01   2.3128612e-01
   7.9000000e+01   2.3673928e-01
   8.0000000e+01   2.8082520e-01
   8.1000000e+01   3.1028876e-01
   8.2000000e+01   3.3275709e-01
   8.3000000e+01   3.5029671e-01
   8.4000000e+01   3.6388847e-01
   8.5000000e+01   3.7410945e-01
   8.6000000e+01   3.8115588e-01
   8.7000000e+01   3.8542429e-01
   8.8000000e+01   3.8716409e-01
   8.9000000e+01   3.8653541e-01
   9.0000000e+01   3.8366616e-01
   9.1000000e+01   3.7314081e-01
   9.2000000e+01   3.6272505e-01
   9.3000000e+01   3.5240927e-01
   9.4000000e+01   3.4219527e-01
   9.5000000e+01   3.3208230e-01
   9.6000000e+01   3.2206979e-01
   9.7000000e+01   3.1215736e-01
   9.8000000e+01   3.0234483e-01
   9.9000000e+01   2.9261056e-01
   1.0000000e+02   2.8281593e-01
   1.0100000e+02   2.7313623e-01
   1.0200000e+02   2.6357362e-01
   1.0300000e+02   2.5412971e-01
   1.0400000e+02   2.4480668e-01
   1.0500000e+02   2.3556349e-01
   1.0600000e+02   2.2641858e-01
   1.0700000e+02   2.1739627e-01
   1.0800000e+02   2.0850241e-01
   1.0900000e+02   1.9974414e-01
   1.1000000e+02   1.9113027e-01
   1.1100000e+02   1.8267202e-01
   1.1200000e+02   1.7438357e-01
   1.1300000e+02   1.6628277e-01
   1.1400000e+02   1.5837909e-01
   1.1500000e+02   1.5066913e-01
   1.1600000e+02   1.4325753e-01
   1.1700000e+02   1.3619916e-01
   1.1800000e+02   1.2956947e-01
   1.1900000e+02   1.2340304e-01
   1.2000000e+02   1.1788753e-01
   1.2100000e+02   1.0302281e-01
   1.2200000e+02   8.8107802e-02
   1.2300000e+02   7.3125109e-02
   1.2400000e+02   5.8055453e-02
   1.2500000e+02   4.2877421e-02
   1.2600000e+02   2.7566964e-02
   1.2700000e+02   1.2091288e-02
   1.2800000e+02  -3.5880913e-03
   1.2900000e+02  -1.9508261e-02
   1.3000000e+02  -3.5712857e-02
   1.3100000e+02  -5.2254029e-02
   1.3200000e+02  -6.9195136e-02
   1.3300000e+02  -8.6614743e-02
   1.3400000e+02  -1.0462145e-01
   1.3500000e+02  -1.2340721e-01
   1.3600000e+02  -1.4307517e-01
   1.3700000e+02  -1.6382147e-01
   1.3800000e+02  -1.8610044e-01
   1.3900000e+02  -2.1062741e-01
   1.4000000e+02  -2.3909219e-01
   1.4100000e+02  -2.7756464e-01
   1.4200000e+02  -2.7367756e-01
   1.4300000e+02  -2.9302517e-01
   1.4400000e+02  -3.4283605e-01
   1.4500000e+02  -2.9853967e-01
   1.4600000e+02  -2.6269981e-01
   1.4700000e+02  -2.3569730e-01
   1.4800000e+02  -2.1320838e-01
   1.4900000e+02  -1.9363634e-01
   1.5000000e+02  -1.7616943e-01
   1.5100000e+02  -1.4684437e-01
   1.5200000e+02  -1.1973017e-01
   1.5300000e+02  -9.4456658e-02
   1.5400000e+02  -7.0752196e-02
   1.5500000e+02  -4.8449513e-02
   1.5600000e+02  -2.7393568e-02
   1.5700000e+02  -7.3758448e-03
   1.5800000e+02   1.1711343e-02
   1.5900000e+02   2.9957818e-02
   1.6000000e+02   4.7439683e-02
   1.6100000e+02   6.4222157e-02
   1.6200000e+02   8.0361649e-02
   1.6300000e+02   9.5907412e-02
   1.6400000e+02   1.1090275e-01
   1.6500000e+02   1.2538600e-01
   1.6600000e+02   1.3939130e-01
   1.6700000e+02   1.5294929e-01
   1.6800000e+02   1.6608748e-01
   1.6900000e+02   1.7883080e-01
   1.7000000e+02   1.9120188e-01
   1.7100000e+02   2.0322135e-01
   1.7200000e+02   2.1490806e-01
   1.7300000e+02   2.2627935e-01
   1.7400000e+02   2.3735113e-01
   1.7500000e+02   2.4813814e-01
   1.7600000e+02   2.5864863e-01
   1.7700000e+02   2.6888824e-01
   1.7800000e+02   2.7885762e-01
   1.7900000e+02   2.8859550e-01
   1.8000000e+02   2.9811189e-01
   1.8100000e+02   3.0788404e-01
   1.8200000e+02   3.1749222e-01
   1.8300000e+02   3.2694075e-01
   1.8400000e+02   3.3623385e-01
   1.8500000e+02   3.4537557e-01
   1.8600000e+02   3.5436979e-01
   1.8700000e+02   3.6322030e-01
   1.8800000e+02   3.7193072e-01
   1.8900000e+02   3.8050455e-01
   1.9000000e+02   3.8894522e-01
   1.9100000e+02   3.9725596e-01
   1.9200000e+02   4.0543997e-01
   1.9300000e+02   4.1350028e-01
   1.9400000e+02   4.2143992e-01
   1.9500000e+02   4.2926165e-01
   1.9600000e+02   4.3696836e-01
   1.9700000e+02   4.4456270e-01
   1.9800000e+02   4.5204732e-01
   1.9900000e+02   4.5942473e-01
   2.0000000e+02   4.6669698e-01
   2.0100000e+02   4.7386658e-01
   2.0200000e+02   4.8093602e-01
   2.0300000e+02   4.8790759e-01
   2.0400000e+02   4.9478337e-01
   2.0500000e+02   5.0156277e-01
   2.0600000e+02   5.0824887e-01
   2.0700000e+02   5.1484787e-01
   2.0800000e+02   5.2136159e-01
   2.0900000e+02   5.2779180e-01
   2.1000000e+02   5.3414029e-01
   2.1100000e+02   5.3738147e-01
   2.1200000e+02   5.4057002e-01
   2.1300000e+02   5.4370689e-01
   2.1400000e+02   5.4679298e-01
   2.1500000e+02   5.4982924e-01
   2.1600000e+02   5.5281645e-01
   2.1700000e+02   5.5575556e-01
   2.1800000e+02   5.5864733e-01
   2.1900000e+02   5.6149256e-01
   2.2000000e+02   5.6429225e-01
   2.2100000e+02   5.6704730e-01
   2.2200000e+02   5.6975830e-01
   2.2300000e+02   5.7242596e-01
   2.2400000e+02   5.7505101e-01
   2.2500000e+02   5.7763416e-01
   2.2600000e+02   5.8017612e-01
   2.2700000e+02   5.8267754e-01
   2.2800000e+02   5.8513916e-01
   2.2900000e+02   5.8756161e-01
   2.3000000e+02   5.8994550e-01
   2.3100000e+02   5.9229147e-01
   2.3200000e+02   5.9460020e-01
   2.3300000e+02   5.9687221e-01
   2.3400000e+02   5.9910822e-01
   2.3500000e+02   6.0130864e-01
   2.3600000e+02   6.0347420e-01
   2.3700000e+02   6.0560530e-01
   2.3800000e+02   6.0770267e-01
   2.3900000e+02   6.0976672e-01
   2.4000000e+02   6.1179805e-01
   2.4100000e+02   6.1177611e-01
   2.4200000e+02   6.1173707e-01
   2.4300000e+02   6.1168122e-01
   2.4400000e+02   6.1160886e-01
   2.4500000e+02   6.1152023e-01
   2.4600000e+02   6.1141551e-01
   2.4700000e+02   6.1129498e-01
   2.4800000e+02   6.1115885e-01
   2.4900000e+02   6.1100739e-01
   2.5000000e+02   6.1084086e-01
   2.5100000e+02   6.1065942e-01
   2.5200000e+02   6.1046332e-01
   2.5300000e+02   6.1025280e-01
   2.5400000e+02   6.1002803e-01
   2.5500000e+02   6.0978925e-01
   2.5600000e+02   6.0953665e-01
   2.5700000e+02   6.0927039e-01
   2.5800000e+02   6.0899079e-01
   2.5900000e+02   6.0869789e-01
   2.6000000e+02   6.0839200e-01
   2.6100000e+02   6.0807329e-01
   2.6200000e+02   6.0774189e-01
   2.6300000e+02   6.0739803e-01
   2.6400000e+02   6.0704190e-01
   2.6500000e+02   6.0667360e-01
   2.6600000e+02   6.0629338e-01
   2.6700000e+02   6.0590136e-01
   2.6800000e+02   6.0549778e-01
   2.6900000e+02   6.0508269e-01
   2.7000000e+02   6.0465634e-01
   2.7100000e+02   6.0346085e-01
   2.7200000e+02   6.0226101e-01
   2.7300000e+02   6.0105687e-01
   2.7400000e+02   5.9984851e-01
   2.7500000e+02   5.9863603e-01
   2.7600000e+02   5.9741944e-01
   2.7700000e+02   5.9619880e-01
   2.7800000e+02   5.9497422e-01
   2.7900000e+02   5.9374565e-01
   2.8000000e+02   5.9251326e-01
   2.8100000e+02   5.9127700e-01
   2.8200000e+02   5.9003699e-01
   2.8300000e+02   5.8879328e-01
   2.8400000e+02   5.8754593e-01
   2.8500000e+02   5.8629489e-01
   2.8600000e+02   5.8504033e-01
   2.8700000e+02   5.8378232e-01
   2.8800000e+02   5.8252048e-01
   2.8900000e+02   5.8125520e-01
   2.9000000e+02   5.7998657e-01
   2.9100000e+02   5.7871473e-01
   2.9200000e+02   5.7743967e-01
   2.9300000e+02   5.7616138e-01
   2.9400000e+02   5.7488000e-01
   2.9500000e+02   5.7359558e-01
   2.9600000e+02   5.7230806e-01
   2.9700000e+02   5.7101756e-01
   2.9800000e+02   5.6972408e-01
   2.9900000e+02   5.6842774e-01
   3.0000000e+02   5.6712848e-01
   3.0100000e+02   5.6640315e-01
   3.0200000e+02   5.6567770e-01
   3.0300000e+02   5.6495219e-01
   3.0400000e+02   5.6422663e-01
   3.0500000e+02   5.6350106e-01
   3.0600000e+02   5.6277537e-01
   3.0700000e+02   5.6204969e-01
   3.0800000e+02   5.6132394e-01
   3.0900000e+02   5.6059819e-01
   3.1000000e+02   5.5987239e-01
   3.1100000e+02   5.5914658e-01
   3.1200000e+02   5.5842072e-01
   3.1300000e+02   5.5769491e-01
   3.1400000e+02   5.5696905e-01
   3.1500000e+02   5.5624318e-01
   3.1600000e+02   5.5551732e-01
   3.1700000e+02   5.5479151e-01
   3.1800000e+02   5.5406564e-01
   3.1900000e+02   5.5333984e-01
   3.2000000e+02   5.5261403e-01
   3.2100000e+02   5.5188829e-01
   3.2200000e+02   5.5116254e-01
   3.2300000e+02   5.5043679e-01
   3.2400000e+02   5.4971111e-01
   3.2500000e+02   5.4898548e-01
   3.2600000e+02   5.4825991e-01
   3.2700000e+02   5.4753435e-01
   3.2800000e+02   5.4680884e-01
   3.2900000e+02   5.4608339e-01
   3.3000000e+02   5.4535800e-01
   3.3100000e+02   5.4621661e-01
   3.3200000e+02   5.4707718e-01
   3.3300000e+02   5.4793966e-01
   3.3400000e+02   5.4880404e-01
   3.3500000e+02   5.4967034e-01
   3.3600000e+02   5.5053848e-01
   3.3700000e+02   5.5140853e-01
   3.3800000e+02   5.5228037e-01
   3.3900000e+02   5.5315405e-01
   3.4000000e+02   5.5402958e-01
   3.4100000e+02   5.5490685e-01
   3.4200000e+02   5.5578595e-01
   3.4300000e+02   5.5666685e-01
   3.4400000e+02   5.5754948e-01
   3.4500000e+02   5.5843383e-01
   3.4600000e+02   5.5931997e-01
   3.4700000e+02   5.6020778e-01
   3.4800000e+02   5.6109732e-01
   3.4900000e+02   5.6198853e-01
   3.5000000e+02   5.6288141e-01
   3.5100000e+02   5.6377596e-01
   3.5200000e+02   5.6467217e-01
   3.5300000e+02   5.6557000e-01
   3.5400000e+02   5.6646949e-01
   3.5500000e+02   5.6737059e-01
   3.5600000e+02   5.6827325e-01
   3.5700000e+02   5.6917751e-01
   3.5800000e+02   5.7008332e-01
   3.5900000e+02   5.7099074e-01
   2.6219766e-08   5.7189971e-01
