   0.0000000e+00   1.0265525e-03
   1.0000000e+00   1.0764526e-02
   2.0000000e+00   1.0773390e-02
   3.0000000e+00   1.0766581e-02
   4.0000000e+00   1.0759816e-02
   5.0000000e+00   1.0753137e-02
   6.0000000e+00   1.0746545e-02
   7.0000000e+00   1.0740043e-02
   8.0000000e+00   1.0733629e-02
   9.0000000e+00   1.0727305e-02
   1.0000000e+01   1.0721073e-02
   1.1000000e+01   1.0714931e-02
   1.2000000e+01   1.0708882e-02
   1.3000000e+01   1.0702926e-02
   1.4000000e+01   1.0697062e-02
   1.5000000e+01   1.0691465e-02
   1.6000000e+01   1.0686160e-02
   1.7000000e+01   1.0680987e-02
   1.8000000e+01   1.0675947e-02
   1.9000000e+01   1.0671037e-02
   2.0000000e+01   1.0666257e-02
   2.1000000e+01   1.0661605e-02
   2.2000000e+01   1.0657080e-02
   2.3000000e+01   1.0652683e-02
   2.4000000e+01   1.0648411e-02
   2.5000000e+01   1.0644263e-02
   2.6000000e+01   1.0640238e-02
   2.7000000e+01   1.0636372e-02
   2.8000000e+01   1.0632610e-02
   2.9000000e+01   1.0628939e-02
   3.0000000e+01   1.0625356e-02
   3.1000000e+01   1.0645098e-02
   3.2000000e+01   1.0667530e-02
   3.3000000e+01   1.0692595e-02
   3.4000000e+01   1.0720238e-02
   3.5000000e+01   1.0750407e-02
   3.6000000e+01   1.0783049e-02
   3.7000000e+01   1.0818114e-02
   3.8000000e+01   1.0855548e-02
   3.9000000e+01   1.0895303e-02
   4.0000000e+01   1.0937332e-02
   4.1000000e+01   1.0981586e-02
   4.2000000e+01   1.1028017e-02
   4.3000000e+01   1.1076581e-02
   4.4000000e+01   1.1127233e-02
   4.5000000e+01   1.1179929e-02
   4.6000000e+01   1.1234625e-02
   4.7000000e+01   1.1291281e-02
   4.8000000e+01   1.1349854e-02
   4.9000000e+01   1.1410304e-02
   5.0000000e+01   1.1472592e-02
   5.1000000e+01   1.1536678e-02
   5.2000000e+01   1.1602527e-02
   5.3000000e+01   1.1670097e-02
   5.4000000e+01   1.1739356e-02
   5.5000000e+01   1.1810264e-02
   5.6000000e+01   1.1882789e-02
   5.7000000e+01   1.1956896e-02
   5.8000000e+01   1.2033757e-02
   5.9000000e+01   1.2111012e-02
   6.0000000e+01   1.2188395e-02
   6.1000000e+01   1.2254253e-02
   6.2000000e+01   1.2318484e-02
   6.3000000e+01   1.2381334e-02
   6.4000000e+01   1.2442661e-02
   6.5000000e+01   1.2502326e-02
   6.6000000e+01   1.2560180e-02
   6.7000000e+01   1.2616074e-02
   6.8000000e+01   1.2669852e-02
   6.9000000e+01   1.2721352e-02
   7.0000000e+01   1.2770406e-02
   7.1000000e+01   1.2816841e-02
   7.2000000e+01   1.2860476e-02
   7.3000000e+01   1.2901126e-02
   7.4000000e+01   1.2938598e-02
   7.5000000e+01   1.2972692e-02
   7.6000000e+01   1.3003201e-02
   7.7000000e+01   1.3029911e-02
   7.8000000e+01   1.3052599e-02
   7.9000000e+01   1.3074868e-02
   8.0000000e+01   1.3112068e-02
   8.1000000e+01   1.3148436e-02
   8.2000000e+01   1.3183964e-02
   8.3000000e+01   1.3218664e-02
   8.4000000e+01   1.3252546e-02
   8.5000000e+01   1.3285625e-02
   8.6000000e+01   1.3317910e-02
   8.7000000e+01   1.3349414e-02
   8.8000000e+01   1.3380148e-02
   8.9000000e+01   1.3410124e-02
   9.0000000e+01   1.3439354e-02
   9.1000000e+01   1.3445646e-02
   9.2000000e+01   1.3451139e-02
   9.3000000e+01   1.3455868e-02
   9.4000000e+01   1.3459868e-02
   9.5000000e+01   1.3463180e-02
   9.6000000e+01   1.3465844e-02
   9.7000000e+01   1.3467904e-02
   9.8000000e+01   1.3469401e-02
   9.9000000e+01   1.3470372e-02
   1.0000000e+02   1.3470856e-02
   1.0100000e+02   1.3470887e-02
   1.0200000e+02   1.3470500e-02
   1.0300000e+02   1.3469724e-02
   1.0400000e+02   1.3468590e-02
   1.0500000e+02   1.3467121e-02
   1.0600000e+02   1.3465343e-02
   1.0700000e+02   1.3463277e-02
   1.0800000e+02   1.3460943e-02
   1.0900000e+02   1.3458361e-02
   1.1000000e+02   1.3455544e-02
   1.1100000e+02   1.3452507e-02
   1.1200000e+02   1.3458837e-02
   1.1300000e+02   1.3466607e-02
   1.1400000e+02   1.3467847e-02
   1.1500000e+02   1.3464201e-02
   1.1600000e+02   1.3457303e-02
   1.1700000e+02   1.3448359e-02
   1.1800000e+02   1.3438232e-02
   1.1900000e+02   1.3427541e-02
   1.2000000e+02   1.3416719e-02
   1.2100000e+02   1.3417392e-02
   1.2200000e+02   1.3418216e-02
   1.2300000e+02   1.3419182e-02
   1.2400000e+02   1.3420275e-02
   1.2500000e+02   1.3421482e-02
   1.2600000e+02   1.3422794e-02
   1.2700000e+02   1.3424197e-02
   1.2800000e+02   1.3425685e-02
   1.2900000e+02   1.3427251e-02
   1.3000000e+02   1.3428889e-02
   1.3100000e+02   1.3430595e-02
   1.3200000e+02   1.3432366e-02
   1.3300000e+02   1.3434199e-02
   1.3400000e+02   1.3436090e-02
   1.3500000e+02   1.3438039e-02
   1.3600000e+02   1.3440041e-02
   1.3700000e+02   1.3442094e-02
   1.3800000e+02   1.3444196e-02
   1.3900000e+02   1.3446341e-02
   1.4000000e+02   1.3448529e-02
   1.4100000e+02   1.3450755e-02
   1.4200000e+02   1.3453019e-02
   1.4300000e+02   1.3455317e-02
   1.4400000e+02   1.3457648e-02
   1.4500000e+02   1.3460011e-02
   1.4600000e+02   1.3462407e-02
   1.4700000e+02   1.3464833e-02
   1.4800000e+02   1.3467287e-02
   1.4900000e+02   1.3469766e-02
   1.5000000e+02   1.3472271e-02
   1.5100000e+02   1.3476689e-02
   1.5200000e+02   1.3481176e-02
   1.5300000e+02   1.3485733e-02
   1.5400000e+02   1.3490359e-02
   1.5500000e+02   1.3495054e-02
   1.5600000e+02   1.3499818e-02
   1.5700000e+02   1.3504650e-02
   1.5800000e+02   1.3509549e-02
   1.5900000e+02   1.3514515e-02
   1.6000000e+02   1.3519547e-02
   1.6100000e+02   1.3524644e-02
   1.6200000e+02   1.3529807e-02
   1.6300000e+02   1.3535036e-02
   1.6400000e+02   1.3540329e-02
   1.6500000e+02   1.3545688e-02
   1.6600000e+02   1.3551111e-02
   1.6700000e+02   1.3556598e-02
   1.6800000e+02   1.3562146e-02
   1.6900000e+02   1.3567757e-02
   1.7000000e+02   1.3573430e-02
   1.7100000e+02   1.3579166e-02
   1.7200000e+02   1.3584965e-02
   1.7300000e+02   1.3590823e-02
   1.7400000e+02   1.3596741e-02
   1.7500000e+02   1.3602721e-02
   1.7600000e+02   1.3608758e-02
   1.7700000e+02   1.3614855e-02
   1.7800000e+02   1.3621010e-02
   1.7900000e+02   1.3627224e-02
   1.8000000e+02   1.3633496e-02
   1.8100000e+02   1.3629721e-02
   1.8200000e+02   1.3626079e-02
   1.8300000e+02   1.3622572e-02
   1.8400000e+02   1.3619196e-02
   1.8500000e+02   1.3615951e-02
   1.8600000e+02   1.3612838e-02
   1.8700000e+02   1.3609854e-02
   1.8800000e+02   1.3606998e-02
   1.8900000e+02   1.3604271e-02
   1.9000000e+02   1.3601673e-02
   1.9100000e+02   1.3599202e-02
   1.9200000e+02   1.3596858e-02
   1.9300000e+02   1.3594640e-02
   1.9400000e+02   1.3592549e-02
   1.9500000e+02   1.3590581e-02
   1.9600000e+02   1.3588737e-02
   1.9700000e+02   1.3587015e-02
   1.9800000e+02   1.3585416e-02
   1.9900000e+02   1.3583938e-02
   2.0000000e+02   1.3582581e-02
   2.0100000e+02   1.3581343e-02
   2.0200000e+02   1.3580226e-02
   2.0300000e+02   1.3579229e-02
   2.0400000e+02   1.3578352e-02
   2.0500000e+02   1.3577595e-02
   2.0600000e+02   1.3576961e-02
   2.0700000e+02   1.3576448e-02
   2.0800000e+02   1.3576057e-02
   2.0900000e+02   1.3575789e-02
   2.1000000e+02   1.3575642e-02
   2.1100000e+02   1.3542031e-02
   2.1200000e+02   1.3510367e-02
   2.1300000e+02   1.3480436e-02
   2.1400000e+02   1.3452048e-02
   2.1500000e+02   1.3425038e-02
   2.1600000e+02   1.3399256e-02
   2.1700000e+02   1.3374574e-02
   2.1800000e+02   1.3350875e-02
   2.1900000e+02   1.3328059e-02
   2.2000000e+02   1.3306032e-02
   2.2100000e+02   1.3284717e-02
   2.2200000e+02   1.3264041e-02
   2.2300000e+02   1.3243942e-02
   2.2400000e+02   1.3224362e-02
   2.2500000e+02   1.3205254e-02
   2.2600000e+02   1.3186574e-02
   2.2700000e+02   1.3168285e-02
   2.2800000e+02   1.3150350e-02
   2.2900000e+02   1.3132740e-02
   2.3000000e+02   1.3115427e-02
   2.3100000e+02   1.3098388e-02
   2.3200000e+02   1.3081601e-02
   2.3300000e+02   1.3065048e-02
   2.3400000e+02   1.3048710e-02
   2.3500000e+02   1.3032576e-02
   2.3600000e+02   1.3016631e-02
   2.3700000e+02   1.3000865e-02
   2.3800000e+02   1.2985269e-02
   2.3900000e+02   1.2969835e-02
   2.4000000e+02   1.2954555e-02
   2.4100000e+02   1.2984199e-02
   2.4200000e+02   1.3013237e-02
   2.4300000e+02   1.3041698e-02
   2.4400000e+02   1.3069613e-02
   2.4500000e+02   1.3097007e-02
   2.4600000e+02   1.3123902e-02
   2.4700000e+02   1.3150321e-02
   2.4800000e+02   1.3176282e-02
   2.4900000e+02   1.3201804e-02
   2.5000000e+02   1.3226901e-02
   2.5100000e+02   1.3251589e-02
   2.5200000e+02   1.3275879e-02
   2.5300000e+02   1.3299786e-02
   2.5400000e+02   1.3323318e-02
   2.5500000e+02   1.3346489e-02
   2.5600000e+02   1.3369304e-02
   2.5700000e+02   1.3391773e-02
   2.5800000e+02   1.3413904e-02
   2.5900000e+02   1.3435704e-02
   2.6000000e+02   1.3457177e-02
   2.6100000e+02   1.3478330e-02
   2.6200000e+02   1.3499169e-02
   2.6300000e+02   1.3519695e-02
   2.6400000e+02   1.3539914e-02
   2.6500000e+02   1.3559829e-02
   2.6600000e+02   1.3579444e-02
   2.6700000e+02   1.3598761e-02
   2.6800000e+02   1.3617782e-02
   2.6900000e+02   1.3636509e-02
   2.7000000e+02   1.3654944e-02
   2.7100000e+02   1.3607748e-02
   2.7200000e+02   1.3560680e-02
   2.7300000e+02   1.3513742e-02
   2.7400000e+02   1.3466936e-02
   2.7500000e+02   1.3420263e-02
   2.7600000e+02   1.3373727e-02
   2.7700000e+02   1.3327328e-02
   2.7800000e+02   1.3281072e-02
   2.7900000e+02   1.3234956e-02
   2.8000000e+02   1.3188986e-02
   2.8100000e+02   1.3143162e-02
   2.8200000e+02   1.3097488e-02
   2.8300000e+02   1.3051965e-02
   2.8400000e+02   1.3006595e-02
   2.8500000e+02   1.2961381e-02
   2.8600000e+02   1.2916326e-02
   2.8700000e+02   1.2871429e-02
   2.8800000e+02   1.2826695e-02
   2.8900000e+02   1.2782127e-02
   2.9000000e+02   1.2737724e-02
   2.9100000e+02   1.2693491e-02
   2.9200000e+02   1.2649429e-02
   2.9300000e+02   1.2605541e-02
   2.9400000e+02   1.2561829e-02
   2.9500000e+02   1.2518294e-02
   2.9600000e+02   1.2474941e-02
   2.9700000e+02   1.2431770e-02
   2.9800000e+02   1.2388784e-02
   2.9900000e+02   1.2345986e-02
   3.0000000e+02   1.2303377e-02
   3.0100000e+02   1.2256091e-02
   3.0200000e+02   1.2208803e-02
   3.0300000e+02   1.2161513e-02
   3.0400000e+02   1.2114221e-02
   3.0500000e+02   1.2066928e-02
   3.0600000e+02   1.2019633e-02
   3.0700000e+02   1.1972338e-02
   3.0800000e+02   1.1925041e-02
   3.0900000e+02   1.1877743e-02
   3.1000000e+02   1.1830444e-02
   3.1100000e+02   1.1783144e-02
   3.1200000e+02   1.1735843e-02
   3.1300000e+02   1.1688543e-02
   3.1400000e+02   1.1641242e-02
   3.1500000e+02   1.1593941e-02
   3.1600000e+02   1.1546639e-02
   3.1700000e+02   1.1499338e-02
   3.1800000e+02   1.1452037e-02
   3.1900000e+02   1.1404735e-02
   3.2000000e+02   1.1357435e-02
   3.2100000e+02   1.1310135e-02
   3.2200000e+02   1.1262835e-02
   3.2300000e+02   1.1215536e-02
   3.2400000e+02   1.1168238e-02
   3.2500000e+02   1.1120941e-02
   3.2600000e+02   1.1073646e-02
   3.2700000e+02   1.1026353e-02
   3.2800000e+02   1.0979061e-02
   3.2900000e+02   1.0931770e-02
   3.3000000e+02   1.0884481e-02
   3.3100000e+02   1.0876593e-02
   3.3200000e+02   1.0868716e-02
   3.3300000e+02   1.0860850e-02
   3.3400000e+02   1.0852994e-02
   3.3500000e+02   1.0845149e-02
   3.3600000e+02   1.0837315e-02
   3.3700000e+02   1.0829491e-02
   3.3800000e+02   1.0821678e-02
   3.3900000e+02   1.0813875e-02
   3.4000000e+02   1.0806084e-02
   3.4100000e+02   1.0798302e-02
   3.4200000e+02   1.0790532e-02
   3.4300000e+02   1.0782773e-02
   3.4400000e+02   1.0775024e-02
   3.4500000e+02   1.0767285e-02
   3.4600000e+02   1.0759558e-02
   3.4700000e+02   1.0751841e-02
   3.4800000e+02   1.0744134e-02
   3.4900000e+02   1.0736439e-02
   3.5000000e+02   1.0728754e-02
   3.5100000e+02   1.0721081e-02
   3.5200000e+02   1.0713417e-02
   3.5300000e+02   1.0705764e-02
   3.5400000e+02   1.0698123e-02
   3.5500000e+02   1.0690492e-02
   3.5600000e+02   1.0682871e-02
   3.5700000e+02   1.0675261e-02
   3.5800000e+02   1.0667661e-02
   3.5900000e+02   1.0660072e-02
