   0.0000000e+00   1.3551757e+01
   1.0000000e+00   1.3551757e+01
   2.0000000e+00   1.3514771e+01
   3.0000000e+00   1.3477609e+01
   4.0000000e+00   1.3440131e+01
   5.0000000e+00   1.3402347e+01
   6.0000000e+00   1.3364264e+01
   7.0000000e+00   1.3325894e+01
   8.0000000e+00   1.3287242e+01
   9.0000000e+00   1.3248316e+01
   1.0000000e+01   1.3209123e+01
   1.1000000e+01   1.3169670e+01
   1.2000000e+01   1.3129970e+01
   1.3000000e+01   1.3090025e+01
   1.4000000e+01   1.3049846e+01
   1.5000000e+01   1.3009437e+01
   1.6000000e+01   1.2968803e+01
   1.7000000e+01   1.2927958e+01
   1.8000000e+01   1.2886905e+01
   1.9000000e+01   1.2845653e+01
   2.0000000e+01   1.2804210e+01
   2.1000000e+01   1.2762585e+01
   2.2000000e+01   1.2720786e+01
   2.3000000e+01   1.2678818e+01
   2.4000000e+01   1.2636689e+01
   2.5000000e+01   1.2594409e+01
   2.6000000e+01   1.2551983e+01
   2.7000000e+01   1.2509419e+01
   2.8000000e+01   1.2466725e+01
   2.9000000e+01   1.2423910e+01
   3.0000000e+01   1.2380985e+01
   3.1000000e+01   1.2335787e+01
   3.2000000e+01   1.2290259e+01
   3.3000000e+01   1.2244388e+01
   3.4000000e+01   1.2198163e+01
   3.5000000e+01   1.2151572e+01
   3.6000000e+01   1.2104605e+01
   3.7000000e+01   1.2057251e+01
   3.8000000e+01   1.2009497e+01
   3.9000000e+01   1.1961335e+01
   4.0000000e+01   1.1912761e+01
   4.1000000e+01   1.1863770e+01
   4.2000000e+01   1.1814355e+01
   4.3000000e+01   1.1764512e+01
   4.4000000e+01   1.1714235e+01
   4.5000000e+01   1.1663522e+01
   4.6000000e+01   1.1612368e+01
   4.7000000e+01   1.1560772e+01
   4.8000000e+01   1.1508731e+01
   4.9000000e+01   1.1456241e+01
   5.0000000e+01   1.1403305e+01
   5.1000000e+01   1.1349922e+01
   5.2000000e+01   1.1296094e+01
   5.3000000e+01   1.1241819e+01
   5.4000000e+01   1.1187102e+01
   5.5000000e+01   1.1131936e+01
   5.6000000e+01   1.1076320e+01
   5.7000000e+01   1.1020263e+01
   5.8000000e+01   1.0963757e+01
   5.9000000e+01   1.0906822e+01
   6.0000000e+01   1.0849473e+01
   6.1000000e+01   1.0781078e+01
   6.2000000e+01   1.0711930e+01
   6.3000000e+01   1.0642015e+01
   6.4000000e+01   1.0571324e+01
   6.5000000e+01   1.0499845e+01
   6.6000000e+01   1.0427566e+01
   6.7000000e+01   1.0354472e+01
   6.8000000e+01   1.0280550e+01
   6.9000000e+01   1.0205788e+01
   7.0000000e+01   1.0130175e+01
   7.1000000e+01   1.0053699e+01
   7.2000000e+01   9.9763489e+00
   7.3000000e+01   9.8981104e+00
   7.4000000e+01   9.8189688e+00
   7.5000000e+01   9.7389116e+00
   7.6000000e+01   9.6579256e+00
   7.7000000e+01   9.5759945e+00
   7.8000000e+01   9.4931021e+00
   7.9000000e+01   9.4091978e+00
   8.0000000e+01   9.3242216e+00
   8.1000000e+01   9.2387190e+00
   8.2000000e+01   9.1527376e+00
   8.3000000e+01   9.0663223e+00
   8.4000000e+01   8.9795198e+00
   8.5000000e+01   8.8923731e+00
   8.6000000e+01   8.8049231e+00
   8.7000000e+01   8.7172098e+00
   8.8000000e+01   8.6292725e+00
   8.9000000e+01   8.5411463e+00
   9.0000000e+01   8.4528656e+00
   9.1000000e+01   8.3867035e+00
   9.2000000e+01   8.3230314e+00
   9.3000000e+01   8.2618217e+00
   9.4000000e+01   8.2030458e+00
   9.5000000e+01   8.1466703e+00
   9.6000000e+01   8.0926590e+00
   9.7000000e+01   8.0409775e+00
   9.8000000e+01   7.9915838e+00
   9.9000000e+01   7.9444408e+00
   1.0000000e+02   7.8995075e+00
   1.0100000e+02   7.8567448e+00
   1.0200000e+02   7.8161106e+00
   1.0300000e+02   7.7775645e+00
   1.0400000e+02   7.7410645e+00
   1.0500000e+02   7.7065692e+00
   1.0600000e+02   7.6740375e+00
   1.0700000e+02   7.6434278e+00
   1.0800000e+02   7.6146998e+00
   1.0900000e+02   7.5878124e+00
   1.1000000e+02   7.5627265e+00
   1.1100000e+02   7.5394011e+00
   1.1200000e+02   7.5177360e+00
   1.1300000e+02   7.4979463e+00
   1.1400000e+02   7.4800801e+00
   1.1500000e+02   7.4639192e+00
   1.1600000e+02   7.4492583e+00
   1.1700000e+02   7.4359202e+00
   1.1800000e+02   7.4237523e+00
   1.1900000e+02   7.4126225e+00
   1.2000000e+02   7.4024167e+00
   1.2100000e+02   7.3967733e+00
   1.2200000e+02   7.3913088e+00
   1.2300000e+02   7.3860211e+00
   1.2400000e+02   7.3809071e+00
   1.2500000e+02   7.3759661e+00
   1.2600000e+02   7.3711963e+00
   1.2700000e+02   7.3665967e+00
   1.2800000e+02   7.3621669e+00
   1.2900000e+02   7.3579073e+00
   1.3000000e+02   7.3538189e+00
   1.3100000e+02   7.3499017e+00
   1.3200000e+02   7.3461571e+00
   1.3300000e+02   7.3425860e+00
   1.3400000e+02   7.3391891e+00
   1.3500000e+02   7.3359675e+00
   1.3600000e+02   7.3329220e+00
   1.3700000e+02   7.3300533e+00
   1.3800000e+02   7.3273616e+00
   1.3900000e+02   7.3248482e+00
   1.4000000e+02   7.3225136e+00
   1.4100000e+02   7.3203588e+00
   1.4200000e+02   7.3183846e+00
   1.4300000e+02   7.3165917e+00
   1.4400000e+02   7.3149815e+00
   1.4500000e+02   7.3135552e+00
   1.4600000e+02   7.3123140e+00
   1.4700000e+02   7.3112588e+00
   1.4800000e+02   7.3103890e+00
   1.4900000e+02   7.3097072e+00
   1.5000000e+02   7.3092132e+00
   1.5100000e+02   7.3077011e+00
   1.5200000e+02   7.3063784e+00
   1.5300000e+02   7.3052459e+00
   1.5400000e+02   7.3043046e+00
   1.5500000e+02   7.3035560e+00
   1.5600000e+02   7.3030014e+00
   1.5700000e+02   7.3026409e+00
   1.5800000e+02   7.3024750e+00
   1.5900000e+02   7.3025050e+00
   1.6000000e+02   7.3027320e+00
   1.6100000e+02   7.3031569e+00
   1.6200000e+02   7.3037806e+00
   1.6300000e+02   7.3046041e+00
   1.6400000e+02   7.3056278e+00
   1.6500000e+02   7.3068533e+00
   1.6600000e+02   7.3082790e+00
   1.6700000e+02   7.3099074e+00
   1.6800000e+02   7.3117385e+00
   1.6900000e+02   7.3137727e+00
   1.7000000e+02   7.3160114e+00
   1.7100000e+02   7.3184552e+00
   1.7200000e+02   7.3211036e+00
   1.7300000e+02   7.3239570e+00
   1.7400000e+02   7.3270164e+00
   1.7500000e+02   7.3302817e+00
   1.7600000e+02   7.3337536e+00
   1.7700000e+02   7.3374319e+00
   1.7800000e+02   7.3413177e+00
   1.7900000e+02   7.3454108e+00
   1.8000000e+02   7.3497119e+00
   1.8100000e+02   7.3522911e+00
   1.8200000e+02   7.3550758e+00
   1.8300000e+02   7.3580656e+00
   1.8400000e+02   7.3612609e+00
   1.8500000e+02   7.3646617e+00
   1.8600000e+02   7.3682675e+00
   1.8700000e+02   7.3720784e+00
   1.8800000e+02   7.3760943e+00
   1.8900000e+02   7.3803153e+00
   1.9000000e+02   7.3847418e+00
   1.9100000e+02   7.3893738e+00
   1.9200000e+02   7.3942118e+00
   1.9300000e+02   7.3992553e+00
   1.9400000e+02   7.4045043e+00
   1.9500000e+02   7.4099593e+00
   1.9600000e+02   7.4156199e+00
   1.9700000e+02   7.4214854e+00
   1.9800000e+02   7.4275560e+00
   1.9900000e+02   7.4338307e+00
   2.0000000e+02   7.4403095e+00
   2.0100000e+02   7.4469919e+00
   2.0200000e+02   7.4538765e+00
   2.0300000e+02   7.4609637e+00
   2.0400000e+02   7.4682512e+00
   2.0500000e+02   7.4757390e+00
   2.0600000e+02   7.4834251e+00
   2.0700000e+02   7.4913096e+00
   2.0800000e+02   7.4993916e+00
   2.0900000e+02   7.5076704e+00
   2.1000000e+02   7.5161457e+00
   2.1100000e+02   7.5242457e+00
   2.1200000e+02   7.5323524e+00
   2.1300000e+02   7.5404835e+00
   2.1400000e+02   7.5486550e+00
   2.1500000e+02   7.5568824e+00
   2.1600000e+02   7.5651779e+00
   2.1700000e+02   7.5735531e+00
   2.1800000e+02   7.5820189e+00
   2.1900000e+02   7.5905848e+00
   2.2000000e+02   7.5992589e+00
   2.2100000e+02   7.6080480e+00
   2.2200000e+02   7.6169596e+00
   2.2300000e+02   7.6259985e+00
   2.2400000e+02   7.6351700e+00
   2.2500000e+02   7.6444783e+00
   2.2600000e+02   7.6539264e+00
   2.2700000e+02   7.6635175e+00
   2.2800000e+02   7.6732545e+00
   2.2900000e+02   7.6831393e+00
   2.3000000e+02   7.6931739e+00
   2.3100000e+02   7.7033591e+00
   2.3200000e+02   7.7136965e+00
   2.3300000e+02   7.7241859e+00
   2.3400000e+02   7.7348280e+00
   2.3500000e+02   7.7456226e+00
   2.3600000e+02   7.7565694e+00
   2.3700000e+02   7.7676678e+00
   2.3800000e+02   7.7789164e+00
   2.3900000e+02   7.7903152e+00
   2.4000000e+02   7.8018618e+00
   2.4100000e+02   7.8519049e+00
   2.4200000e+02   7.9019742e+00
   2.4300000e+02   7.9520645e+00
   2.4400000e+02   8.0021715e+00
   2.4500000e+02   8.0522919e+00
   2.4600000e+02   8.1024199e+00
   2.4700000e+02   8.1525517e+00
   2.4800000e+02   8.2026834e+00
   2.4900000e+02   8.2528114e+00
   2.5000000e+02   8.3029318e+00
   2.5100000e+02   8.3530407e+00
   2.5200000e+02   8.4031334e+00
   2.5300000e+02   8.4532061e+00
   2.5400000e+02   8.5032549e+00
   2.5500000e+02   8.5532761e+00
   2.5600000e+02   8.6032648e+00
   2.5700000e+02   8.6532173e+00
   2.5800000e+02   8.7031298e+00
   2.5900000e+02   8.7529964e+00
   2.6000000e+02   8.8028145e+00
   2.6100000e+02   8.8525791e+00
   2.6200000e+02   8.9022856e+00
   2.6300000e+02   8.9519300e+00
   2.6400000e+02   9.0015059e+00
   2.6500000e+02   9.0510101e+00
   2.6600000e+02   9.1004362e+00
   2.6700000e+02   9.1497793e+00
   2.6800000e+02   9.1990347e+00
   2.6900000e+02   9.2481966e+00
   2.7000000e+02   9.2972593e+00
   2.7100000e+02   9.3353300e+00
   2.7200000e+02   9.3737192e+00
   2.7300000e+02   9.4124222e+00
   2.7400000e+02   9.4514360e+00
   2.7500000e+02   9.4907579e+00
   2.7600000e+02   9.5303831e+00
   2.7700000e+02   9.5703077e+00
   2.7800000e+02   9.6105280e+00
   2.7900000e+02   9.6510401e+00
   2.8000000e+02   9.6918383e+00
   2.8100000e+02   9.7329187e+00
   2.8200000e+02   9.7742777e+00
   2.8300000e+02   9.8159094e+00
   2.8400000e+02   9.8578091e+00
   2.8500000e+02   9.8999729e+00
   2.8600000e+02   9.9423952e+00
   2.8700000e+02   9.9850712e+00
   2.8800000e+02   1.0027994e+01
   2.8900000e+02   1.0071160e+01
   2.9000000e+02   1.0114563e+01
   2.9100000e+02   1.0158196e+01
   2.9200000e+02   1.0202056e+01
   2.9300000e+02   1.0246135e+01
   2.9400000e+02   1.0290427e+01
   2.9500000e+02   1.0334926e+01
   2.9600000e+02   1.0379626e+01
   2.9700000e+02   1.0424520e+01
   2.9800000e+02   1.0469602e+01
   2.9900000e+02   1.0514865e+01
   3.0000000e+02   1.0560302e+01
   3.0100000e+02   1.0583115e+01
   3.0200000e+02   1.0605849e+01
   3.0300000e+02   1.0628497e+01
   3.0400000e+02   1.0651052e+01
   3.0500000e+02   1.0673505e+01
   3.0600000e+02   1.0695850e+01
   3.0700000e+02   1.0718080e+01
   3.0800000e+02   1.0740185e+01
   3.0900000e+02   1.0762160e+01
   3.1000000e+02   1.0783997e+01
   3.1100000e+02   1.0805686e+01
   3.1200000e+02   1.0827222e+01
   3.1300000e+02   1.0848597e+01
   3.1400000e+02   1.0869803e+01
   3.1500000e+02   1.0890833e+01
   3.1600000e+02   1.0911679e+01
   3.1700000e+02   1.0932334e+01
   3.1800000e+02   1.0952791e+01
   3.1900000e+02   1.0973042e+01
   3.2000000e+02   1.0993080e+01
   3.2100000e+02   1.1012897e+01
   3.2200000e+02   1.1032488e+01
   3.2300000e+02   1.1051844e+01
   3.2400000e+02   1.1070957e+01
   3.2500000e+02   1.1089821e+01
   3.2600000e+02   1.1108430e+01
   3.2700000e+02   1.1126776e+01
   3.2800000e+02   1.1144853e+01
   3.2900000e+02   1.1162653e+01
   3.3000000e+02   1.1180172e+01
   3.3100000e+02   1.1181359e+01
   3.3200000e+02   1.1182178e+01
   3.3300000e+02   1.1182624e+01
   3.3400000e+02   1.1182693e+01
   3.3500000e+02   1.1182380e+01
   3.3600000e+02   1.1181681e+01
   3.3700000e+02   1.1180593e+01
   3.3800000e+02   1.1179111e+01
   3.3900000e+02   1.1177234e+01
   3.4000000e+02   1.1174955e+01
   3.4100000e+02   1.1172275e+01
   3.4200000e+02   1.1169188e+01
   3.4300000e+02   1.1165692e+01
   3.4400000e+02   1.1161786e+01
   3.4500000e+02   1.1157466e+01
   3.4600000e+02   1.1152731e+01
   3.4700000e+02   1.1147577e+01
   3.4800000e+02   1.1142005e+01
   3.4900000e+02   1.1136011e+01
   3.5000000e+02   1.1129597e+01
   3.5100000e+02   1.1122759e+01
   3.5200000e+02   1.1115498e+01
   3.5300000e+02   1.1107813e+01
   3.5400000e+02   1.1099703e+01
   3.5500000e+02   1.1091169e+01
   3.5600000e+02   1.1082211e+01
   3.5700000e+02   1.1072829e+01
   3.5800000e+02   1.1063025e+01
   3.5900000e+02   1.1052797e+01
