   0.0000000e+00   0.0000000e+00
   1.0000000e+00   2.4132455e-04
   2.0000000e+00   3.1038264e-03
   3.0000000e+00   5.9586116e-03
   4.0000000e+00   8.7985666e-03
   5.0000000e+00   1.1623469e-02
   6.0000000e+00   1.4433091e-02
   7.0000000e+00   1.7227175e-02
   8.0000000e+00   2.0005498e-02
   9.0000000e+00   2.2767883e-02
   1.0000000e+01   2.5514239e-02
   1.1000000e+01   2.8244460e-02
   1.2000000e+01   3.0958377e-02
   1.3000000e+01   3.3655897e-02
   1.4000000e+01   3.6336955e-02
   1.5000000e+01   3.9001476e-02
   1.6000000e+01   4.1649494e-02
   1.7000000e+01   4.4281006e-02
   1.8000000e+01   4.6896003e-02
   1.9000000e+01   4.9494501e-02
   2.0000000e+01   5.2076519e-02
   2.1000000e+01   5.4642115e-02
   2.2000000e+01   5.7191309e-02
   2.3000000e+01   5.9724115e-02
   2.4000000e+01   6.2240556e-02
   2.5000000e+01   6.4740725e-02
   2.6000000e+01   6.7224644e-02
   2.7000000e+01   6.9692358e-02
   2.8000000e+01   7.2143905e-02
   2.9000000e+01   7.4579336e-02
   3.0000000e+01   7.6998673e-02
   3.1000000e+01   7.9554267e-02
   3.2000000e+01   8.2110614e-02
   3.3000000e+01   8.4669650e-02
   3.4000000e+01   8.7233230e-02
   3.5000000e+01   8.9803122e-02
   3.6000000e+01   9.2381135e-02
   3.7000000e+01   9.4968960e-02
   3.8000000e+01   9.7568236e-02
   3.9000000e+01   1.0018062e-01
   4.0000000e+01   1.0280766e-01
   4.1000000e+01   1.0545083e-01
   4.2000000e+01   1.0811155e-01
   4.3000000e+01   1.1079122e-01
   4.4000000e+01   1.1349121e-01
   4.5000000e+01   1.1621281e-01
   4.6000000e+01   1.1895721e-01
   4.7000000e+01   1.2172557e-01
   4.8000000e+01   1.2451905e-01
   4.9000000e+01   1.2733875e-01
   5.0000000e+01   1.3018581e-01
   5.1000000e+01   1.3306119e-01
   5.2000000e+01   1.3596587e-01
   5.3000000e+01   1.3890074e-01
   5.4000000e+01   1.4186665e-01
   5.5000000e+01   1.4486451e-01
   5.6000000e+01   1.4789529e-01
   5.7000000e+01   1.5095995e-01
   5.8000000e+01   1.5405926e-01
   5.9000000e+01   1.5719414e-01
   6.0000000e+01   1.6036448e-01
   6.1000000e+01   1.6447705e-01
   6.2000000e+01   1.6866016e-01
   6.3000000e+01   1.7291579e-01
   6.4000000e+01   1.7724599e-01
   6.5000000e+01   1.8165289e-01
   6.6000000e+01   1.8613863e-01
   6.7000000e+01   1.9070561e-01
   6.8000000e+01   1.9535597e-01
   6.9000000e+01   2.0009191e-01
   7.0000000e+01   2.0491582e-01
   7.1000000e+01   2.0982987e-01
   7.2000000e+01   2.1483622e-01
   7.3000000e+01   2.1993731e-01
   7.4000000e+01   2.2513546e-01
   7.5000000e+01   2.3043294e-01
   7.6000000e+01   2.3583207e-01
   7.7000000e+01   2.4133524e-01
   7.8000000e+01   2.4694528e-01
   7.9000000e+01   2.5266454e-01
   8.0000000e+01   2.5848788e-01
   8.1000000e+01   2.6438105e-01
   8.2000000e+01   2.7034065e-01
   8.3000000e+01   2.7636343e-01
   8.4000000e+01   2.8244621e-01
   8.5000000e+01   2.8858584e-01
   8.6000000e+01   2.9477939e-01
   8.7000000e+01   3.0102390e-01
   8.8000000e+01   3.0731669e-01
   8.9000000e+01   3.1365511e-01
   9.0000000e+01   3.2003662e-01
   9.1000000e+01   3.2450813e-01
   9.2000000e+01   3.2878277e-01
   9.3000000e+01   3.3286214e-01
   9.4000000e+01   3.3674806e-01
   9.5000000e+01   3.4044269e-01
   9.6000000e+01   3.4394836e-01
   9.7000000e+01   3.4726757e-01
   9.8000000e+01   3.5040304e-01
   9.9000000e+01   3.5335746e-01
   1.0000000e+02   3.5613367e-01
   1.0100000e+02   3.5873449e-01
   1.0200000e+02   3.6116287e-01
   1.0300000e+02   3.6342180e-01
   1.0400000e+02   3.6551431e-01
   1.0500000e+02   3.6744341e-01
   1.0600000e+02   3.6921215e-01
   1.0700000e+02   3.7082365e-01
   1.0800000e+02   3.7228099e-01
   1.0900000e+02   3.7358716e-01
   1.1000000e+02   3.7474522e-01
   1.1100000e+02   3.7575826e-01
   1.1200000e+02   3.7662941e-01
   1.1300000e+02   3.7734306e-01
   1.1400000e+02   3.7789869e-01
   1.1500000e+02   3.7831479e-01
   1.1600000e+02   3.7860882e-01
   1.1700000e+02   3.7879601e-01
   1.1800000e+02   3.7888971e-01
   1.1900000e+02   3.7890145e-01
   1.2000000e+02   3.7884140e-01
   1.2100000e+02   3.7836403e-01
   1.2200000e+02   3.7788284e-01
   1.2300000e+02   3.7739819e-01
   1.2400000e+02   3.7691054e-01
   1.2500000e+02   3.7642017e-01
   1.2600000e+02   3.7592751e-01
   1.2700000e+02   3.7543276e-01
   1.2800000e+02   3.7493616e-01
   1.2900000e+02   3.7443787e-01
   1.3000000e+02   3.7393802e-01
   1.3100000e+02   3.7343672e-01
   1.3200000e+02   3.7293407e-01
   1.3300000e+02   3.7243018e-01
   1.3400000e+02   3.7192506e-01
   1.3500000e+02   3.7141880e-01
   1.3600000e+02   3.7091148e-01
   1.3700000e+02   3.7040323e-01
   1.3800000e+02   3.6989418e-01
   1.3900000e+02   3.6938435e-01
   1.4000000e+02   3.6887383e-01
   1.4100000e+02   3.6836267e-01
   1.4200000e+02   3.6785093e-01
   1.4300000e+02   3.6733872e-01
   1.4400000e+02   3.6682600e-01
   1.4500000e+02   3.6631283e-01
   1.4600000e+02   3.6579919e-01
   1.4700000e+02   3.6528516e-01
   1.4800000e+02   3.6477086e-01
   1.4900000e+02   3.6425623e-01
   1.5000000e+02   3.6374137e-01
   1.5100000e+02   3.6334193e-01
   1.5200000e+02   3.6294258e-01
   1.5300000e+02   3.6254326e-01
   1.5400000e+02   3.6214399e-01
   1.5500000e+02   3.6174473e-01
   1.5600000e+02   3.6134547e-01
   1.5700000e+02   3.6094624e-01
   1.5800000e+02   3.6054710e-01
   1.5900000e+02   3.6014798e-01
   1.6000000e+02   3.5974893e-01
   1.6100000e+02   3.5934988e-01
   1.6200000e+02   3.5895085e-01
   1.6300000e+02   3.5855180e-01
   1.6400000e+02   3.5815275e-01
   1.6500000e+02   3.5775366e-01
   1.6600000e+02   3.5735464e-01
   1.6700000e+02   3.5695565e-01
   1.6800000e+02   3.5655668e-01
   1.6900000e+02   3.5615772e-01
   1.7000000e+02   3.5575876e-01
   1.7100000e+02   3.5535976e-01
   1.7200000e+02   3.5496083e-01
   1.7300000e+02   3.5456195e-01
   1.7400000e+02   3.5416311e-01
   1.7500000e+02   3.5376436e-01
   1.7600000e+02   3.5336569e-01
   1.7700000e+02   3.5296708e-01
   1.7800000e+02   3.5256857e-01
   1.7900000e+02   3.5217008e-01
   1.8000000e+02   3.5177168e-01
   1.8100000e+02   3.5156834e-01
   1.8200000e+02   3.5136530e-01
   1.8300000e+02   3.5116264e-01
   1.8400000e+02   3.5096031e-01
   1.8500000e+02   3.5075828e-01
   1.8600000e+02   3.5055661e-01
   1.8700000e+02   3.5035533e-01
   1.8800000e+02   3.5015443e-01
   1.8900000e+02   3.4995383e-01
   1.9000000e+02   3.4975356e-01
   1.9100000e+02   3.4955359e-01
   1.9200000e+02   3.4935385e-01
   1.9300000e+02   3.4915432e-01
   1.9400000e+02   3.4895504e-01
   1.9500000e+02   3.4875596e-01
   1.9600000e+02   3.4855703e-01
   1.9700000e+02   3.4835830e-01
   1.9800000e+02   3.4815979e-01
   1.9900000e+02   3.4796146e-01
   2.0000000e+02   3.4776333e-01
   2.0100000e+02   3.4756544e-01
   2.0200000e+02   3.4736779e-01
   2.0300000e+02   3.4717047e-01
   2.0400000e+02   3.4697348e-01
   2.0500000e+02   3.4677687e-01
   2.0600000e+02   3.4658068e-01
   2.0700000e+02   3.4638491e-01
   2.0800000e+02   3.4618959e-01
   2.0900000e+02   3.4599468e-01
   2.1000000e+02   3.4580013e-01
   2.1100000e+02   3.4568092e-01
   2.1200000e+02   3.4557915e-01
   2.1300000e+02   3.4549308e-01
   2.1400000e+02   3.4542114e-01
   2.1500000e+02   3.4536189e-01
   2.1600000e+02   3.4531397e-01
   2.1700000e+02   3.4527624e-01
   2.1800000e+02   3.4524760e-01
   2.1900000e+02   3.4522706e-01
   2.2000000e+02   3.4521377e-01
   2.2100000e+02   3.4520689e-01
   2.2200000e+02   3.4520572e-01
   2.2300000e+02   3.4520960e-01
   2.2400000e+02   3.4521791e-01
   2.2500000e+02   3.4523019e-01
   2.2600000e+02   3.4524599e-01
   2.2700000e+02   3.4526479e-01
   2.2800000e+02   3.4528628e-01
   2.2900000e+02   3.4531006e-01
   2.3000000e+02   3.4533587e-01
   2.3100000e+02   3.4536338e-01
   2.3200000e+02   3.4539235e-01
   2.3300000e+02   3.4542257e-01
   2.3400000e+02   3.4545383e-01
   2.3500000e+02   3.4548596e-01
   2.3600000e+02   3.4551883e-01
   2.3700000e+02   3.4555230e-01
   2.3800000e+02   3.4558624e-01
   2.3900000e+02   3.4562057e-01
   2.4000000e+02   3.4565517e-01
   2.4100000e+02   3.4209985e-01
   2.4200000e+02   3.3856696e-01
   2.4300000e+02   3.3505684e-01
   2.4400000e+02   3.3156976e-01
   2.4500000e+02   3.2810602e-01
   2.4600000e+02   3.2466576e-01
   2.4700000e+02   3.2124925e-01
   2.4800000e+02   3.1785664e-01
   2.4900000e+02   3.1448811e-01
   2.5000000e+02   3.1114382e-01
   2.5100000e+02   3.0782384e-01
   2.5200000e+02   3.0452836e-01
   2.5300000e+02   3.0125743e-01
   2.5400000e+02   2.9801118e-01
   2.5500000e+02   2.9478970e-01
   2.5600000e+02   2.9159302e-01
   2.5700000e+02   2.8842127e-01
   2.5800000e+02   2.8527445e-01
   2.5900000e+02   2.8215262e-01
   2.6000000e+02   2.7905583e-01
   2.6100000e+02   2.7598414e-01
   2.6200000e+02   2.7293751e-01
   2.6300000e+02   2.6991597e-01
   2.6400000e+02   2.6691958e-01
   2.6500000e+02   2.6394835e-01
   2.6600000e+02   2.6100233e-01
   2.6700000e+02   2.5808147e-01
   2.6800000e+02   2.5518581e-01
   2.6900000e+02   2.5231534e-01
   2.7000000e+02   2.4947007e-01
   2.7100000e+02   2.4766186e-01
   2.7200000e+02   2.4583772e-01
   2.7300000e+02   2.4399760e-01
   2.7400000e+02   2.4214152e-01
   2.7500000e+02   2.4026942e-01
   2.7600000e+02   2.3838131e-01
   2.7700000e+02   2.3647714e-01
   2.7800000e+02   2.3455690e-01
   2.7900000e+02   2.3262063e-01
   2.8000000e+02   2.3066829e-01
   2.8100000e+02   2.2869986e-01
   2.8200000e+02   2.2671531e-01
   2.8300000e+02   2.2471464e-01
   2.8400000e+02   2.2269782e-01
   2.8500000e+02   2.2066481e-01
   2.8600000e+02   2.1861562e-01
   2.8700000e+02   2.1655020e-01
   2.8800000e+02   2.1446858e-01
   2.8900000e+02   2.1237071e-01
   2.9000000e+02   2.1025656e-01
   2.9100000e+02   2.0812613e-01
   2.9200000e+02   2.0597939e-01
   2.9300000e+02   2.0381629e-01
   2.9400000e+02   2.0163685e-01
   2.9500000e+02   1.9944105e-01
   2.9600000e+02   1.9722883e-01
   2.9700000e+02   1.9500023e-01
   2.9800000e+02   1.9275518e-01
   2.9900000e+02   1.9049367e-01
   3.0000000e+02   1.8821570e-01
   3.0100000e+02   1.8783554e-01
   3.0200000e+02   1.8745263e-01
   3.0300000e+02   1.8706699e-01
   3.0400000e+02   1.8667865e-01
   3.0500000e+02   1.8628761e-01
   3.0600000e+02   1.8589391e-01
   3.0700000e+02   1.8549757e-01
   3.0800000e+02   1.8509859e-01
   3.0900000e+02   1.8469700e-01
   3.1000000e+02   1.8429284e-01
   3.1100000e+02   1.8388613e-01
   3.1200000e+02   1.8347688e-01
   3.1300000e+02   1.8306515e-01
   3.1400000e+02   1.8265091e-01
   3.1500000e+02   1.8223420e-01
   3.1600000e+02   1.8181504e-01
   3.1700000e+02   1.8139343e-01
   3.1800000e+02   1.8096942e-01
   3.1900000e+02   1.8054298e-01
   3.2000000e+02   1.8011415e-01
   3.2100000e+02   1.7968297e-01
   3.2200000e+02   1.7924944e-01
   3.2300000e+02   1.7881361e-01
   3.2400000e+02   1.7837550e-01
   3.2500000e+02   1.7793514e-01
   3.2600000e+02   1.7749253e-01
   3.2700000e+02   1.7704768e-01
   3.2800000e+02   1.7660062e-01
   3.2900000e+02   1.7615137e-01
   3.3000000e+02   1.7569992e-01
   3.3100000e+02   1.7649786e-01
   3.3200000e+02   1.7729677e-01
   3.3300000e+02   1.7809662e-01
   3.3400000e+02   1.7889744e-01
   3.3500000e+02   1.7969920e-01
   3.3600000e+02   1.8050191e-01
   3.3700000e+02   1.8130557e-01
   3.3800000e+02   1.8211018e-01
   3.3900000e+02   1.8291575e-01
   3.4000000e+02   1.8372226e-01
   3.4100000e+02   1.8452972e-01
   3.4200000e+02   1.8533814e-01
   3.4300000e+02   1.8614748e-01
   3.4400000e+02   1.8695778e-01
   3.4500000e+02   1.8776903e-01
   3.4600000e+02   1.8858124e-01
   3.4700000e+02   1.8939444e-01
   3.4800000e+02   1.9020860e-01
   3.4900000e+02   1.9102371e-01
   3.5000000e+02   1.9183978e-01
   3.5100000e+02   1.9265680e-01
   3.5200000e+02   1.9347478e-01
   3.5300000e+02   1.9429371e-01
   3.5400000e+02   1.9511357e-01
   3.5500000e+02   1.9593439e-01
   3.5600000e+02   1.9675612e-01
   3.5700000e+02   1.9757882e-01
   3.5800000e+02   1.9840243e-01
   3.5900000e+02   1.9922701e-01
