   0.0000000e+00   4.1992539e+03
   1.0000000e+00   1.6347266e+04
   2.0000000e+00   1.6346007e+04
   3.0000000e+00   1.6345071e+04
   4.0000000e+00   1.6344781e+04
   5.0000000e+00   1.6345136e+04
   6.0000000e+00   1.6346128e+04
   7.0000000e+00   1.6347753e+04
   8.0000000e+00   1.6350021e+04
   9.0000000e+00   1.6352931e+04
   1.0000000e+01   1.6356479e+04
   1.1000000e+01   1.6360664e+04
   1.2000000e+01   1.6365480e+04
   1.3000000e+01   1.6370933e+04
   1.4000000e+01   1.6377017e+04
   1.5000000e+01   1.6383735e+04
   1.6000000e+01   1.6391084e+04
   1.7000000e+01   1.6399059e+04
   1.8000000e+01   1.6407656e+04
   1.9000000e+01   1.6416875e+04
   2.0000000e+01   1.6426709e+04
   2.1000000e+01   1.6437141e+04
   2.2000000e+01   1.6448176e+04
   2.3000000e+01   1.6459816e+04
   2.4000000e+01   1.6472059e+04
   2.5000000e+01   1.6484887e+04
   2.6000000e+01   1.6498307e+04
   2.7000000e+01   1.6512314e+04
   2.8000000e+01   1.6526906e+04
   2.9000000e+01   1.6542072e+04
   3.0000000e+01   1.6557799e+04
   3.1000000e+01   1.6574383e+04
   3.2000000e+01   1.6591564e+04
   3.3000000e+01   1.6609332e+04
   3.4000000e+01   1.6627680e+04
   3.5000000e+01   1.6646598e+04
   3.6000000e+01   1.6666078e+04
   3.7000000e+01   1.6686117e+04
   3.8000000e+01   1.6706730e+04
   3.9000000e+01   1.6727900e+04
   4.0000000e+01   1.6749607e+04
   4.1000000e+01   1.6771838e+04
   4.2000000e+01   1.6794580e+04
   4.3000000e+01   1.6817828e+04
   4.4000000e+01   1.6841570e+04
   4.5000000e+01   1.6865799e+04
   4.6000000e+01   1.6890506e+04
   4.7000000e+01   1.6915682e+04
   4.8000000e+01   1.6941330e+04
   4.9000000e+01   1.6967439e+04
   5.0000000e+01   1.6993988e+04
   5.1000000e+01   1.7020969e+04
   5.2000000e+01   1.7048371e+04
   5.3000000e+01   1.7076184e+04
   5.4000000e+01   1.7104398e+04
   5.5000000e+01   1.7133053e+04
   5.6000000e+01   1.7162148e+04
   5.7000000e+01   1.7191615e+04
   5.8000000e+01   1.7221455e+04
   5.9000000e+01   1.7251645e+04
   6.0000000e+01   1.7282195e+04
   6.1000000e+01   1.7312268e+04
   6.2000000e+01   1.7342586e+04
   6.3000000e+01   1.7373145e+04
   6.4000000e+01   1.7403934e+04
   6.5000000e+01   1.7434941e+04
   6.6000000e+01   1.7466156e+04
   6.7000000e+01   1.7497564e+04
   6.8000000e+01   1.7529180e+04
   6.9000000e+01   1.7561006e+04
   7.0000000e+01   1.7592986e+04
   7.1000000e+01   1.7625104e+04
   7.2000000e+01   1.7657344e+04
   7.3000000e+01   1.7689695e+04
   7.4000000e+01   1.7722146e+04
   7.5000000e+01   1.7754682e+04
   7.6000000e+01   1.7787289e+04
   7.7000000e+01   1.7819953e+04
   7.8000000e+01   1.7852662e+04
   7.9000000e+01   1.7885469e+04
   8.0000000e+01   1.7918652e+04
   8.1000000e+01   1.7951928e+04
   8.2000000e+01   1.7985289e+04
   8.3000000e+01   1.8018729e+04
   8.4000000e+01   1.8052236e+04
   8.5000000e+01   1.8085807e+04
   8.6000000e+01   1.8119430e+04
   8.7000000e+01   1.8153111e+04
   8.8000000e+01   1.8186855e+04
   8.9000000e+01   1.8220627e+04
   9.0000000e+01   1.8254414e+04
   9.1000000e+01   1.8288764e+04
   9.2000000e+01   1.8323203e+04
   9.3000000e+01   1.8357721e+04
   9.4000000e+01   1.8392303e+04
   9.5000000e+01   1.8426934e+04
   9.6000000e+01   1.8461604e+04
   9.7000000e+01   1.8496295e+04
   9.8000000e+01   1.8531000e+04
   9.9000000e+01   1.8565699e+04
   1.0000000e+02   1.8600385e+04
   1.0100000e+02   1.8635041e+04
   1.0200000e+02   1.8669654e+04
   1.0300000e+02   1.8704215e+04
   1.0400000e+02   1.8738705e+04
   1.0500000e+02   1.8773113e+04
   1.0600000e+02   1.8807428e+04
   1.0700000e+02   1.8841637e+04
   1.0800000e+02   1.8875727e+04
   1.0900000e+02   1.8909688e+04
   1.1000000e+02   1.8943512e+04
   1.1100000e+02   1.8977182e+04
   1.1200000e+02   1.9010871e+04
   1.1300000e+02   1.9044432e+04
   1.1400000e+02   1.9077695e+04
   1.1500000e+02   1.9110672e+04
   1.1600000e+02   1.9143373e+04
   1.1700000e+02   1.9175803e+04
   1.1800000e+02   1.9207963e+04
   1.1900000e+02   1.9239848e+04
   1.2000000e+02   1.9271449e+04
   1.2100000e+02   1.9303115e+04
   1.2200000e+02   1.9334455e+04
   1.2300000e+02   1.9365461e+04
   1.2400000e+02   1.9396121e+04
   1.2500000e+02   1.9426430e+04
   1.2600000e+02   1.9456375e+04
   1.2700000e+02   1.9485947e+04
   1.2800000e+02   1.9515139e+04
   1.2900000e+02   1.9543939e+04
   1.3000000e+02   1.9572340e+04
   1.3100000e+02   1.9600334e+04
   1.3200000e+02   1.9627912e+04
   1.3300000e+02   1.9655064e+04
   1.3400000e+02   1.9681785e+04
   1.3500000e+02   1.9708063e+04
   1.3600000e+02   1.9733893e+04
   1.3700000e+02   1.9759266e+04
   1.3800000e+02   1.9784174e+04
   1.3900000e+02   1.9808611e+04
   1.4000000e+02   1.9832568e+04
   1.4100000e+02   1.9856037e+04
   1.4200000e+02   1.9879014e+04
   1.4300000e+02   1.9901488e+04
   1.4400000e+02   1.9923455e+04
   1.4500000e+02   1.9944908e+04
   1.4600000e+02   1.9965842e+04
   1.4700000e+02   1.9986246e+04
   1.4800000e+02   2.0006117e+04
   1.4900000e+02   2.0025449e+04
   1.5000000e+02   2.0044236e+04
   1.5100000e+02   2.0062459e+04
   1.5200000e+02   2.0080125e+04
   1.5300000e+02   2.0097229e+04
   1.5400000e+02   2.0113768e+04
   1.5500000e+02   2.0129736e+04
   1.5600000e+02   2.0145129e+04
   1.5700000e+02   2.0159939e+04
   1.5800000e+02   2.0174166e+04
   1.5900000e+02   2.0187805e+04
   1.6000000e+02   2.0200850e+04
   1.6100000e+02   2.0213297e+04
   1.6200000e+02   2.0225143e+04
   1.6300000e+02   2.0236385e+04
   1.6400000e+02   2.0247020e+04
   1.6500000e+02   2.0257043e+04
   1.6600000e+02   2.0266453e+04
   1.6700000e+02   2.0275246e+04
   1.6800000e+02   2.0283418e+04
   1.6900000e+02   2.0290971e+04
   1.7000000e+02   2.0297898e+04
   1.7100000e+02   2.0304201e+04
   1.7200000e+02   2.0309875e+04
   1.7300000e+02   2.0314920e+04
   1.7400000e+02   2.0319334e+04
   1.7500000e+02   2.0323115e+04
   1.7600000e+02   2.0326270e+04
   1.7700000e+02   2.0328791e+04
   1.7800000e+02   2.0330676e+04
   1.7900000e+02   2.0331926e+04
   1.8000000e+02   2.0332541e+04
   1.8100000e+02   2.0332260e+04
   1.8200000e+02   2.0331344e+04
   1.8300000e+02   2.0329793e+04
   1.8400000e+02   2.0327607e+04
   1.8500000e+02   2.0324791e+04
   1.8600000e+02   2.0321342e+04
   1.8700000e+02   2.0317264e+04
   1.8800000e+02   2.0312553e+04
   1.8900000e+02   2.0307215e+04
   1.9000000e+02   2.0301252e+04
   1.9100000e+02   2.0294662e+04
   1.9200000e+02   2.0287451e+04
   1.9300000e+02   2.0279619e+04
   1.9400000e+02   2.0271170e+04
   1.9500000e+02   2.0262104e+04
   1.9600000e+02   2.0252426e+04
   1.9700000e+02   2.0242139e+04
   1.9800000e+02   2.0231244e+04
   1.9900000e+02   2.0219746e+04
   2.0000000e+02   2.0207648e+04
   2.0100000e+02   2.0194955e+04
   2.0200000e+02   2.0181672e+04
   2.0300000e+02   2.0167807e+04
   2.0400000e+02   2.0153359e+04
   2.0500000e+02   2.0138332e+04
   2.0600000e+02   2.0122729e+04
   2.0700000e+02   2.0106557e+04
   2.0800000e+02   2.0089818e+04
   2.0900000e+02   2.0072520e+04
   2.1000000e+02   2.0054668e+04
   2.1100000e+02   2.0035637e+04
   2.1200000e+02   2.0016086e+04
   2.1300000e+02   1.9996021e+04
   2.1400000e+02   1.9975443e+04
   2.1500000e+02   1.9954357e+04
   2.1600000e+02   1.9932766e+04
   2.1700000e+02   1.9910676e+04
   2.1800000e+02   1.9888090e+04
   2.1900000e+02   1.9865016e+04
   2.2000000e+02   1.9841457e+04
   2.2100000e+02   1.9817422e+04
   2.2200000e+02   1.9792914e+04
   2.2300000e+02   1.9767941e+04
   2.2400000e+02   1.9742512e+04
   2.2500000e+02   1.9716633e+04
   2.2600000e+02   1.9690307e+04
   2.2700000e+02   1.9663547e+04
   2.2800000e+02   1.9636357e+04
   2.2900000e+02   1.9608748e+04
   2.3000000e+02   1.9580725e+04
   2.3100000e+02   1.9552299e+04
   2.3200000e+02   1.9523475e+04
   2.3300000e+02   1.9494264e+04
   2.3400000e+02   1.9464674e+04
   2.3500000e+02   1.9434713e+04
   2.3600000e+02   1.9404391e+04
   2.3700000e+02   1.9373717e+04
   2.3800000e+02   1.9342697e+04
   2.3900000e+02   1.9311346e+04
   2.4000000e+02   1.9279670e+04
   2.4100000e+02   1.9250100e+04
   2.4200000e+02   1.9220213e+04
   2.4300000e+02   1.9190023e+04
   2.4400000e+02   1.9159537e+04
   2.4500000e+02   1.9128768e+04
   2.4600000e+02   1.9097723e+04
   2.4700000e+02   1.9066416e+04
   2.4800000e+02   1.9034854e+04
   2.4900000e+02   1.9003051e+04
   2.5000000e+02   1.8971014e+04
   2.5100000e+02   1.8938754e+04
   2.5200000e+02   1.8906283e+04
   2.5300000e+02   1.8873611e+04
   2.5400000e+02   1.8840750e+04
   2.5500000e+02   1.8807707e+04
   2.5600000e+02   1.8774496e+04
   2.5700000e+02   1.8741127e+04
   2.5800000e+02   1.8707611e+04
   2.5900000e+02   1.8673957e+04
   2.6000000e+02   1.8640178e+04
   2.6100000e+02   1.8606283e+04
   2.6200000e+02   1.8572285e+04
   2.6300000e+02   1.8538193e+04
   2.6400000e+02   1.8504020e+04
   2.6500000e+02   1.8469773e+04
   2.6600000e+02   1.8435469e+04
   2.6700000e+02   1.8401113e+04
   2.6800000e+02   1.8366719e+04
   2.6900000e+02   1.8332297e+04
   2.7000000e+02   1.8297857e+04
   2.7100000e+02   1.8261703e+04
   2.7200000e+02   1.8225578e+04
   2.7300000e+02   1.8189496e+04
   2.7400000e+02   1.8153465e+04
   2.7500000e+02   1.8117496e+04
   2.7600000e+02   1.8081604e+04
   2.7700000e+02   1.8045797e+04
   2.7800000e+02   1.8010088e+04
   2.7900000e+02   1.7974486e+04
   2.8000000e+02   1.7939004e+04
   2.8100000e+02   1.7903652e+04
   2.8200000e+02   1.7868443e+04
   2.8300000e+02   1.7833385e+04
   2.8400000e+02   1.7798490e+04
   2.8500000e+02   1.7763771e+04
   2.8600000e+02   1.7729236e+04
   2.8700000e+02   1.7694898e+04
   2.8800000e+02   1.7660768e+04
   2.8900000e+02   1.7626854e+04
   2.9000000e+02   1.7593168e+04
   2.9100000e+02   1.7559721e+04
   2.9200000e+02   1.7526523e+04
   2.9300000e+02   1.7493584e+04
   2.9400000e+02   1.7460922e+04
   2.9500000e+02   1.7428539e+04
   2.9600000e+02   1.7396447e+04
   2.9700000e+02   1.7364654e+04
   2.9800000e+02   1.7333174e+04
   2.9900000e+02   1.7302012e+04
   3.0000000e+02   1.7271180e+04
   3.0100000e+02   1.7239402e+04
   3.0200000e+02   1.7207953e+04
   3.0300000e+02   1.7176844e+04
   3.0400000e+02   1.7146080e+04
   3.0500000e+02   1.7115674e+04
   3.0600000e+02   1.7085635e+04
   3.0700000e+02   1.7055971e+04
   3.0800000e+02   1.7026688e+04
   3.0900000e+02   1.6997799e+04
   3.1000000e+02   1.6969311e+04
   3.1100000e+02   1.6941230e+04
   3.1200000e+02   1.6913570e+04
   3.1300000e+02   1.6886334e+04
   3.1400000e+02   1.6859531e+04
   3.1500000e+02   1.6833170e+04
   3.1600000e+02   1.6807260e+04
   3.1700000e+02   1.6781807e+04
   3.1800000e+02   1.6756816e+04
   3.1900000e+02   1.6732301e+04
   3.2000000e+02   1.6708262e+04
   3.2100000e+02   1.6684711e+04
   3.2200000e+02   1.6661652e+04
   3.2300000e+02   1.6639094e+04
   3.2400000e+02   1.6617043e+04
   3.2500000e+02   1.6595504e+04
   3.2600000e+02   1.6574484e+04
   3.2700000e+02   1.6553992e+04
   3.2800000e+02   1.6534029e+04
   3.2900000e+02   1.6514605e+04
   3.3000000e+02   1.6495723e+04
   3.3100000e+02   1.6477252e+04
   3.3200000e+02   1.6459332e+04
   3.3300000e+02   1.6441967e+04
   3.3400000e+02   1.6425162e+04
   3.3500000e+02   1.6408924e+04
   3.3600000e+02   1.6393258e+04
   3.3700000e+02   1.6378165e+04
   3.3800000e+02   1.6363651e+04
   3.3900000e+02   1.6349723e+04
   3.4000000e+02   1.6336381e+04
   3.4100000e+02   1.6323632e+04
   3.4200000e+02   1.6311478e+04
   3.4300000e+02   1.6299922e+04
   3.4400000e+02   1.6288969e+04
   3.4500000e+02   1.6278621e+04
   3.4600000e+02   1.6268881e+04
   3.4700000e+02   1.6259753e+04
   3.4800000e+02   1.6251238e+04
   3.4900000e+02   1.6243340e+04
   3.5000000e+02   1.6236061e+04
   3.5100000e+02   1.6229400e+04
   3.5200000e+02   1.6223363e+04
   3.5300000e+02   1.6217950e+04
   3.5400000e+02   1.6213163e+04
   3.5500000e+02   1.6209002e+04
   3.5600000e+02   1.6205470e+04
   3.5700000e+02   1.6202565e+04
   3.5800000e+02   1.6200291e+04
   3.5900000e+02   1.6198648e+04
