   0.0000000e+00   5.1279004e-17
   1.0000000e+00   2.6778062e-03
   2.0000000e+00   3.9066696e-03
   3.0000000e+00   5.1337155e-03
   4.0000000e+00   6.3608703e-03
   5.0000000e+00   7.5877905e-03
   6.0000000e+00   8.8144289e-03
   7.0000000e+00   1.0040679e-02
   8.0000000e+00   1.1267019e-02
   9.0000000e+00   1.2493731e-02
   1.0000000e+01   1.3721534e-02
   1.1000000e+01   1.4950889e-02
   1.2000000e+01   1.6182378e-02
   1.3000000e+01   1.7415930e-02
   1.4000000e+01   1.8652208e-02
   1.5000000e+01   1.9890418e-02
   1.6000000e+01   2.1130186e-02
   1.7000000e+01   2.2371929e-02
   1.8000000e+01   2.3615278e-02
   1.9000000e+01   2.4859667e-02
   2.0000000e+01   2.6105290e-02
   2.1000000e+01   2.7352365e-02
   2.2000000e+01   2.8600970e-02
   2.3000000e+01   2.9851073e-02
   2.4000000e+01   3.1102549e-02
   2.5000000e+01   3.2355592e-02
   2.6000000e+01   3.3610065e-02
   2.7000000e+01   3.4866024e-02
   2.8000000e+01   3.6123380e-02
   2.9000000e+01   3.7382342e-02
   3.0000000e+01   3.8642913e-02
   3.1000000e+01   3.9997686e-02
   3.2000000e+01   4.1359637e-02
   3.3000000e+01   4.2728525e-02
   3.4000000e+01   4.4104300e-02
   3.5000000e+01   4.5486979e-02
   3.6000000e+01   4.6876431e-02
   3.7000000e+01   4.8272625e-02
   3.8000000e+01   4.9675547e-02
   3.9000000e+01   5.1085025e-02
   4.0000000e+01   5.2500814e-02
   4.1000000e+01   5.3922646e-02
   4.2000000e+01   5.5350289e-02
   4.3000000e+01   5.6783736e-02
   4.4000000e+01   5.8222823e-02
   4.5000000e+01   5.9667427e-02
   4.6000000e+01   6.1117496e-02
   4.7000000e+01   6.2572978e-02
   4.8000000e+01   6.4033739e-02
   4.9000000e+01   6.5499716e-02
   5.0000000e+01   6.6970810e-02
   5.1000000e+01   6.8446867e-02
   5.2000000e+01   6.9927797e-02
   5.3000000e+01   7.1413517e-02
   5.4000000e+01   7.2903931e-02
   5.5000000e+01   7.4398912e-02
   5.6000000e+01   7.5898305e-02
   5.7000000e+01   7.7401973e-02
   5.8000000e+01   7.8909792e-02
   5.9000000e+01   8.0421641e-02
   6.0000000e+01   8.1937514e-02
   6.1000000e+01   8.3500348e-02
   6.2000000e+01   8.5061498e-02
   6.3000000e+01   8.6620674e-02
   6.4000000e+01   8.8177539e-02
   6.5000000e+01   8.9731731e-02
   6.6000000e+01   9.1283008e-02
   6.7000000e+01   9.2831135e-02
   6.8000000e+01   9.4375886e-02
   6.9000000e+01   9.5916994e-02
   7.0000000e+01   9.7454183e-02
   7.1000000e+01   9.8987281e-02
   7.2000000e+01   1.0051609e-01
   7.3000000e+01   1.0204035e-01
   7.4000000e+01   1.0355989e-01
   7.5000000e+01   1.0507450e-01
   7.6000000e+01   1.0658395e-01
   7.7000000e+01   1.0808808e-01
   7.8000000e+01   1.0958662e-01
   7.9000000e+01   1.1107791e-01
   8.0000000e+01   1.1256158e-01
   8.1000000e+01   1.1403725e-01
   8.2000000e+01   1.1550456e-01
   8.3000000e+01   1.1696314e-01
   8.4000000e+01   1.1841270e-01
   8.5000000e+01   1.1985291e-01
   8.6000000e+01   1.2128349e-01
   8.7000000e+01   1.2270416e-01
   8.8000000e+01   1.2411466e-01
   8.9000000e+01   1.2551475e-01
   9.0000000e+01   1.2690414e-01
   9.1000000e+01   1.2416951e-01
   9.2000000e+01   1.2137835e-01
   9.3000000e+01   1.1853168e-01
   9.4000000e+01   1.1563055e-01
   9.5000000e+01   1.1267594e-01
   9.6000000e+01   1.0966882e-01
   9.7000000e+01   1.0661014e-01
   9.8000000e+01   1.0350084e-01
   9.9000000e+01   1.0034180e-01
   1.0000000e+02   9.7133942e-02
   1.0100000e+02   9.3878150e-02
   1.0200000e+02   9.0575255e-02
   1.0300000e+02   8.7226108e-02
   1.0400000e+02   8.3831534e-02
   1.0500000e+02   8.0392338e-02
   1.0600000e+02   7.6909311e-02
   1.0700000e+02   7.3383234e-02
   1.0800000e+02   6.9814861e-02
   1.0900000e+02   6.6204965e-02
   1.1000000e+02   6.2554263e-02
   1.1100000e+02   5.8863495e-02
   1.1200000e+02   5.5133361e-02
   1.1300000e+02   5.1364563e-02
   1.1400000e+02   4.7557782e-02
   1.1500000e+02   4.3713693e-02
   1.1600000e+02   3.9832953e-02
   1.1700000e+02   3.5916228e-02
   1.1800000e+02   3.1964146e-02
   1.1900000e+02   2.7977334e-02
   1.2000000e+02   2.3956412e-02
   1.2100000e+02   2.3264868e-02
   1.2200000e+02   2.2566462e-02
   1.2300000e+02   2.1861313e-02
   1.2400000e+02   2.1149529e-02
   1.2500000e+02   2.0431224e-02
   1.2600000e+02   1.9706508e-02
   1.2700000e+02   1.8975487e-02
   1.2800000e+02   1.8238269e-02
   1.2900000e+02   1.7494958e-02
   1.3000000e+02   1.6745657e-02
   1.3100000e+02   1.5990470e-02
   1.3200000e+02   1.5229493e-02
   1.3300000e+02   1.4462828e-02
   1.3400000e+02   1.3690570e-02
   1.3500000e+02   1.2912815e-02
   1.3600000e+02   1.2129655e-02
   1.3700000e+02   1.1341183e-02
   1.3800000e+02   1.0547489e-02
   1.3900000e+02   9.7486610e-03
   1.4000000e+02   8.9447871e-03
   1.4100000e+02   8.1359539e-03
   1.4200000e+02   7.3222462e-03
   1.4300000e+02   6.5037473e-03
   1.4400000e+02   5.6805396e-03
   1.4500000e+02   4.8527042e-03
   1.4600000e+02   4.0203203e-03
   1.4700000e+02   3.1834655e-03
   1.4800000e+02   2.3422174e-03
   1.4900000e+02   1.4966514e-03
   1.5000000e+02   6.4684270e-04
   1.5100000e+02   6.4789201e-04
   1.5200000e+02   6.4892427e-04
   1.5300000e+02   6.4993976e-04
   1.5400000e+02   6.5093860e-04
   1.5500000e+02   6.5192103e-04
   1.5600000e+02   6.5288722e-04
   1.5700000e+02   6.5383734e-04
   1.5800000e+02   6.5477152e-04
   1.5900000e+02   6.5568998e-04
   1.6000000e+02   6.5659289e-04
   1.6100000e+02   6.5748044e-04
   1.6200000e+02   6.5835274e-04
   1.6300000e+02   6.5920997e-04
   1.6400000e+02   6.6005229e-04
   1.6500000e+02   6.6087994e-04
   1.6600000e+02   6.6169305e-04
   1.6700000e+02   6.6249172e-04
   1.6800000e+02   6.6327612e-04
   1.6900000e+02   6.6404638e-04
   1.7000000e+02   6.6480279e-04
   1.7100000e+02   6.6554541e-04
   1.7200000e+02   6.6627446e-04
   1.7300000e+02   6.6699012e-04
   1.7400000e+02   6.6769245e-04
   1.7500000e+02   6.6838175e-04
   1.7600000e+02   6.6905812e-04
   1.7700000e+02   6.6972169e-04
   1.7800000e+02   6.7037268e-04
   1.7900000e+02   6.7101116e-04
   1.8000000e+02   6.7163876e-04
   1.8100000e+02   4.5231092e-03
   1.8200000e+02   8.3901733e-03
   1.8300000e+02   1.2272611e-02
   1.8400000e+02   1.6170207e-02
   1.8500000e+02   2.0082749e-02
   1.8600000e+02   2.4010023e-02
   1.8700000e+02   2.7951827e-02
   1.8800000e+02   3.1907953e-02
   1.8900000e+02   3.5878196e-02
   1.9000000e+02   3.9862365e-02
   1.9100000e+02   4.3860257e-02
   1.9200000e+02   4.7871683e-02
   1.9300000e+02   5.1896449e-02
   1.9400000e+02   5.5934370e-02
   1.9500000e+02   5.9985258e-02
   1.9600000e+02   6.4048931e-02
   1.9700000e+02   6.8125203e-02
   1.9800000e+02   7.2213903e-02
   1.9900000e+02   7.6314844e-02
   2.0000000e+02   8.0427870e-02
   2.0100000e+02   8.4552802e-02
   2.0200000e+02   8.8689461e-02
   2.0300000e+02   9.2837699e-02
   2.0400000e+02   9.6997336e-02
   2.0500000e+02   1.0116819e-01
   2.0600000e+02   1.0535008e-01
   2.0700000e+02   1.0954285e-01
   2.0800000e+02   1.1374635e-01
   2.0900000e+02   1.1796040e-01
   2.1000000e+02   1.2218486e-01
   2.1100000e+02   1.2465209e-01
   2.1200000e+02   1.2712814e-01
   2.1300000e+02   1.2961295e-01
   2.1400000e+02   1.3210641e-01
   2.1500000e+02   1.3460845e-01
   2.1600000e+02   1.3711897e-01
   2.1700000e+02   1.3963789e-01
   2.1800000e+02   1.4216511e-01
   2.1900000e+02   1.4470057e-01
   2.2000000e+02   1.4724417e-01
   2.2100000e+02   1.4979583e-01
   2.2200000e+02   1.5235548e-01
   2.2300000e+02   1.5492302e-01
   2.2400000e+02   1.5749839e-01
   2.2500000e+02   1.6008149e-01
   2.2600000e+02   1.6267227e-01
   2.2700000e+02   1.6527061e-01
   2.2800000e+02   1.6787647e-01
   2.2900000e+02   1.7048974e-01
   2.3000000e+02   1.7311038e-01
   2.3100000e+02   1.7573829e-01
   2.3200000e+02   1.7837341e-01
   2.3300000e+02   1.8101564e-01
   2.3400000e+02   1.8366495e-01
   2.3500000e+02   1.8632123e-01
   2.3600000e+02   1.8898441e-01
   2.3700000e+02   1.9165444e-01
   2.3800000e+02   1.9433124e-01
   2.3900000e+02   1.9701475e-01
   2.4000000e+02   1.9970489e-01
   2.4100000e+02   1.9783036e-01
   2.4200000e+02   1.9595025e-01
   2.4300000e+02   1.9406465e-01
   2.4400000e+02   1.9217363e-01
   2.4500000e+02   1.9027728e-01
   2.4600000e+02   1.8837568e-01
   2.4700000e+02   1.8646891e-01
   2.4800000e+02   1.8455705e-01
   2.4900000e+02   1.8264017e-01
   2.5000000e+02   1.8071833e-01
   2.5100000e+02   1.7879163e-01
   2.5200000e+02   1.7686012e-01
   2.5300000e+02   1.7492390e-01
   2.5400000e+02   1.7298301e-01
   2.5500000e+02   1.7103754e-01
   2.5600000e+02   1.6908754e-01
   2.5700000e+02   1.6713309e-01
   2.5800000e+02   1.6517428e-01
   2.5900000e+02   1.6321112e-01
   2.6000000e+02   1.6124372e-01
   2.6100000e+02   1.5927213e-01
   2.6200000e+02   1.5729643e-01
   2.6300000e+02   1.5531665e-01
   2.6400000e+02   1.5333286e-01
   2.6500000e+02   1.5134513e-01
   2.6600000e+02   1.4935352e-01
   2.6700000e+02   1.4735807e-01
   2.6800000e+02   1.4535886e-01
   2.6900000e+02   1.4335594e-01
   2.7000000e+02   1.4134936e-01
   2.7100000e+02   1.4107555e-01
   2.7200000e+02   1.4079949e-01
   2.7300000e+02   1.4052121e-01
   2.7400000e+02   1.4024071e-01
   2.7500000e+02   1.3995804e-01
   2.7600000e+02   1.3967319e-01
   2.7700000e+02   1.3938619e-01
   2.7800000e+02   1.3909706e-01
   2.7900000e+02   1.3880584e-01
   2.8000000e+02   1.3851252e-01
   2.8100000e+02   1.3821712e-01
   2.8200000e+02   1.3791968e-01
   2.8300000e+02   1.3762020e-01
   2.8400000e+02   1.3731869e-01
   2.8500000e+02   1.3701518e-01
   2.8600000e+02   1.3670969e-01
   2.8700000e+02   1.3640222e-01
   2.8800000e+02   1.3609281e-01
   2.8900000e+02   1.3578147e-01
   2.9000000e+02   1.3546820e-01
   2.9100000e+02   1.3515303e-01
   2.9200000e+02   1.3483599e-01
   2.9300000e+02   1.3451706e-01
   2.9400000e+02   1.3419628e-01
   2.9500000e+02   1.3387367e-01
   2.9600000e+02   1.3354924e-01
   2.9700000e+02   1.3322300e-01
   2.9800000e+02   1.3289498e-01
   2.9900000e+02   1.3256517e-01
   3.0000000e+02   1.3223359e-01
   3.0100000e+02   1.3236064e-01
   3.0200000e+02   1.3248669e-01
   3.0300000e+02   1.3261175e-01
   3.0400000e+02   1.3273582e-01
   3.0500000e+02   1.3285890e-01
   3.0600000e+02   1.3298103e-01
   3.0700000e+02   1.3310218e-01
   3.0800000e+02   1.3322237e-01
   3.0900000e+02   1.3334161e-01
   3.1000000e+02   1.3345991e-01
   3.1100000e+02   1.3357727e-01
   3.1200000e+02   1.3369370e-01
   3.1300000e+02   1.3380921e-01
   3.1400000e+02   1.3392378e-01
   3.1500000e+02   1.3403746e-01
   3.1600000e+02   1.3415022e-01
   3.1700000e+02   1.3426210e-01
   3.1800000e+02   1.3437307e-01
   3.1900000e+02   1.3448316e-01
   3.2000000e+02   1.3459237e-01
   3.2100000e+02   1.3470070e-01
   3.2200000e+02   1.3480817e-01
   3.2300000e+02   1.3491477e-01
   3.2400000e+02   1.3502051e-01
   3.2500000e+02   1.3512541e-01
   3.2600000e+02   1.3522947e-01
   3.2700000e+02   1.3533269e-01
   3.2800000e+02   1.3543507e-01
   3.2900000e+02   1.3553663e-01
   3.3000000e+02   1.3563737e-01
   3.3100000e+02   1.3613971e-01
   3.3200000e+02   1.3664186e-01
   3.3300000e+02   1.3714384e-01
   3.3400000e+02   1.3764565e-01
   3.3500000e+02   1.3814728e-01
   3.3600000e+02   1.3864875e-01
   3.3700000e+02   1.3915005e-01
   3.3800000e+02   1.3965118e-01
   3.3900000e+02   1.4015214e-01
   3.4000000e+02   1.4065292e-01
   3.4100000e+02   1.4115354e-01
   3.4200000e+02   1.4165400e-01
   3.4300000e+02   1.4215428e-01
   3.4400000e+02   1.4265439e-01
   3.4500000e+02   1.4315434e-01
   3.4600000e+02   1.4365412e-01
   3.4700000e+02   1.4415373e-01
   3.4800000e+02   1.4465319e-01
   3.4900000e+02   1.4515246e-01
   3.5000000e+02   1.4565158e-01
   3.5100000e+02   1.4615053e-01
   3.5200000e+02   1.4664933e-01
   3.5300000e+02   1.4714795e-01
   3.5400000e+02   1.4764643e-01
   3.5500000e+02   1.4814474e-01
   3.5600000e+02   1.4864288e-01
   3.5700000e+02   1.4914086e-01
   3.5800000e+02   1.4963868e-01
   3.5900000e+02   1.5013635e-01
   7.1133672e-07   1.5063386e-01
   1.0000007e+00   1.5146224e-01
   2.0000007e+00   1.5229101e-01
   3.0000007e+00   1.5312016e-01
   4.0000010e+00   1.5394969e-01
   5.0000010e+00   1.5477961e-01
   6.0000010e+00   1.5560989e-01
   7.0000010e+00   1.5644056e-01
   8.0000010e+00   1.5727158e-01
   9.0000010e+00   1.5810297e-01
   1.0000001e+01   1.5893473e-01
   1.1000001e+01   1.5976684e-01
   1.2000001e+01   1.6059931e-01
   1.3000001e+01   1.6143213e-01
   1.4000001e+01   1.6226530e-01
   1.5000001e+01   1.6309883e-01
   1.6000000e+01   1.6393270e-01
   1.7000000e+01   1.6476691e-01
   1.8000000e+01   1.6560145e-01
   1.9000000e+01   1.6643633e-01
   2.0000000e+01   1.6727155e-01
   2.1000000e+01   1.6810711e-01
   2.2000000e+01   1.6894299e-01
   2.3000000e+01   1.6977920e-01
   2.4000000e+01   1.7061573e-01
   2.5000000e+01   1.7145258e-01
   2.6000000e+01   1.7228974e-01
   2.7000000e+01   1.7312723e-01
   2.8000000e+01   1.7396504e-01
   2.9000000e+01   1.7480315e-01
   3.0000000e+01   1.7564158e-01
   3.1000000e+01   1.7694454e-01
   3.2000000e+01   1.7824839e-01
   3.3000000e+01   1.7955314e-01
   3.4000000e+01   1.8085878e-01
   3.5000000e+01   1.8216529e-01
   3.6000000e+01   1.8347268e-01
   3.7000000e+01   1.8478094e-01
   3.8000000e+01   1.8609005e-01
   3.9000000e+01   1.8740004e-01
   4.0000000e+01   1.8871087e-01
   4.1000000e+01   1.9002253e-01
   4.2000000e+01   1.9133504e-01
   4.3000000e+01   1.9264840e-01
   4.4000000e+01   1.9396256e-01
   4.5000000e+01   1.9527756e-01
   4.6000000e+01   1.9659337e-01
   4.7000000e+01   1.9791000e-01
   4.8000000e+01   1.9922742e-01
   4.9000000e+01   2.0054565e-01
   5.0000000e+01   2.0186469e-01
   5.1000000e+01   2.0318452e-01
   5.2000000e+01   2.0450512e-01
   5.3000000e+01   2.0582651e-01
   5.4000000e+01   2.0714867e-01
   5.5000000e+01   2.0847161e-01
   5.6000000e+01   2.0979531e-01
   5.7000000e+01   2.1111979e-01
   5.8000000e+01   2.1244501e-01
   5.9000000e+01   2.1377097e-01
   6.0000000e+01   2.1509770e-01
   6.1000000e+01   2.1483497e-01
   6.2000000e+01   2.1456859e-01
   6.3000000e+01   2.1429856e-01
   6.4000000e+01   2.1402492e-01
   6.5000000e+01   2.1374768e-01
   6.6000000e+01   2.1346687e-01
   6.7000000e+01   2.1318251e-01
   6.8000000e+01   2.1289463e-01
   6.9000000e+01   2.1260326e-01
   7.0000000e+01   2.1230842e-01
   7.1000000e+01   2.1201012e-01
   7.2000000e+01   2.1170838e-01
   7.3000000e+01   2.1140325e-01
   7.4000000e+01   2.1109474e-01
   7.5000000e+01   2.1078287e-01
   7.6000000e+01   2.1046767e-01
   7.7000000e+01   2.1014914e-01
   7.8000000e+01   2.0982732e-01
   7.9000000e+01   2.0950224e-01
   8.0000000e+01   2.0917390e-01
   8.1000000e+01   2.0884235e-01
   8.2000000e+01   2.0850760e-01
   8.3000000e+01   2.0816965e-01
   8.4000000e+01   2.0782855e-01
   8.5000000e+01   2.0748430e-01
   8.6000000e+01   2.0713694e-01
   8.7000000e+01   2.0678648e-01
   8.8000000e+01   2.0643294e-01
   8.9000000e+01   2.0607634e-01
   9.0000000e+01   2.0571671e-01
   9.1000000e+01   1.9994374e-01
   9.2000000e+01   1.9416818e-01
   9.3000000e+01   1.8839005e-01
   9.4000000e+01   1.8260936e-01
   9.5000000e+01   1.7682613e-01
   9.6000000e+01   1.7104040e-01
   9.7000000e+01   1.6525215e-01
   9.8000000e+01   1.5946142e-01
   9.9000000e+01   1.5366822e-01
   1.0000000e+02   1.4787258e-01
   1.0100000e+02   1.4207448e-01
   1.0200000e+02   1.3627398e-01
   1.0300000e+02   1.3047107e-01
   1.0400000e+02   1.2466576e-01
   1.0500000e+02   1.1885808e-01
   1.0600000e+02   1.1304803e-01
   1.0700000e+02   1.0723565e-01
   1.0800000e+02   1.0142093e-01
   1.0900000e+02   9.5603891e-02
   1.1000000e+02   8.9784555e-02
   1.1100000e+02   8.3962932e-02
   1.1200000e+02   7.8139029e-02
   1.1300000e+02   7.2312869e-02
   1.1400000e+02   6.6484459e-02
   1.1500000e+02   6.0653821e-02
   1.1600000e+02   5.4820955e-02
   1.1700000e+02   4.8985884e-02
   1.1800000e+02   4.3148618e-02
   1.1900000e+02   3.7309170e-02
   1.2000000e+02   3.1467553e-02
   1.2100000e+02   3.0429639e-02
   1.2200000e+02   2.9391455e-02
   1.2300000e+02   2.8353000e-02
   1.2400000e+02   2.7314277e-02
   1.2500000e+02   2.6275288e-02
   1.2600000e+02   2.5236033e-02
   1.2700000e+02   2.4196515e-02
   1.2800000e+02   2.3156734e-02
   1.2900000e+02   2.2116693e-02
   1.3000000e+02   2.1076391e-02
   1.3100000e+02   2.0035831e-02
   1.3200000e+02   1.8995011e-02
   1.3300000e+02   1.7953938e-02
   1.3400000e+02   1.6912607e-02
   1.3500000e+02   1.5871024e-02
   1.3600000e+02   1.4829186e-02
   1.3700000e+02   1.3787097e-02
   1.3800000e+02   1.2744758e-02
   1.3900000e+02   1.1702170e-02
   1.4000000e+02   1.0659332e-02
   1.4100000e+02   9.6162483e-03
   1.4200000e+02   8.5729174e-03
   1.4300000e+02   7.5293421e-03
   1.4400000e+02   6.4855223e-03
   1.4500000e+02   5.4414594e-03
   1.4600000e+02   4.3971543e-03
   1.4700000e+02   3.3526083e-03
   1.4800000e+02   2.3078220e-03
   1.4900000e+02   1.2627968e-03
   1.5000000e+02   2.1753450e-04
   1.5100000e+02   2.1841720e-04
   1.5200000e+02   2.1929712e-04
   1.5300000e+02   2.2017429e-04
   1.5400000e+02   2.2104873e-04
   1.5500000e+02   2.2192046e-04
   1.5600000e+02   2.2278952e-04
   1.5700000e+02   2.2365591e-04
   1.5800000e+02   2.2451965e-04
   1.5900000e+02   2.2538078e-04
   1.6000000e+02   2.2623930e-04
   1.6100000e+02   2.2709524e-04
   1.6200000e+02   2.2794862e-04
   1.6300000e+02   2.2879947e-04
   1.6400000e+02   2.2964781e-04
   1.6500000e+02   2.3049362e-04
   1.6600000e+02   2.3133698e-04
   1.6700000e+02   2.3217786e-04
   1.6800000e+02   2.3301630e-04
   1.6900000e+02   2.3385232e-04
   1.7000000e+02   2.3468594e-04
   1.7100000e+02   2.3551717e-04
   1.7200000e+02   2.3634604e-04
   1.7300000e+02   2.3717256e-04
   1.7400000e+02   2.3799673e-04
   1.7500000e+02   2.3881861e-04
   1.7600000e+02   2.3963820e-04
   1.7700000e+02   2.4045551e-04
   1.7800000e+02   2.4127055e-04
   1.7900000e+02   2.4208336e-04
   1.8000000e+02   2.4289901e-04
   1.8100000e+02   4.9933530e-03
   1.8200000e+02   9.7452942e-03
   1.8300000e+02   1.4498717e-02
   1.8400000e+02   1.9253615e-02
   1.8500000e+02   2.4009982e-02
   1.8600000e+02   2.8767813e-02
   1.8700000e+02   3.3527099e-02
   1.8800000e+02   3.8287837e-02
   1.8900000e+02   4.3050017e-02
   1.9000000e+02   4.7813639e-02
   1.9100000e+02   5.2578695e-02
   1.9200000e+02   5.7345174e-02
   1.9300000e+02   6.2113080e-02
   1.9400000e+02   6.6882402e-02
   1.9500000e+02   7.1653128e-02
   1.9600000e+02   7.6425262e-02
   1.9700000e+02   8.1198804e-02
   1.9800000e+02   8.5973732e-02
   1.9900000e+02   9.0750046e-02
   2.0000000e+02   9.5527753e-02
   2.0100000e+02   1.0030683e-01
   2.0200000e+02   1.0508729e-01
   2.0300000e+02   1.0986912e-01
   2.0400000e+02   1.1465230e-01
   2.0500000e+02   1.1943685e-01
   2.0600000e+02   1.2422275e-01
   2.0700000e+02   1.2900999e-01
   2.0800000e+02   1.3379860e-01
   2.0900000e+02   1.3858853e-01
   2.1000000e+02   1.4337979e-01
   2.1100000e+02   1.4645869e-01
   2.1200000e+02   1.4953916e-01
   2.1300000e+02   1.5262122e-01
   2.1400000e+02   1.5570486e-01
   2.1500000e+02   1.5879005e-01
   2.1600000e+02   1.6187681e-01
   2.1700000e+02   1.6496514e-01
   2.1800000e+02   1.6805500e-01
   2.1900000e+02   1.7114641e-01
   2.2000000e+02   1.7423935e-01
   2.2100000e+02   1.7733383e-01
   2.2200000e+02   1.8042983e-01
   2.2300000e+02   1.8352735e-01
   2.2400000e+02   1.8662637e-01
   2.2500000e+02   1.8972690e-01
   2.2600000e+02   1.9282895e-01
   2.2700000e+02   1.9593248e-01
   2.2800000e+02   1.9903749e-01
   2.2900000e+02   2.0214400e-01
   2.3000000e+02   2.0525198e-01
   2.3100000e+02   2.0836143e-01
   2.3200000e+02   2.1147235e-01
   2.3300000e+02   2.1458472e-01
   2.3400000e+02   2.1769856e-01
   2.3500000e+02   2.2081384e-01
   2.3600000e+02   2.2393058e-01
   2.3700000e+02   2.2704874e-01
   2.3800000e+02   2.3016834e-01
   2.3900000e+02   2.3328938e-01
   2.4000000e+02   2.3641182e-01
   2.4100000e+02   2.3415674e-01
   2.4200000e+02   2.3190130e-01
   2.4300000e+02   2.2964551e-01
   2.4400000e+02   2.2738937e-01
   2.4500000e+02   2.2513285e-01
   2.4600000e+02   2.2287598e-01
   2.4700000e+02   2.2061877e-01
   2.4800000e+02   2.1836120e-01
   2.4900000e+02   2.1610327e-01
   2.5000000e+02   2.1384498e-01
   2.5100000e+02   2.1158636e-01
   2.5200000e+02   2.0932736e-01
   2.5300000e+02   2.0706803e-01
   2.5400000e+02   2.0480834e-01
   2.5500000e+02   2.0254830e-01
   2.5600000e+02   2.0028791e-01
   2.5700000e+02   1.9802715e-01
   2.5800000e+02   1.9576603e-01
   2.5900000e+02   1.9350457e-01
   2.6000000e+02   1.9124275e-01
   2.6100000e+02   1.8898058e-01
   2.6200000e+02   1.8671808e-01
   2.6300000e+02   1.8445522e-01
   2.6400000e+02   1.8219203e-01
   2.6500000e+02   1.7992850e-01
   2.6600000e+02   1.7766464e-01
   2.6700000e+02   1.7540045e-01
   2.6800000e+02   1.7313594e-01
   2.6900000e+02   1.7087111e-01
   2.7000000e+02   1.6860595e-01
   2.7100000e+02   1.6810419e-01
   2.7200000e+02   1.6760211e-01
   2.7300000e+02   1.6709970e-01
   2.7400000e+02   1.6659698e-01
   2.7500000e+02   1.6609393e-01
   2.7600000e+02   1.6559057e-01
   2.7700000e+02   1.6508690e-01
   2.7800000e+02   1.6458292e-01
   2.7900000e+02   1.6407862e-01
   2.8000000e+02   1.6357401e-01
   2.8100000e+02   1.6306910e-01
   2.8200000e+02   1.6256388e-01
   2.8300000e+02   1.6205834e-01
   2.8400000e+02   1.6155250e-01
   2.8500000e+02   1.6104637e-01
   2.8600000e+02   1.6053993e-01
   2.8700000e+02   1.6003317e-01
   2.8800000e+02   1.5952612e-01
   2.8900000e+02   1.5901877e-01
   2.9000000e+02   1.5851113e-01
   2.9100000e+02   1.5800318e-01
   2.9200000e+02   1.5749493e-01
   2.9300000e+02   1.5698640e-01
   2.9400000e+02   1.5647757e-01
   2.9500000e+02   1.5596844e-01
   2.9600000e+02   1.5545902e-01
   2.9700000e+02   1.5494931e-01
   2.9800000e+02   1.5443932e-01
   2.9900000e+02   1.5392902e-01
   3.0000000e+02   1.5341845e-01
   3.0100000e+02   1.5342665e-01
   3.0200000e+02   1.5343472e-01
   3.0300000e+02   1.5344268e-01
   3.0400000e+02   1.5345052e-01
   3.0500000e+02   1.5345825e-01
   3.0600000e+02   1.5346585e-01
   3.0700000e+02   1.5347335e-01
   3.0800000e+02   1.5348072e-01
   3.0900000e+02   1.5348798e-01
   3.1000000e+02   1.5349512e-01
   3.1100000e+02   1.5350215e-01
   3.1200000e+02   1.5350907e-01
   3.1300000e+02   1.5351588e-01
   3.1400000e+02   1.5352257e-01
   3.1500000e+02   1.5352915e-01
   3.1600000e+02   1.5353562e-01
   3.1700000e+02   1.5354198e-01
   3.1800000e+02   1.5354823e-01
   3.1900000e+02   1.5355437e-01
   3.2000000e+02   1.5356040e-01
   3.2100000e+02   1.5356633e-01
   3.2200000e+02   1.5357214e-01
   3.2300000e+02   1.5357785e-01
   3.2400000e+02   1.5358345e-01
   3.2500000e+02   1.5358894e-01
   3.2600000e+02   1.5359433e-01
   3.2700000e+02   1.5359960e-01
   3.2800000e+02   1.5360479e-01
   3.2900000e+02   1.5360986e-01
   3.3000000e+02   1.5361483e-01
   3.3100000e+02   1.5407892e-01
   3.3200000e+02   1.5454307e-01
   3.3300000e+02   1.5500730e-01
   3.3400000e+02   1.5547161e-01
   3.3500000e+02   1.5593599e-01
   3.3600000e+02   1.5640043e-01
   3.3700000e+02   1.5686494e-01
   3.3800000e+02   1.5732953e-01
   3.3900000e+02   1.5779419e-01
   3.4000000e+02   1.5825891e-01
   3.4100000e+02   1.5872371e-01
   3.4200000e+02   1.5918860e-01
   3.4300000e+02   1.5965353e-01
   3.4400000e+02   1.6011855e-01
   3.4500000e+02   1.6058365e-01
   3.4600000e+02   1.6104880e-01
   3.4700000e+02   1.6151403e-01
   3.4800000e+02   1.6197933e-01
   3.4900000e+02   1.6244470e-01
   3.5000000e+02   1.6291015e-01
   3.5100000e+02   1.6337566e-01
   3.5200000e+02   1.6384125e-01
   3.5300000e+02   1.6430691e-01
   3.5400000e+02   1.6477264e-01
   3.5500000e+02   1.6523844e-01
   3.5600000e+02   1.6570431e-01
   3.5700000e+02   1.6617027e-01
   3.5800000e+02   1.6663627e-01
   3.5900000e+02   1.6710237e-01
   1.4226848e-06   1.6756853e-01
