   0.0000000e+00   1.3584305e+00
   1.0000000e+00   1.2830573e+00
   2.0000000e+00   1.2820040e+00
   3.0000000e+00   1.2823263e+00
   4.0000000e+00   1.2826712e+00
   5.0000000e+00   1.2830362e+00
   6.0000000e+00   1.2834214e+00
   7.0000000e+00   1.2838262e+00
   8.0000000e+00   1.2842504e+00
   9.0000000e+00   1.2846931e+00
   1.0000000e+01   1.2851537e+00
   1.1000000e+01   1.2856312e+00
   1.2000000e+01   1.2861248e+00
   1.3000000e+01   1.2866336e+00
   1.4000000e+01   1.2871575e+00
   1.5000000e+01   1.2876954e+00
   1.6000000e+01   1.2882479e+00
   1.7000000e+01   1.2888150e+00
   1.8000000e+01   1.2893960e+00
   1.9000000e+01   1.2899910e+00
   2.0000000e+01   1.2906002e+00
   2.1000000e+01   1.2912230e+00
   2.2000000e+01   1.2918593e+00
   2.3000000e+01   1.2925085e+00
   2.4000000e+01   1.2931706e+00
   2.5000000e+01   1.2938452e+00
   2.6000000e+01   1.2945321e+00
   2.7000000e+01   1.2952310e+00
   2.8000000e+01   1.2959421e+00
   2.9000000e+01   1.2966651e+00
   3.0000000e+01   1.2973996e+00
   3.1000000e+01   1.2982477e+00
   3.2000000e+01   1.2991215e+00
   3.3000000e+01   1.3000209e+00
   3.4000000e+01   1.3009454e+00
   3.5000000e+01   1.3018945e+00
   3.6000000e+01   1.3028675e+00
   3.7000000e+01   1.3038641e+00
   3.8000000e+01   1.3048838e+00
   3.9000000e+01   1.3059261e+00
   4.0000000e+01   1.3069905e+00
   4.1000000e+01   1.3080767e+00
   4.2000000e+01   1.3091844e+00
   4.3000000e+01   1.3103136e+00
   4.4000000e+01   1.3114636e+00
   4.5000000e+01   1.3126341e+00
   4.6000000e+01   1.3138249e+00
   4.7000000e+01   1.3150356e+00
   4.8000000e+01   1.3162657e+00
   4.9000000e+01   1.3175150e+00
   5.0000000e+01   1.3187833e+00
   5.1000000e+01   1.3200699e+00
   5.2000000e+01   1.3213750e+00
   5.3000000e+01   1.3226980e+00
   5.4000000e+01   1.3240386e+00
   5.5000000e+01   1.3253967e+00
   5.6000000e+01   1.3267720e+00
   5.7000000e+01   1.3281641e+00
   5.8000000e+01   1.3295730e+00
   5.9000000e+01   1.3309983e+00
   6.0000000e+01   1.3324399e+00
   6.1000000e+01   1.3327005e+00
   6.2000000e+01   1.3329599e+00
   6.3000000e+01   1.3332170e+00
   6.4000000e+01   1.3334709e+00
   6.5000000e+01   1.3337207e+00
   6.6000000e+01   1.3339654e+00
   6.7000000e+01   1.3342043e+00
   6.8000000e+01   1.3344365e+00
   6.9000000e+01   1.3346612e+00
   7.0000000e+01   1.3348778e+00
   7.1000000e+01   1.3350857e+00
   7.2000000e+01   1.3352844e+00
   7.3000000e+01   1.3354729e+00
   7.4000000e+01   1.3356510e+00
   7.5000000e+01   1.3358182e+00
   7.6000000e+01   1.3359739e+00
   7.7000000e+01   1.3361094e+00
   7.8000000e+01   1.3360316e+00
   7.9000000e+01   1.3359115e+00
   8.0000000e+01   1.3357501e+00
   8.1000000e+01   1.3355466e+00
   8.2000000e+01   1.3353006e+00
   8.3000000e+01   1.3350116e+00
   8.4000000e+01   1.3346792e+00
   8.5000000e+01   1.3343033e+00
   8.6000000e+01   1.3338834e+00
   8.7000000e+01   1.3334193e+00
   8.8000000e+01   1.3329111e+00
   8.9000000e+01   1.3323585e+00
   9.0000000e+01   1.3317615e+00
   9.1000000e+01   1.3034394e+00
   9.2000000e+01   1.2751045e+00
   9.3000000e+01   1.2467589e+00
   9.4000000e+01   1.2184047e+00
   9.5000000e+01   1.1900434e+00
   9.6000000e+01   1.1616770e+00
   9.7000000e+01   1.1333070e+00
   9.8000000e+01   1.1049348e+00
   9.9000000e+01   1.0765623e+00
   1.0000000e+02   1.0481905e+00
   1.0100000e+02   1.0198208e+00
   1.0200000e+02   9.9145454e-01
   1.0300000e+02   9.6309286e-01
   1.0400000e+02   9.3473691e-01
   1.0500000e+02   9.0638775e-01
   1.0600000e+02   8.7804633e-01
   1.0700000e+02   8.4971368e-01
   1.0800000e+02   8.2139063e-01
   1.0900000e+02   7.9307812e-01
   1.1000000e+02   7.6477683e-01
   1.1100000e+02   7.3648757e-01
   1.1200000e+02   7.0821106e-01
   1.1300000e+02   6.7994791e-01
   1.1400000e+02   6.5169883e-01
   1.1500000e+02   6.2346429e-01
   1.1600000e+02   5.9524494e-01
   1.1700000e+02   5.6704128e-01
   1.1800000e+02   5.3885376e-01
   1.1900000e+02   5.1068276e-01
   1.2000000e+02   4.8252878e-01
   1.2100000e+02   4.6554023e-01
   1.2200000e+02   4.4862366e-01
   1.2300000e+02   4.3177792e-01
   1.2400000e+02   4.1500190e-01
   1.2500000e+02   3.9829451e-01
   1.2600000e+02   3.8165471e-01
   1.2700000e+02   3.6508140e-01
   1.2800000e+02   3.4857354e-01
   1.2900000e+02   3.3213007e-01
   1.3000000e+02   3.1575000e-01
   1.3100000e+02   2.9943228e-01
   1.3200000e+02   2.8317595e-01
   1.3300000e+02   2.6697996e-01
   1.3400000e+02   2.5084344e-01
   1.3500000e+02   2.3476532e-01
   1.3600000e+02   2.1874474e-01
   1.3700000e+02   2.0278074e-01
   1.3800000e+02   1.8687242e-01
   1.3900000e+02   1.7101887e-01
   1.4000000e+02   1.5521923e-01
   1.4100000e+02   1.3947259e-01
   1.4200000e+02   1.2377811e-01
   1.4300000e+02   1.0813493e-01
   1.4400000e+02   9.2542201e-02
   1.4500000e+02   7.6999106e-02
   1.4600000e+02   6.1504826e-02
   1.4700000e+02   4.6058558e-02
   1.4800000e+02   3.0659517e-02
   1.4900000e+02   1.5306919e-02
   1.5000000e+02  -1.5163021e-19
   1.5100000e+02   9.4768881e-20
   1.5200000e+02   0.0000000e+00
   1.5300000e+02   0.0000000e+00
   1.5400000e+02  -3.0326041e-19
   1.5500000e+02   3.0326041e-19
   1.5600000e+02   3.0326041e-19
   1.5700000e+02   0.0000000e+00
   1.5800000e+02   0.0000000e+00
   1.5900000e+02   0.0000000e+00
   1.6000000e+02   6.0652083e-19
   1.6100000e+02   0.0000000e+00
   1.6200000e+02  -6.0652083e-19
   1.6300000e+02   0.0000000e+00
   1.6400000e+02   0.0000000e+00
   1.6500000e+02   0.0000000e+00
   1.6600000e+02   0.0000000e+00
   1.6700000e+02   1.2130417e-18
   1.6800000e+02  -1.2130417e-18
   1.6900000e+02   1.2130417e-18
   1.7000000e+02   1.2130417e-18
   1.7100000e+02   0.0000000e+00
   1.7200000e+02  -1.2130417e-18
   1.7300000e+02   0.0000000e+00
   1.7400000e+02   1.2130417e-18
   1.7500000e+02   1.2130417e-18
   1.7600000e+02  -1.2130417e-18
   1.7700000e+02  -1.2130417e-18
   1.7800000e+02  -1.2130417e-18
   1.7900000e+02  -1.2130417e-18
   1.8000000e+02   1.3153028e-08
   1.8100000e+02   3.6960330e-02
   1.8200000e+02   7.3879354e-02
   1.8300000e+02   1.1075763e-01
   1.8400000e+02   1.4759569e-01
   1.8500000e+02   1.8439405e-01
   1.8600000e+02   2.2115323e-01
   1.8700000e+02   2.5787374e-01
   1.8800000e+02   2.9455608e-01
   1.8900000e+02   3.3120075e-01
   1.9000000e+02   3.6780825e-01
   1.9100000e+02   4.0437907e-01
   1.9200000e+02   4.4091368e-01
   1.9300000e+02   4.7741258e-01
   1.9400000e+02   5.1387620e-01
   1.9500000e+02   5.5030501e-01
   1.9600000e+02   5.8669955e-01
   1.9700000e+02   6.2306017e-01
   1.9800000e+02   6.5938735e-01
   1.9900000e+02   6.9568157e-01
   2.0000000e+02   7.3194325e-01
   2.0100000e+02   7.6817280e-01
   2.0200000e+02   8.0437064e-01
   2.0300000e+02   8.4053725e-01
   2.0400000e+02   8.7665951e-01
   2.0500000e+02   9.1274154e-01
   2.0600000e+02   9.4879204e-01
   2.0700000e+02   9.8481143e-01
   2.0800000e+02   1.0208001e+00
   2.0900000e+02   1.0567585e+00
   2.1000000e+02   1.0926871e+00
   2.1100000e+02   1.0995237e+00
   2.1200000e+02   1.1063801e+00
   2.1300000e+02   1.1132560e+00
   2.1400000e+02   1.1201513e+00
   2.1500000e+02   1.1270654e+00
   2.1600000e+02   1.1339983e+00
   2.1700000e+02   1.1409495e+00
   2.1800000e+02   1.1479188e+00
   2.1900000e+02   1.1549058e+00
   2.2000000e+02   1.1619104e+00
   2.2100000e+02   1.1689322e+00
   2.2200000e+02   1.1759709e+00
   2.2300000e+02   1.1830263e+00
   2.2400000e+02   1.1900980e+00
   2.2500000e+02   1.1971861e+00
   2.2600000e+02   1.2042899e+00
   2.2700000e+02   1.2114094e+00
   2.2800000e+02   1.2185444e+00
   2.2900000e+02   1.2256944e+00
   2.3000000e+02   1.2328594e+00
   2.3100000e+02   1.2400390e+00
   2.3200000e+02   1.2472330e+00
   2.3300000e+02   1.2544413e+00
   2.3400000e+02   1.2616636e+00
   2.3500000e+02   1.2688997e+00
   2.3600000e+02   1.2761492e+00
   2.3700000e+02   1.2834121e+00
   2.3800000e+02   1.2906882e+00
   2.3900000e+02   1.2979771e+00
   2.4000000e+02   1.3052788e+00
   2.4100000e+02   1.3001132e+00
   2.4200000e+02   1.2949492e+00
   2.4300000e+02   1.2897865e+00
   2.4400000e+02   1.2846251e+00
   2.4500000e+02   1.2794651e+00
   2.4600000e+02   1.2743064e+00
   2.4700000e+02   1.2691492e+00
   2.4800000e+02   1.2639933e+00
   2.4900000e+02   1.2588388e+00
   2.5000000e+02   1.2536855e+00
   2.5100000e+02   1.2485336e+00
   2.5200000e+02   1.2433830e+00
   2.5300000e+02   1.2382337e+00
   2.5400000e+02   1.2330858e+00
   2.5500000e+02   1.2279391e+00
   2.5600000e+02   1.2227937e+00
   2.5700000e+02   1.2176496e+00
   2.5800000e+02   1.2125068e+00
   2.5900000e+02   1.2073652e+00
   2.6000000e+02   1.2022249e+00
   2.6100000e+02   1.1970857e+00
   2.6200000e+02   1.1919478e+00
   2.6300000e+02   1.1868112e+00
   2.6400000e+02   1.1816758e+00
   2.6500000e+02   1.1765414e+00
   2.6600000e+02   1.1714084e+00
   2.6700000e+02   1.1662766e+00
   2.6800000e+02   1.1611458e+00
   2.6900000e+02   1.1560162e+00
   2.7000000e+02   1.1508878e+00
   2.7100000e+02   1.1489975e+00
   2.7200000e+02   1.1471080e+00
   2.7300000e+02   1.1452192e+00
   2.7400000e+02   1.1433312e+00
   2.7500000e+02   1.1414438e+00
   2.7600000e+02   1.1395574e+00
   2.7700000e+02   1.1376716e+00
   2.7800000e+02   1.1357865e+00
   2.7900000e+02   1.1339022e+00
   2.8000000e+02   1.1320187e+00
   2.8100000e+02   1.1301359e+00
   2.8200000e+02   1.1282537e+00
   2.8300000e+02   1.1263723e+00
   2.8400000e+02   1.1244917e+00
   2.8500000e+02   1.1226116e+00
   2.8600000e+02   1.1207324e+00
   2.8700000e+02   1.1188538e+00
   2.8800000e+02   1.1169759e+00
   2.8900000e+02   1.1150987e+00
   2.9000000e+02   1.1132222e+00
   2.9100000e+02   1.1113465e+00
   2.9200000e+02   1.1094713e+00
   2.9300000e+02   1.1075969e+00
   2.9400000e+02   1.1057231e+00
   2.9500000e+02   1.1038500e+00
   2.9600000e+02   1.1019776e+00
   2.9700000e+02   1.1001059e+00
   2.9800000e+02   1.0982348e+00
   2.9900000e+02   1.0963643e+00
   3.0000000e+02   1.0944945e+00
   3.0100000e+02   1.0940837e+00
   3.0200000e+02   1.0936733e+00
   3.0300000e+02   1.0932637e+00
   3.0400000e+02   1.0928547e+00
   3.0500000e+02   1.0924463e+00
   3.0600000e+02   1.0920385e+00
   3.0700000e+02   1.0916314e+00
   3.0800000e+02   1.0912248e+00
   3.0900000e+02   1.0908189e+00
   3.1000000e+02   1.0904135e+00
   3.1100000e+02   1.0900087e+00
   3.1200000e+02   1.0896046e+00
   3.1300000e+02   1.0892010e+00
   3.1400000e+02   1.0887980e+00
   3.1500000e+02   1.0883956e+00
   3.1600000e+02   1.0879939e+00
   3.1700000e+02   1.0875926e+00
   3.1800000e+02   1.0871919e+00
   3.1900000e+02   1.0867919e+00
   3.2000000e+02   1.0863924e+00
   3.2100000e+02   1.0859935e+00
   3.2200000e+02   1.0855951e+00
   3.2300000e+02   1.0851973e+00
   3.2400000e+02   1.0848001e+00
   3.2500000e+02   1.0844034e+00
   3.2600000e+02   1.0840073e+00
   3.2700000e+02   1.0836117e+00
   3.2800000e+02   1.0832167e+00
   3.2900000e+02   1.0828222e+00
   3.3000000e+02   1.0824283e+00
   3.3100000e+02   1.0833944e+00
   3.3200000e+02   1.0843613e+00
   3.3300000e+02   1.0853291e+00
   3.3400000e+02   1.0862974e+00
   3.3500000e+02   1.0872666e+00
   3.3600000e+02   1.0882366e+00
   3.3700000e+02   1.0892072e+00
   3.3800000e+02   1.0901786e+00
   3.3900000e+02   1.0911508e+00
   3.4000000e+02   1.0921236e+00
   3.4100000e+02   1.0930972e+00
   3.4200000e+02   1.0940716e+00
   3.4300000e+02   1.0950466e+00
   3.4400000e+02   1.0960224e+00
   3.4500000e+02   1.0969988e+00
   3.4600000e+02   1.0979760e+00
   3.4700000e+02   1.0989538e+00
   3.4800000e+02   1.0999323e+00
   3.4900000e+02   1.1009115e+00
   3.5000000e+02   1.1018914e+00
   3.5100000e+02   1.1028720e+00
   3.5200000e+02   1.1038532e+00
   3.5300000e+02   1.1048352e+00
   3.5400000e+02   1.1058177e+00
   3.5500000e+02   1.1068009e+00
   3.5600000e+02   1.1077847e+00
   3.5700000e+02   1.1087693e+00
   3.5800000e+02   1.1097544e+00
   3.5900000e+02   1.1107402e+00
   7.1133672e-07   1.1117266e+00
   1.0000007e+00   1.1135881e+00
   2.0000007e+00   1.1154507e+00
   3.0000007e+00   1.1173143e+00
   4.0000010e+00   1.1191790e+00
   5.0000010e+00   1.1210448e+00
   6.0000010e+00   1.1229115e+00
   7.0000010e+00   1.1247792e+00
   8.0000010e+00   1.1266481e+00
   9.0000010e+00   1.1285179e+00
   1.0000001e+01   1.1303886e+00
   1.1000001e+01   1.1322604e+00
   1.2000001e+01   1.1341332e+00
   1.3000001e+01   1.1360070e+00
   1.4000001e+01   1.1378816e+00
   1.5000001e+01   1.1397573e+00
   1.6000000e+01   1.1416339e+00
   1.7000000e+01   1.1435114e+00
   1.8000000e+01   1.1453899e+00
   1.9000000e+01   1.1472694e+00
   2.0000000e+01   1.1491497e+00
   2.1000000e+01   1.1510309e+00
   2.2000000e+01   1.1529131e+00
   2.3000000e+01   1.1547961e+00
   2.4000000e+01   1.1566800e+00
   2.5000000e+01   1.1585648e+00
   2.6000000e+01   1.1604505e+00
   2.7000000e+01   1.1623371e+00
   2.8000000e+01   1.1642244e+00
   2.9000000e+01   1.1661127e+00
   3.0000000e+01   1.1680018e+00
   3.1000000e+01   1.1706097e+00
   3.2000000e+01   1.1732192e+00
   3.3000000e+01   1.1758300e+00
   3.4000000e+01   1.1784422e+00
   3.5000000e+01   1.1810559e+00
   3.6000000e+01   1.1836709e+00
   3.7000000e+01   1.1862873e+00
   3.8000000e+01   1.1889050e+00
   3.9000000e+01   1.1915241e+00
   4.0000000e+01   1.1941446e+00
   4.1000000e+01   1.1967664e+00
   4.2000000e+01   1.1993895e+00
   4.3000000e+01   1.2020139e+00
   4.4000000e+01   1.2046394e+00
   4.5000000e+01   1.2072664e+00
   4.6000000e+01   1.2098947e+00
   4.7000000e+01   1.2125242e+00
   4.8000000e+01   1.2151550e+00
   4.9000000e+01   1.2177869e+00
   5.0000000e+01   1.2204202e+00
   5.1000000e+01   1.2230546e+00
   5.2000000e+01   1.2256904e+00
   5.3000000e+01   1.2283273e+00
   5.4000000e+01   1.2309653e+00
   5.5000000e+01   1.2336046e+00
   5.6000000e+01   1.2362450e+00
   5.7000000e+01   1.2388866e+00
   5.8000000e+01   1.2415293e+00
   5.9000000e+01   1.2441733e+00
   6.0000000e+01   1.2468183e+00
   6.1000000e+01   1.2452924e+00
   6.2000000e+01   1.2437649e+00
   6.3000000e+01   1.2422355e+00
   6.4000000e+01   1.2407047e+00
   6.5000000e+01   1.2391720e+00
   6.6000000e+01   1.2376376e+00
   6.7000000e+01   1.2361017e+00
   6.8000000e+01   1.2345642e+00
   6.9000000e+01   1.2330250e+00
   7.0000000e+01   1.2314842e+00
   7.1000000e+01   1.2299417e+00
   7.2000000e+01   1.2283977e+00
   7.3000000e+01   1.2268522e+00
   7.4000000e+01   1.2253051e+00
   7.5000000e+01   1.2237564e+00
   7.6000000e+01   1.2222061e+00
   7.7000000e+01   1.2206544e+00
   7.8000000e+01   1.2191012e+00
   7.9000000e+01   1.2175463e+00
   8.0000000e+01   1.2159901e+00
   8.1000000e+01   1.2144322e+00
   8.2000000e+01   1.2128730e+00
   8.3000000e+01   1.2113122e+00
   8.4000000e+01   1.2097501e+00
   8.5000000e+01   1.2081864e+00
   8.6000000e+01   1.2066212e+00
   8.7000000e+01   1.2050546e+00
   8.8000000e+01   1.2034866e+00
   8.9000000e+01   1.2019172e+00
   9.0000000e+01   1.2003462e+00
   9.1000000e+01   1.1733825e+00
   9.2000000e+01   1.1464211e+00
   9.3000000e+01   1.1194620e+00
   9.4000000e+01   1.0925053e+00
   9.5000000e+01   1.0655509e+00
   9.6000000e+01   1.0385988e+00
   9.7000000e+01   1.0116490e+00
   9.8000000e+01   9.8470140e-01
   9.9000000e+01   9.5775610e-01
   1.0000000e+02   9.3081301e-01
   1.0100000e+02   9.0387207e-01
   1.0200000e+02   8.7693340e-01
   1.0300000e+02   8.4999686e-01
   1.0400000e+02   8.2306254e-01
   1.0500000e+02   7.9613030e-01
   1.0600000e+02   7.6920021e-01
   1.0700000e+02   7.4227226e-01
   1.0800000e+02   7.1534640e-01
   1.0900000e+02   6.8842262e-01
   1.1000000e+02   6.6150087e-01
   1.1100000e+02   6.3458121e-01
   1.1200000e+02   6.0766357e-01
   1.1300000e+02   5.8074796e-01
   1.1400000e+02   5.5383438e-01
   1.1500000e+02   5.2692282e-01
   1.1600000e+02   5.0001317e-01
   1.1700000e+02   4.7310552e-01
   1.1800000e+02   4.4619980e-01
   1.1900000e+02   4.1929603e-01
   1.2000000e+02   3.9239421e-01
   1.2100000e+02   3.7926635e-01
   1.2200000e+02   3.6614195e-01
   1.2300000e+02   3.5302100e-01
   1.2400000e+02   3.3990344e-01
   1.2500000e+02   3.2678929e-01
   1.2600000e+02   3.1367856e-01
   1.2700000e+02   3.0057117e-01
   1.2800000e+02   2.8746715e-01
   1.2900000e+02   2.7436650e-01
   1.3000000e+02   2.6126912e-01
   1.3100000e+02   2.4817510e-01
   1.3200000e+02   2.3508437e-01
   1.3300000e+02   2.2199692e-01
   1.3400000e+02   2.0891275e-01
   1.3500000e+02   1.9583182e-01
   1.3600000e+02   1.8275414e-01
   1.3700000e+02   1.6967969e-01
   1.3800000e+02   1.5660846e-01
   1.3900000e+02   1.4354043e-01
   1.4000000e+02   1.3047560e-01
   1.4100000e+02   1.1741393e-01
   1.4200000e+02   1.0435543e-01
   1.4300000e+02   9.1300093e-02
   1.4400000e+02   7.8247890e-02
   1.4500000e+02   6.5198816e-02
   1.4600000e+02   5.2152861e-02
   1.4700000e+02   3.9110012e-02
   1.4800000e+02   2.6070260e-02
   1.4900000e+02   1.3033587e-02
   1.5000000e+02   3.7907552e-20
   1.5100000e+02  -3.7907552e-20
   1.5200000e+02  -7.5815103e-20
   1.5300000e+02  -1.5163021e-19
   1.5400000e+02   0.0000000e+00
   1.5500000e+02   0.0000000e+00
   1.5600000e+02   6.0652083e-19
   1.5700000e+02   3.0326041e-19
   1.5800000e+02   0.0000000e+00
   1.5900000e+02   0.0000000e+00
   1.6000000e+02  -6.0652083e-19
   1.6100000e+02   0.0000000e+00
   1.6200000e+02   1.2130417e-18
   1.6300000e+02   1.2130417e-18
   1.6400000e+02   0.0000000e+00
   1.6500000e+02   1.2130417e-18
   1.6600000e+02   0.0000000e+00
   1.6700000e+02   0.0000000e+00
   1.6800000e+02   0.0000000e+00
   1.6900000e+02   1.2130417e-18
   1.7000000e+02  -1.2130417e-18
   1.7100000e+02   0.0000000e+00
   1.7200000e+02   1.2130417e-18
   1.7300000e+02  -1.2130417e-18
   1.7400000e+02   0.0000000e+00
   1.7500000e+02   2.4260833e-18
   1.7600000e+02   1.2130417e-18
   1.7700000e+02   0.0000000e+00
   1.7800000e+02   0.0000000e+00
   1.7900000e+02   1.2130417e-18
   1.8000000e+02   3.6671189e-08
   1.8100000e+02   3.4365952e-02
   1.8200000e+02   6.8727128e-02
   1.8300000e+02   1.0308359e-01
   1.8400000e+02   1.3743535e-01
   1.8500000e+02   1.7178243e-01
   1.8600000e+02   2.0612486e-01
   1.8700000e+02   2.4046263e-01
   1.8800000e+02   2.7479580e-01
   1.8900000e+02   3.0912435e-01
   1.9000000e+02   3.4344831e-01
   1.9100000e+02   3.7776768e-01
   1.9200000e+02   4.1208252e-01
   1.9300000e+02   4.4639283e-01
   1.9400000e+02   4.8069865e-01
   1.9500000e+02   5.1499993e-01
   1.9600000e+02   5.4929674e-01
   1.9700000e+02   5.8358908e-01
   1.9800000e+02   6.1787695e-01
   1.9900000e+02   6.5216041e-01
   2.0000000e+02   6.8643945e-01
   2.0100000e+02   7.2071409e-01
   2.0200000e+02   7.5498438e-01
   2.0300000e+02   7.8925025e-01
   2.0400000e+02   8.2351178e-01
   2.0500000e+02   8.5776895e-01
   2.0600000e+02   8.9202183e-01
   2.0700000e+02   9.2627037e-01
   2.0800000e+02   9.6051466e-01
   2.0900000e+02   9.9475461e-01
   2.1000000e+02   1.0289903e+00
   2.1100000e+02   1.0370382e+00
   2.1200000e+02   1.0450877e+00
   2.1300000e+02   1.0531387e+00
   2.1400000e+02   1.0611914e+00
   2.1500000e+02   1.0692456e+00
   2.1600000e+02   1.0773014e+00
   2.1700000e+02   1.0853586e+00
   2.1800000e+02   1.0934175e+00
   2.1900000e+02   1.1014779e+00
   2.2000000e+02   1.1095397e+00
   2.2100000e+02   1.1176033e+00
   2.2200000e+02   1.1256682e+00
   2.2300000e+02   1.1337347e+00
   2.2400000e+02   1.1418028e+00
   2.2500000e+02   1.1498723e+00
   2.2600000e+02   1.1579432e+00
   2.2700000e+02   1.1660159e+00
   2.2800000e+02   1.1740898e+00
   2.2900000e+02   1.1821654e+00
   2.3000000e+02   1.1902424e+00
   2.3100000e+02   1.1983209e+00
   2.3200000e+02   1.2064009e+00
   2.3300000e+02   1.2144823e+00
   2.3400000e+02   1.2225653e+00
   2.3500000e+02   1.2306497e+00
   2.3600000e+02   1.2387356e+00
   2.3700000e+02   1.2468228e+00
   2.3800000e+02   1.2549117e+00
   2.3900000e+02   1.2630019e+00
   2.4000000e+02   1.2710936e+00
   2.4100000e+02   1.2660928e+00
   2.4200000e+02   1.2610922e+00
   2.4300000e+02   1.2560917e+00
   2.4400000e+02   1.2510914e+00
   2.4500000e+02   1.2460910e+00
   2.4600000e+02   1.2410909e+00
   2.4700000e+02   1.2360908e+00
   2.4800000e+02   1.2310909e+00
   2.4900000e+02   1.2260910e+00
   2.5000000e+02   1.2210913e+00
   2.5100000e+02   1.2160916e+00
   2.5200000e+02   1.2110922e+00
   2.5300000e+02   1.2060928e+00
   2.5400000e+02   1.2010936e+00
   2.5500000e+02   1.1960944e+00
   2.5600000e+02   1.1910912e+00
   2.5700000e+02   1.1860884e+00
   2.5800000e+02   1.1810864e+00
   2.5900000e+02   1.1760852e+00
   2.6000000e+02   1.1710849e+00
   2.6100000e+02   1.1660851e+00
   2.6200000e+02   1.1610863e+00
   2.6300000e+02   1.1560881e+00
   2.6400000e+02   1.1510907e+00
   2.6500000e+02   1.1460941e+00
   2.6600000e+02   1.1410983e+00
   2.6700000e+02   1.1361030e+00
   2.6800000e+02   1.1311086e+00
   2.6900000e+02   1.1261150e+00
   2.7000000e+02   1.1211220e+00
   2.7100000e+02   1.1193485e+00
   2.7200000e+02   1.1175750e+00
   2.7300000e+02   1.1158016e+00
   2.7400000e+02   1.1140281e+00
   2.7500000e+02   1.1122546e+00
   2.7600000e+02   1.1104811e+00
   2.7700000e+02   1.1087077e+00
   2.7800000e+02   1.1069343e+00
   2.7900000e+02   1.1051610e+00
   2.8000000e+02   1.1033875e+00
   2.8100000e+02   1.1016141e+00
   2.8200000e+02   1.0998408e+00
   2.8300000e+02   1.0980674e+00
   2.8400000e+02   1.0962940e+00
   2.8500000e+02   1.0945207e+00
   2.8600000e+02   1.0927474e+00
   2.8700000e+02   1.0909741e+00
   2.8800000e+02   1.0892007e+00
   2.8900000e+02   1.0874275e+00
   2.9000000e+02   1.0856543e+00
   2.9100000e+02   1.0838809e+00
   2.9200000e+02   1.0821077e+00
   2.9300000e+02   1.0803344e+00
   2.9400000e+02   1.0785612e+00
   2.9500000e+02   1.0767879e+00
   2.9600000e+02   1.0750147e+00
   2.9700000e+02   1.0732415e+00
   2.9800000e+02   1.0714682e+00
   2.9900000e+02   1.0696950e+00
   3.0000000e+02   1.0679219e+00
   3.0100000e+02   1.0676075e+00
   3.0200000e+02   1.0672932e+00
   3.0300000e+02   1.0669789e+00
   3.0400000e+02   1.0666646e+00
   3.0500000e+02   1.0663502e+00
   3.0600000e+02   1.0660360e+00
   3.0700000e+02   1.0657216e+00
   3.0800000e+02   1.0654074e+00
   3.0900000e+02   1.0650930e+00
   3.1000000e+02   1.0647787e+00
   3.1100000e+02   1.0644644e+00
   3.1200000e+02   1.0641501e+00
   3.1300000e+02   1.0638357e+00
   3.1400000e+02   1.0635215e+00
   3.1500000e+02   1.0632071e+00
   3.1600000e+02   1.0628928e+00
   3.1700000e+02   1.0625786e+00
   3.1800000e+02   1.0622642e+00
   3.1900000e+02   1.0619498e+00
   3.2000000e+02   1.0616355e+00
   3.2100000e+02   1.0613211e+00
   3.2200000e+02   1.0610068e+00
   3.2300000e+02   1.0606925e+00
   3.2400000e+02   1.0603782e+00
   3.2500000e+02   1.0600638e+00
   3.2600000e+02   1.0597494e+00
   3.2700000e+02   1.0594350e+00
   3.2800000e+02   1.0591207e+00
   3.2900000e+02   1.0588063e+00
   3.3000000e+02   1.0584919e+00
   3.3100000e+02   1.0595558e+00
   3.3200000e+02   1.0606197e+00
   3.3300000e+02   1.0616837e+00
   3.3400000e+02   1.0627477e+00
   3.3500000e+02   1.0638118e+00
   3.3600000e+02   1.0648758e+00
   3.3700000e+02   1.0659400e+00
   3.3800000e+02   1.0670042e+00
   3.3900000e+02   1.0680684e+00
   3.4000000e+02   1.0691327e+00
   3.4100000e+02   1.0701970e+00
   3.4200000e+02   1.0712613e+00
   3.4300000e+02   1.0723257e+00
   3.4400000e+02   1.0733902e+00
   3.4500000e+02   1.0744547e+00
   3.4600000e+02   1.0755192e+00
   3.4700000e+02   1.0765837e+00
   3.4800000e+02   1.0776484e+00
   3.4900000e+02   1.0787131e+00
   3.5000000e+02   1.0797777e+00
   3.5100000e+02   1.0808424e+00
   3.5200000e+02   1.0819072e+00
   3.5300000e+02   1.0829720e+00
   3.5400000e+02   1.0840368e+00
   3.5500000e+02   1.0851017e+00
   3.5600000e+02   1.0861666e+00
   3.5700000e+02   1.0872316e+00
   3.5800000e+02   1.0882965e+00
   3.5900000e+02   1.0893617e+00
   1.4226848e-06   1.0904267e+00
