   0.0000000e+00   2.1569982e-17
   1.0000000e+00   1.9622564e-03
   2.0000000e+00   3.0915556e-03
   3.0000000e+00   4.2191888e-03
   4.0000000e+00   5.3479415e-03
   5.0000000e+00   6.4777485e-03
   6.0000000e+00   7.6083853e-03
   7.0000000e+00   8.7396791e-03
   8.0000000e+00   9.8713189e-03
   9.0000000e+00   1.1003289e-02
   1.0000000e+01   1.2135142e-02
   1.1000000e+01   1.3266110e-02
   1.2000000e+01   1.4395825e-02
   1.3000000e+01   1.5523937e-02
   1.4000000e+01   1.6649935e-02
   1.5000000e+01   1.7773354e-02
   1.6000000e+01   1.8894905e-02
   1.7000000e+01   2.0014679e-02
   1.8000000e+01   2.1132912e-02
   1.9000000e+01   2.2249434e-02
   2.0000000e+01   2.3365032e-02
   2.1000000e+01   2.4480384e-02
   2.2000000e+01   2.5595706e-02
   2.3000000e+01   2.6710989e-02
   2.4000000e+01   2.7826203e-02
   2.5000000e+01   2.8941372e-02
   2.6000000e+01   3.0056546e-02
   2.7000000e+01   3.1171320e-02
   2.8000000e+01   3.2285441e-02
   2.9000000e+01   3.3398870e-02
   3.0000000e+01   3.4511745e-02
   3.1000000e+01   3.5793163e-02
   3.2000000e+01   3.7083667e-02
   3.3000000e+01   3.8383141e-02
   3.4000000e+01   3.9691702e-02
   3.5000000e+01   4.1009169e-02
   3.6000000e+01   4.2335428e-02
   3.7000000e+01   4.3670315e-02
   3.8000000e+01   4.5013592e-02
   3.9000000e+01   4.6364881e-02
   4.0000000e+01   4.7724061e-02
   4.1000000e+01   4.9091049e-02
   4.2000000e+01   5.0465737e-02
   4.3000000e+01   5.1847950e-02
   4.4000000e+01   5.3237613e-02
   4.5000000e+01   5.4634504e-02
   4.6000000e+01   5.6038339e-02
   4.7000000e+01   5.7448983e-02
   4.8000000e+01   5.8866538e-02
   4.9000000e+01   6.0290955e-02
   5.0000000e+01   6.1722104e-02
   5.1000000e+01   6.3159876e-02
   5.2000000e+01   6.4604200e-02
   5.3000000e+01   6.6054799e-02
   5.4000000e+01   6.7511536e-02
   5.5000000e+01   6.8974249e-02
   5.6000000e+01   7.0442840e-02
   5.7000000e+01   7.1917243e-02
   5.8000000e+01   7.3397316e-02
   5.9000000e+01   7.4882887e-02
   6.0000000e+01   7.6373868e-02
   6.1000000e+01   7.8626163e-02
   6.2000000e+01   8.0893286e-02
   6.3000000e+01   8.3174706e-02
   6.4000000e+01   8.5469902e-02
   6.5000000e+01   8.7778375e-02
   6.6000000e+01   9.0099685e-02
   6.7000000e+01   9.2433259e-02
   6.8000000e+01   9.4778508e-02
   6.9000000e+01   9.7134873e-02
   7.0000000e+01   9.9501766e-02
   7.1000000e+01   1.0187868e-01
   7.2000000e+01   1.0426518e-01
   7.3000000e+01   1.0666083e-01
   7.4000000e+01   1.0906512e-01
   7.5000000e+01   1.1147758e-01
   7.6000000e+01   1.1389776e-01
   7.7000000e+01   1.1632533e-01
   7.8000000e+01   1.1875985e-01
   7.9000000e+01   1.2120097e-01
   8.0000000e+01   1.2364832e-01
   8.1000000e+01   1.2610148e-01
   8.2000000e+01   1.2856007e-01
   8.3000000e+01   1.3102368e-01
   8.4000000e+01   1.3349186e-01
   8.5000000e+01   1.3596424e-01
   8.6000000e+01   1.3844046e-01
   8.7000000e+01   1.4092016e-01
   8.8000000e+01   1.4340310e-01
   8.9000000e+01   1.4588895e-01
   9.0000000e+01   1.4837739e-01
   9.1000000e+01   1.4888316e-01
   9.2000000e+01   1.4936502e-01
   9.3000000e+01   1.4982331e-01
   9.4000000e+01   1.5025832e-01
   9.5000000e+01   1.5067038e-01
   9.6000000e+01   1.5105979e-01
   9.7000000e+01   1.5142687e-01
   9.8000000e+01   1.5177269e-01
   9.9000000e+01   1.5209857e-01
   1.0000000e+02   1.5240452e-01
   1.0100000e+02   1.5269054e-01
   1.0200000e+02   1.5295669e-01
   1.0300000e+02   1.5320294e-01
   1.0400000e+02   1.5342930e-01
   1.0500000e+02   1.5363580e-01
   1.0600000e+02   1.5382247e-01
   1.0700000e+02   1.5398934e-01
   1.0800000e+02   1.5413648e-01
   1.0900000e+02   1.5426393e-01
   1.1000000e+02   1.5437172e-01
   1.1100000e+02   1.5445995e-01
   1.1200000e+02   1.5452868e-01
   1.1300000e+02   1.5457793e-01
   1.1400000e+02   1.5460773e-01
   1.1500000e+02   1.5461816e-01
   1.1600000e+02   1.5460925e-01
   1.1700000e+02   1.5458107e-01
   1.1800000e+02   1.5453365e-01
   1.1900000e+02   1.5446708e-01
   1.2000000e+02   1.5438138e-01
   1.2100000e+02   1.5410717e-01
   1.2200000e+02   1.5382171e-01
   1.2300000e+02   1.5352447e-01
   1.2400000e+02   1.5321551e-01
   1.2500000e+02   1.5289500e-01
   1.2600000e+02   1.5256314e-01
   1.2700000e+02   1.5222016e-01
   1.2800000e+02   1.5186623e-01
   1.2900000e+02   1.5150157e-01
   1.3000000e+02   1.5112637e-01
   1.3100000e+02   1.5074076e-01
   1.3200000e+02   1.5034498e-01
   1.3300000e+02   1.4993913e-01
   1.3400000e+02   1.4952342e-01
   1.3500000e+02   1.4909798e-01
   1.3600000e+02   1.4866300e-01
   1.3700000e+02   1.4821862e-01
   1.3800000e+02   1.4776498e-01
   1.3900000e+02   1.4730221e-01
   1.4000000e+02   1.4683048e-01
   1.4100000e+02   1.4634992e-01
   1.4200000e+02   1.4586067e-01
   1.4300000e+02   1.4536287e-01
   1.4400000e+02   1.4485665e-01
   1.4500000e+02   1.4434215e-01
   1.4600000e+02   1.4381948e-01
   1.4700000e+02   1.4328876e-01
   1.4800000e+02   1.4275011e-01
   1.4900000e+02   1.4220367e-01
   1.5000000e+02   1.4164954e-01
   1.5100000e+02   1.4235923e-01
   1.5200000e+02   1.4306806e-01
   1.5300000e+02   1.4377600e-01
   1.5400000e+02   1.4448307e-01
   1.5500000e+02   1.4518920e-01
   1.5600000e+02   1.4589442e-01
   1.5700000e+02   1.4659873e-01
   1.5800000e+02   1.4730214e-01
   1.5900000e+02   1.4800461e-01
   1.6000000e+02   1.4870615e-01
   1.6100000e+02   1.4940678e-01
   1.6200000e+02   1.5010647e-01
   1.6300000e+02   1.5080523e-01
   1.6400000e+02   1.5150307e-01
   1.6500000e+02   1.5219997e-01
   1.6600000e+02   1.5289591e-01
   1.6700000e+02   1.5359093e-01
   1.6800000e+02   1.5428501e-01
   1.6900000e+02   1.5497816e-01
   1.7000000e+02   1.5567034e-01
   1.7100000e+02   1.5636159e-01
   1.7200000e+02   1.5705189e-01
   1.7300000e+02   1.5774123e-01
   1.7400000e+02   1.5842964e-01
   1.7500000e+02   1.5911709e-01
   1.7600000e+02   1.5980360e-01
   1.7700000e+02   1.6048914e-01
   1.7800000e+02   1.6117375e-01
   1.7900000e+02   1.6185741e-01
   1.8000000e+02   1.6254012e-01
   1.8100000e+02   1.6383377e-01
   1.8200000e+02   1.6513348e-01
   1.8300000e+02   1.6643927e-01
   1.8400000e+02   1.6775110e-01
   1.8500000e+02   1.6906902e-01
   1.8600000e+02   1.7039301e-01
   1.8700000e+02   1.7172305e-01
   1.8800000e+02   1.7305918e-01
   1.8900000e+02   1.7440133e-01
   1.9000000e+02   1.7574953e-01
   1.9100000e+02   1.7710377e-01
   1.9200000e+02   1.7846401e-01
   1.9300000e+02   1.7983027e-01
   1.9400000e+02   1.8120253e-01
   1.9500000e+02   1.8258077e-01
   1.9600000e+02   1.8396498e-01
   1.9700000e+02   1.8535516e-01
   1.9800000e+02   1.8675129e-01
   1.9900000e+02   1.8815337e-01
   2.0000000e+02   1.8956135e-01
   2.0100000e+02   1.9097523e-01
   2.0200000e+02   1.9239502e-01
   2.0300000e+02   1.9382067e-01
   2.0400000e+02   1.9525218e-01
   2.0500000e+02   1.9668953e-01
   2.0600000e+02   1.9813269e-01
   2.0700000e+02   1.9958165e-01
   2.0800000e+02   2.0103639e-01
   2.0900000e+02   2.0249690e-01
   2.1000000e+02   2.0396313e-01
   2.1100000e+02   2.0371349e-01
   2.1200000e+02   2.0346400e-01
   2.1300000e+02   2.0321463e-01
   2.1400000e+02   2.0296533e-01
   2.1500000e+02   2.0271607e-01
   2.1600000e+02   2.0246680e-01
   2.1700000e+02   2.0221752e-01
   2.1800000e+02   2.0196816e-01
   2.1900000e+02   2.0171835e-01
   2.2000000e+02   2.0146775e-01
   2.2100000e+02   2.0121644e-01
   2.2200000e+02   2.0096453e-01
   2.2300000e+02   2.0071207e-01
   2.2400000e+02   2.0045914e-01
   2.2500000e+02   2.0020583e-01
   2.2600000e+02   1.9995221e-01
   2.2700000e+02   1.9969831e-01
   2.2800000e+02   1.9944423e-01
   2.2900000e+02   1.9919002e-01
   2.3000000e+02   1.9893575e-01
   2.3100000e+02   1.9868143e-01
   2.3200000e+02   1.9842717e-01
   2.3300000e+02   1.9817297e-01
   2.3400000e+02   1.9791892e-01
   2.3500000e+02   1.9766508e-01
   2.3600000e+02   1.9741148e-01
   2.3700000e+02   1.9715819e-01
   2.3800000e+02   1.9690523e-01
   2.3900000e+02   1.9665264e-01
   2.4000000e+02   1.9640049e-01
   2.4100000e+02   1.9456637e-01
   2.4200000e+02   1.9272532e-01
   2.4300000e+02   1.9087750e-01
   2.4400000e+02   1.8902296e-01
   2.4500000e+02   1.8716186e-01
   2.4600000e+02   1.8529426e-01
   2.4700000e+02   1.8342029e-01
   2.4800000e+02   1.8154003e-01
   2.4900000e+02   1.7965358e-01
   2.5000000e+02   1.7776106e-01
   2.5100000e+02   1.7586254e-01
   2.5200000e+02   1.7395814e-01
   2.5300000e+02   1.7204794e-01
   2.5400000e+02   1.7013201e-01
   2.5500000e+02   1.6821046e-01
   2.5600000e+02   1.6628338e-01
   2.5700000e+02   1.6435084e-01
   2.5800000e+02   1.6241294e-01
   2.5900000e+02   1.6046976e-01
   2.6000000e+02   1.5852137e-01
   2.6100000e+02   1.5656787e-01
   2.6200000e+02   1.5460932e-01
   2.6300000e+02   1.5264581e-01
   2.6400000e+02   1.5067743e-01
   2.6500000e+02   1.4870425e-01
   2.6600000e+02   1.4672633e-01
   2.6700000e+02   1.4474377e-01
   2.6800000e+02   1.4275664e-01
   2.6900000e+02   1.4076501e-01
   2.7000000e+02   1.3876894e-01
   2.7100000e+02   1.3834207e-01
   2.7200000e+02   1.3791287e-01
   2.7300000e+02   1.3748138e-01
   2.7400000e+02   1.3704762e-01
   2.7500000e+02   1.3661161e-01
   2.7600000e+02   1.3617337e-01
   2.7700000e+02   1.3573290e-01
   2.7800000e+02   1.3529025e-01
   2.7900000e+02   1.3484542e-01
   2.8000000e+02   1.3439843e-01
   2.8100000e+02   1.3394932e-01
   2.8200000e+02   1.3349810e-01
   2.8300000e+02   1.3304476e-01
   2.8400000e+02   1.3258936e-01
   2.8500000e+02   1.3213190e-01
   2.8600000e+02   1.3167240e-01
   2.8700000e+02   1.3121088e-01
   2.8800000e+02   1.3074736e-01
   2.8900000e+02   1.3028185e-01
   2.9000000e+02   1.2981439e-01
   2.9100000e+02   1.2934500e-01
   2.9200000e+02   1.2887365e-01
   2.9300000e+02   1.2840042e-01
   2.9400000e+02   1.2792528e-01
   2.9500000e+02   1.2744828e-01
   2.9600000e+02   1.2696941e-01
   2.9700000e+02   1.2648870e-01
   2.9800000e+02   1.2600617e-01
   2.9900000e+02   1.2552182e-01
   3.0000000e+02   1.2503570e-01
   3.0100000e+02   1.2505750e-01
   3.0200000e+02   1.2507835e-01
   3.0300000e+02   1.2509829e-01
   3.0400000e+02   1.2511726e-01
   3.0500000e+02   1.2513532e-01
   3.0600000e+02   1.2515247e-01
   3.0700000e+02   1.2516870e-01
   3.0800000e+02   1.2518403e-01
   3.0900000e+02   1.2519845e-01
   3.1000000e+02   1.2521200e-01
   3.1100000e+02   1.2522466e-01
   3.1200000e+02   1.2523645e-01
   3.1300000e+02   1.2524737e-01
   3.1400000e+02   1.2525743e-01
   3.1500000e+02   1.2526663e-01
   3.1600000e+02   1.2527499e-01
   3.1700000e+02   1.2528251e-01
   3.1800000e+02   1.2528917e-01
   3.1900000e+02   1.2529503e-01
   3.2000000e+02   1.2530005e-01
   3.2100000e+02   1.2530427e-01
   3.2200000e+02   1.2530765e-01
   3.2300000e+02   1.2531026e-01
   3.2400000e+02   1.2531205e-01
   3.2500000e+02   1.2531306e-01
   3.2600000e+02   1.2531328e-01
   3.2700000e+02   1.2531273e-01
   3.2800000e+02   1.2531140e-01
   3.2900000e+02   1.2530932e-01
   3.3000000e+02   1.2530646e-01
   3.3100000e+02   1.2563196e-01
   3.3200000e+02   1.2595718e-01
   3.3300000e+02   1.2628208e-01
   3.3400000e+02   1.2660670e-01
   3.3500000e+02   1.2693103e-01
   3.3600000e+02   1.2725504e-01
   3.3700000e+02   1.2757878e-01
   3.3800000e+02   1.2790224e-01
   3.3900000e+02   1.2822542e-01
   3.4000000e+02   1.2854829e-01
   3.4100000e+02   1.2887089e-01
   3.4200000e+02   1.2919320e-01
   3.4300000e+02   1.2951526e-01
   3.4400000e+02   1.2983702e-01
   3.4500000e+02   1.3015851e-01
   3.4600000e+02   1.3047974e-01
   3.4700000e+02   1.3080069e-01
   3.4800000e+02   1.3112137e-01
   3.4900000e+02   1.3144179e-01
   3.5000000e+02   1.3176194e-01
   3.5100000e+02   1.3208182e-01
   3.5200000e+02   1.3240145e-01
   3.5300000e+02   1.3272081e-01
   3.5400000e+02   1.3303994e-01
   3.5500000e+02   1.3335879e-01
   3.5600000e+02   1.3367738e-01
   3.5700000e+02   1.3399574e-01
   3.5800000e+02   1.3431384e-01
   3.5900000e+02   1.3463169e-01
   7.1133672e-07   1.3494930e-01
   1.0000007e+00   1.3557284e-01
   2.0000007e+00   1.3619649e-01
   3.0000007e+00   1.3682024e-01
   4.0000010e+00   1.3744409e-01
   5.0000010e+00   1.3806807e-01
   6.0000010e+00   1.3869213e-01
   7.0000010e+00   1.3931629e-01
   8.0000010e+00   1.3994056e-01
   9.0000010e+00   1.4056492e-01
   1.0000001e+01   1.4118940e-01
   1.1000001e+01   1.4181396e-01
   1.2000001e+01   1.4243862e-01
   1.3000001e+01   1.4306340e-01
   1.4000001e+01   1.4368825e-01
   1.5000001e+01   1.4431320e-01
   1.6000000e+01   1.4493825e-01
   1.7000000e+01   1.4556338e-01
   1.8000000e+01   1.4618859e-01
   1.9000000e+01   1.4681390e-01
   2.0000000e+01   1.4743932e-01
   2.1000000e+01   1.4806479e-01
   2.2000000e+01   1.4869037e-01
   2.3000000e+01   1.4931603e-01
   2.4000000e+01   1.4994177e-01
   2.5000000e+01   1.5056761e-01
   2.6000000e+01   1.5119351e-01
   2.7000000e+01   1.5181951e-01
   2.8000000e+01   1.5244558e-01
   2.9000000e+01   1.5307175e-01
   3.0000000e+01   1.5369797e-01
   3.1000000e+01   1.5508549e-01
   3.2000000e+01   1.5647398e-01
   3.3000000e+01   1.5786341e-01
   3.4000000e+01   1.5925376e-01
   3.5000000e+01   1.6064507e-01
   3.6000000e+01   1.6203727e-01
   3.7000000e+01   1.6343042e-01
   3.8000000e+01   1.6482446e-01
   3.9000000e+01   1.6621941e-01
   4.0000000e+01   1.6761526e-01
   4.1000000e+01   1.6901202e-01
   4.2000000e+01   1.7040965e-01
   4.3000000e+01   1.7180817e-01
   4.4000000e+01   1.7320755e-01
   4.5000000e+01   1.7460780e-01
   4.6000000e+01   1.7600891e-01
   4.7000000e+01   1.7741090e-01
   4.8000000e+01   1.7881371e-01
   4.9000000e+01   1.8021739e-01
   5.0000000e+01   1.8162188e-01
   5.1000000e+01   1.8302722e-01
   5.2000000e+01   1.8443340e-01
   5.3000000e+01   1.8584040e-01
   5.4000000e+01   1.8724820e-01
   5.5000000e+01   1.8865682e-01
   5.6000000e+01   1.9006625e-01
   5.7000000e+01   1.9147648e-01
   5.8000000e+01   1.9288751e-01
   5.9000000e+01   1.9429933e-01
   6.0000000e+01   1.9571193e-01
   6.1000000e+01   1.9770654e-01
   6.2000000e+01   1.9969964e-01
   6.3000000e+01   2.0169127e-01
   6.4000000e+01   2.0368142e-01
   6.5000000e+01   2.0567007e-01
   6.6000000e+01   2.0765729e-01
   6.7000000e+01   2.0964304e-01
   6.8000000e+01   2.1162733e-01
   6.9000000e+01   2.1361019e-01
   7.0000000e+01   2.1559161e-01
   7.1000000e+01   2.1757159e-01
   7.2000000e+01   2.1955016e-01
   7.3000000e+01   2.2152732e-01
   7.4000000e+01   2.2350307e-01
   7.5000000e+01   2.2547741e-01
   7.6000000e+01   2.2745037e-01
   7.7000000e+01   2.2942196e-01
   7.8000000e+01   2.3139216e-01
   7.9000000e+01   2.3336099e-01
   8.0000000e+01   2.3532845e-01
   8.1000000e+01   2.3729458e-01
   8.2000000e+01   2.3925935e-01
   8.3000000e+01   2.4122278e-01
   8.4000000e+01   2.4318489e-01
   8.5000000e+01   2.4514568e-01
   8.6000000e+01   2.4710515e-01
   8.7000000e+01   2.4906331e-01
   8.8000000e+01   2.5102019e-01
   8.9000000e+01   2.5297576e-01
   9.0000000e+01   2.5493002e-01
   9.1000000e+01   2.5323948e-01
   9.2000000e+01   2.5154689e-01
   9.3000000e+01   2.4985218e-01
   9.4000000e+01   2.4815539e-01
   9.5000000e+01   2.4645659e-01
   9.6000000e+01   2.4475576e-01
   9.7000000e+01   2.4305291e-01
   9.8000000e+01   2.4134809e-01
   9.9000000e+01   2.3964128e-01
   1.0000000e+02   2.3793252e-01
   1.0100000e+02   2.3622181e-01
   1.0200000e+02   2.3450917e-01
   1.0300000e+02   2.3279460e-01
   1.0400000e+02   2.3107816e-01
   1.0500000e+02   2.2935982e-01
   1.0600000e+02   2.2763962e-01
   1.0700000e+02   2.2591756e-01
   1.0800000e+02   2.2419368e-01
   1.0900000e+02   2.2246797e-01
   1.1000000e+02   2.2074047e-01
   1.1100000e+02   2.1901116e-01
   1.1200000e+02   2.1728006e-01
   1.1300000e+02   2.1554720e-01
   1.1400000e+02   2.1381259e-01
   1.1500000e+02   2.1207623e-01
   1.1600000e+02   2.1033812e-01
   1.1700000e+02   2.0859829e-01
   1.1800000e+02   2.0685676e-01
   1.1900000e+02   2.0511350e-01
   1.2000000e+02   2.0336856e-01
   1.2100000e+02   2.0232874e-01
   1.2200000e+02   2.0128839e-01
   1.2300000e+02   2.0024748e-01
   1.2400000e+02   1.9920604e-01
   1.2500000e+02   1.9816408e-01
   1.2600000e+02   1.9712158e-01
   1.2700000e+02   1.9607855e-01
   1.2800000e+02   1.9503501e-01
   1.2900000e+02   1.9399095e-01
   1.3000000e+02   1.9294637e-01
   1.3100000e+02   1.9190127e-01
   1.3200000e+02   1.9085567e-01
   1.3300000e+02   1.8980955e-01
   1.3400000e+02   1.8876293e-01
   1.3500000e+02   1.8771581e-01
   1.3600000e+02   1.8666819e-01
   1.3700000e+02   1.8562007e-01
   1.3800000e+02   1.8457146e-01
   1.3900000e+02   1.8352236e-01
   1.4000000e+02   1.8247275e-01
   1.4100000e+02   1.8142268e-01
   1.4200000e+02   1.8037212e-01
   1.4300000e+02   1.7932107e-01
   1.4400000e+02   1.7826955e-01
   1.4500000e+02   1.7721754e-01
   1.4600000e+02   1.7616506e-01
   1.4700000e+02   1.7511210e-01
   1.4800000e+02   1.7405869e-01
   1.4900000e+02   1.7300479e-01
   1.5000000e+02   1.7195044e-01
   1.5100000e+02   1.7254628e-01
   1.5200000e+02   1.7314251e-01
   1.5300000e+02   1.7373915e-01
   1.5400000e+02   1.7433618e-01
   1.5500000e+02   1.7493360e-01
   1.5600000e+02   1.7553143e-01
   1.5700000e+02   1.7612964e-01
   1.5800000e+02   1.7672825e-01
   1.5900000e+02   1.7732725e-01
   1.6000000e+02   1.7792663e-01
   1.6100000e+02   1.7852639e-01
   1.6200000e+02   1.7912655e-01
   1.6300000e+02   1.7972706e-01
   1.6400000e+02   1.8032798e-01
   1.6500000e+02   1.8092927e-01
   1.6600000e+02   1.8153094e-01
   1.6700000e+02   1.8213299e-01
   1.6800000e+02   1.8273540e-01
   1.6900000e+02   1.8333818e-01
   1.7000000e+02   1.8394135e-01
   1.7100000e+02   1.8454486e-01
   1.7200000e+02   1.8514876e-01
   1.7300000e+02   1.8575303e-01
   1.7400000e+02   1.8635765e-01
   1.7500000e+02   1.8696263e-01
   1.7600000e+02   1.8756798e-01
   1.7700000e+02   1.8817370e-01
   1.7800000e+02   1.8877976e-01
   1.7900000e+02   1.8938617e-01
   1.8000000e+02   1.8999296e-01
   1.8100000e+02   1.9154751e-01
   1.8200000e+02   1.9310243e-01
   1.8300000e+02   1.9465771e-01
   1.8400000e+02   1.9621338e-01
   1.8500000e+02   1.9776939e-01
   1.8600000e+02   1.9932579e-01
   1.8700000e+02   2.0088252e-01
   1.8800000e+02   2.0243961e-01
   1.8900000e+02   2.0399708e-01
   1.9000000e+02   2.0555487e-01
   1.9100000e+02   2.0711303e-01
   1.9200000e+02   2.0867154e-01
   1.9300000e+02   2.1023040e-01
   1.9400000e+02   2.1178961e-01
   1.9500000e+02   2.1334913e-01
   1.9600000e+02   2.1490903e-01
   1.9700000e+02   2.1646926e-01
   1.9800000e+02   2.1802983e-01
   1.9900000e+02   2.1959074e-01
   2.0000000e+02   2.2115198e-01
   2.0100000e+02   2.2271354e-01
   2.0200000e+02   2.2427545e-01
   2.0300000e+02   2.2583771e-01
   2.0400000e+02   2.2740027e-01
   2.0500000e+02   2.2896317e-01
   2.0600000e+02   2.3052640e-01
   2.0700000e+02   2.3208995e-01
   2.0800000e+02   2.3365383e-01
   2.0900000e+02   2.3521802e-01
   2.1000000e+02   2.3678255e-01
   2.1100000e+02   2.3662275e-01
   2.1200000e+02   2.3646384e-01
   2.1300000e+02   2.3630580e-01
   2.1400000e+02   2.3614864e-01
   2.1500000e+02   2.3599234e-01
   2.1600000e+02   2.3583691e-01
   2.1700000e+02   2.3568234e-01
   2.1800000e+02   2.3552862e-01
   2.1900000e+02   2.3537575e-01
   2.2000000e+02   2.3522371e-01
   2.2100000e+02   2.3507252e-01
   2.2200000e+02   2.3492217e-01
   2.2300000e+02   2.3477265e-01
   2.2400000e+02   2.3462394e-01
   2.2500000e+02   2.3447607e-01
   2.2600000e+02   2.3432902e-01
   2.2700000e+02   2.3418278e-01
   2.2800000e+02   2.3403734e-01
   2.2900000e+02   2.3389271e-01
   2.3000000e+02   2.3374888e-01
   2.3100000e+02   2.3360586e-01
   2.3200000e+02   2.3346362e-01
   2.3300000e+02   2.3332216e-01
   2.3400000e+02   2.3318151e-01
   2.3500000e+02   2.3304161e-01
   2.3600000e+02   2.3290251e-01
   2.3700000e+02   2.3276418e-01
   2.3800000e+02   2.3262663e-01
   2.3900000e+02   2.3248982e-01
   2.4000000e+02   2.3235378e-01
   2.4100000e+02   2.3008700e-01
   2.4200000e+02   2.2781986e-01
   2.4300000e+02   2.2555239e-01
   2.4400000e+02   2.2328456e-01
   2.4500000e+02   2.2101638e-01
   2.4600000e+02   2.1874787e-01
   2.4700000e+02   2.1647900e-01
   2.4800000e+02   2.1420981e-01
   2.4900000e+02   2.1194026e-01
   2.5000000e+02   2.0967036e-01
   2.5100000e+02   2.0740013e-01
   2.5200000e+02   2.0512956e-01
   2.5300000e+02   2.0285866e-01
   2.5400000e+02   2.0058742e-01
   2.5500000e+02   1.9831583e-01
   2.5600000e+02   1.9604392e-01
   2.5700000e+02   1.9377166e-01
   2.5800000e+02   1.9149908e-01
   2.5900000e+02   1.8922615e-01
   2.6000000e+02   1.8695289e-01
   2.6100000e+02   1.8467930e-01
   2.6200000e+02   1.8240537e-01
   2.6300000e+02   1.8013112e-01
   2.6400000e+02   1.7785652e-01
   2.6500000e+02   1.7558162e-01
   2.6600000e+02   1.7330638e-01
   2.6700000e+02   1.7103079e-01
   2.6800000e+02   1.6875489e-01
   2.6900000e+02   1.6647866e-01
   2.7000000e+02   1.6420209e-01
   2.7100000e+02   1.6354877e-01
   2.7200000e+02   1.6289513e-01
   2.7300000e+02   1.6224113e-01
   2.7400000e+02   1.6158681e-01
   2.7500000e+02   1.6093215e-01
   2.7600000e+02   1.6027716e-01
   2.7700000e+02   1.5962185e-01
   2.7800000e+02   1.5896620e-01
   2.7900000e+02   1.5831023e-01
   2.8000000e+02   1.5765394e-01
   2.8100000e+02   1.5699732e-01
   2.8200000e+02   1.5634036e-01
   2.8300000e+02   1.5568310e-01
   2.8400000e+02   1.5502551e-01
   2.8500000e+02   1.5436761e-01
   2.8600000e+02   1.5370938e-01
   2.8700000e+02   1.5305084e-01
   2.8800000e+02   1.5239199e-01
   2.8900000e+02   1.5173280e-01
   2.9000000e+02   1.5107331e-01
   2.9100000e+02   1.5041351e-01
   2.9200000e+02   1.4975339e-01
   2.9300000e+02   1.4909296e-01
   2.9400000e+02   1.4843224e-01
   2.9500000e+02   1.4777118e-01
   2.9600000e+02   1.4710984e-01
   2.9700000e+02   1.4644817e-01
   2.9800000e+02   1.4578621e-01
   2.9900000e+02   1.4512393e-01
   3.0000000e+02   1.4446135e-01
   3.0100000e+02   1.4437501e-01
   3.0200000e+02   1.4428857e-01
   3.0300000e+02   1.4420201e-01
   3.0400000e+02   1.4411536e-01
   3.0500000e+02   1.4402857e-01
   3.0600000e+02   1.4394170e-01
   3.0700000e+02   1.4385471e-01
   3.0800000e+02   1.4376763e-01
   3.0900000e+02   1.4368042e-01
   3.1000000e+02   1.4359312e-01
   3.1100000e+02   1.4350571e-01
   3.1200000e+02   1.4341819e-01
   3.1300000e+02   1.4333057e-01
   3.1400000e+02   1.4324285e-01
   3.1500000e+02   1.4315501e-01
   3.1600000e+02   1.4306709e-01
   3.1700000e+02   1.4297906e-01
   3.1800000e+02   1.4289092e-01
   3.1900000e+02   1.4280269e-01
   3.2000000e+02   1.4271435e-01
   3.2100000e+02   1.4262591e-01
   3.2200000e+02   1.4253739e-01
   3.2300000e+02   1.4244874e-01
   3.2400000e+02   1.4236000e-01
   3.2500000e+02   1.4227118e-01
   3.2600000e+02   1.4218225e-01
   3.2700000e+02   1.4209321e-01
   3.2800000e+02   1.4200407e-01
   3.2900000e+02   1.4191486e-01
   3.3000000e+02   1.4182554e-01
   3.3100000e+02   1.4210460e-01
   3.3200000e+02   1.4238366e-01
   3.3300000e+02   1.4266276e-01
   3.3400000e+02   1.4294188e-01
   3.3500000e+02   1.4322104e-01
   3.3600000e+02   1.4350021e-01
   3.3700000e+02   1.4377943e-01
   3.3800000e+02   1.4405867e-01
   3.3900000e+02   1.4433792e-01
   3.4000000e+02   1.4461721e-01
   3.4100000e+02   1.4489654e-01
   3.4200000e+02   1.4517587e-01
   3.4300000e+02   1.4545524e-01
   3.4400000e+02   1.4573465e-01
   3.4500000e+02   1.4601408e-01
   3.4600000e+02   1.4629354e-01
   3.4700000e+02   1.4657302e-01
   3.4800000e+02   1.4685254e-01
   3.4900000e+02   1.4713208e-01
   3.5000000e+02   1.4741166e-01
   3.5100000e+02   1.4769125e-01
   3.5200000e+02   1.4797089e-01
   3.5300000e+02   1.4825054e-01
   3.5400000e+02   1.4853023e-01
   3.5500000e+02   1.4880994e-01
   3.5600000e+02   1.4908968e-01
   3.5700000e+02   1.4936946e-01
   3.5800000e+02   1.4964926e-01
   3.5900000e+02   1.4992909e-01
   1.4226848e-06   1.5020895e-01
