   0.0000000e+00   1.3202783e+04
   1.0000000e+00   1.3839194e+04
   2.0000000e+00   1.3814434e+04
   3.0000000e+00   1.3791805e+04
   4.0000000e+00   1.3769995e+04
   5.0000000e+00   1.3749014e+04
   6.0000000e+00   1.3728882e+04
   7.0000000e+00   1.3709605e+04
   8.0000000e+00   1.3691213e+04
   9.0000000e+00   1.3673725e+04
   1.0000000e+01   1.3657160e+04
   1.1000000e+01   1.3641548e+04
   1.2000000e+01   1.3626909e+04
   1.3000000e+01   1.3613264e+04
   1.4000000e+01   1.3600636e+04
   1.5000000e+01   1.3589048e+04
   1.6000000e+01   1.3578507e+04
   1.7000000e+01   1.3569031e+04
   1.8000000e+01   1.3560630e+04
   1.9000000e+01   1.3553314e+04
   2.0000000e+01   1.3547090e+04
   2.1000000e+01   1.3541975e+04
   2.2000000e+01   1.3537974e+04
   2.3000000e+01   1.3535088e+04
   2.4000000e+01   1.3533333e+04
   2.5000000e+01   1.3532720e+04
   2.6000000e+01   1.3533256e+04
   2.7000000e+01   1.3534961e+04
   2.8000000e+01   1.3537849e+04
   2.9000000e+01   1.3541928e+04
   3.0000000e+01   1.3547204e+04
   3.1000000e+01   1.3553544e+04
   3.2000000e+01   1.3561076e+04
   3.3000000e+01   1.3569807e+04
   3.4000000e+01   1.3579746e+04
   3.5000000e+01   1.3590902e+04
   3.6000000e+01   1.3603281e+04
   3.7000000e+01   1.3616894e+04
   3.8000000e+01   1.3631742e+04
   3.9000000e+01   1.3647840e+04
   4.0000000e+01   1.3665180e+04
   4.1000000e+01   1.3683772e+04
   4.2000000e+01   1.3703622e+04
   4.3000000e+01   1.3724731e+04
   4.4000000e+01   1.3747098e+04
   4.5000000e+01   1.3770726e+04
   4.6000000e+01   1.3795611e+04
   4.7000000e+01   1.3821754e+04
   4.8000000e+01   1.3849146e+04
   4.9000000e+01   1.3877778e+04
   5.0000000e+01   1.3907645e+04
   5.1000000e+01   1.3938739e+04
   5.2000000e+01   1.3971051e+04
   5.3000000e+01   1.4004572e+04
   5.4000000e+01   1.4039294e+04
   5.5000000e+01   1.4075205e+04
   5.6000000e+01   1.4112293e+04
   5.7000000e+01   1.4150542e+04
   5.8000000e+01   1.4189938e+04
   5.9000000e+01   1.4230468e+04
   6.0000000e+01   1.4272113e+04
   6.1000000e+01   1.4303810e+04
   6.2000000e+01   1.4336668e+04
   6.3000000e+01   1.4370671e+04
   6.4000000e+01   1.4405800e+04
   6.5000000e+01   1.4442034e+04
   6.6000000e+01   1.4479354e+04
   6.7000000e+01   1.4517735e+04
   6.8000000e+01   1.4557158e+04
   6.9000000e+01   1.4597602e+04
   7.0000000e+01   1.4639041e+04
   7.1000000e+01   1.4681450e+04
   7.2000000e+01   1.4724807e+04
   7.3000000e+01   1.4769077e+04
   7.4000000e+01   1.4814236e+04
   7.5000000e+01   1.4860259e+04
   7.6000000e+01   1.4907117e+04
   7.7000000e+01   1.4954780e+04
   7.8000000e+01   1.5003216e+04
   7.9000000e+01   1.5052397e+04
   8.0000000e+01   1.5102296e+04
   8.1000000e+01   1.5152877e+04
   8.2000000e+01   1.5204107e+04
   8.3000000e+01   1.5255954e+04
   8.4000000e+01   1.5308386e+04
   8.5000000e+01   1.5361368e+04
   8.6000000e+01   1.5414870e+04
   8.7000000e+01   1.5468855e+04
   8.8000000e+01   1.5523292e+04
   8.9000000e+01   1.5578144e+04
   9.0000000e+01   1.5633376e+04
   9.1000000e+01   1.5695537e+04
   9.2000000e+01   1.5757794e+04
   9.3000000e+01   1.5820115e+04
   9.4000000e+01   1.5882471e+04
   9.5000000e+01   1.5944832e+04
   9.6000000e+01   1.6007167e+04
   9.7000000e+01   1.6069600e+04
   9.8000000e+01   1.6132153e+04
   9.9000000e+01   1.6194560e+04
   1.0000000e+02   1.6256789e+04
   1.0100000e+02   1.6318814e+04
   1.0200000e+02   1.6380604e+04
   1.0300000e+02   1.6442131e+04
   1.0400000e+02   1.6503369e+04
   1.0500000e+02   1.6564287e+04
   1.0600000e+02   1.6624857e+04
   1.0700000e+02   1.6685055e+04
   1.0800000e+02   1.6744852e+04
   1.0900000e+02   1.6804221e+04
   1.1000000e+02   1.6863141e+04
   1.1100000e+02   1.6921582e+04
   1.1200000e+02   1.6979521e+04
   1.1300000e+02   1.7036936e+04
   1.1400000e+02   1.7093797e+04
   1.1500000e+02   1.7150086e+04
   1.1600000e+02   1.7205777e+04
   1.1700000e+02   1.7260848e+04
   1.1800000e+02   1.7315277e+04
   1.1900000e+02   1.7369043e+04
   1.2000000e+02   1.7422125e+04
   1.2100000e+02   1.7475355e+04
   1.2200000e+02   1.7527910e+04
   1.2300000e+02   1.7579656e+04
   1.2400000e+02   1.7630582e+04
   1.2500000e+02   1.7680676e+04
   1.2600000e+02   1.7729922e+04
   1.2700000e+02   1.7778305e+04
   1.2800000e+02   1.7825813e+04
   1.2900000e+02   1.7872428e+04
   1.3000000e+02   1.7918141e+04
   1.3100000e+02   1.7962932e+04
   1.3200000e+02   1.8006793e+04
   1.3300000e+02   1.8049705e+04
   1.3400000e+02   1.8091662e+04
   1.3500000e+02   1.8132646e+04
   1.3600000e+02   1.8172646e+04
   1.3700000e+02   1.8211654e+04
   1.3800000e+02   1.8249652e+04
   1.3900000e+02   1.8286633e+04
   1.4000000e+02   1.8322586e+04
   1.4100000e+02   1.8357498e+04
   1.4200000e+02   1.8391361e+04
   1.4300000e+02   1.8424166e+04
   1.4400000e+02   1.8455904e+04
   1.4500000e+02   1.8486564e+04
   1.4600000e+02   1.8516139e+04
   1.4700000e+02   1.8544625e+04
   1.4800000e+02   1.8572014e+04
   1.4900000e+02   1.8598293e+04
   1.5000000e+02   1.8623459e+04
   1.5100000e+02   1.8649053e+04
   1.5200000e+02   1.8673502e+04
   1.5300000e+02   1.8696771e+04
   1.5400000e+02   1.8718859e+04
   1.5500000e+02   1.8739775e+04
   1.5600000e+02   1.8759508e+04
   1.5700000e+02   1.8778051e+04
   1.5800000e+02   1.8795393e+04
   1.5900000e+02   1.8811535e+04
   1.6000000e+02   1.8826465e+04
   1.6100000e+02   1.8840182e+04
   1.6200000e+02   1.8852682e+04
   1.6300000e+02   1.8863955e+04
   1.6400000e+02   1.8874002e+04
   1.6500000e+02   1.8882816e+04
   1.6600000e+02   1.8890400e+04
   1.6700000e+02   1.8896746e+04
   1.6800000e+02   1.8901857e+04
   1.6900000e+02   1.8905727e+04
   1.7000000e+02   1.8908359e+04
   1.7100000e+02   1.8909752e+04
   1.7200000e+02   1.8909908e+04
   1.7300000e+02   1.8908824e+04
   1.7400000e+02   1.8906504e+04
   1.7500000e+02   1.8902949e+04
   1.7600000e+02   1.8898164e+04
   1.7700000e+02   1.8892148e+04
   1.7800000e+02   1.8884908e+04
   1.7900000e+02   1.8876445e+04
   1.8000000e+02   1.8866764e+04
   1.8100000e+02   1.8855459e+04
   1.8200000e+02   1.8842943e+04
   1.8300000e+02   1.8829213e+04
   1.8400000e+02   1.8814273e+04
   1.8500000e+02   1.8798131e+04
   1.8600000e+02   1.8780783e+04
   1.8700000e+02   1.8762240e+04
   1.8800000e+02   1.8742506e+04
   1.8900000e+02   1.8721588e+04
   1.9000000e+02   1.8699486e+04
   1.9100000e+02   1.8676213e+04
   1.9200000e+02   1.8651768e+04
   1.9300000e+02   1.8626158e+04
   1.9400000e+02   1.8599398e+04
   1.9500000e+02   1.8571496e+04
   1.9600000e+02   1.8542459e+04
   1.9700000e+02   1.8512295e+04
   1.9800000e+02   1.8481016e+04
   1.9900000e+02   1.8448629e+04
   2.0000000e+02   1.8415145e+04
   2.0100000e+02   1.8380574e+04
   2.0200000e+02   1.8344928e+04
   2.0300000e+02   1.8308215e+04
   2.0400000e+02   1.8270451e+04
   2.0500000e+02   1.8231645e+04
   2.0600000e+02   1.8191807e+04
   2.0700000e+02   1.8150953e+04
   2.0800000e+02   1.8109096e+04
   2.0900000e+02   1.8066244e+04
   2.1000000e+02   1.8022416e+04
   2.1100000e+02   1.7981412e+04
   2.1200000e+02   1.7939572e+04
   2.1300000e+02   1.7896918e+04
   2.1400000e+02   1.7853463e+04
   2.1500000e+02   1.7809234e+04
   2.1600000e+02   1.7764246e+04
   2.1700000e+02   1.7718520e+04
   2.1800000e+02   1.7671826e+04
   2.1900000e+02   1.7624244e+04
   2.2000000e+02   1.7576043e+04
   2.2100000e+02   1.7527240e+04
   2.2200000e+02   1.7477857e+04
   2.2300000e+02   1.7427910e+04
   2.2400000e+02   1.7377422e+04
   2.2500000e+02   1.7326410e+04
   2.2600000e+02   1.7274895e+04
   2.2700000e+02   1.7222895e+04
   2.2800000e+02   1.7170430e+04
   2.2900000e+02   1.7117520e+04
   2.3000000e+02   1.7064182e+04
   2.3100000e+02   1.7010441e+04
   2.3200000e+02   1.6956314e+04
   2.3300000e+02   1.6901822e+04
   2.3400000e+02   1.6846984e+04
   2.3500000e+02   1.6791820e+04
   2.3600000e+02   1.6736352e+04
   2.3700000e+02   1.6680592e+04
   2.3800000e+02   1.6624570e+04
   2.3900000e+02   1.6568299e+04
   2.4000000e+02   1.6511801e+04
   2.4100000e+02   1.6457271e+04
   2.4200000e+02   1.6402938e+04
   2.4300000e+02   1.6348822e+04
   2.4400000e+02   1.6294948e+04
   2.4500000e+02   1.6241340e+04
   2.4600000e+02   1.6188019e+04
   2.4700000e+02   1.6135006e+04
   2.4800000e+02   1.6082324e+04
   2.4900000e+02   1.6029995e+04
   2.5000000e+02   1.5978039e+04
   2.5100000e+02   1.5926478e+04
   2.5200000e+02   1.5875329e+04
   2.5300000e+02   1.5824615e+04
   2.5400000e+02   1.5774354e+04
   2.5500000e+02   1.5724565e+04
   2.5600000e+02   1.5675268e+04
   2.5700000e+02   1.5626479e+04
   2.5800000e+02   1.5578215e+04
   2.5900000e+02   1.5530494e+04
   2.6000000e+02   1.5483333e+04
   2.6100000e+02   1.5436746e+04
   2.6200000e+02   1.5390750e+04
   2.6300000e+02   1.5345358e+04
   2.6400000e+02   1.5300585e+04
   2.6500000e+02   1.5256443e+04
   2.6600000e+02   1.5212948e+04
   2.6700000e+02   1.5170108e+04
   2.6800000e+02   1.5127938e+04
   2.6900000e+02   1.5086447e+04
   2.7000000e+02   1.5045646e+04
   2.7100000e+02   1.4993209e+04
   2.7200000e+02   1.4941183e+04
   2.7300000e+02   1.4889574e+04
   2.7400000e+02   1.4838396e+04
   2.7500000e+02   1.4787658e+04
   2.7600000e+02   1.4737367e+04
   2.7700000e+02   1.4687533e+04
   2.7800000e+02   1.4638164e+04
   2.7900000e+02   1.4589266e+04
   2.8000000e+02   1.4540848e+04
   2.8100000e+02   1.4492914e+04
   2.8200000e+02   1.4445474e+04
   2.8300000e+02   1.4398529e+04
   2.8400000e+02   1.4352087e+04
   2.8500000e+02   1.4306152e+04
   2.8600000e+02   1.4260729e+04
   2.8700000e+02   1.4215820e+04
   2.8800000e+02   1.4171430e+04
   2.8900000e+02   1.4127560e+04
   2.9000000e+02   1.4084215e+04
   2.9100000e+02   1.4041395e+04
   2.9200000e+02   1.3999103e+04
   2.9300000e+02   1.3957339e+04
   2.9400000e+02   1.3916104e+04
   2.9500000e+02   1.3875401e+04
   2.9600000e+02   1.3835229e+04
   2.9700000e+02   1.3795586e+04
   2.9800000e+02   1.3756475e+04
   2.9900000e+02   1.3717892e+04
   3.0000000e+02   1.3679837e+04
   3.0100000e+02   1.3638430e+04
   3.0200000e+02   1.3597459e+04
   3.0300000e+02   1.3556926e+04
   3.0400000e+02   1.3516831e+04
   3.0500000e+02   1.3477175e+04
   3.0600000e+02   1.3437956e+04
   3.0700000e+02   1.3399176e+04
   3.0800000e+02   1.3360833e+04
   3.0900000e+02   1.3322928e+04
   3.1000000e+02   1.3285459e+04
   3.1100000e+02   1.3248428e+04
   3.1200000e+02   1.3211833e+04
   3.1300000e+02   1.3175674e+04
   3.1400000e+02   1.3139952e+04
   3.1500000e+02   1.3104665e+04
   3.1600000e+02   1.3069814e+04
   3.1700000e+02   1.3035398e+04
   3.1800000e+02   1.3001418e+04
   3.1900000e+02   1.2967875e+04
   3.2000000e+02   1.2934767e+04
   3.2100000e+02   1.2902097e+04
   3.2200000e+02   1.2869862e+04
   3.2300000e+02   1.2838066e+04
   3.2400000e+02   1.2806711e+04
   3.2500000e+02   1.2775796e+04
   3.2600000e+02   1.2745321e+04
   3.2700000e+02   1.2715292e+04
   3.2800000e+02   1.2685709e+04
   3.2900000e+02   1.2656573e+04
   3.3000000e+02   1.2627890e+04
   3.3100000e+02   1.2596837e+04
   3.3200000e+02   1.2566226e+04
   3.3300000e+02   1.2536062e+04
   3.3400000e+02   1.2506351e+04
   3.3500000e+02   1.2477101e+04
   3.3600000e+02   1.2448318e+04
   3.3700000e+02   1.2420011e+04
   3.3800000e+02   1.2392186e+04
   3.3900000e+02   1.2364851e+04
   3.4000000e+02   1.2338015e+04
   3.4100000e+02   1.2311688e+04
   3.4200000e+02   1.2285879e+04
   3.4300000e+02   1.2260598e+04
   3.4400000e+02   1.2235854e+04
   3.4500000e+02   1.2211659e+04
   3.4600000e+02   1.2188024e+04
   3.4700000e+02   1.2164960e+04
   3.4800000e+02   1.2142479e+04
   3.4900000e+02   1.2120593e+04
   3.5000000e+02   1.2099315e+04
   3.5100000e+02   1.2078658e+04
   3.5200000e+02   1.2058636e+04
   3.5300000e+02   1.2039261e+04
   3.5400000e+02   1.2020548e+04
   3.5500000e+02   1.2002512e+04
   3.5600000e+02   1.1985167e+04
   3.5700000e+02   1.1968528e+04
   3.5800000e+02   1.1952609e+04
   3.5900000e+02   1.1937429e+04
   7.1133672e-07   1.1923000e+04
   1.0000007e+00   1.1906745e+04
   2.0000007e+00   1.1891306e+04
   3.0000007e+00   1.1876704e+04
   4.0000010e+00   1.1862955e+04
   5.0000010e+00   1.1850079e+04
   6.0000010e+00   1.1838096e+04
   7.0000010e+00   1.1827021e+04
   8.0000010e+00   1.1816876e+04
   9.0000010e+00   1.1807678e+04
   1.0000001e+01   1.1799444e+04
   1.1000001e+01   1.1792196e+04
   1.2000001e+01   1.1785950e+04
   1.3000001e+01   1.1780724e+04
   1.4000001e+01   1.1776535e+04
   1.5000001e+01   1.1773402e+04
   1.6000000e+01   1.1771341e+04
   1.7000000e+01   1.1770369e+04
   1.8000000e+01   1.1770504e+04
   1.9000000e+01   1.1771759e+04
   2.0000000e+01   1.1774152e+04
   2.1000000e+01   1.1777696e+04
   2.2000000e+01   1.1782408e+04
   2.3000000e+01   1.1788300e+04
   2.4000000e+01   1.1795385e+04
   2.5000000e+01   1.1803676e+04
   2.6000000e+01   1.1813184e+04
   2.7000000e+01   1.1823921e+04
   2.8000000e+01   1.1835897e+04
   2.9000000e+01   1.1849123e+04
   3.0000000e+01   1.1863604e+04
   3.1000000e+01   1.1873813e+04
   3.2000000e+01   1.1885451e+04
   3.3000000e+01   1.1898528e+04
   3.4000000e+01   1.1913050e+04
   3.5000000e+01   1.1929023e+04
   3.6000000e+01   1.1946454e+04
   3.7000000e+01   1.1965347e+04
   3.8000000e+01   1.1985702e+04
   3.9000000e+01   1.2007524e+04
   4.0000000e+01   1.2030812e+04
   4.1000000e+01   1.2055564e+04
   4.2000000e+01   1.2081779e+04
   4.3000000e+01   1.2109453e+04
   4.4000000e+01   1.2138582e+04
   4.5000000e+01   1.2169158e+04
   4.6000000e+01   1.2201176e+04
   4.7000000e+01   1.2234625e+04
   4.8000000e+01   1.2269498e+04
   4.9000000e+01   1.2305781e+04
   5.0000000e+01   1.2343464e+04
   5.1000000e+01   1.2382531e+04
   5.2000000e+01   1.2422970e+04
   5.3000000e+01   1.2464763e+04
   5.4000000e+01   1.2507895e+04
   5.5000000e+01   1.2552344e+04
   5.6000000e+01   1.2598094e+04
   5.7000000e+01   1.2645124e+04
   5.8000000e+01   1.2693412e+04
   5.9000000e+01   1.2742937e+04
   6.0000000e+01   1.2793673e+04
   6.1000000e+01   1.2838379e+04
   6.2000000e+01   1.2884324e+04
   6.3000000e+01   1.2931484e+04
   6.4000000e+01   1.2979831e+04
   6.5000000e+01   1.3029336e+04
   6.6000000e+01   1.3079971e+04
   6.7000000e+01   1.3131704e+04
   6.8000000e+01   1.3184508e+04
   6.9000000e+01   1.3238350e+04
   7.0000000e+01   1.3293198e+04
   7.1000000e+01   1.3349021e+04
   7.2000000e+01   1.3405784e+04
   7.3000000e+01   1.3463454e+04
   7.4000000e+01   1.3521998e+04
   7.5000000e+01   1.3581381e+04
   7.6000000e+01   1.3641566e+04
   7.7000000e+01   1.3702521e+04
   7.8000000e+01   1.3764208e+04
   7.9000000e+01   1.3826593e+04
   8.0000000e+01   1.3889638e+04
   8.1000000e+01   1.3953306e+04
   8.2000000e+01   1.4017562e+04
   8.3000000e+01   1.4082367e+04
   8.4000000e+01   1.4147687e+04
   8.5000000e+01   1.4213481e+04
   8.6000000e+01   1.4279715e+04
   8.7000000e+01   1.4346352e+04
   8.8000000e+01   1.4413352e+04
   8.9000000e+01   1.4480679e+04
   9.0000000e+01   1.4548296e+04
   9.1000000e+01   1.4624797e+04
   9.2000000e+01   1.4701165e+04
   9.3000000e+01   1.4777375e+04
   9.4000000e+01   1.4853403e+04
   9.5000000e+01   1.4929224e+04
   9.6000000e+01   1.5004813e+04
   9.7000000e+01   1.5080144e+04
   9.8000000e+01   1.5155194e+04
   9.9000000e+01   1.5229939e+04
   1.0000000e+02   1.5304354e+04
   1.0100000e+02   1.5378419e+04
   1.0200000e+02   1.5452105e+04
   1.0300000e+02   1.5525393e+04
   1.0400000e+02   1.5598257e+04
   1.0500000e+02   1.5670676e+04
   1.0600000e+02   1.5742626e+04
   1.0700000e+02   1.5814091e+04
   1.0800000e+02   1.5885045e+04
   1.0900000e+02   1.5955465e+04
   1.1000000e+02   1.6025327e+04
   1.1100000e+02   1.6094611e+04
   1.1200000e+02   1.6163297e+04
   1.1300000e+02   1.6231363e+04
   1.1400000e+02   1.6298790e+04
   1.1500000e+02   1.6365559e+04
   1.1600000e+02   1.6431646e+04
   1.1700000e+02   1.6497039e+04
   1.1800000e+02   1.6561715e+04
   1.1900000e+02   1.6625654e+04
   1.2000000e+02   1.6688842e+04
   1.2100000e+02   1.6747996e+04
   1.2200000e+02   1.6806354e+04
   1.2300000e+02   1.6863891e+04
   1.2400000e+02   1.6920596e+04
   1.2500000e+02   1.6976449e+04
   1.2600000e+02   1.7031432e+04
   1.2700000e+02   1.7085525e+04
   1.2800000e+02   1.7138721e+04
   1.2900000e+02   1.7190992e+04
   1.3000000e+02   1.7242334e+04
   1.3100000e+02   1.7292725e+04
   1.3200000e+02   1.7342152e+04
   1.3300000e+02   1.7390602e+04
   1.3400000e+02   1.7438059e+04
   1.3500000e+02   1.7484514e+04
   1.3600000e+02   1.7529947e+04
   1.3700000e+02   1.7574354e+04
   1.3800000e+02   1.7617717e+04
   1.3900000e+02   1.7660025e+04
   1.4000000e+02   1.7701271e+04
   1.4100000e+02   1.7741443e+04
   1.4200000e+02   1.7780529e+04
   1.4300000e+02   1.7818523e+04
   1.4400000e+02   1.7855410e+04
   1.4500000e+02   1.7891189e+04
   1.4600000e+02   1.7925848e+04
   1.4700000e+02   1.7959379e+04
   1.4800000e+02   1.7991775e+04
   1.4900000e+02   1.8023033e+04
   1.5000000e+02   1.8053143e+04
   1.5100000e+02   1.8083318e+04
   1.5200000e+02   1.8112297e+04
   1.5300000e+02   1.8140066e+04
   1.5400000e+02   1.8166627e+04
   1.5500000e+02   1.8191959e+04
   1.5600000e+02   1.8216063e+04
   1.5700000e+02   1.8238930e+04
   1.5800000e+02   1.8260551e+04
   1.5900000e+02   1.8280922e+04
   1.6000000e+02   1.8300037e+04
   1.6100000e+02   1.8317891e+04
   1.6200000e+02   1.8334479e+04
   1.6300000e+02   1.8349795e+04
   1.6400000e+02   1.8363844e+04
   1.6500000e+02   1.8376613e+04
   1.6600000e+02   1.8388102e+04
   1.6700000e+02   1.8398313e+04
   1.6800000e+02   1.8407244e+04
   1.6900000e+02   1.8414889e+04
   1.7000000e+02   1.8421252e+04
   1.7100000e+02   1.8426332e+04
   1.7200000e+02   1.8430131e+04
   1.7300000e+02   1.8432650e+04
   1.7400000e+02   1.8433887e+04
   1.7500000e+02   1.8433848e+04
   1.7600000e+02   1.8432533e+04
   1.7700000e+02   1.8429947e+04
   1.7800000e+02   1.8426094e+04
   1.7900000e+02   1.8420975e+04
   1.8000000e+02   1.8414598e+04
   1.8100000e+02   1.8404051e+04
   1.8200000e+02   1.8392229e+04
   1.8300000e+02   1.8379139e+04
   1.8400000e+02   1.8364785e+04
   1.8500000e+02   1.8349170e+04
   1.8600000e+02   1.8332303e+04
   1.8700000e+02   1.8314186e+04
   1.8800000e+02   1.8294826e+04
   1.8900000e+02   1.8274232e+04
   1.9000000e+02   1.8252410e+04
   1.9100000e+02   1.8229365e+04
   1.9200000e+02   1.8205111e+04
   1.9300000e+02   1.8179650e+04
   1.9400000e+02   1.8152998e+04
   1.9500000e+02   1.8125158e+04
   1.9600000e+02   1.8096143e+04
   1.9700000e+02   1.8065963e+04
   1.9800000e+02   1.8034625e+04
   1.9900000e+02   1.8002145e+04
   2.0000000e+02   1.7968531e+04
   2.0100000e+02   1.7933797e+04
   2.0200000e+02   1.7897953e+04
   2.0300000e+02   1.7861012e+04
   2.0400000e+02   1.7822988e+04
   2.0500000e+02   1.7783893e+04
   2.0600000e+02   1.7743738e+04
   2.0700000e+02   1.7702543e+04
   2.0800000e+02   1.7660318e+04
   2.0900000e+02   1.7617074e+04
   2.1000000e+02   1.7572834e+04
   2.1100000e+02   1.7531830e+04
   2.1200000e+02   1.7489986e+04
   2.1300000e+02   1.7447322e+04
   2.1400000e+02   1.7403855e+04
   2.1500000e+02   1.7359609e+04
   2.1600000e+02   1.7314598e+04
   2.1700000e+02   1.7268842e+04
   2.1800000e+02   1.7222361e+04
   2.1900000e+02   1.7175176e+04
   2.2000000e+02   1.7127305e+04
   2.2100000e+02   1.7078768e+04
   2.2200000e+02   1.7029586e+04
   2.2300000e+02   1.6979781e+04
   2.2400000e+02   1.6929371e+04
   2.2500000e+02   1.6878377e+04
   2.2600000e+02   1.6826820e+04
   2.2700000e+02   1.6774721e+04
   2.2800000e+02   1.6722100e+04
   2.2900000e+02   1.6668979e+04
   2.3000000e+02   1.6615379e+04
   2.3100000e+02   1.6561318e+04
   2.3200000e+02   1.6506822e+04
   2.3300000e+02   1.6451906e+04
   2.3400000e+02   1.6396598e+04
   2.3500000e+02   1.6340912e+04
   2.3600000e+02   1.6284873e+04
   2.3700000e+02   1.6228502e+04
   2.3800000e+02   1.6171817e+04
   2.3900000e+02   1.6114844e+04
   2.4000000e+02   1.6057599e+04
   2.4100000e+02   1.6006557e+04
   2.4200000e+02   1.5955688e+04
   2.4300000e+02   1.5905019e+04
   2.4400000e+02   1.5854573e+04
   2.4500000e+02   1.5804371e+04
   2.4600000e+02   1.5754438e+04
   2.4700000e+02   1.5704796e+04
   2.4800000e+02   1.5655466e+04
   2.4900000e+02   1.5606472e+04
   2.5000000e+02   1.5557834e+04
   2.5100000e+02   1.5509573e+04
   2.5200000e+02   1.5461709e+04
   2.5300000e+02   1.5414264e+04
   2.5400000e+02   1.5367256e+04
   2.5500000e+02   1.5320704e+04
   2.5600000e+02   1.5274630e+04
   2.5700000e+02   1.5229047e+04
   2.5800000e+02   1.5183977e+04
   2.5900000e+02   1.5139434e+04
   2.6000000e+02   1.5095437e+04
   2.6100000e+02   1.5052001e+04
   2.6200000e+02   1.5009140e+04
   2.6300000e+02   1.4966871e+04
   2.6400000e+02   1.4925207e+04
   2.6500000e+02   1.4884163e+04
   2.6600000e+02   1.4843749e+04
   2.6700000e+02   1.4803980e+04
   2.6800000e+02   1.4764866e+04
   2.6900000e+02   1.4726419e+04
   2.7000000e+02   1.4688648e+04
   2.7100000e+02   1.4638677e+04
   2.7200000e+02   1.4589113e+04
   2.7300000e+02   1.4539970e+04
   2.7400000e+02   1.4491254e+04
   2.7500000e+02   1.4442977e+04
   2.7600000e+02   1.4395146e+04
   2.7700000e+02   1.4347771e+04
   2.7800000e+02   1.4300860e+04
   2.7900000e+02   1.4254417e+04
   2.8000000e+02   1.4208453e+04
   2.8100000e+02   1.4162972e+04
   2.8200000e+02   1.4117979e+04
   2.8300000e+02   1.4073482e+04
   2.8400000e+02   1.4029484e+04
   2.8500000e+02   1.3985990e+04
   2.8600000e+02   1.3943004e+04
   2.8700000e+02   1.3900528e+04
   2.8800000e+02   1.3858569e+04
   2.8900000e+02   1.3817126e+04
   2.9000000e+02   1.3776202e+04
   2.9100000e+02   1.3735799e+04
   2.9200000e+02   1.3695918e+04
   2.9300000e+02   1.3656561e+04
   2.9400000e+02   1.3617728e+04
   2.9500000e+02   1.3579419e+04
   2.9600000e+02   1.3541635e+04
   2.9700000e+02   1.3504374e+04
   2.9800000e+02   1.3467637e+04
   2.9900000e+02   1.3431421e+04
   3.0000000e+02   1.3395726e+04
   3.0100000e+02   1.3355836e+04
   3.0200000e+02   1.3316379e+04
   3.0300000e+02   1.3277352e+04
   3.0400000e+02   1.3238756e+04
   3.0500000e+02   1.3200591e+04
   3.0600000e+02   1.3162857e+04
   3.0700000e+02   1.3125555e+04
   3.0800000e+02   1.3088683e+04
   3.0900000e+02   1.3052239e+04
   3.1000000e+02   1.3016226e+04
   3.1100000e+02   1.2980640e+04
   3.1200000e+02   1.2945483e+04
   3.1300000e+02   1.2910754e+04
   3.1400000e+02   1.2876451e+04
   3.1500000e+02   1.2842576e+04
   3.1600000e+02   1.2809127e+04
   3.1700000e+02   1.2776104e+04
   3.1800000e+02   1.2743507e+04
   3.1900000e+02   1.2711335e+04
   3.2000000e+02   1.2679591e+04
   3.2100000e+02   1.2648273e+04
   3.2200000e+02   1.2617383e+04
   3.2300000e+02   1.2586919e+04
   3.2400000e+02   1.2556886e+04
   3.2500000e+02   1.2527280e+04
   3.2600000e+02   1.2498108e+04
   3.2700000e+02   1.2469368e+04
   3.2800000e+02   1.2441063e+04
   3.2900000e+02   1.2413196e+04
   3.3000000e+02   1.2385770e+04
   3.3100000e+02   1.2355438e+04
   3.3200000e+02   1.2325542e+04
   3.3300000e+02   1.2296085e+04
   3.3400000e+02   1.2267073e+04
   3.3500000e+02   1.2238517e+04
   3.3600000e+02   1.2210419e+04
   3.3700000e+02   1.2182789e+04
   3.3800000e+02   1.2155635e+04
   3.3900000e+02   1.2128963e+04
   3.4000000e+02   1.2102784e+04
   3.4100000e+02   1.2077107e+04
   3.4200000e+02   1.2051942e+04
   3.4300000e+02   1.2027297e+04
   3.4400000e+02   1.2003184e+04
   3.4500000e+02   1.1979612e+04
   3.4600000e+02   1.1956596e+04
   3.4700000e+02   1.1934143e+04
   3.4800000e+02   1.1912269e+04
   3.4900000e+02   1.1890983e+04
   3.5000000e+02   1.1870301e+04
   3.5100000e+02   1.1850233e+04
   3.5200000e+02   1.1830797e+04
   3.5300000e+02   1.1812003e+04
   3.5400000e+02   1.1793866e+04
   3.5500000e+02   1.1776402e+04
   3.5600000e+02   1.1759625e+04
   3.5700000e+02   1.1743552e+04
   3.5800000e+02   1.1728195e+04
   3.5900000e+02   1.1713572e+04
   1.4226848e-06   1.1699698e+04
