   0.0000000e+00   1.0503095e+00
   1.0000000e+00   1.0079252e+00
   2.0000000e+00   1.0073248e+00
   3.0000000e+00   1.0075262e+00
   4.0000000e+00   1.0077406e+00
   5.0000000e+00   1.0079651e+00
   6.0000000e+00   1.0081997e+00
   7.0000000e+00   1.0084442e+00
   8.0000000e+00   1.0086986e+00
   9.0000000e+00   1.0089631e+00
   1.0000000e+01   1.0092373e+00
   1.1000000e+01   1.0095214e+00
   1.2000000e+01   1.0098159e+00
   1.3000000e+01   1.0101211e+00
   1.4000000e+01   1.0104369e+00
   1.5000000e+01   1.0107639e+00
   1.6000000e+01   1.0111018e+00
   1.7000000e+01   1.0114503e+00
   1.8000000e+01   1.0118088e+00
   1.9000000e+01   1.0121769e+00
   2.0000000e+01   1.0125548e+00
   2.1000000e+01   1.0129415e+00
   2.2000000e+01   1.0133361e+00
   2.3000000e+01   1.0137385e+00
   2.4000000e+01   1.0141485e+00
   2.5000000e+01   1.0145657e+00
   2.6000000e+01   1.0149906e+00
   2.7000000e+01   1.0154222e+00
   2.8000000e+01   1.0158615e+00
   2.9000000e+01   1.0163082e+00
   3.0000000e+01   1.0167621e+00
   3.1000000e+01   1.0180746e+00
   3.2000000e+01   1.0194103e+00
   3.3000000e+01   1.0207684e+00
   3.4000000e+01   1.0221486e+00
   3.5000000e+01   1.0235502e+00
   3.6000000e+01   1.0249727e+00
   3.7000000e+01   1.0264155e+00
   3.8000000e+01   1.0278784e+00
   3.9000000e+01   1.0293611e+00
   4.0000000e+01   1.0308633e+00
   4.1000000e+01   1.0323845e+00
   4.2000000e+01   1.0339243e+00
   4.3000000e+01   1.0354824e+00
   4.4000000e+01   1.0370584e+00
   4.5000000e+01   1.0386519e+00
   4.6000000e+01   1.0402627e+00
   4.7000000e+01   1.0418905e+00
   4.8000000e+01   1.0435351e+00
   4.9000000e+01   1.0451958e+00
   5.0000000e+01   1.0468725e+00
   5.1000000e+01   1.0485647e+00
   5.2000000e+01   1.0502723e+00
   5.3000000e+01   1.0519948e+00
   5.4000000e+01   1.0537323e+00
   5.5000000e+01   1.0554843e+00
   5.6000000e+01   1.0572507e+00
   5.7000000e+01   1.0590311e+00
   5.8000000e+01   1.0608256e+00
   5.9000000e+01   1.0626335e+00
   6.0000000e+01   1.0644549e+00
   6.1000000e+01   1.0652642e+00
   6.2000000e+01   1.0661346e+00
   6.3000000e+01   1.0670627e+00
   6.4000000e+01   1.0680457e+00
   6.5000000e+01   1.0690807e+00
   6.6000000e+01   1.0701648e+00
   6.7000000e+01   1.0712947e+00
   6.8000000e+01   1.0724686e+00
   6.9000000e+01   1.0736840e+00
   7.0000000e+01   1.0749384e+00
   7.1000000e+01   1.0762302e+00
   7.2000000e+01   1.0775568e+00
   7.3000000e+01   1.0789164e+00
   7.4000000e+01   1.0803074e+00
   7.5000000e+01   1.0817277e+00
   7.6000000e+01   1.0831759e+00
   7.7000000e+01   1.0846500e+00
   7.8000000e+01   1.0861489e+00
   7.9000000e+01   1.0876708e+00
   8.0000000e+01   1.0892161e+00
   8.1000000e+01   1.0907816e+00
   8.2000000e+01   1.0923660e+00
   8.3000000e+01   1.0939682e+00
   8.4000000e+01   1.0955868e+00
   8.5000000e+01   1.0972209e+00
   8.6000000e+01   1.0988693e+00
   8.7000000e+01   1.1005315e+00
   8.8000000e+01   1.1022061e+00
   8.9000000e+01   1.1038924e+00
   9.0000000e+01   1.1055896e+00
   9.1000000e+01   1.1043836e+00
   9.2000000e+01   1.1031370e+00
   9.3000000e+01   1.1018511e+00
   9.4000000e+01   1.1005273e+00
   9.5000000e+01   1.0991670e+00
   9.6000000e+01   1.0977712e+00
   9.7000000e+01   1.0963825e+00
   9.8000000e+01   1.0950183e+00
   9.9000000e+01   1.0936170e+00
   1.0000000e+02   1.0921788e+00
   1.0100000e+02   1.0907042e+00
   1.0200000e+02   1.0891936e+00
   1.0300000e+02   1.0876474e+00
   1.0400000e+02   1.0860659e+00
   1.0500000e+02   1.0844494e+00
   1.0600000e+02   1.0827984e+00
   1.0700000e+02   1.0811127e+00
   1.0800000e+02   1.0793934e+00
   1.0900000e+02   1.0776407e+00
   1.1000000e+02   1.0758551e+00
   1.1100000e+02   1.0740370e+00
   1.1200000e+02   1.0721868e+00
   1.1300000e+02   1.0703049e+00
   1.1400000e+02   1.0683917e+00
   1.1500000e+02   1.0664475e+00
   1.1600000e+02   1.0644728e+00
   1.1700000e+02   1.0624679e+00
   1.1800000e+02   1.0604335e+00
   1.1900000e+02   1.0583698e+00
   1.2000000e+02   1.0562770e+00
   1.2100000e+02   1.0540756e+00
   1.2200000e+02   1.0518727e+00
   1.2300000e+02   1.0496442e+00
   1.2400000e+02   1.0473939e+00
   1.2500000e+02   1.0451235e+00
   1.2600000e+02   1.0428339e+00
   1.2700000e+02   1.0405267e+00
   1.2800000e+02   1.0382026e+00
   1.2900000e+02   1.0358628e+00
   1.3000000e+02   1.0335079e+00
   1.3100000e+02   1.0311390e+00
   1.3200000e+02   1.0287566e+00
   1.3300000e+02   1.0263618e+00
   1.3400000e+02   1.0239552e+00
   1.3500000e+02   1.0215373e+00
   1.3600000e+02   1.0191088e+00
   1.3700000e+02   1.0166702e+00
   1.3800000e+02   1.0142221e+00
   1.3900000e+02   1.0117651e+00
   1.4000000e+02   1.0092996e+00
   1.4100000e+02   1.0068260e+00
   1.4200000e+02   1.0043448e+00
   1.4300000e+02   1.0018564e+00
   1.4400000e+02   9.9936122e-01
   1.4500000e+02   9.9685943e-01
   1.4600000e+02   9.9435145e-01
   1.4700000e+02   9.9183768e-01
   1.4800000e+02   9.8931843e-01
   1.4900000e+02   9.8679399e-01
   1.5000000e+02   9.8426455e-01
   1.5100000e+02   9.8479271e-01
   1.5200000e+02   9.8533022e-01
   1.5300000e+02   9.8587263e-01
   1.5400000e+02   9.8642153e-01
   1.5500000e+02   9.8698020e-01
   1.5600000e+02   9.8754841e-01
   1.5700000e+02   9.8812616e-01
   1.5800000e+02   9.8871315e-01
   1.5900000e+02   9.8930931e-01
   1.6000000e+02   9.8991442e-01
   1.6100000e+02   9.9052852e-01
   1.6200000e+02   9.9115139e-01
   1.6300000e+02   9.9178284e-01
   1.6400000e+02   9.9242288e-01
   1.6500000e+02   9.9307138e-01
   1.6600000e+02   9.9372798e-01
   1.6700000e+02   9.9439293e-01
   1.6800000e+02   9.9506581e-01
   1.6900000e+02   9.9574667e-01
   1.7000000e+02   9.9643546e-01
   1.7100000e+02   9.9713182e-01
   1.7200000e+02   9.9783593e-01
   1.7300000e+02   9.9854755e-01
   1.7400000e+02   9.9926662e-01
   1.7500000e+02   9.9999297e-01
   1.7600000e+02   1.0007267e+00
   1.7700000e+02   1.0014675e+00
   1.7800000e+02   1.0022153e+00
   1.7900000e+02   1.0029700e+00
   1.8000000e+02   1.0037316e+00
   1.8100000e+02   1.0057752e+00
   1.8200000e+02   1.0078429e+00
   1.8300000e+02   1.0099344e+00
   1.8400000e+02   1.0120494e+00
   1.8500000e+02   1.0141875e+00
   1.8600000e+02   1.0163481e+00
   1.8700000e+02   1.0185312e+00
   1.8800000e+02   1.0207361e+00
   1.8900000e+02   1.0229628e+00
   1.9000000e+02   1.0252107e+00
   1.9100000e+02   1.0274795e+00
   1.9200000e+02   1.0297676e+00
   1.9300000e+02   1.0320748e+00
   1.9400000e+02   1.0344025e+00
   1.9500000e+02   1.0367498e+00
   1.9600000e+02   1.0391169e+00
   1.9700000e+02   1.0415032e+00
   1.9800000e+02   1.0439085e+00
   1.9900000e+02   1.0463322e+00
   2.0000000e+02   1.0487745e+00
   2.0100000e+02   1.0512347e+00
   2.0200000e+02   1.0537125e+00
   2.0300000e+02   1.0562079e+00
   2.0400000e+02   1.0587202e+00
   2.0500000e+02   1.0612495e+00
   2.0600000e+02   1.0637953e+00
   2.0700000e+02   1.0663574e+00
   2.0800000e+02   1.0689355e+00
   2.0900000e+02   1.0715293e+00
   2.1000000e+02   1.0741385e+00
   2.1100000e+02   1.0737351e+00
   2.1200000e+02   1.0733271e+00
   2.1300000e+02   1.0729146e+00
   2.1400000e+02   1.0724978e+00
   2.1500000e+02   1.0720767e+00
   2.1600000e+02   1.0716515e+00
   2.1700000e+02   1.0712218e+00
   2.1800000e+02   1.0707181e+00
   2.1900000e+02   1.0701554e+00
   2.2000000e+02   1.0696015e+00
   2.2100000e+02   1.0690567e+00
   2.2200000e+02   1.0685210e+00
   2.2300000e+02   1.0679942e+00
   2.2400000e+02   1.0674762e+00
   2.2500000e+02   1.0669668e+00
   2.2600000e+02   1.0664657e+00
   2.2700000e+02   1.0659733e+00
   2.2800000e+02   1.0654891e+00
   2.2900000e+02   1.0650131e+00
   2.3000000e+02   1.0645450e+00
   2.3100000e+02   1.0640849e+00
   2.3200000e+02   1.0636326e+00
   2.3300000e+02   1.0631882e+00
   2.3400000e+02   1.0627512e+00
   2.3500000e+02   1.0623217e+00
   2.3600000e+02   1.0618994e+00
   2.3700000e+02   1.0614845e+00
   2.3800000e+02   1.0610766e+00
   2.3900000e+02   1.0606757e+00
   2.4000000e+02   1.0602816e+00
   2.4100000e+02   1.0557535e+00
   2.4200000e+02   1.0512277e+00
   2.4300000e+02   1.0467042e+00
   2.4400000e+02   1.0421832e+00
   2.4500000e+02   1.0376644e+00
   2.4600000e+02   1.0331479e+00
   2.4700000e+02   1.0286337e+00
   2.4800000e+02   1.0241218e+00
   2.4900000e+02   1.0196121e+00
   2.5000000e+02   1.0151048e+00
   2.5100000e+02   1.0105995e+00
   2.5200000e+02   1.0060965e+00
   2.5300000e+02   1.0015956e+00
   2.5400000e+02   9.9709690e-01
   2.5500000e+02   9.9260044e-01
   2.5600000e+02   9.8810601e-01
   2.5700000e+02   9.8361367e-01
   2.5800000e+02   9.7912341e-01
   2.5900000e+02   9.7463518e-01
   2.6000000e+02   9.7014904e-01
   2.6100000e+02   9.6566498e-01
   2.6200000e+02   9.6118283e-01
   2.6300000e+02   9.5670271e-01
   2.6400000e+02   9.5222455e-01
   2.6500000e+02   9.4774836e-01
   2.6600000e+02   9.4327408e-01
   2.6700000e+02   9.3880171e-01
   2.6800000e+02   9.3433118e-01
   2.6900000e+02   9.2986250e-01
   2.7000000e+02   9.2539567e-01
   2.7100000e+02   9.2335337e-01
   2.7200000e+02   9.2131191e-01
   2.7300000e+02   9.1927129e-01
   2.7400000e+02   9.1723150e-01
   2.7500000e+02   9.1519260e-01
   2.7600000e+02   9.1315442e-01
   2.7700000e+02   9.1111708e-01
   2.7800000e+02   9.0908056e-01
   2.7900000e+02   9.0704483e-01
   2.8000000e+02   9.0500993e-01
   2.8100000e+02   9.0297586e-01
   2.8200000e+02   9.0094250e-01
   2.8300000e+02   8.9890993e-01
   2.8400000e+02   8.9687818e-01
   2.8500000e+02   8.9484721e-01
   2.8600000e+02   8.9281696e-01
   2.8700000e+02   8.9078748e-01
   2.8800000e+02   8.8875884e-01
   2.8900000e+02   8.8673085e-01
   2.9000000e+02   8.8470364e-01
   2.9100000e+02   8.8267708e-01
   2.9200000e+02   8.8065135e-01
   2.9300000e+02   8.7862635e-01
   2.9400000e+02   8.7660205e-01
   2.9500000e+02   8.7457842e-01
   2.9600000e+02   8.7255555e-01
   2.9700000e+02   8.7053335e-01
   2.9800000e+02   8.6851186e-01
   2.9900000e+02   8.6649108e-01
   3.0000000e+02   8.6447096e-01
   3.0100000e+02   8.6387664e-01
   3.0200000e+02   8.6328304e-01
   3.0300000e+02   8.6269021e-01
   3.0400000e+02   8.6209810e-01
   3.0500000e+02   8.6150676e-01
   3.0600000e+02   8.6091614e-01
   3.0700000e+02   8.6032623e-01
   3.0800000e+02   8.5973710e-01
   3.0900000e+02   8.5914862e-01
   3.1000000e+02   8.5856092e-01
   3.1100000e+02   8.5797393e-01
   3.1200000e+02   8.5738760e-01
   3.1300000e+02   8.5680205e-01
   3.1400000e+02   8.5621715e-01
   3.1500000e+02   8.5563290e-01
   3.1600000e+02   8.5504937e-01
   3.1700000e+02   8.5446650e-01
   3.1800000e+02   8.5388440e-01
   3.1900000e+02   8.5330290e-01
   3.2000000e+02   8.5272205e-01
   3.2100000e+02   8.5214186e-01
   3.2200000e+02   8.5156238e-01
   3.2300000e+02   8.5098350e-01
   3.2400000e+02   8.5040528e-01
   3.2500000e+02   8.4982771e-01
   3.2600000e+02   8.4925073e-01
   3.2700000e+02   8.4867448e-01
   3.2800000e+02   8.4809881e-01
   3.2900000e+02   8.4752375e-01
   3.3000000e+02   8.4694934e-01
   3.3100000e+02   8.4739017e-01
   3.3200000e+02   8.4783155e-01
   3.3300000e+02   8.4827358e-01
   3.3400000e+02   8.4871614e-01
   3.3500000e+02   8.4915936e-01
   3.3600000e+02   8.4960312e-01
   3.3700000e+02   8.5004747e-01
   3.3800000e+02   8.5049242e-01
   3.3900000e+02   8.5093796e-01
   3.4000000e+02   8.5138404e-01
   3.4100000e+02   8.5183072e-01
   3.4200000e+02   8.5227793e-01
   3.4300000e+02   8.5272568e-01
   3.4400000e+02   8.5317403e-01
   3.4500000e+02   8.5362291e-01
   3.4600000e+02   8.5407239e-01
   3.4700000e+02   8.5452235e-01
   3.4800000e+02   8.5497284e-01
   3.4900000e+02   8.5542393e-01
   3.5000000e+02   8.5587555e-01
   3.5100000e+02   8.5632759e-01
   3.5200000e+02   8.5678023e-01
   3.5300000e+02   8.5723341e-01
   3.5400000e+02   8.5768706e-01
   3.5500000e+02   8.5814124e-01
   3.5600000e+02   8.5859591e-01
   3.5700000e+02   8.5905111e-01
   3.5800000e+02   8.5950679e-01
   3.5900000e+02   8.5996300e-01
   7.1133672e-07   8.6041957e-01
   1.0000007e+00   8.6169940e-01
   2.0000007e+00   8.6297983e-01
   3.0000007e+00   8.6426079e-01
   4.0000010e+00   8.6554229e-01
   5.0000010e+00   8.6682439e-01
   6.0000010e+00   8.6810702e-01
   7.0000010e+00   8.6939025e-01
   8.0000010e+00   8.7067389e-01
   9.0000010e+00   8.7195820e-01
   1.0000001e+01   8.7324303e-01
   1.1000001e+01   8.7452829e-01
   1.2000001e+01   8.7581420e-01
   1.3000001e+01   8.7710059e-01
   1.4000001e+01   8.7838745e-01
   1.5000001e+01   8.7967491e-01
   1.6000000e+01   8.8096285e-01
   1.7000000e+01   8.8225126e-01
   1.8000000e+01   8.8354021e-01
   1.9000000e+01   8.8482964e-01
   2.0000000e+01   8.8611960e-01
   2.1000000e+01   8.8741004e-01
   2.2000000e+01   8.8870096e-01
   2.3000000e+01   8.8999236e-01
   2.4000000e+01   8.9128423e-01
   2.5000000e+01   8.9257658e-01
   2.6000000e+01   8.9386946e-01
   2.7000000e+01   8.9516276e-01
   2.8000000e+01   8.9645654e-01
   2.9000000e+01   8.9775079e-01
   3.0000000e+01   8.9904553e-01
   3.1000000e+01   9.0185559e-01
   3.2000000e+01   9.0466672e-01
   3.3000000e+01   9.0747899e-01
   3.4000000e+01   9.1029233e-01
   3.5000000e+01   9.1310662e-01
   3.6000000e+01   9.1592205e-01
   3.7000000e+01   9.1873848e-01
   3.8000000e+01   9.2155600e-01
   3.9000000e+01   9.2437452e-01
   4.0000000e+01   9.2719400e-01
   4.1000000e+01   9.3001455e-01
   4.2000000e+01   9.3283606e-01
   4.3000000e+01   9.3565857e-01
   4.4000000e+01   9.3848211e-01
   4.5000000e+01   9.4130653e-01
   4.6000000e+01   9.4413191e-01
   4.7000000e+01   9.4695836e-01
   4.8000000e+01   9.4978565e-01
   4.9000000e+01   9.5261401e-01
   5.0000000e+01   9.5544320e-01
   5.1000000e+01   9.5827335e-01
   5.2000000e+01   9.6110439e-01
   5.3000000e+01   9.6393639e-01
   5.4000000e+01   9.6676922e-01
   5.5000000e+01   9.6960300e-01
   5.6000000e+01   9.7243774e-01
   5.7000000e+01   9.7527331e-01
   5.8000000e+01   9.7810966e-01
   5.9000000e+01   9.8094702e-01
   6.0000000e+01   9.8378515e-01
   6.1000000e+01   9.8618221e-01
   6.2000000e+01   9.8857963e-01
   6.3000000e+01   9.9097717e-01
   6.4000000e+01   9.9337482e-01
   6.5000000e+01   9.9577278e-01
   6.6000000e+01   9.9817097e-01
   6.7000000e+01   1.0005692e+00
   6.8000000e+01   1.0029678e+00
   6.9000000e+01   1.0053666e+00
   7.0000000e+01   1.0077655e+00
   7.1000000e+01   1.0101647e+00
   7.2000000e+01   1.0125642e+00
   7.3000000e+01   1.0149636e+00
   7.4000000e+01   1.0173634e+00
   7.5000000e+01   1.0197634e+00
   7.6000000e+01   1.0221634e+00
   7.7000000e+01   1.0245638e+00
   7.8000000e+01   1.0269643e+00
   7.9000000e+01   1.0293649e+00
   8.0000000e+01   1.0317659e+00
   8.1000000e+01   1.0341669e+00
   8.2000000e+01   1.0365682e+00
   8.3000000e+01   1.0389696e+00
   8.4000000e+01   1.0413712e+00
   8.5000000e+01   1.0437729e+00
   8.6000000e+01   1.0461750e+00
   8.7000000e+01   1.0485771e+00
   8.8000000e+01   1.0509794e+00
   8.9000000e+01   1.0533819e+00
   9.0000000e+01   1.0557845e+00
   9.1000000e+01   1.0528884e+00
   9.2000000e+01   1.0499916e+00
   9.3000000e+01   1.0470940e+00
   9.4000000e+01   1.0441954e+00
   9.5000000e+01   1.0412962e+00
   9.6000000e+01   1.0383961e+00
   9.7000000e+01   1.0354952e+00
   9.8000000e+01   1.0325934e+00
   9.9000000e+01   1.0296909e+00
   1.0000000e+02   1.0267875e+00
   1.0100000e+02   1.0238835e+00
   1.0200000e+02   1.0209785e+00
   1.0300000e+02   1.0180726e+00
   1.0400000e+02   1.0151660e+00
   1.0500000e+02   1.0122586e+00
   1.0600000e+02   1.0093504e+00
   1.0700000e+02   1.0064423e+00
   1.0800000e+02   1.0035342e+00
   1.0900000e+02   1.0006250e+00
   1.1000000e+02   9.9771464e-01
   1.1100000e+02   9.9480319e-01
   1.1200000e+02   9.9189067e-01
   1.1300000e+02   9.8897696e-01
   1.1400000e+02   9.8606217e-01
   1.1500000e+02   9.8314625e-01
   1.1600000e+02   9.8022920e-01
   1.1700000e+02   9.7731107e-01
   1.1800000e+02   9.7439194e-01
   1.1900000e+02   9.7147155e-01
   1.2000000e+02   9.6855015e-01
   1.2100000e+02   9.6625781e-01
   1.2200000e+02   9.6396518e-01
   1.2300000e+02   9.6167219e-01
   1.2400000e+02   9.5937896e-01
   1.2500000e+02   9.5708549e-01
   1.2600000e+02   9.5479167e-01
   1.2700000e+02   9.5249748e-01
   1.2800000e+02   9.5020312e-01
   1.2900000e+02   9.4790846e-01
   1.3000000e+02   9.4561338e-01
   1.3100000e+02   9.4331813e-01
   1.3200000e+02   9.4102257e-01
   1.3300000e+02   9.3872666e-01
   1.3400000e+02   9.3643045e-01
   1.3500000e+02   9.3413401e-01
   1.3600000e+02   9.3183726e-01
   1.3700000e+02   9.2954022e-01
   1.3800000e+02   9.2724288e-01
   1.3900000e+02   9.2494524e-01
   1.4000000e+02   9.2264724e-01
   1.4100000e+02   9.2034900e-01
   1.4200000e+02   9.1805053e-01
   1.4300000e+02   9.1575164e-01
   1.4400000e+02   9.1345257e-01
   1.4500000e+02   9.1115308e-01
   1.4600000e+02   9.0885341e-01
   1.4700000e+02   9.0655339e-01
   1.4800000e+02   9.0425307e-01
   1.4900000e+02   9.0195245e-01
   1.5000000e+02   8.9965153e-01
   1.5100000e+02   9.0114683e-01
   1.5200000e+02   9.0264267e-01
   1.5300000e+02   9.0413904e-01
   1.5400000e+02   9.0563595e-01
   1.5500000e+02   9.0713340e-01
   1.5600000e+02   9.0863138e-01
   1.5700000e+02   9.1012996e-01
   1.5800000e+02   9.1162902e-01
   1.5900000e+02   9.1312867e-01
   1.6000000e+02   9.1462874e-01
   1.6100000e+02   9.1612947e-01
   1.6200000e+02   9.1763067e-01
   1.6300000e+02   9.1913247e-01
   1.6400000e+02   9.2063475e-01
   1.6500000e+02   9.2213756e-01
   1.6600000e+02   9.2364091e-01
   1.6700000e+02   9.2514479e-01
   1.6800000e+02   9.2664921e-01
   1.6900000e+02   9.2815417e-01
   1.7000000e+02   9.2965961e-01
   1.7100000e+02   9.3116564e-01
   1.7200000e+02   9.3267214e-01
   1.7300000e+02   9.3417925e-01
   1.7400000e+02   9.3568677e-01
   1.7500000e+02   9.3719488e-01
   1.7600000e+02   9.3870348e-01
   1.7700000e+02   9.4021261e-01
   1.7800000e+02   9.4172227e-01
   1.7900000e+02   9.4323242e-01
   1.8000000e+02   9.4474316e-01
   1.8100000e+02   9.4753474e-01
   1.8200000e+02   9.5032674e-01
   1.8300000e+02   9.5311922e-01
   1.8400000e+02   9.5591223e-01
   1.8500000e+02   9.5870572e-01
   1.8600000e+02   9.6149969e-01
   1.8700000e+02   9.6429414e-01
   1.8800000e+02   9.6708900e-01
   1.8900000e+02   9.6988440e-01
   1.9000000e+02   9.7268027e-01
   1.9100000e+02   9.7547662e-01
   1.9200000e+02   9.7827345e-01
   1.9300000e+02   9.8107070e-01
   1.9400000e+02   9.8386848e-01
   1.9500000e+02   9.8666668e-01
   1.9600000e+02   9.8946530e-01
   1.9700000e+02   9.9226457e-01
   1.9800000e+02   9.9506408e-01
   1.9900000e+02   9.9786413e-01
   2.0000000e+02   1.0006647e+00
   2.0100000e+02   1.0034657e+00
   2.0200000e+02   1.0062671e+00
   2.0300000e+02   1.0090691e+00
   2.0400000e+02   1.0118715e+00
   2.0500000e+02   1.0146743e+00
   2.0600000e+02   1.0174776e+00
   2.0700000e+02   1.0202813e+00
   2.0800000e+02   1.0230855e+00
   2.0900000e+02   1.0258901e+00
   2.1000000e+02   1.0286953e+00
   2.1100000e+02   1.0287051e+00
   2.1200000e+02   1.0287158e+00
   2.1300000e+02   1.0287269e+00
   2.1400000e+02   1.0287387e+00
   2.1500000e+02   1.0287511e+00
   2.1600000e+02   1.0287641e+00
   2.1700000e+02   1.0287777e+00
   2.1800000e+02   1.0287919e+00
   2.1900000e+02   1.0288067e+00
   2.2000000e+02   1.0288221e+00
   2.2100000e+02   1.0288382e+00
   2.2200000e+02   1.0288547e+00
   2.2300000e+02   1.0288719e+00
   2.2400000e+02   1.0288899e+00
   2.2500000e+02   1.0289083e+00
   2.2600000e+02   1.0289273e+00
   2.2700000e+02   1.0289470e+00
   2.2800000e+02   1.0289673e+00
   2.2900000e+02   1.0289882e+00
   2.3000000e+02   1.0290096e+00
   2.3100000e+02   1.0290319e+00
   2.3200000e+02   1.0290546e+00
   2.3300000e+02   1.0290779e+00
   2.3400000e+02   1.0291018e+00
   2.3500000e+02   1.0291265e+00
   2.3600000e+02   1.0291517e+00
   2.3700000e+02   1.0291775e+00
   2.3800000e+02   1.0292040e+00
   2.3900000e+02   1.0292311e+00
   2.4000000e+02   1.0292588e+00
   2.4100000e+02   1.0249404e+00
   2.4200000e+02   1.0206221e+00
   2.4300000e+02   1.0163040e+00
   2.4400000e+02   1.0119859e+00
   2.4500000e+02   1.0076680e+00
   2.4600000e+02   1.0033504e+00
   2.4700000e+02   9.9903262e-01
   2.4800000e+02   9.9471515e-01
   2.4900000e+02   9.9039769e-01
   2.5000000e+02   9.8608041e-01
   2.5100000e+02   9.8176330e-01
   2.5200000e+02   9.7744626e-01
   2.5300000e+02   9.7312933e-01
   2.5400000e+02   9.6881258e-01
   2.5500000e+02   9.6449596e-01
   2.5600000e+02   9.6017945e-01
   2.5700000e+02   9.5586306e-01
   2.5800000e+02   9.5154685e-01
   2.5900000e+02   9.4723070e-01
   2.6000000e+02   9.4291466e-01
   2.6100000e+02   9.3859881e-01
   2.6200000e+02   9.3428308e-01
   2.6300000e+02   9.2996746e-01
   2.6400000e+02   9.2565197e-01
   2.6500000e+02   9.2133665e-01
   2.6600000e+02   9.1702145e-01
   2.6700000e+02   9.1270638e-01
   2.6800000e+02   9.0839142e-01
   2.6900000e+02   9.0407658e-01
   2.7000000e+02   8.9976192e-01
   2.7100000e+02   8.9783233e-01
   2.7200000e+02   8.9590275e-01
   2.7300000e+02   8.9397317e-01
   2.7400000e+02   8.9204371e-01
   2.7500000e+02   8.9011425e-01
   2.7600000e+02   8.8818485e-01
   2.7700000e+02   8.8625544e-01
   2.7800000e+02   8.8432616e-01
   2.7900000e+02   8.8239688e-01
   2.8000000e+02   8.8046765e-01
   2.8100000e+02   8.7853843e-01
   2.8200000e+02   8.7660933e-01
   2.8300000e+02   8.7468022e-01
   2.8400000e+02   8.7275112e-01
   2.8500000e+02   8.7082219e-01
   2.8600000e+02   8.6889321e-01
   2.8700000e+02   8.6696422e-01
   2.8800000e+02   8.6503536e-01
   2.8900000e+02   8.6310655e-01
   2.9000000e+02   8.6117774e-01
   2.9100000e+02   8.5924894e-01
   2.9200000e+02   8.5732019e-01
   2.9300000e+02   8.5539156e-01
   2.9400000e+02   8.5346293e-01
   2.9500000e+02   8.5153431e-01
   2.9600000e+02   8.4960574e-01
   2.9700000e+02   8.4767723e-01
   2.9800000e+02   8.4574872e-01
   2.9900000e+02   8.4382027e-01
   3.0000000e+02   8.4189188e-01
   3.0100000e+02   8.4139490e-01
   3.0200000e+02   8.4089804e-01
   3.0300000e+02   8.4040117e-01
   3.0400000e+02   8.3990437e-01
   3.0500000e+02   8.3940756e-01
   3.0600000e+02   8.3891088e-01
   3.0700000e+02   8.3841425e-01
   3.0800000e+02   8.3791763e-01
   3.0900000e+02   8.3742100e-01
   3.1000000e+02   8.3692449e-01
   3.1100000e+02   8.3642799e-01
   3.1200000e+02   8.3593154e-01
   3.1300000e+02   8.3543515e-01
   3.1400000e+02   8.3493882e-01
   3.1500000e+02   8.3444256e-01
   3.1600000e+02   8.3394629e-01
   3.1700000e+02   8.3345008e-01
   3.1800000e+02   8.3295393e-01
   3.1900000e+02   8.3245778e-01
   3.2000000e+02   8.3196169e-01
   3.2100000e+02   8.3146566e-01
   3.2200000e+02   8.3096963e-01
   3.2300000e+02   8.3047372e-01
   3.2400000e+02   8.2997781e-01
   3.2500000e+02   8.2948190e-01
   3.2600000e+02   8.2898605e-01
   3.2700000e+02   8.2849026e-01
   3.2800000e+02   8.2799453e-01
   3.2900000e+02   8.2749879e-01
   3.3000000e+02   8.2700312e-01
   3.3100000e+02   8.2752168e-01
   3.3200000e+02   8.2804024e-01
   3.3300000e+02   8.2855886e-01
   3.3400000e+02   8.2907754e-01
   3.3500000e+02   8.2959622e-01
   3.3600000e+02   8.3011490e-01
   3.3700000e+02   8.3063364e-01
   3.3800000e+02   8.3115250e-01
   3.3900000e+02   8.3167130e-01
   3.4000000e+02   8.3219010e-01
   3.4100000e+02   8.3270895e-01
   3.4200000e+02   8.3322787e-01
   3.4300000e+02   8.3374685e-01
   3.4400000e+02   8.3426583e-01
   3.4500000e+02   8.3478481e-01
   3.4600000e+02   8.3530384e-01
   3.4700000e+02   8.3582288e-01
   3.4800000e+02   8.3634198e-01
   3.4900000e+02   8.3686107e-01
   3.5000000e+02   8.3738023e-01
   3.5100000e+02   8.3789945e-01
   3.5200000e+02   8.3841860e-01
   3.5300000e+02   8.3893788e-01
   3.5400000e+02   8.3945709e-01
   3.5500000e+02   8.3997637e-01
   3.5600000e+02   8.4049571e-01
   3.5700000e+02   8.4101504e-01
   3.5800000e+02   8.4153444e-01
   3.5900000e+02   8.4205383e-01
   1.4226848e-06   8.4257323e-01
