   0.0000000e+00   1.2036924e+02
   1.0000000e+00   2.2780935e+01
   2.0000000e+00   2.2767073e+01
   3.0000000e+00   2.2751736e+01
   4.0000000e+00   2.2734903e+01
   5.0000000e+00   2.2716581e+01
   6.0000000e+00   2.2696777e+01
   7.0000000e+00   2.2675495e+01
   8.0000000e+00   2.2652748e+01
   9.0000000e+00   2.2628548e+01
   1.0000000e+01   2.2602903e+01
   1.1000000e+01   2.2575827e+01
   1.2000000e+01   2.2547333e+01
   1.3000000e+01   2.2517429e+01
   1.4000000e+01   2.2486137e+01
   1.5000000e+01   2.2453468e+01
   1.6000000e+01   2.2419439e+01
   1.7000000e+01   2.2384066e+01
   1.8000000e+01   2.2347366e+01
   1.9000000e+01   2.2309359e+01
   2.0000000e+01   2.2270061e+01
   2.1000000e+01   2.2229496e+01
   2.2000000e+01   2.2187679e+01
   2.3000000e+01   2.2144634e+01
   2.4000000e+01   2.2100384e+01
   2.5000000e+01   2.2054947e+01
   2.6000000e+01   2.2008350e+01
   2.7000000e+01   2.1960615e+01
   2.8000000e+01   2.1911760e+01
   2.9000000e+01   2.1861816e+01
   3.0000000e+01   2.1810806e+01
   3.1000000e+01   2.1754717e+01
   3.2000000e+01   2.1697489e+01
   3.3000000e+01   2.1639149e+01
   3.4000000e+01   2.1579721e+01
   3.5000000e+01   2.1519239e+01
   3.6000000e+01   2.1457729e+01
   3.7000000e+01   2.1395222e+01
   3.8000000e+01   2.1331745e+01
   3.9000000e+01   2.1267326e+01
   4.0000000e+01   2.1201992e+01
   4.1000000e+01   2.1135773e+01
   4.2000000e+01   2.1068705e+01
   4.3000000e+01   2.1000811e+01
   4.4000000e+01   2.0932125e+01
   4.5000000e+01   2.0862677e+01
   4.6000000e+01   2.0792492e+01
   4.7000000e+01   2.0721607e+01
   4.8000000e+01   2.0650045e+01
   4.9000000e+01   2.0577837e+01
   5.0000000e+01   2.0505014e+01
   5.1000000e+01   2.0431608e+01
   5.2000000e+01   2.0357641e+01
   5.3000000e+01   2.0283150e+01
   5.4000000e+01   2.0208158e+01
   5.5000000e+01   2.0132692e+01
   5.6000000e+01   2.0056786e+01
   5.7000000e+01   1.9980465e+01
   5.8000000e+01   1.9903755e+01
   5.9000000e+01   1.9826685e+01
   6.0000000e+01   1.9749283e+01
   6.1000000e+01   1.9669825e+01
   6.2000000e+01   1.9590063e+01
   6.3000000e+01   1.9510027e+01
   6.4000000e+01   1.9429743e+01
   6.5000000e+01   1.9349234e+01
   6.6000000e+01   1.9268534e+01
   6.7000000e+01   1.9187696e+01
   6.8000000e+01   1.9106768e+01
   6.9000000e+01   1.9025789e+01
   7.0000000e+01   1.8944742e+01
   7.1000000e+01   1.8863646e+01
   7.2000000e+01   1.8782528e+01
   7.3000000e+01   1.8701408e+01
   7.4000000e+01   1.8620316e+01
   7.5000000e+01   1.8539270e+01
   7.6000000e+01   1.8458300e+01
   7.7000000e+01   1.8377420e+01
   7.8000000e+01   1.8296658e+01
   7.9000000e+01   1.8216034e+01
   8.0000000e+01   1.8135567e+01
   8.1000000e+01   1.8055281e+01
   8.2000000e+01   1.7975193e+01
   8.3000000e+01   1.7895325e+01
   8.4000000e+01   1.7815691e+01
   8.5000000e+01   1.7736315e+01
   8.6000000e+01   1.7657211e+01
   8.7000000e+01   1.7578396e+01
   8.8000000e+01   1.7499889e+01
   8.9000000e+01   1.7421705e+01
   9.0000000e+01   1.7343863e+01
   9.1000000e+01   1.7273190e+01
   9.2000000e+01   1.7202908e+01
   9.3000000e+01   1.7133022e+01
   9.4000000e+01   1.7063551e+01
   9.5000000e+01   1.6994503e+01
   9.6000000e+01   1.6925894e+01
   9.7000000e+01   1.6857727e+01
   9.8000000e+01   1.6790014e+01
   9.9000000e+01   1.6722763e+01
   1.0000000e+02   1.6655981e+01
   1.0100000e+02   1.6589655e+01
   1.0200000e+02   1.6523806e+01
   1.0300000e+02   1.6458443e+01
   1.0400000e+02   1.6393572e+01
   1.0500000e+02   1.6329199e+01
   1.0600000e+02   1.6265331e+01
   1.0700000e+02   1.6201973e+01
   1.0800000e+02   1.6139132e+01
   1.0900000e+02   1.6076809e+01
   1.1000000e+02   1.6015015e+01
   1.1100000e+02   1.5953751e+01
   1.1200000e+02   1.5893020e+01
   1.1300000e+02   1.5832830e+01
   1.1400000e+02   1.5773182e+01
   1.1500000e+02   1.5714082e+01
   1.1600000e+02   1.5655530e+01
   1.1700000e+02   1.5597531e+01
   1.1800000e+02   1.5540089e+01
   1.1900000e+02   1.5483204e+01
   1.2000000e+02   1.5426881e+01
   1.2100000e+02   1.5375301e+01
   1.2200000e+02   1.5324315e+01
   1.2300000e+02   1.5273928e+01
   1.2400000e+02   1.5224140e+01
   1.2500000e+02   1.5174959e+01
   1.2600000e+02   1.5126383e+01
   1.2700000e+02   1.5078409e+01
   1.2800000e+02   1.5031042e+01
   1.2900000e+02   1.4984284e+01
   1.3000000e+02   1.4938138e+01
   1.3100000e+02   1.4892607e+01
   1.3200000e+02   1.4847691e+01
   1.3300000e+02   1.4803392e+01
   1.3400000e+02   1.4759715e+01
   1.3500000e+02   1.4716659e+01
   1.3600000e+02   1.4674226e+01
   1.3700000e+02   1.4632418e+01
   1.3800000e+02   1.4591234e+01
   1.3900000e+02   1.4550679e+01
   1.4000000e+02   1.4510752e+01
   1.4100000e+02   1.4471452e+01
   1.4200000e+02   1.4432782e+01
   1.4300000e+02   1.4394743e+01
   1.4400000e+02   1.4357334e+01
   1.4500000e+02   1.4320557e+01
   1.4600000e+02   1.4284412e+01
   1.4700000e+02   1.4248901e+01
   1.4800000e+02   1.4214022e+01
   1.4900000e+02   1.4179777e+01
   1.5000000e+02   1.4146165e+01
   1.5100000e+02   1.4121129e+01
   1.5200000e+02   1.4096769e+01
   1.5300000e+02   1.4073086e+01
   1.5400000e+02   1.4050076e+01
   1.5500000e+02   1.4027740e+01
   1.5600000e+02   1.4006077e+01
   1.5700000e+02   1.3985086e+01
   1.5800000e+02   1.3964766e+01
   1.5900000e+02   1.3945117e+01
   1.6000000e+02   1.3926135e+01
   1.6100000e+02   1.3907822e+01
   1.6200000e+02   1.3890176e+01
   1.6300000e+02   1.3873196e+01
   1.6400000e+02   1.3856881e+01
   1.6500000e+02   1.3841230e+01
   1.6600000e+02   1.3826242e+01
   1.6700000e+02   1.3811915e+01
   1.6800000e+02   1.3798250e+01
   1.6900000e+02   1.3785244e+01
   1.7000000e+02   1.3772896e+01
   1.7100000e+02   1.3761206e+01
   1.7200000e+02   1.3750173e+01
   1.7300000e+02   1.3739794e+01
   1.7400000e+02   1.3730069e+01
   1.7500000e+02   1.3720997e+01
   1.7600000e+02   1.3712584e+01
   1.7700000e+02   1.3704829e+01
   1.7800000e+02   1.3697727e+01
   1.7900000e+02   1.3691279e+01
   1.8000000e+02   1.3685483e+01
   1.8100000e+02   1.3686744e+01
   1.8200000e+02   1.3688683e+01
   1.8300000e+02   1.3691298e+01
   1.8400000e+02   1.3694591e+01
   1.8500000e+02   1.3698557e+01
   1.8600000e+02   1.3703198e+01
   1.8700000e+02   1.3708514e+01
   1.8800000e+02   1.3714500e+01
   1.8900000e+02   1.3721160e+01
   1.9000000e+02   1.3728490e+01
   1.9100000e+02   1.3736489e+01
   1.9200000e+02   1.3745158e+01
   1.9300000e+02   1.3754496e+01
   1.9400000e+02   1.3764499e+01
   1.9500000e+02   1.3775170e+01
   1.9600000e+02   1.3786508e+01
   1.9700000e+02   1.3798510e+01
   1.9800000e+02   1.3811175e+01
   1.9900000e+02   1.3824505e+01
   2.0000000e+02   1.3838497e+01
   2.0100000e+02   1.3853149e+01
   2.0200000e+02   1.3868463e+01
   2.0300000e+02   1.3884435e+01
   2.0400000e+02   1.3901066e+01
   2.0500000e+02   1.3918353e+01
   2.0600000e+02   1.3936297e+01
   2.0700000e+02   1.3954896e+01
   2.0800000e+02   1.3974150e+01
   2.0900000e+02   1.3994057e+01
   2.1000000e+02   1.4014614e+01
   2.1100000e+02   1.4039630e+01
   2.1200000e+02   1.4065342e+01
   2.1300000e+02   1.4091752e+01
   2.1400000e+02   1.4118856e+01
   2.1500000e+02   1.4146658e+01
   2.1600000e+02   1.4175153e+01
   2.1700000e+02   1.4204341e+01
   2.1800000e+02   1.4234221e+01
   2.1900000e+02   1.4264792e+01
   2.2000000e+02   1.4296052e+01
   2.2100000e+02   1.4328002e+01
   2.2200000e+02   1.4360640e+01
   2.2300000e+02   1.4393962e+01
   2.2400000e+02   1.4427968e+01
   2.2500000e+02   1.4462659e+01
   2.2600000e+02   1.4498030e+01
   2.2700000e+02   1.4534081e+01
   2.2800000e+02   1.4570808e+01
   2.2900000e+02   1.4608212e+01
   2.3000000e+02   1.4646289e+01
   2.3100000e+02   1.4685038e+01
   2.3200000e+02   1.4724456e+01
   2.3300000e+02   1.4764541e+01
   2.3400000e+02   1.4805289e+01
   2.3500000e+02   1.4846701e+01
   2.3600000e+02   1.4888770e+01
   2.3700000e+02   1.4931495e+01
   2.3800000e+02   1.4974874e+01
   2.3900000e+02   1.5018900e+01
   2.4000000e+02   1.5063574e+01
   2.4100000e+02   1.5106372e+01
   2.4200000e+02   1.5149833e+01
   2.4300000e+02   1.5193953e+01
   2.4400000e+02   1.5238728e+01
   2.4500000e+02   1.5284156e+01
   2.4600000e+02   1.5330234e+01
   2.4700000e+02   1.5376957e+01
   2.4800000e+02   1.5424321e+01
   2.4900000e+02   1.5472322e+01
   2.5000000e+02   1.5520958e+01
   2.5100000e+02   1.5570221e+01
   2.5200000e+02   1.5620105e+01
   2.5300000e+02   1.5670591e+01
   2.5400000e+02   1.5721685e+01
   2.5500000e+02   1.5773383e+01
   2.5600000e+02   1.5825679e+01
   2.5700000e+02   1.5878564e+01
   2.5800000e+02   1.5932032e+01
   2.5900000e+02   1.5986077e+01
   2.6000000e+02   1.6040693e+01
   2.6100000e+02   1.6095871e+01
   2.6200000e+02   1.6151602e+01
   2.6300000e+02   1.6207878e+01
   2.6400000e+02   1.6264692e+01
   2.6500000e+02   1.6322035e+01
   2.6600000e+02   1.6379898e+01
   2.6700000e+02   1.6438272e+01
   2.6800000e+02   1.6497145e+01
   2.6900000e+02   1.6556507e+01
   2.7000000e+02   1.6616350e+01
   2.7100000e+02   1.6675220e+01
   2.7200000e+02   1.6734470e+01
   2.7300000e+02   1.6794094e+01
   2.7400000e+02   1.6854074e+01
   2.7500000e+02   1.6914400e+01
   2.7600000e+02   1.6975058e+01
   2.7700000e+02   1.7036034e+01
   2.7800000e+02   1.7097313e+01
   2.7900000e+02   1.7158884e+01
   2.8000000e+02   1.7220728e+01
   2.8100000e+02   1.7282831e+01
   2.8200000e+02   1.7345181e+01
   2.8300000e+02   1.7407761e+01
   2.8400000e+02   1.7470549e+01
   2.8500000e+02   1.7533533e+01
   2.8600000e+02   1.7596697e+01
   2.8700000e+02   1.7660021e+01
   2.8800000e+02   1.7723488e+01
   2.8900000e+02   1.7787081e+01
   2.9000000e+02   1.7850777e+01
   2.9100000e+02   1.7914560e+01
   2.9200000e+02   1.7978413e+01
   2.9300000e+02   1.8042311e+01
   2.9400000e+02   1.8106239e+01
   2.9500000e+02   1.8170174e+01
   2.9600000e+02   1.8234095e+01
   2.9700000e+02   1.8297981e+01
   2.9800000e+02   1.8361813e+01
   2.9900000e+02   1.8425566e+01
   3.0000000e+02   1.8489218e+01
   3.0100000e+02   1.8548973e+01
   3.0200000e+02   1.8608583e+01
   3.0300000e+02   1.8668032e+01
   3.0400000e+02   1.8727291e+01
   3.0500000e+02   1.8786337e+01
   3.0600000e+02   1.8845150e+01
   3.0700000e+02   1.8903704e+01
   3.0800000e+02   1.8961973e+01
   3.0900000e+02   1.9019938e+01
   3.1000000e+02   1.9077572e+01
   3.1100000e+02   1.9134850e+01
   3.1200000e+02   1.9191750e+01
   3.1300000e+02   1.9248243e+01
   3.1400000e+02   1.9304308e+01
   3.1500000e+02   1.9359922e+01
   3.1600000e+02   1.9415054e+01
   3.1700000e+02   1.9469685e+01
   3.1800000e+02   1.9523787e+01
   3.1900000e+02   1.9577333e+01
   3.2000000e+02   1.9630304e+01
   3.2100000e+02   1.9682673e+01
   3.2200000e+02   1.9734411e+01
   3.2300000e+02   1.9785498e+01
   3.2400000e+02   1.9835907e+01
   3.2500000e+02   1.9885614e+01
   3.2600000e+02   1.9934599e+01
   3.2700000e+02   1.9982832e+01
   3.2800000e+02   2.0030293e+01
   3.2900000e+02   2.0076958e+01
   3.3000000e+02   2.0122801e+01
   3.3100000e+02   2.0153906e+01
   3.3200000e+02   2.0184074e+01
   3.3300000e+02   2.0213285e+01
   3.3400000e+02   2.0241518e+01
   3.3500000e+02   2.0268755e+01
   3.3600000e+02   2.0294975e+01
   3.3700000e+02   2.0320164e+01
   3.3800000e+02   2.0344301e+01
   3.3900000e+02   2.0367371e+01
   3.4000000e+02   2.0389357e+01
   3.4100000e+02   2.0410244e+01
   3.4200000e+02   2.0430014e+01
   3.4300000e+02   2.0448656e+01
   3.4400000e+02   2.0466154e+01
   3.4500000e+02   2.0482496e+01
   3.4600000e+02   2.0497671e+01
   3.4700000e+02   2.0511663e+01
   3.4800000e+02   2.0524464e+01
   3.4900000e+02   2.0536062e+01
   3.5000000e+02   2.0546453e+01
   3.5100000e+02   2.0555620e+01
   3.5200000e+02   2.0563562e+01
   3.5300000e+02   2.0570271e+01
   3.5400000e+02   2.0575737e+01
   3.5500000e+02   2.0579960e+01
   3.5600000e+02   2.0582928e+01
   3.5700000e+02   2.0584644e+01
   3.5800000e+02   2.0585104e+01
   3.5900000e+02   2.0584305e+01
   2.6219766e-08   2.0582243e+01
