   0.0000000e+00   8.5510468e-19
   1.0000000e+00   1.3205591e-04
   2.0000000e+00   6.5098819e-04
   3.0000000e+00   1.1756092e-03
   4.0000000e+00   1.7060630e-03
   5.0000000e+00   2.2423095e-03
   6.0000000e+00   2.7843069e-03
   7.0000000e+00   3.3320154e-03
   8.0000000e+00   3.8854023e-03
   9.0000000e+00   4.4444273e-03
   1.0000000e+01   5.0090495e-03
   1.1000000e+01   5.5792285e-03
   1.2000000e+01   6.1549260e-03
   1.3000000e+01   6.7361011e-03
   1.4000000e+01   7.3227170e-03
   1.5000000e+01   7.9147378e-03
   1.6000000e+01   8.5121235e-03
   1.7000000e+01   9.1148363e-03
   1.8000000e+01   9.7228382e-03
   1.9000000e+01   1.0336090e-02
   2.0000000e+01   1.0954553e-02
   2.1000000e+01   1.1578193e-02
   2.2000000e+01   1.2206972e-02
   2.3000000e+01   1.2840851e-02
   2.4000000e+01   1.3479796e-02
   2.5000000e+01   1.4123770e-02
   2.6000000e+01   1.4772736e-02
   2.7000000e+01   1.5426658e-02
   2.8000000e+01   1.6085498e-02
   2.9000000e+01   1.6749227e-02
   3.0000000e+01   1.7417805e-02
   3.1000000e+01   1.8203409e-02
   3.2000000e+01   1.9001089e-02
   3.3000000e+01   1.9810790e-02
   3.4000000e+01   2.0632461e-02
   3.5000000e+01   2.1466050e-02
   3.6000000e+01   2.2311509e-02
   3.7000000e+01   2.3168785e-02
   3.8000000e+01   2.4037829e-02
   3.9000000e+01   2.4918584e-02
   4.0000000e+01   2.5811005e-02
   4.1000000e+01   2.6715040e-02
   4.2000000e+01   2.7630646e-02
   4.3000000e+01   2.8557766e-02
   4.4000000e+01   2.9496349e-02
   4.5000000e+01   3.0446343e-02
   4.6000000e+01   3.1407695e-02
   4.7000000e+01   3.2380350e-02
   4.8000000e+01   3.3364262e-02
   4.9000000e+01   3.4359373e-02
   5.0000000e+01   3.5365637e-02
   5.1000000e+01   3.6382996e-02
   5.2000000e+01   3.7411399e-02
   5.3000000e+01   3.8450804e-02
   5.4000000e+01   3.9501149e-02
   5.5000000e+01   4.0562384e-02
   5.6000000e+01   4.1634455e-02
   5.7000000e+01   4.2717323e-02
   5.8000000e+01   4.3810926e-02
   5.9000000e+01   4.4915218e-02
   6.0000000e+01   4.6030145e-02
   6.1000000e+01   4.7271386e-02
   6.2000000e+01   4.8525266e-02
   6.3000000e+01   4.9791660e-02
   6.4000000e+01   5.1070448e-02
   6.5000000e+01   5.2361503e-02
   6.6000000e+01   5.3664707e-02
   6.7000000e+01   5.4979932e-02
   6.8000000e+01   5.6306962e-02
   6.9000000e+01   5.7645522e-02
   7.0000000e+01   5.8995102e-02
   7.1000000e+01   6.0355425e-02
   7.2000000e+01   6.1726283e-02
   7.3000000e+01   6.3107453e-02
   7.4000000e+01   6.4498715e-02
   7.5000000e+01   6.5899864e-02
   7.6000000e+01   6.7310698e-02
   7.7000000e+01   6.8731003e-02
   7.8000000e+01   7.0160575e-02
   7.9000000e+01   7.1599215e-02
   8.0000000e+01   7.3046729e-02
   8.1000000e+01   7.4502908e-02
   8.2000000e+01   7.5967565e-02
   8.3000000e+01   7.7440508e-02
   8.4000000e+01   7.8921549e-02
   8.5000000e+01   8.0410503e-02
   8.6000000e+01   8.1907175e-02
   8.7000000e+01   8.3411388e-02
   8.8000000e+01   8.4922962e-02
   8.9000000e+01   8.6441703e-02
   9.0000000e+01   8.7967448e-02
   9.1000000e+01   8.9158677e-02
   9.2000000e+01   9.0351269e-02
   9.3000000e+01   9.1545247e-02
   9.4000000e+01   9.2740618e-02
   9.5000000e+01   9.3937404e-02
   9.6000000e+01   9.5135607e-02
   9.7000000e+01   9.6335225e-02
   9.8000000e+01   9.7536281e-02
   9.9000000e+01   9.8738767e-02
   1.0000000e+02   9.9942729e-02
   1.0100000e+02   1.0114817e-01
   1.0200000e+02   1.0235538e-01
   1.0300000e+02   1.0356442e-01
   1.0400000e+02   1.0477539e-01
   1.0500000e+02   1.0598836e-01
   1.0600000e+02   1.0720341e-01
   1.0700000e+02   1.0842062e-01
   1.0800000e+02   1.0964006e-01
   1.0900000e+02   1.1086181e-01
   1.1000000e+02   1.1208594e-01
   1.1100000e+02   1.1331252e-01
   1.1200000e+02   1.1454161e-01
   1.1300000e+02   1.1577330e-01
   1.1400000e+02   1.1700764e-01
   1.1500000e+02   1.1824470e-01
   1.1600000e+02   1.1948454e-01
   1.1700000e+02   1.2072725e-01
   1.1800000e+02   1.2197286e-01
   1.1900000e+02   1.2322145e-01
   1.2000000e+02   1.2447308e-01
   1.2100000e+02   1.2548943e-01
   1.2200000e+02   1.2650660e-01
   1.2300000e+02   1.2752450e-01
   1.2400000e+02   1.2854302e-01
   1.2500000e+02   1.2956211e-01
   1.2600000e+02   1.3058195e-01
   1.2700000e+02   1.3160266e-01
   1.2800000e+02   1.3262424e-01
   1.2900000e+02   1.3364655e-01
   1.3000000e+02   1.3466954e-01
   1.3100000e+02   1.3569312e-01
   1.3200000e+02   1.3671722e-01
   1.3300000e+02   1.3774177e-01
   1.3400000e+02   1.3876671e-01
   1.3500000e+02   1.3979197e-01
   1.3600000e+02   1.4081748e-01
   1.3700000e+02   1.4184316e-01
   1.3800000e+02   1.4286895e-01
   1.3900000e+02   1.4389478e-01
   1.4000000e+02   1.4492056e-01
   1.4100000e+02   1.4594622e-01
   1.4200000e+02   1.4697173e-01
   1.4300000e+02   1.4799701e-01
   1.4400000e+02   1.4902198e-01
   1.4500000e+02   1.5004660e-01
   1.4600000e+02   1.5107076e-01
   1.4700000e+02   1.5209441e-01
   1.4800000e+02   1.5311746e-01
   1.4900000e+02   1.5413986e-01
   1.5000000e+02   1.5516154e-01
   1.5100000e+02   1.5566994e-01
   1.5200000e+02   1.5617320e-01
   1.5300000e+02   1.5667135e-01
   1.5400000e+02   1.5716441e-01
   1.5500000e+02   1.5765244e-01
   1.5600000e+02   1.5813544e-01
   1.5700000e+02   1.5861347e-01
   1.5800000e+02   1.5908656e-01
   1.5900000e+02   1.5955472e-01
   1.6000000e+02   1.6001798e-01
   1.6100000e+02   1.6047640e-01
   1.6200000e+02   1.6092999e-01
   1.6300000e+02   1.6137880e-01
   1.6400000e+02   1.6182284e-01
   1.6500000e+02   1.6226216e-01
   1.6600000e+02   1.6269678e-01
   1.6700000e+02   1.6312672e-01
   1.6800000e+02   1.6355206e-01
   1.6900000e+02   1.6397277e-01
   1.7000000e+02   1.6438890e-01
   1.7100000e+02   1.6480049e-01
   1.7200000e+02   1.6520758e-01
   1.7300000e+02   1.6561016e-01
   1.7400000e+02   1.6600831e-01
   1.7500000e+02   1.6640203e-01
   1.7600000e+02   1.6679136e-01
   1.7700000e+02   1.6717622e-01
   1.7800000e+02   1.6755649e-01
   1.7900000e+02   1.6793223e-01
   1.8000000e+02   1.6830339e-01
   1.8100000e+02   1.6824505e-01
   1.8200000e+02   1.6818038e-01
   1.8300000e+02   1.6810946e-01
   1.8400000e+02   1.6803236e-01
   1.8500000e+02   1.6794917e-01
   1.8600000e+02   1.6785993e-01
   1.8700000e+02   1.6776472e-01
   1.8800000e+02   1.6766363e-01
   1.8900000e+02   1.6755670e-01
   1.9000000e+02   1.6744399e-01
   1.9100000e+02   1.6732560e-01
   1.9200000e+02   1.6720158e-01
   1.9300000e+02   1.6707200e-01
   1.9400000e+02   1.6693690e-01
   1.9500000e+02   1.6679636e-01
   1.9600000e+02   1.6665044e-01
   1.9700000e+02   1.6649921e-01
   1.9800000e+02   1.6634277e-01
   1.9900000e+02   1.6618113e-01
   2.0000000e+02   1.6601440e-01
   2.0100000e+02   1.6584264e-01
   2.0200000e+02   1.6566589e-01
   2.0300000e+02   1.6548425e-01
   2.0400000e+02   1.6529775e-01
   2.0500000e+02   1.6510649e-01
   2.0600000e+02   1.6491050e-01
   2.0700000e+02   1.6470985e-01
   2.0800000e+02   1.6450462e-01
   2.0900000e+02   1.6429484e-01
   2.1000000e+02   1.6408059e-01
   2.1100000e+02   1.6363235e-01
   2.1200000e+02   1.6317725e-01
   2.1300000e+02   1.6271536e-01
   2.1400000e+02   1.6224676e-01
   2.1500000e+02   1.6177151e-01
   2.1600000e+02   1.6128968e-01
   2.1700000e+02   1.6080135e-01
   2.1800000e+02   1.6030659e-01
   2.1900000e+02   1.5980548e-01
   2.2000000e+02   1.5929806e-01
   2.2100000e+02   1.5878443e-01
   2.2200000e+02   1.5826468e-01
   2.2300000e+02   1.5773882e-01
   2.2400000e+02   1.5720698e-01
   2.2500000e+02   1.5666918e-01
   2.2600000e+02   1.5612555e-01
   2.2700000e+02   1.5557608e-01
   2.2800000e+02   1.5502091e-01
   2.2900000e+02   1.5446006e-01
   2.3000000e+02   1.5389360e-01
   2.3100000e+02   1.5332162e-01
   2.3200000e+02   1.5274416e-01
   2.3300000e+02   1.5216130e-01
   2.3400000e+02   1.5157308e-01
   2.3500000e+02   1.5097958e-01
   2.3600000e+02   1.5038085e-01
   2.3700000e+02   1.4977698e-01
   2.3800000e+02   1.4916800e-01
   2.3900000e+02   1.4855400e-01
   2.4000000e+02   1.4793500e-01
   2.4100000e+02   1.4750858e-01
   2.4200000e+02   1.4707571e-01
   2.4300000e+02   1.4663644e-01
   2.4400000e+02   1.4619072e-01
   2.4500000e+02   1.4573862e-01
   2.4600000e+02   1.4528008e-01
   2.4700000e+02   1.4481513e-01
   2.4800000e+02   1.4434378e-01
   2.4900000e+02   1.4386605e-01
   2.5000000e+02   1.4338189e-01
   2.5100000e+02   1.4289136e-01
   2.5200000e+02   1.4239445e-01
   2.5300000e+02   1.4189117e-01
   2.5400000e+02   1.4138161e-01
   2.5500000e+02   1.4086577e-01
   2.5600000e+02   1.4034368e-01
   2.5700000e+02   1.3981538e-01
   2.5800000e+02   1.3928086e-01
   2.5900000e+02   1.3874017e-01
   2.6000000e+02   1.3819331e-01
   2.6100000e+02   1.3764033e-01
   2.6200000e+02   1.3708122e-01
   2.6300000e+02   1.3651603e-01
   2.6400000e+02   1.3594477e-01
   2.6500000e+02   1.3536747e-01
   2.6600000e+02   1.3478413e-01
   2.6700000e+02   1.3419481e-01
   2.6800000e+02   1.3359949e-01
   2.6900000e+02   1.3299823e-01
   2.7000000e+02   1.3239102e-01
   2.7100000e+02   1.3187233e-01
   2.7200000e+02   1.3135155e-01
   2.7300000e+02   1.3082866e-01
   2.7400000e+02   1.3030374e-01
   2.7500000e+02   1.2977676e-01
   2.7600000e+02   1.2924777e-01
   2.7700000e+02   1.2871677e-01
   2.7800000e+02   1.2818378e-01
   2.7900000e+02   1.2764885e-01
   2.8000000e+02   1.2711197e-01
   2.8100000e+02   1.2657316e-01
   2.8200000e+02   1.2603244e-01
   2.8300000e+02   1.2548985e-01
   2.8400000e+02   1.2494538e-01
   2.8500000e+02   1.2439907e-01
   2.8600000e+02   1.2385092e-01
   2.8700000e+02   1.2330095e-01
   2.8800000e+02   1.2274921e-01
   2.8900000e+02   1.2219567e-01
   2.9000000e+02   1.2164038e-01
   2.9100000e+02   1.2108333e-01
   2.9200000e+02   1.2052458e-01
   2.9300000e+02   1.1996411e-01
   2.9400000e+02   1.1940195e-01
   2.9500000e+02   1.1883812e-01
   2.9600000e+02   1.1827262e-01
   2.9700000e+02   1.1770549e-01
   2.9800000e+02   1.1713672e-01
   2.9900000e+02   1.1656635e-01
   3.0000000e+02   1.1599439e-01
   3.0100000e+02   1.1564459e-01
   3.0200000e+02   1.1529222e-01
   3.0300000e+02   1.1493731e-01
   3.0400000e+02   1.1457987e-01
   3.0500000e+02   1.1421992e-01
   3.0600000e+02   1.1385747e-01
   3.0700000e+02   1.1349254e-01
   3.0800000e+02   1.1312516e-01
   3.0900000e+02   1.1275533e-01
   3.1000000e+02   1.1238307e-01
   3.1100000e+02   1.1200840e-01
   3.1200000e+02   1.1163133e-01
   3.1300000e+02   1.1125191e-01
   3.1400000e+02   1.1087011e-01
   3.1500000e+02   1.1048596e-01
   3.1600000e+02   1.1009949e-01
   3.1700000e+02   1.0971072e-01
   3.1800000e+02   1.0931963e-01
   3.1900000e+02   1.0892628e-01
   3.2000000e+02   1.0853067e-01
   3.2100000e+02   1.0813281e-01
   3.2200000e+02   1.0773272e-01
   3.2300000e+02   1.0733041e-01
   3.2400000e+02   1.0692590e-01
   3.2500000e+02   1.0651921e-01
   3.2600000e+02   1.0611036e-01
   3.2700000e+02   1.0569936e-01
   3.2800000e+02   1.0528621e-01
   3.2900000e+02   1.0487095e-01
   3.3000000e+02   1.0445358e-01
   3.3100000e+02   1.0465519e-01
   3.3200000e+02   1.0485605e-01
   3.3300000e+02   1.0505617e-01
   3.3400000e+02   1.0525555e-01
   3.3500000e+02   1.0545418e-01
   3.3600000e+02   1.0565207e-01
   3.3700000e+02   1.0584924e-01
   3.3800000e+02   1.0604566e-01
   3.3900000e+02   1.0624135e-01
   3.4000000e+02   1.0643630e-01
   3.4100000e+02   1.0663054e-01
   3.4200000e+02   1.0682405e-01
   3.4300000e+02   1.0701682e-01
   3.4400000e+02   1.0720888e-01
   3.4500000e+02   1.0740022e-01
   3.4600000e+02   1.0759084e-01
   3.4700000e+02   1.0778075e-01
   3.4800000e+02   1.0796994e-01
   3.4900000e+02   1.0815842e-01
   3.5000000e+02   1.0834621e-01
   3.5100000e+02   1.0853329e-01
   3.5200000e+02   1.0871966e-01
   3.5300000e+02   1.0890534e-01
   3.5400000e+02   1.0909032e-01
   3.5500000e+02   1.0927460e-01
   3.5600000e+02   1.0945819e-01
   3.5700000e+02   1.0964110e-01
   3.5800000e+02   1.0982331e-01
   3.5900000e+02   1.1000483e-01
   2.6219766e-08   1.1018568e-01
