   0.0000000e+00   6.5491777e+03
   1.0000000e+00   1.5383155e+04
   2.0000000e+00   1.5384485e+04
   3.0000000e+00   1.5386724e+04
   4.0000000e+00   1.5389882e+04
   5.0000000e+00   1.5393959e+04
   6.0000000e+00   1.5398954e+04
   7.0000000e+00   1.5404871e+04
   8.0000000e+00   1.5411703e+04
   9.0000000e+00   1.5419450e+04
   1.0000000e+01   1.5428109e+04
   1.1000000e+01   1.5437678e+04
   1.2000000e+01   1.5448155e+04
   1.3000000e+01   1.5459538e+04
   1.4000000e+01   1.5471824e+04
   1.5000000e+01   1.5485009e+04
   1.6000000e+01   1.5499089e+04
   1.7000000e+01   1.5514063e+04
   1.8000000e+01   1.5529924e+04
   1.9000000e+01   1.5546671e+04
   2.0000000e+01   1.5564296e+04
   2.1000000e+01   1.5582798e+04
   2.2000000e+01   1.5602170e+04
   2.3000000e+01   1.5622407e+04
   2.4000000e+01   1.5643505e+04
   2.5000000e+01   1.5665457e+04
   2.6000000e+01   1.5688256e+04
   2.7000000e+01   1.5711897e+04
   2.8000000e+01   1.5736377e+04
   2.9000000e+01   1.5761684e+04
   3.0000000e+01   1.5787813e+04
   3.1000000e+01   1.5815887e+04
   3.2000000e+01   1.5844758e+04
   3.3000000e+01   1.5874422e+04
   3.4000000e+01   1.5904870e+04
   3.5000000e+01   1.5936094e+04
   3.6000000e+01   1.5968086e+04
   3.7000000e+01   1.6000836e+04
   3.8000000e+01   1.6034337e+04
   3.9000000e+01   1.6068579e+04
   4.0000000e+01   1.6103557e+04
   4.1000000e+01   1.6139259e+04
   4.2000000e+01   1.6175674e+04
   4.3000000e+01   1.6212792e+04
   4.4000000e+01   1.6250604e+04
   4.5000000e+01   1.6289099e+04
   4.6000000e+01   1.6328266e+04
   4.7000000e+01   1.6368096e+04
   4.8000000e+01   1.6408576e+04
   4.9000000e+01   1.6449695e+04
   5.0000000e+01   1.6491443e+04
   5.1000000e+01   1.6533805e+04
   5.2000000e+01   1.6576775e+04
   5.3000000e+01   1.6620336e+04
   5.4000000e+01   1.6664477e+04
   5.5000000e+01   1.6709186e+04
   5.6000000e+01   1.6754451e+04
   5.7000000e+01   1.6800258e+04
   5.8000000e+01   1.6846596e+04
   5.9000000e+01   1.6893449e+04
   6.0000000e+01   1.6940807e+04
   6.1000000e+01   1.6988107e+04
   6.2000000e+01   1.7035869e+04
   6.3000000e+01   1.7084082e+04
   6.4000000e+01   1.7132730e+04
   6.5000000e+01   1.7181801e+04
   6.6000000e+01   1.7231281e+04
   6.7000000e+01   1.7281121e+04
   6.8000000e+01   1.7331291e+04
   6.9000000e+01   1.7381770e+04
   7.0000000e+01   1.7432582e+04
   7.1000000e+01   1.7483719e+04
   7.2000000e+01   1.7535168e+04
   7.3000000e+01   1.7586912e+04
   7.4000000e+01   1.7638939e+04
   7.5000000e+01   1.7691232e+04
   7.6000000e+01   1.7743775e+04
   7.7000000e+01   1.7796555e+04
   7.8000000e+01   1.7849553e+04
   7.9000000e+01   1.7902754e+04
   8.0000000e+01   1.7956143e+04
   8.1000000e+01   1.8009705e+04
   8.2000000e+01   1.8063420e+04
   8.3000000e+01   1.8117275e+04
   8.4000000e+01   1.8171254e+04
   8.5000000e+01   1.8225342e+04
   8.6000000e+01   1.8279518e+04
   8.7000000e+01   1.8333768e+04
   8.8000000e+01   1.8388074e+04
   8.9000000e+01   1.8442426e+04
   9.0000000e+01   1.8496801e+04
   9.1000000e+01   1.8550521e+04
   9.2000000e+01   1.8604262e+04
   9.3000000e+01   1.8658008e+04
   9.4000000e+01   1.8711742e+04
   9.5000000e+01   1.8765447e+04
   9.6000000e+01   1.8819096e+04
   9.7000000e+01   1.8872684e+04
   9.8000000e+01   1.8926188e+04
   9.9000000e+01   1.8979596e+04
   1.0000000e+02   1.9032889e+04
   1.0100000e+02   1.9086078e+04
   1.0200000e+02   1.9139129e+04
   1.0300000e+02   1.9192016e+04
   1.0400000e+02   1.9244725e+04
   1.0500000e+02   1.9297240e+04
   1.0600000e+02   1.9349545e+04
   1.0700000e+02   1.9401619e+04
   1.0800000e+02   1.9453449e+04
   1.0900000e+02   1.9505016e+04
   1.1000000e+02   1.9556305e+04
   1.1100000e+02   1.9607299e+04
   1.1200000e+02   1.9657979e+04
   1.1300000e+02   1.9708330e+04
   1.1400000e+02   1.9758338e+04
   1.1500000e+02   1.9807984e+04
   1.1600000e+02   1.9857252e+04
   1.1700000e+02   1.9906129e+04
   1.1800000e+02   1.9954596e+04
   1.1900000e+02   2.0002637e+04
   1.2000000e+02   2.0050238e+04
   1.2100000e+02   2.0097258e+04
   1.2200000e+02   2.0143791e+04
   1.2300000e+02   2.0189822e+04
   1.2400000e+02   2.0235336e+04
   1.2500000e+02   2.0280320e+04
   1.2600000e+02   2.0324756e+04
   1.2700000e+02   2.0368635e+04
   1.2800000e+02   2.0411936e+04
   1.2900000e+02   2.0454652e+04
   1.3000000e+02   2.0496764e+04
   1.3100000e+02   2.0538262e+04
   1.3200000e+02   2.0579129e+04
   1.3300000e+02   2.0619355e+04
   1.3400000e+02   2.0658930e+04
   1.3500000e+02   2.0697834e+04
   1.3600000e+02   2.0736059e+04
   1.3700000e+02   2.0773592e+04
   1.3800000e+02   2.0810418e+04
   1.3900000e+02   2.0846529e+04
   1.4000000e+02   2.0881914e+04
   1.4100000e+02   2.0916559e+04
   1.4200000e+02   2.0950453e+04
   1.4300000e+02   2.0983588e+04
   1.4400000e+02   2.1015949e+04
   1.4500000e+02   2.1047525e+04
   1.4600000e+02   2.1078311e+04
   1.4700000e+02   2.1108293e+04
   1.4800000e+02   2.1137459e+04
   1.4900000e+02   2.1165805e+04
   1.5000000e+02   2.1193316e+04
   1.5100000e+02   2.1220246e+04
   1.5200000e+02   2.1246330e+04
   1.5300000e+02   2.1271566e+04
   1.5400000e+02   2.1295941e+04
   1.5500000e+02   2.1319449e+04
   1.5600000e+02   2.1342082e+04
   1.5700000e+02   2.1363832e+04
   1.5800000e+02   2.1384693e+04
   1.5900000e+02   2.1404656e+04
   1.6000000e+02   2.1423717e+04
   1.6100000e+02   2.1441869e+04
   1.6200000e+02   2.1459105e+04
   1.6300000e+02   2.1475422e+04
   1.6400000e+02   2.1490811e+04
   1.6500000e+02   2.1505270e+04
   1.6600000e+02   2.1518789e+04
   1.6700000e+02   2.1531371e+04
   1.6800000e+02   2.1543006e+04
   1.6900000e+02   2.1553693e+04
   1.7000000e+02   2.1563428e+04
   1.7100000e+02   2.1572205e+04
   1.7200000e+02   2.1580023e+04
   1.7300000e+02   2.1586881e+04
   1.7400000e+02   2.1592777e+04
   1.7500000e+02   2.1597703e+04
   1.7600000e+02   2.1601654e+04
   1.7700000e+02   2.1604623e+04
   1.7800000e+02   2.1606623e+04
   1.7900000e+02   2.1607648e+04
   1.8000000e+02   2.1607701e+04
   1.8100000e+02   2.1607098e+04
   1.8200000e+02   2.1605523e+04
   1.8300000e+02   2.1602979e+04
   1.8400000e+02   2.1599465e+04
   1.8500000e+02   2.1594982e+04
   1.8600000e+02   2.1589535e+04
   1.8700000e+02   2.1583119e+04
   1.8800000e+02   2.1575742e+04
   1.8900000e+02   2.1567404e+04
   1.9000000e+02   2.1558107e+04
   1.9100000e+02   2.1547855e+04
   1.9200000e+02   2.1536650e+04
   1.9300000e+02   2.1524498e+04
   1.9400000e+02   2.1511398e+04
   1.9500000e+02   2.1497357e+04
   1.9600000e+02   2.1482383e+04
   1.9700000e+02   2.1466473e+04
   1.9800000e+02   2.1449639e+04
   1.9900000e+02   2.1431879e+04
   2.0000000e+02   2.1413203e+04
   2.0100000e+02   2.1393617e+04
   2.0200000e+02   2.1373127e+04
   2.0300000e+02   2.1351738e+04
   2.0400000e+02   2.1329457e+04
   2.0500000e+02   2.1306293e+04
   2.0600000e+02   2.1282252e+04
   2.0700000e+02   2.1257338e+04
   2.0800000e+02   2.1231564e+04
   2.0900000e+02   2.1204936e+04
   2.1000000e+02   2.1177461e+04
   2.1100000e+02   2.1148873e+04
   2.1200000e+02   2.1119459e+04
   2.1300000e+02   2.1089232e+04
   2.1400000e+02   2.1058199e+04
   2.1500000e+02   2.1026373e+04
   2.1600000e+02   2.0993766e+04
   2.1700000e+02   2.0960381e+04
   2.1800000e+02   2.0926232e+04
   2.1900000e+02   2.0891332e+04
   2.2000000e+02   2.0855689e+04
   2.2100000e+02   2.0819316e+04
   2.2200000e+02   2.0782221e+04
   2.2300000e+02   2.0744420e+04
   2.2400000e+02   2.0705920e+04
   2.2500000e+02   2.0666738e+04
   2.2600000e+02   2.0626883e+04
   2.2700000e+02   2.0586369e+04
   2.2800000e+02   2.0545209e+04
   2.2900000e+02   2.0503414e+04
   2.3000000e+02   2.0460996e+04
   2.3100000e+02   2.0417973e+04
   2.3200000e+02   2.0374355e+04
   2.3300000e+02   2.0330156e+04
   2.3400000e+02   2.0285393e+04
   2.3500000e+02   2.0240074e+04
   2.3600000e+02   2.0194219e+04
   2.3700000e+02   2.0147840e+04
   2.3800000e+02   2.0100949e+04
   2.3900000e+02   2.0053564e+04
   2.4000000e+02   2.0005703e+04
   2.4100000e+02   1.9956338e+04
   2.4200000e+02   1.9906516e+04
   2.4300000e+02   1.9856250e+04
   2.4400000e+02   1.9805557e+04
   2.4500000e+02   1.9754451e+04
   2.4600000e+02   1.9702951e+04
   2.4700000e+02   1.9651068e+04
   2.4800000e+02   1.9598822e+04
   2.4900000e+02   1.9546229e+04
   2.5000000e+02   1.9493305e+04
   2.5100000e+02   1.9440064e+04
   2.5200000e+02   1.9386527e+04
   2.5300000e+02   1.9332729e+04
   2.5400000e+02   1.9278670e+04
   2.5500000e+02   1.9224363e+04
   2.5600000e+02   1.9169828e+04
   2.5700000e+02   1.9115084e+04
   2.5800000e+02   1.9060141e+04
   2.5900000e+02   1.9005021e+04
   2.6000000e+02   1.8949740e+04
   2.6100000e+02   1.8894314e+04
   2.6200000e+02   1.8838760e+04
   2.6300000e+02   1.8783098e+04
   2.6400000e+02   1.8727340e+04
   2.6500000e+02   1.8671508e+04
   2.6600000e+02   1.8615615e+04
   2.6700000e+02   1.8559682e+04
   2.6800000e+02   1.8503725e+04
   2.6900000e+02   1.8447760e+04
   2.7000000e+02   1.8391803e+04
   2.7100000e+02   1.8335559e+04
   2.7200000e+02   1.8279357e+04
   2.7300000e+02   1.8223219e+04
   2.7400000e+02   1.8167154e+04
   2.7500000e+02   1.8111186e+04
   2.7600000e+02   1.8055326e+04
   2.7700000e+02   1.7999596e+04
   2.7800000e+02   1.7944012e+04
   2.7900000e+02   1.7888588e+04
   2.8000000e+02   1.7833342e+04
   2.8100000e+02   1.7778291e+04
   2.8200000e+02   1.7723451e+04
   2.8300000e+02   1.7668840e+04
   2.8400000e+02   1.7614473e+04
   2.8500000e+02   1.7560363e+04
   2.8600000e+02   1.7506533e+04
   2.8700000e+02   1.7452998e+04
   2.8800000e+02   1.7399768e+04
   2.8900000e+02   1.7346865e+04
   2.9000000e+02   1.7294303e+04
   2.9100000e+02   1.7242096e+04
   2.9200000e+02   1.7190262e+04
   2.9300000e+02   1.7138813e+04
   2.9400000e+02   1.7087768e+04
   2.9500000e+02   1.7037141e+04
   2.9600000e+02   1.6986945e+04
   2.9700000e+02   1.6937199e+04
   2.9800000e+02   1.6887912e+04
   2.9900000e+02   1.6839104e+04
   3.0000000e+02   1.6790787e+04
   3.0100000e+02   1.6742117e+04
   3.0200000e+02   1.6693967e+04
   3.0300000e+02   1.6646350e+04
   3.0400000e+02   1.6599275e+04
   3.0500000e+02   1.6552762e+04
   3.0600000e+02   1.6506820e+04
   3.0700000e+02   1.6461467e+04
   3.0800000e+02   1.6416711e+04
   3.0900000e+02   1.6372564e+04
   3.1000000e+02   1.6329043e+04
   3.1100000e+02   1.6286159e+04
   3.1200000e+02   1.6243922e+04
   3.1300000e+02   1.6202347e+04
   3.1400000e+02   1.6161443e+04
   3.1500000e+02   1.6121225e+04
   3.1600000e+02   1.6081700e+04
   3.1700000e+02   1.6042882e+04
   3.1800000e+02   1.6004781e+04
   3.1900000e+02   1.5967407e+04
   3.2000000e+02   1.5930772e+04
   3.2100000e+02   1.5894886e+04
   3.2200000e+02   1.5859758e+04
   3.2300000e+02   1.5825397e+04
   3.2400000e+02   1.5791815e+04
   3.2500000e+02   1.5759020e+04
   3.2600000e+02   1.5727021e+04
   3.2700000e+02   1.5695825e+04
   3.2800000e+02   1.5665443e+04
   3.2900000e+02   1.5635882e+04
   3.3000000e+02   1.5607150e+04
   3.3100000e+02   1.5579305e+04
   3.3200000e+02   1.5552294e+04
   3.3300000e+02   1.5526127e+04
   3.3400000e+02   1.5500808e+04
   3.3500000e+02   1.5476347e+04
   3.3600000e+02   1.5452747e+04
   3.3700000e+02   1.5430018e+04
   3.3800000e+02   1.5408165e+04
   3.3900000e+02   1.5387193e+04
   3.4000000e+02   1.5367110e+04
   3.4100000e+02   1.5347919e+04
   3.4200000e+02   1.5329626e+04
   3.4300000e+02   1.5312236e+04
   3.4400000e+02   1.5295755e+04
   3.4500000e+02   1.5280185e+04
   3.4600000e+02   1.5265531e+04
   3.4700000e+02   1.5251798e+04
   3.4800000e+02   1.5238988e+04
   3.4900000e+02   1.5227106e+04
   3.5000000e+02   1.5216153e+04
   3.5100000e+02   1.5206135e+04
   3.5200000e+02   1.5197051e+04
   3.5300000e+02   1.5188905e+04
   3.5400000e+02   1.5181699e+04
   3.5500000e+02   1.5175435e+04
   3.5600000e+02   1.5170113e+04
   3.5700000e+02   1.5165736e+04
   3.5800000e+02   1.5162305e+04
   3.5900000e+02   1.5159819e+04
   2.6219766e-08   1.5158281e+04
