   0.0000000e+00   4.8605273e-03
   1.0000000e+00   2.3118330e-02
   2.0000000e+00   2.3182759e-02
   3.0000000e+00   2.3245515e-02
   4.0000000e+00   2.3308290e-02
   5.0000000e+00   2.3371082e-02
   6.0000000e+00   2.3433914e-02
   7.0000000e+00   2.3497004e-02
   8.0000000e+00   2.3560088e-02
   9.0000000e+00   2.3623167e-02
   1.0000000e+01   2.3686247e-02
   1.1000000e+01   2.3749325e-02
   1.2000000e+01   2.3812400e-02
   1.3000000e+01   2.3875471e-02
   1.4000000e+01   2.3938539e-02
   1.5000000e+01   2.4001606e-02
   1.6000000e+01   2.4064668e-02
   1.7000000e+01   2.4127727e-02
   1.8000000e+01   2.4190787e-02
   1.9000000e+01   2.4253843e-02
   2.0000000e+01   2.4316896e-02
   2.1000000e+01   2.4379948e-02
   2.2000000e+01   2.4442999e-02
   2.3000000e+01   2.4506046e-02
   2.4000000e+01   2.4569094e-02
   2.5000000e+01   2.4632139e-02
   2.6000000e+01   2.4695184e-02
   2.7000000e+01   2.4758225e-02
   2.8000000e+01   2.4821268e-02
   2.9000000e+01   2.4884308e-02
   3.0000000e+01   2.4947349e-02
   3.1000000e+01   2.5094625e-02
   3.2000000e+01   2.5242133e-02
   3.3000000e+01   2.5389876e-02
   3.4000000e+01   2.5537847e-02
   3.5000000e+01   2.5686050e-02
   3.6000000e+01   2.5834480e-02
   3.7000000e+01   2.5983138e-02
   3.8000000e+01   2.6132021e-02
   3.9000000e+01   2.6281130e-02
   4.0000000e+01   2.6430642e-02
   4.1000000e+01   2.6580475e-02
   4.2000000e+01   2.6730498e-02
   4.3000000e+01   2.6880709e-02
   4.4000000e+01   2.7031111e-02
   4.5000000e+01   2.7181696e-02
   4.6000000e+01   2.7332468e-02
   4.7000000e+01   2.7483426e-02
   4.8000000e+01   2.7634563e-02
   4.9000000e+01   2.7785888e-02
   5.0000000e+01   2.7937390e-02
   5.1000000e+01   2.8089076e-02
   5.2000000e+01   2.8240940e-02
   5.3000000e+01   2.8392982e-02
   5.4000000e+01   2.8545203e-02
   5.5000000e+01   2.8697597e-02
   5.6000000e+01   2.8850168e-02
   5.7000000e+01   2.9002914e-02
   5.8000000e+01   2.9155836e-02
   5.9000000e+01   2.9308928e-02
   6.0000000e+01   2.9462190e-02
   6.1000000e+01   2.9595263e-02
   6.2000000e+01   2.9727923e-02
   6.3000000e+01   2.9860171e-02
   6.4000000e+01   2.9992012e-02
   6.5000000e+01   3.0123448e-02
   6.6000000e+01   3.0254479e-02
   6.7000000e+01   3.0383121e-02
   6.8000000e+01   3.0508371e-02
   6.9000000e+01   3.0629527e-02
   7.0000000e+01   3.0749213e-02
   7.1000000e+01   3.0867932e-02
   7.2000000e+01   3.0985689e-02
   7.3000000e+01   3.1102482e-02
   7.4000000e+01   3.1218326e-02
   7.5000000e+01   3.1333227e-02
   7.6000000e+01   3.1447165e-02
   7.7000000e+01   3.1560149e-02
   7.8000000e+01   3.1672180e-02
   7.9000000e+01   3.1783260e-02
   8.0000000e+01   3.1893395e-02
   8.1000000e+01   3.2002579e-02
   8.2000000e+01   3.2110821e-02
   8.3000000e+01   3.2218132e-02
   8.4000000e+01   3.2324500e-02
   8.5000000e+01   3.2429937e-02
   8.6000000e+01   3.2534447e-02
   8.7000000e+01   3.2638032e-02
   8.8000000e+01   3.2740690e-02
   8.9000000e+01   3.2842435e-02
   9.0000000e+01   3.2943264e-02
   9.1000000e+01   3.2970611e-02
   9.2000000e+01   3.2998718e-02
   9.3000000e+01   3.3027578e-02
   9.4000000e+01   3.3057179e-02
   9.5000000e+01   3.3087466e-02
   9.6000000e+01   3.3118144e-02
   9.7000000e+01   3.3149574e-02
   9.8000000e+01   3.3181746e-02
   9.9000000e+01   3.3214655e-02
   1.0000000e+02   3.3248294e-02
   1.0100000e+02   3.3284526e-02
   1.0200000e+02   3.3321951e-02
   1.0300000e+02   3.3360437e-02
   1.0400000e+02   3.3399984e-02
   1.0500000e+02   3.3440575e-02
   1.0600000e+02   3.3482216e-02
   1.0700000e+02   3.3524882e-02
   1.0800000e+02   3.3568580e-02
   1.0900000e+02   3.3613294e-02
   1.1000000e+02   3.3659019e-02
   1.1100000e+02   3.3705745e-02
   1.1200000e+02   3.3753462e-02
   1.1300000e+02   3.3802174e-02
   1.1400000e+02   3.3851858e-02
   1.1500000e+02   3.3902515e-02
   1.1600000e+02   3.3954140e-02
   1.1700000e+02   3.4006719e-02
   1.1800000e+02   3.4060247e-02
   1.1900000e+02   3.4114715e-02
   1.2000000e+02   3.4170121e-02
   1.2100000e+02   3.4197673e-02
   1.2200000e+02   3.4225155e-02
   1.2300000e+02   3.4252550e-02
   1.2400000e+02   3.4279868e-02
   1.2500000e+02   3.4307100e-02
   1.2600000e+02   3.4334246e-02
   1.2700000e+02   3.4361307e-02
   1.2800000e+02   3.4388278e-02
   1.2900000e+02   3.4415152e-02
   1.3000000e+02   3.4441937e-02
   1.3100000e+02   3.4468610e-02
   1.3200000e+02   3.4495171e-02
   1.3300000e+02   3.4521636e-02
   1.3400000e+02   3.4547996e-02
   1.3500000e+02   3.4574255e-02
   1.3600000e+02   3.4600414e-02
   1.3700000e+02   3.4626465e-02
   1.3800000e+02   3.4652408e-02
   1.3900000e+02   3.4678251e-02
   1.4000000e+02   3.4703985e-02
   1.4100000e+02   3.4729652e-02
   1.4200000e+02   3.4755267e-02
   1.4300000e+02   3.4780752e-02
   1.4400000e+02   3.4806099e-02
   1.4500000e+02   3.4831312e-02
   1.4600000e+02   3.4856386e-02
   1.4700000e+02   3.4881324e-02
   1.4800000e+02   3.4906119e-02
   1.4900000e+02   3.4930769e-02
   1.5000000e+02   3.4955282e-02
   1.5100000e+02   3.4955371e-02
   1.5200000e+02   3.4955561e-02
   1.5300000e+02   3.4955848e-02
   1.5400000e+02   3.4956235e-02
   1.5500000e+02   3.4956716e-02
   1.5600000e+02   3.4957297e-02
   1.5700000e+02   3.4957975e-02
   1.5800000e+02   3.4958750e-02
   1.5900000e+02   3.4959618e-02
   1.6000000e+02   3.4960583e-02
   1.6100000e+02   3.4961645e-02
   1.6200000e+02   3.4962799e-02
   1.6300000e+02   3.4964051e-02
   1.6400000e+02   3.4965392e-02
   1.6500000e+02   3.4966830e-02
   1.6600000e+02   3.4968365e-02
   1.6700000e+02   3.4969993e-02
   1.6800000e+02   3.4971710e-02
   1.6900000e+02   3.4973521e-02
   1.7000000e+02   3.4975428e-02
   1.7100000e+02   3.4977421e-02
   1.7200000e+02   3.4979507e-02
   1.7300000e+02   3.4981683e-02
   1.7400000e+02   3.4983952e-02
   1.7500000e+02   3.4986310e-02
   1.7600000e+02   3.4988102e-02
   1.7700000e+02   3.4989420e-02
   1.7800000e+02   3.4990739e-02
   1.7900000e+02   3.4992039e-02
   1.8000000e+02   3.4993336e-02
   1.8100000e+02   3.4981739e-02
   1.8200000e+02   3.4970179e-02
   1.8300000e+02   3.4958661e-02
   1.8400000e+02   3.4947183e-02
   1.8500000e+02   3.4935750e-02
   1.8600000e+02   3.4924362e-02
   1.8700000e+02   3.4913018e-02
   1.8800000e+02   3.4901727e-02
   1.8900000e+02   3.4890484e-02
   1.9000000e+02   3.4879301e-02
   1.9100000e+02   3.4868166e-02
   1.9200000e+02   3.4857091e-02
   1.9300000e+02   3.4846082e-02
   1.9400000e+02   3.4835164e-02
   1.9500000e+02   3.4824297e-02
   1.9600000e+02   3.4813486e-02
   1.9700000e+02   3.4802735e-02
   1.9800000e+02   3.4792043e-02
   1.9900000e+02   3.4781408e-02
   2.0000000e+02   3.4770843e-02
   2.0100000e+02   3.4760341e-02
   2.0200000e+02   3.4749910e-02
   2.0300000e+02   3.4739543e-02
   2.0400000e+02   3.4729254e-02
   2.0500000e+02   3.4719028e-02
   2.0600000e+02   3.4708880e-02
   2.0700000e+02   3.4698807e-02
   2.0800000e+02   3.4688812e-02
   2.0900000e+02   3.4678891e-02
   2.1000000e+02   3.4669057e-02
   2.1100000e+02   3.4625135e-02
   2.1200000e+02   3.4581348e-02
   2.1300000e+02   3.4537695e-02
   2.1400000e+02   3.4494169e-02
   2.1500000e+02   3.4450777e-02
   2.1600000e+02   3.4407593e-02
   2.1700000e+02   3.4364566e-02
   2.1800000e+02   3.4321696e-02
   2.1900000e+02   3.4278989e-02
   2.2000000e+02   3.4236435e-02
   2.2100000e+02   3.4194041e-02
   2.2200000e+02   3.4151804e-02
   2.2300000e+02   3.4109730e-02
   2.2400000e+02   3.4067813e-02
   2.2500000e+02   3.4026053e-02
   2.2600000e+02   3.3984452e-02
   2.2700000e+02   3.3943009e-02
   2.2800000e+02   3.3901729e-02
   2.2900000e+02   3.3860605e-02
   2.3000000e+02   3.3819638e-02
   2.3100000e+02   3.3778835e-02
   2.3200000e+02   3.3738188e-02
   2.3300000e+02   3.3697698e-02
   2.3400000e+02   3.3657372e-02
   2.3500000e+02   3.3617198e-02
   2.3600000e+02   3.3577189e-02
   2.3700000e+02   3.3537336e-02
   2.3800000e+02   3.3497639e-02
   2.3900000e+02   3.3458102e-02
   2.4000000e+02   3.3418722e-02
   2.4100000e+02   3.3333294e-02
   2.4200000e+02   3.3247441e-02
   2.4300000e+02   3.3161182e-02
   2.4400000e+02   3.3074509e-02
   2.4500000e+02   3.2987431e-02
   2.4600000e+02   3.2899946e-02
   2.4700000e+02   3.2812059e-02
   2.4800000e+02   3.2723773e-02
   2.4900000e+02   3.2635089e-02
   2.5000000e+02   3.2546010e-02
   2.5100000e+02   3.2456536e-02
   2.5200000e+02   3.2366935e-02
   2.5300000e+02   3.2278195e-02
   2.5400000e+02   3.2189298e-02
   2.5500000e+02   3.2100242e-02
   2.5600000e+02   3.2011021e-02
   2.5700000e+02   3.1921640e-02
   2.5800000e+02   3.1832103e-02
   2.5900000e+02   3.1742405e-02
   2.6000000e+02   3.1652555e-02
   2.6100000e+02   3.1562548e-02
   2.6200000e+02   3.1472385e-02
   2.6300000e+02   3.1382069e-02
   2.6400000e+02   3.1291600e-02
   2.6500000e+02   3.1200979e-02
   2.6600000e+02   3.1110207e-02
   2.6700000e+02   3.1019285e-02
   2.6800000e+02   3.0928215e-02
   2.6900000e+02   3.0836996e-02
   2.7000000e+02   3.0745627e-02
   2.7100000e+02   3.0643608e-02
   2.7200000e+02   3.0541787e-02
   2.7300000e+02   3.0440161e-02
   2.7400000e+02   3.0338731e-02
   2.7500000e+02   3.0237492e-02
   2.7600000e+02   3.0136449e-02
   2.7700000e+02   3.0035596e-02
   2.7800000e+02   2.9934935e-02
   2.7900000e+02   2.9834462e-02
   2.8000000e+02   2.9734181e-02
   2.8100000e+02   2.9634086e-02
   2.8200000e+02   2.9534178e-02
   2.8300000e+02   2.9434457e-02
   2.8400000e+02   2.9334921e-02
   2.8500000e+02   2.9235570e-02
   2.8600000e+02   2.9136403e-02
   2.8700000e+02   2.9037418e-02
   2.8800000e+02   2.8938614e-02
   2.8900000e+02   2.8839990e-02
   2.9000000e+02   2.8741546e-02
   2.9100000e+02   2.8643282e-02
   2.9200000e+02   2.8545195e-02
   2.9300000e+02   2.8447285e-02
   2.9400000e+02   2.8349554e-02
   2.9500000e+02   2.8251994e-02
   2.9600000e+02   2.8154610e-02
   2.9700000e+02   2.8057400e-02
   2.9800000e+02   2.7960362e-02
   2.9900000e+02   2.7863497e-02
   3.0000000e+02   2.7766801e-02
   3.0100000e+02   2.7642881e-02
   3.0200000e+02   2.7519111e-02
   3.0300000e+02   2.7395485e-02
   3.0400000e+02   2.7272008e-02
   3.0500000e+02   2.7148677e-02
   3.0600000e+02   2.7025493e-02
   3.0700000e+02   2.6902456e-02
   3.0800000e+02   2.6779562e-02
   3.0900000e+02   2.6656814e-02
   3.1000000e+02   2.6534211e-02
   3.1100000e+02   2.6411748e-02
   3.1200000e+02   2.6289430e-02
   3.1300000e+02   2.6167253e-02
   3.1400000e+02   2.6045218e-02
   3.1500000e+02   2.5923321e-02
   3.1600000e+02   2.5801564e-02
   3.1700000e+02   2.5679946e-02
   3.1800000e+02   2.5558468e-02
   3.1900000e+02   2.5437128e-02
   3.2000000e+02   2.5315924e-02
   3.2100000e+02   2.5194855e-02
   3.2200000e+02   2.5073923e-02
   3.2300000e+02   2.4953125e-02
   3.2400000e+02   2.4832463e-02
   3.2500000e+02   2.4711933e-02
   3.2600000e+02   2.4591537e-02
   3.2700000e+02   2.4471276e-02
   3.2800000e+02   2.4351142e-02
   3.2900000e+02   2.4231143e-02
   3.3000000e+02   2.4111275e-02
   3.3100000e+02   2.4066517e-02
   3.3200000e+02   2.4021760e-02
   3.3300000e+02   2.3977000e-02
   3.3400000e+02   2.3932237e-02
   3.3500000e+02   2.3887472e-02
   3.3600000e+02   2.3842704e-02
   3.3700000e+02   2.3797933e-02
   3.3800000e+02   2.3753161e-02
   3.3900000e+02   2.3708386e-02
   3.4000000e+02   2.3663608e-02
   3.4100000e+02   2.3618827e-02
   3.4200000e+02   2.3574045e-02
   3.4300000e+02   2.3529258e-02
   3.4400000e+02   2.3484472e-02
   3.4500000e+02   2.3439681e-02
   3.4600000e+02   2.3394888e-02
   3.4700000e+02   2.3350092e-02
   3.4800000e+02   2.3305297e-02
   3.4900000e+02   2.3260497e-02
   3.5000000e+02   2.3215692e-02
   3.5100000e+02   2.3170888e-02
   3.5200000e+02   2.3126081e-02
   3.5300000e+02   2.3081273e-02
   3.5400000e+02   2.3036461e-02
   3.5500000e+02   2.2991646e-02
   3.5600000e+02   2.2946829e-02
   3.5700000e+02   2.2902010e-02
   3.5800000e+02   2.2857189e-02
   3.5900000e+02   2.2812365e-02
   2.6219766e-08   2.2767540e-02
