   0.0000000e+00   1.0659187e+02
   1.0000000e+00   7.3843681e+01
   2.0000000e+00   7.3949120e+01
   3.0000000e+00   7.4039093e+01
   4.0000000e+00   7.4112038e+01
   5.0000000e+00   7.4168190e+01
   6.0000000e+00   7.4207787e+01
   7.0000000e+00   7.4231071e+01
   8.0000000e+00   7.4238251e+01
   9.0000000e+00   7.4229576e+01
   1.0000000e+01   7.4205246e+01
   1.1000000e+01   7.4165489e+01
   1.2000000e+01   7.4110504e+01
   1.3000000e+01   7.4040520e+01
   1.4000000e+01   7.3955719e+01
   1.5000000e+01   7.3856316e+01
   1.6000000e+01   7.3742508e+01
   1.7000000e+01   7.3614525e+01
   1.8000000e+01   7.3472542e+01
   1.9000000e+01   7.3316772e+01
   2.0000000e+01   7.3147408e+01
   2.1000000e+01   7.2964668e+01
   2.2000000e+01   7.2768753e+01
   2.3000000e+01   7.2559853e+01
   2.4000000e+01   7.2338203e+01
   2.5000000e+01   7.2103981e+01
   2.6000000e+01   7.1857437e+01
   2.7000000e+01   7.1598755e+01
   2.8000000e+01   7.1328171e+01
   2.9000000e+01   7.1045914e+01
   3.0000000e+01   7.0752205e+01
   3.1000000e+01   7.0948898e+01
   3.2000000e+01   7.1211746e+01
   3.3000000e+01   7.1554039e+01
   3.4000000e+01   7.1999802e+01
   3.5000000e+01   7.2606110e+01
   3.6000000e+01   7.3532776e+01
   3.7000000e+01   7.3278076e+01
   3.8000000e+01   7.3204056e+01
   3.9000000e+01   7.3132935e+01
   4.0000000e+01   7.3043983e+01
   4.1000000e+01   7.2931534e+01
   4.2000000e+01   7.2793999e+01
   4.3000000e+01   7.2631248e+01
   4.4000000e+01   7.2443771e+01
   4.5000000e+01   7.2232300e+01
   4.6000000e+01   7.1995064e+01
   4.7000000e+01   7.1735252e+01
   4.8000000e+01   7.1454018e+01
   4.9000000e+01   7.1152214e+01
   5.0000000e+01   7.0830681e+01
   5.1000000e+01   7.0490234e+01
   5.2000000e+01   7.0131653e+01
   5.3000000e+01   6.9755707e+01
   5.4000000e+01   6.9363136e+01
   5.5000000e+01   6.8954659e+01
   5.6000000e+01   6.8530983e+01
   5.7000000e+01   6.8092781e+01
   5.8000000e+01   6.7640724e+01
   5.9000000e+01   6.7175476e+01
   6.0000000e+01   6.6697701e+01
   6.1000000e+01   6.5807999e+01
   6.2000000e+01   6.4982033e+01
   6.3000000e+01   6.4217255e+01
   6.4000000e+01   6.3511448e+01
   6.5000000e+01   6.2862686e+01
   6.6000000e+01   6.2269352e+01
   6.7000000e+01   6.1730148e+01
   6.8000000e+01   6.1244114e+01
   6.9000000e+01   6.0810650e+01
   7.0000000e+01   6.0429535e+01
   7.1000000e+01   6.0100857e+01
   7.2000000e+01   5.9824516e+01
   7.3000000e+01   5.9602928e+01
   7.4000000e+01   5.9439716e+01
   7.5000000e+01   5.9339458e+01
   7.6000000e+01   5.9304089e+01
   7.7000000e+01   5.9339531e+01
   7.8000000e+01   5.9454174e+01
   7.9000000e+01   5.9660175e+01
   8.0000000e+01   5.9975872e+01
   8.1000000e+01   6.0430969e+01
   8.2000000e+01   6.1079693e+01
   8.3000000e+01   6.2045601e+01
   8.4000000e+01   6.3852268e+01
   8.5000000e+01   6.2740116e+01
   8.6000000e+01   6.1257992e+01
   8.7000000e+01   6.0111778e+01
   8.8000000e+01   5.9111252e+01
   8.9000000e+01   5.8188896e+01
   9.0000000e+01   5.7318146e+01
   9.1000000e+01   5.5927849e+01
   9.2000000e+01   5.4694599e+01
   9.3000000e+01   5.3595776e+01
   9.4000000e+01   5.2614578e+01
   9.5000000e+01   5.1738205e+01
   9.6000000e+01   5.0956799e+01
   9.7000000e+01   5.0262867e+01
   9.8000000e+01   4.9650826e+01
   9.9000000e+01   4.9116825e+01
   1.0000000e+02   4.8658714e+01
   1.0100000e+02   4.8276211e+01
   1.0200000e+02   4.7972427e+01
   1.0300000e+02   4.7752945e+01
   1.0400000e+02   4.7628490e+01
   1.0500000e+02   4.7621555e+01
   1.0600000e+02   4.7786446e+01
   1.0700000e+02   4.8347805e+01
   1.0800000e+02   4.7688194e+01
   1.0900000e+02   4.6724247e+01
   1.1000000e+02   4.5938526e+01
   1.1100000e+02   4.5234207e+01
   1.1200000e+02   4.4580677e+01
   1.1300000e+02   4.3963821e+01
   1.1400000e+02   4.3375839e+01
   1.1500000e+02   4.2811878e+01
   1.1600000e+02   4.2268707e+01
   1.1700000e+02   4.1744007e+01
   1.1800000e+02   4.1234623e+01
   1.1900000e+02   4.0740604e+01
   1.2000000e+02   4.0261044e+01
   1.2100000e+02   3.9767696e+01
   1.2200000e+02   3.9290298e+01
   1.2300000e+02   3.8828804e+01
   1.2400000e+02   3.8382919e+01
   1.2500000e+02   3.7952049e+01
   1.2600000e+02   3.7535595e+01
   1.2700000e+02   3.7132915e+01
   1.2800000e+02   3.6743389e+01
   1.2900000e+02   3.6366478e+01
   1.3000000e+02   3.6001686e+01
   1.3100000e+02   3.5648521e+01
   1.3200000e+02   3.5306530e+01
   1.3300000e+02   3.4975285e+01
   1.3400000e+02   3.4654385e+01
   1.3500000e+02   3.4343304e+01
   1.3600000e+02   3.4041737e+01
   1.3700000e+02   3.3749474e+01
   1.3800000e+02   3.3466190e+01
   1.3900000e+02   3.3191578e+01
   1.4000000e+02   3.2925354e+01
   1.4100000e+02   3.2667240e+01
   1.4200000e+02   3.2417362e+01
   1.4300000e+02   3.2175419e+01
   1.4400000e+02   3.1940863e+01
   1.4500000e+02   3.1713514e+01
   1.4600000e+02   3.1493128e+01
   1.4700000e+02   3.1279507e+01
   1.4800000e+02   3.1072466e+01
   1.4900000e+02   3.0871824e+01
   1.5000000e+02   3.0677420e+01
   1.5100000e+02   3.0443945e+01
   1.5200000e+02   3.0220634e+01
   1.5300000e+02   3.0007042e+01
   1.5400000e+02   2.9802761e+01
   1.5500000e+02   2.9607418e+01
   1.5600000e+02   2.9420738e+01
   1.5700000e+02   2.9242331e+01
   1.5800000e+02   2.9071886e+01
   1.5900000e+02   2.8909113e+01
   1.6000000e+02   2.8753744e+01
   1.6100000e+02   2.8605526e+01
   1.6200000e+02   2.8464220e+01
   1.6300000e+02   2.8329809e+01
   1.6400000e+02   2.8201992e+01
   1.6500000e+02   2.8080404e+01
   1.6600000e+02   2.7964870e+01
   1.6700000e+02   2.7855217e+01
   1.6800000e+02   2.7751299e+01
   1.6900000e+02   2.7652958e+01
   1.7000000e+02   2.7560047e+01
   1.7100000e+02   2.7472437e+01
   1.7200000e+02   2.7390005e+01
   1.7300000e+02   2.7312630e+01
   1.7400000e+02   2.7240202e+01
   1.7500000e+02   2.7172617e+01
   1.7600000e+02   2.7109779e+01
   1.7700000e+02   2.7051590e+01
   1.7800000e+02   2.6997969e+01
   1.7900000e+02   2.6948824e+01
   1.8000000e+02   2.6904085e+01
   1.8100000e+02   2.6881456e+01
   1.8200000e+02   2.6863604e+01
   1.8300000e+02   2.6850224e+01
   1.8400000e+02   2.6841236e+01
   1.8500000e+02   2.6836584e+01
   1.8600000e+02   2.6836208e+01
   1.8700000e+02   2.6840065e+01
   1.8800000e+02   2.6848099e+01
   1.8900000e+02   2.6860268e+01
   1.9000000e+02   2.6876528e+01
   1.9100000e+02   2.6896839e+01
   1.9200000e+02   2.6921169e+01
   1.9300000e+02   2.6949478e+01
   1.9400000e+02   2.6981739e+01
   1.9500000e+02   2.7017921e+01
   1.9600000e+02   2.7057997e+01
   1.9700000e+02   2.7101942e+01
   1.9800000e+02   2.7149738e+01
   1.9900000e+02   2.7201361e+01
   2.0000000e+02   2.7256794e+01
   2.0100000e+02   2.7316019e+01
   2.0200000e+02   2.7379026e+01
   2.0300000e+02   2.7445799e+01
   2.0400000e+02   2.7516331e+01
   2.0500000e+02   2.7590612e+01
   2.0600000e+02   2.7668631e+01
   2.0700000e+02   2.7750385e+01
   2.0800000e+02   2.7835871e+01
   2.0900000e+02   2.7925081e+01
   2.1000000e+02   2.8018017e+01
   2.1100000e+02   2.8140341e+01
   2.1200000e+02   2.8266483e+01
   2.1300000e+02   2.8396465e+01
   2.1400000e+02   2.8530306e+01
   2.1500000e+02   2.8668026e+01
   2.1600000e+02   2.8809645e+01
   2.1700000e+02   2.8955187e+01
   2.1800000e+02   2.9104671e+01
   2.1900000e+02   2.9258127e+01
   2.2000000e+02   2.9415573e+01
   2.2100000e+02   2.9577038e+01
   2.2200000e+02   2.9742546e+01
   2.2300000e+02   2.9912121e+01
   2.2400000e+02   3.0085793e+01
   2.2500000e+02   3.0263597e+01
   2.2600000e+02   3.0445545e+01
   2.2700000e+02   3.0631670e+01
   2.2800000e+02   3.0821991e+01
   2.2900000e+02   3.1016542e+01
   2.3000000e+02   3.1215349e+01
   2.3100000e+02   3.1418436e+01
   2.3200000e+02   3.1625835e+01
   2.3300000e+02   3.1837570e+01
   2.3400000e+02   3.2053673e+01
   2.3500000e+02   3.2274162e+01
   2.3600000e+02   3.2499069e+01
   2.3700000e+02   3.2728416e+01
   2.3800000e+02   3.2962234e+01
   2.3900000e+02   3.3200546e+01
   2.4000000e+02   3.3443367e+01
   2.4100000e+02   3.3697109e+01
   2.4200000e+02   3.3955688e+01
   2.4300000e+02   3.4219131e+01
   2.4400000e+02   3.4487473e+01
   2.4500000e+02   3.4760750e+01
   2.4600000e+02   3.5038994e+01
   2.4700000e+02   3.5322235e+01
   2.4800000e+02   3.5610497e+01
   2.4900000e+02   3.5903812e+01
   2.5000000e+02   3.6202206e+01
   2.5100000e+02   3.6505695e+01
   2.5200000e+02   3.6814308e+01
   2.5300000e+02   3.7128052e+01
   2.5400000e+02   3.7446957e+01
   2.5500000e+02   3.7771023e+01
   2.5600000e+02   3.8100262e+01
   2.5700000e+02   3.8434685e+01
   2.5800000e+02   3.8774288e+01
   2.5900000e+02   3.9119080e+01
   2.6000000e+02   3.9469048e+01
   2.6100000e+02   3.9824181e+01
   2.6200000e+02   4.0184471e+01
   2.6300000e+02   4.0549900e+01
   2.6400000e+02   4.0920444e+01
   2.6500000e+02   4.1296078e+01
   2.6600000e+02   4.1676765e+01
   2.6700000e+02   4.2062473e+01
   2.6800000e+02   4.2453148e+01
   2.6900000e+02   4.2848751e+01
   2.7000000e+02   4.3249226e+01
   2.7100000e+02   4.3643295e+01
   2.7200000e+02   4.4042332e+01
   2.7300000e+02   4.4446274e+01
   2.7400000e+02   4.4855057e+01
   2.7500000e+02   4.5268616e+01
   2.7600000e+02   4.5686867e+01
   2.7700000e+02   4.6109726e+01
   2.7800000e+02   4.6537102e+01
   2.7900000e+02   4.6968891e+01
   2.8000000e+02   4.7404991e+01
   2.8100000e+02   4.7845280e+01
   2.8200000e+02   4.8289639e+01
   2.8300000e+02   4.8737942e+01
   2.8400000e+02   4.9190044e+01
   2.8500000e+02   4.9645798e+01
   2.8600000e+02   5.0105045e+01
   2.8700000e+02   5.0567631e+01
   2.8800000e+02   5.1033367e+01
   2.8900000e+02   5.1502087e+01
   2.9000000e+02   5.1973595e+01
   2.9100000e+02   5.2447689e+01
   2.9200000e+02   5.2924175e+01
   2.9300000e+02   5.3402836e+01
   2.9400000e+02   5.3883450e+01
   2.9500000e+02   5.4365791e+01
   2.9600000e+02   5.4849621e+01
   2.9700000e+02   5.5334705e+01
   2.9800000e+02   5.5820789e+01
   2.9900000e+02   5.6307617e+01
   3.0000000e+02   5.6794930e+01
   3.0100000e+02   5.7236435e+01
   3.0200000e+02   5.7677944e+01
   3.0300000e+02   5.8119198e+01
   3.0400000e+02   5.8559948e+01
   3.0500000e+02   5.8999939e+01
   3.0600000e+02   5.9438911e+01
   3.0700000e+02   5.9876595e+01
   3.0800000e+02   6.0312729e+01
   3.0900000e+02   6.0747036e+01
   3.1000000e+02   6.1179253e+01
   3.1100000e+02   6.1609097e+01
   3.1200000e+02   6.2036293e+01
   3.1300000e+02   6.2460571e+01
   3.1400000e+02   6.2881653e+01
   3.1500000e+02   6.3299259e+01
   3.1600000e+02   6.3713108e+01
   3.1700000e+02   6.4122940e+01
   3.1800000e+02   6.4528458e+01
   3.1900000e+02   6.4929420e+01
   3.2000000e+02   6.5325523e+01
   3.2100000e+02   6.5716530e+01
   3.2200000e+02   6.6102158e+01
   3.2300000e+02   6.6482140e+01
   3.2400000e+02   6.6856239e+01
   3.2500000e+02   6.7224197e+01
   3.2600000e+02   6.7585754e+01
   3.2700000e+02   6.7940674e+01
   3.2800000e+02   6.8288727e+01
   3.2900000e+02   6.8629677e+01
   3.3000000e+02   6.8963287e+01
   3.3100000e+02   6.9202911e+01
   3.3200000e+02   6.9434868e+01
   3.3300000e+02   6.9658974e+01
   3.3400000e+02   6.9875015e+01
   3.3500000e+02   7.0082802e+01
   3.3600000e+02   7.0282150e+01
   3.3700000e+02   7.0472885e+01
   3.3800000e+02   7.0654823e+01
   3.3900000e+02   7.0827789e+01
   3.4000000e+02   7.0991623e+01
   3.4100000e+02   7.1146156e+01
   3.4200000e+02   7.1291252e+01
   3.4300000e+02   7.1426743e+01
   3.4400000e+02   7.1552490e+01
   3.4500000e+02   7.1668358e+01
   3.4600000e+02   7.1774231e+01
   3.4700000e+02   7.1869957e+01
   3.4800000e+02   7.1955437e+01
   3.4900000e+02   7.2030556e+01
   3.5000000e+02   7.2095215e+01
   3.5100000e+02   7.2149292e+01
   3.5200000e+02   7.2192726e+01
   3.5300000e+02   7.2225418e+01
   3.5400000e+02   7.2247292e+01
   3.5500000e+02   7.2258278e+01
   3.5600000e+02   7.2258301e+01
   3.5700000e+02   7.2247330e+01
   3.5800000e+02   7.2225296e+01
   3.5900000e+02   7.2192162e+01
   2.6219766e-08   7.2147888e+01
