   0.0000000e+00   1.4898004e-18
   1.0000000e+00   1.8200726e-03
   2.0000000e+00   3.0126856e-03
   3.0000000e+00   4.2395447e-03
   4.0000000e+00   5.5029192e-03
   5.0000000e+00   6.8022413e-03
   6.0000000e+00   8.1369402e-03
   7.0000000e+00   9.5064566e-03
   8.0000000e+00   1.0910238e-02
   9.0000000e+00   1.2347746e-02
   1.0000000e+01   1.3818445e-02
   1.1000000e+01   1.5321812e-02
   1.2000000e+01   1.6857330e-02
   1.3000000e+01   1.8424492e-02
   1.4000000e+01   2.0022806e-02
   1.5000000e+01   2.1651784e-02
   1.6000000e+01   2.3310948e-02
   1.7000000e+01   2.4999820e-02
   1.8000000e+01   2.6717929e-02
   1.9000000e+01   2.8464817e-02
   2.0000000e+01   3.0240027e-02
   2.1000000e+01   3.2043118e-02
   2.2000000e+01   3.3873655e-02
   2.3000000e+01   3.5731200e-02
   2.4000000e+01   3.7615336e-02
   2.5000000e+01   3.9525639e-02
   2.6000000e+01   4.1461695e-02
   2.7000000e+01   4.3423101e-02
   2.8000000e+01   4.5409460e-02
   2.9000000e+01   4.7420386e-02
   3.0000000e+01   4.9455490e-02
   3.1000000e+01   5.1910263e-02
   3.2000000e+01   5.4408386e-02
   3.3000000e+01   5.6949019e-02
   3.4000000e+01   5.9531342e-02
   3.5000000e+01   6.2154558e-02
   3.6000000e+01   6.4817883e-02
   3.7000000e+01   6.7520544e-02
   3.8000000e+01   7.0261784e-02
   3.9000000e+01   7.3040880e-02
   4.0000000e+01   7.5857088e-02
   4.1000000e+01   7.8709714e-02
   4.2000000e+01   8.1598058e-02
   4.3000000e+01   8.4521450e-02
   4.4000000e+01   8.7479211e-02
   4.5000000e+01   9.0470709e-02
   4.6000000e+01   9.3495294e-02
   4.7000000e+01   9.6552305e-02
   4.8000000e+01   9.9641092e-02
   4.9000000e+01   1.0276107e-01
   5.0000000e+01   1.0591164e-01
   5.1000000e+01   1.0909221e-01
   5.2000000e+01   1.1230222e-01
   5.3000000e+01   1.1554112e-01
   5.4000000e+01   1.1880834e-01
   5.5000000e+01   1.2210335e-01
   5.6000000e+01   1.2542562e-01
   5.7000000e+01   1.2877464e-01
   5.8000000e+01   1.3214992e-01
   5.9000000e+01   1.3555092e-01
   6.0000000e+01   1.3897718e-01
   6.1000000e+01   1.4218016e-01
   6.2000000e+01   1.4539783e-01
   6.3000000e+01   1.4862971e-01
   6.4000000e+01   1.5187539e-01
   6.5000000e+01   1.5513444e-01
   6.6000000e+01   1.5840642e-01
   6.7000000e+01   1.6169094e-01
   6.8000000e+01   1.6498758e-01
   6.9000000e+01   1.6829596e-01
   7.0000000e+01   1.7161573e-01
   7.1000000e+01   1.7494650e-01
   7.2000000e+01   1.7828792e-01
   7.3000000e+01   1.8163960e-01
   7.4000000e+01   1.8500122e-01
   7.5000000e+01   1.8837242e-01
   7.6000000e+01   1.9175284e-01
   7.7000000e+01   1.9514215e-01
   7.8000000e+01   1.9854008e-01
   7.9000000e+01   2.0194630e-01
   8.0000000e+01   2.0536053e-01
   8.1000000e+01   2.0878249e-01
   8.2000000e+01   2.1221192e-01
   8.3000000e+01   2.1564850e-01
   8.4000000e+01   2.1909206e-01
   8.5000000e+01   2.2254229e-01
   8.6000000e+01   2.2599894e-01
   8.7000000e+01   2.2946177e-01
   8.8000000e+01   2.3293059e-01
   8.9000000e+01   2.3640512e-01
   9.0000000e+01   2.3988508e-01
   9.1000000e+01   2.4237783e-01
   9.2000000e+01   2.4486549e-01
   9.3000000e+01   2.4734807e-01
   9.4000000e+01   2.4982564e-01
   9.5000000e+01   2.5229821e-01
   9.6000000e+01   2.5476581e-01
   9.7000000e+01   2.5722849e-01
   9.8000000e+01   2.5968632e-01
   9.9000000e+01   2.6213926e-01
   1.0000000e+02   2.6458740e-01
   1.0100000e+02   2.6703081e-01
   1.0200000e+02   2.6946947e-01
   1.0300000e+02   2.7190343e-01
   1.0400000e+02   2.7433270e-01
   1.0500000e+02   2.7675733e-01
   1.0600000e+02   2.7917734e-01
   1.0700000e+02   2.8159270e-01
   1.0800000e+02   2.8400347e-01
   1.0900000e+02   2.8640971e-01
   1.1000000e+02   2.8881142e-01
   1.1100000e+02   2.9120871e-01
   1.1200000e+02   2.9360160e-01
   1.1300000e+02   2.9599014e-01
   1.1400000e+02   2.9837433e-01
   1.1500000e+02   3.0075425e-01
   1.1600000e+02   3.0312991e-01
   1.1700000e+02   3.0550134e-01
   1.1800000e+02   3.0786866e-01
   1.1900000e+02   3.1023180e-01
   1.2000000e+02   3.1259084e-01
   1.2100000e+02   3.1399816e-01
   1.2200000e+02   3.1539717e-01
   1.2300000e+02   3.1678799e-01
   1.2400000e+02   3.1817073e-01
   1.2500000e+02   3.1954560e-01
   1.2600000e+02   3.2091320e-01
   1.2700000e+02   3.2227421e-01
   1.2800000e+02   3.2362875e-01
   1.2900000e+02   3.2497695e-01
   1.3000000e+02   3.2631892e-01
   1.3100000e+02   3.2765478e-01
   1.3200000e+02   3.2898465e-01
   1.3300000e+02   3.3030868e-01
   1.3400000e+02   3.3162695e-01
   1.3500000e+02   3.3293959e-01
   1.3600000e+02   3.3424672e-01
   1.3700000e+02   3.3554840e-01
   1.3800000e+02   3.3684480e-01
   1.3900000e+02   3.3813593e-01
   1.4000000e+02   3.3942199e-01
   1.4100000e+02   3.4070301e-01
   1.4200000e+02   3.4197915e-01
   1.4300000e+02   3.4325045e-01
   1.4400000e+02   3.4451708e-01
   1.4500000e+02   3.4577915e-01
   1.4600000e+02   3.4703675e-01
   1.4700000e+02   3.4828994e-01
   1.4800000e+02   3.4953886e-01
   1.4900000e+02   3.5078365e-01
   1.5000000e+02   3.5202432e-01
   1.5100000e+02   3.5208645e-01
   1.5200000e+02   3.5213587e-01
   1.5300000e+02   3.5217264e-01
   1.5400000e+02   3.5219690e-01
   1.5500000e+02   3.5220882e-01
   1.5600000e+02   3.5220847e-01
   1.5700000e+02   3.5219598e-01
   1.5800000e+02   3.5217148e-01
   1.5900000e+02   3.5213515e-01
   1.6000000e+02   3.5208702e-01
   1.6100000e+02   3.5202721e-01
   1.6200000e+02   3.5195592e-01
   1.6300000e+02   3.5187322e-01
   1.6400000e+02   3.5177925e-01
   1.6500000e+02   3.5167411e-01
   1.6600000e+02   3.5155794e-01
   1.6700000e+02   3.5143086e-01
   1.6800000e+02   3.5129288e-01
   1.6900000e+02   3.5114422e-01
   1.7000000e+02   3.5098487e-01
   1.7100000e+02   3.5081503e-01
   1.7200000e+02   3.5063475e-01
   1.7300000e+02   3.5044408e-01
   1.7400000e+02   3.5024321e-01
   1.7500000e+02   3.5003215e-01
   1.7600000e+02   3.4981111e-01
   1.7700000e+02   3.4958008e-01
   1.7800000e+02   3.4933919e-01
   1.7900000e+02   3.4908861e-01
   1.8000000e+02   3.4882832e-01
   1.8100000e+02   3.4761733e-01
   1.8200000e+02   3.4639040e-01
   1.8300000e+02   3.4514770e-01
   1.8400000e+02   3.4388933e-01
   1.8500000e+02   3.4261543e-01
   1.8600000e+02   3.4132606e-01
   1.8700000e+02   3.4002137e-01
   1.8800000e+02   3.3870146e-01
   1.8900000e+02   3.3736646e-01
   1.9000000e+02   3.3601642e-01
   1.9100000e+02   3.3465153e-01
   1.9200000e+02   3.3327183e-01
   1.9300000e+02   3.3187747e-01
   1.9400000e+02   3.3046848e-01
   1.9500000e+02   3.2904506e-01
   1.9600000e+02   3.2760724e-01
   1.9700000e+02   3.2615525e-01
   1.9800000e+02   3.2468906e-01
   1.9900000e+02   3.2320881e-01
   2.0000000e+02   3.2171464e-01
   2.0100000e+02   3.2020661e-01
   2.0200000e+02   3.1868482e-01
   2.0300000e+02   3.1714934e-01
   2.0400000e+02   3.1560037e-01
   2.0500000e+02   3.1403789e-01
   2.0600000e+02   3.1246200e-01
   2.0700000e+02   3.1087285e-01
   2.0800000e+02   3.0927053e-01
   2.0900000e+02   3.0765504e-01
   2.1000000e+02   3.0602655e-01
   2.1100000e+02   3.0429232e-01
   2.1200000e+02   3.0254507e-01
   2.1300000e+02   3.0078498e-01
   2.1400000e+02   2.9901212e-01
   2.1500000e+02   2.9722655e-01
   2.1600000e+02   2.9542843e-01
   2.1700000e+02   2.9361781e-01
   2.1800000e+02   2.9179481e-01
   2.1900000e+02   2.8995952e-01
   2.2000000e+02   2.8811204e-01
   2.2100000e+02   2.8625244e-01
   2.2200000e+02   2.8438085e-01
   2.2300000e+02   2.8249735e-01
   2.2400000e+02   2.8060201e-01
   2.2500000e+02   2.7869496e-01
   2.2600000e+02   2.7677625e-01
   2.2700000e+02   2.7484605e-01
   2.2800000e+02   2.7290437e-01
   2.2900000e+02   2.7095130e-01
   2.3000000e+02   2.6898697e-01
   2.3100000e+02   2.6701143e-01
   2.3200000e+02   2.6502478e-01
   2.3300000e+02   2.6302707e-01
   2.3400000e+02   2.6101846e-01
   2.3500000e+02   2.5899896e-01
   2.3600000e+02   2.5696865e-01
   2.3700000e+02   2.5492766e-01
   2.3800000e+02   2.5287601e-01
   2.3900000e+02   2.5081384e-01
   2.4000000e+02   2.4874119e-01
   2.4100000e+02   2.4715298e-01
   2.4200000e+02   2.4555621e-01
   2.4300000e+02   2.4395093e-01
   2.4400000e+02   2.4233721e-01
   2.4500000e+02   2.4071513e-01
   2.4600000e+02   2.3908477e-01
   2.4700000e+02   2.3744617e-01
   2.4800000e+02   2.3579943e-01
   2.4900000e+02   2.3414460e-01
   2.5000000e+02   2.3248176e-01
   2.5100000e+02   2.3081098e-01
   2.5200000e+02   2.2913229e-01
   2.5300000e+02   2.2744581e-01
   2.5400000e+02   2.2575156e-01
   2.5500000e+02   2.2404961e-01
   2.5600000e+02   2.2234005e-01
   2.5700000e+02   2.2062294e-01
   2.5800000e+02   2.1889831e-01
   2.5900000e+02   2.1716624e-01
   2.6000000e+02   2.1542682e-01
   2.6100000e+02   2.1368007e-01
   2.6200000e+02   2.1192607e-01
   2.6300000e+02   2.1016487e-01
   2.6400000e+02   2.0839654e-01
   2.6500000e+02   2.0662116e-01
   2.6600000e+02   2.0483874e-01
   2.6700000e+02   2.0304938e-01
   2.6800000e+02   2.0125313e-01
   2.6900000e+02   1.9945002e-01
   2.7000000e+02   1.9764014e-01
   2.7100000e+02   1.9650343e-01
   2.7200000e+02   1.9536148e-01
   2.7300000e+02   1.9421436e-01
   2.7400000e+02   1.9306208e-01
   2.7500000e+02   1.9190469e-01
   2.7600000e+02   1.9074225e-01
   2.7700000e+02   1.8957476e-01
   2.7800000e+02   1.8840231e-01
   2.7900000e+02   1.8722491e-01
   2.8000000e+02   1.8604262e-01
   2.8100000e+02   1.8485546e-01
   2.8200000e+02   1.8366347e-01
   2.8300000e+02   1.8246670e-01
   2.8400000e+02   1.8126518e-01
   2.8500000e+02   1.8005894e-01
   2.8600000e+02   1.7884804e-01
   2.8700000e+02   1.7763251e-01
   2.8800000e+02   1.7641236e-01
   2.8900000e+02   1.7518765e-01
   2.9000000e+02   1.7395841e-01
   2.9100000e+02   1.7272469e-01
   2.9200000e+02   1.7148650e-01
   2.9300000e+02   1.7024389e-01
   2.9400000e+02   1.6899687e-01
   2.9500000e+02   1.6774552e-01
   2.9600000e+02   1.6648984e-01
   2.9700000e+02   1.6522989e-01
   2.9800000e+02   1.6396567e-01
   2.9900000e+02   1.6269723e-01
   3.0000000e+02   1.6142459e-01
   3.0100000e+02   1.6110672e-01
   3.0200000e+02   1.6078661e-01
   3.0300000e+02   1.6046424e-01
   3.0400000e+02   1.6013965e-01
   3.0500000e+02   1.5981285e-01
   3.0600000e+02   1.5948385e-01
   3.0700000e+02   1.5915267e-01
   3.0800000e+02   1.5881932e-01
   3.0900000e+02   1.5848383e-01
   3.1000000e+02   1.5814620e-01
   3.1100000e+02   1.5780646e-01
   3.1200000e+02   1.5746459e-01
   3.1300000e+02   1.5712066e-01
   3.1400000e+02   1.5677464e-01
   3.1500000e+02   1.5642656e-01
   3.1600000e+02   1.5607643e-01
   3.1700000e+02   1.5572427e-01
   3.1800000e+02   1.5537010e-01
   3.1900000e+02   1.5501392e-01
   3.2000000e+02   1.5465574e-01
   3.2100000e+02   1.5429561e-01
   3.2200000e+02   1.5393351e-01
   3.2300000e+02   1.5356945e-01
   3.2400000e+02   1.5320346e-01
   3.2500000e+02   1.5283555e-01
   3.2600000e+02   1.5246575e-01
   3.2700000e+02   1.5209405e-01
   3.2800000e+02   1.5172046e-01
   3.2900000e+02   1.5134501e-01
   3.3000000e+02   1.5096770e-01
   3.3100000e+02   1.5198427e-01
   3.3200000e+02   1.5300156e-01
   3.3300000e+02   1.5401958e-01
   3.3400000e+02   1.5503830e-01
   3.3500000e+02   1.5605773e-01
   3.3600000e+02   1.5707786e-01
   3.3700000e+02   1.5809867e-01
   3.3800000e+02   1.5912016e-01
   3.3900000e+02   1.6014232e-01
   3.4000000e+02   1.6116513e-01
   3.4100000e+02   1.6218862e-01
   3.4200000e+02   1.6321275e-01
   3.4300000e+02   1.6423753e-01
   3.4400000e+02   1.6526294e-01
   3.4500000e+02   1.6628896e-01
   3.4600000e+02   1.6731562e-01
   3.4700000e+02   1.6834287e-01
   3.4800000e+02   1.6937074e-01
   3.4900000e+02   1.7039920e-01
   3.5000000e+02   1.7142826e-01
   3.5100000e+02   1.7245792e-01
   3.5200000e+02   1.7348816e-01
   3.5300000e+02   1.7451897e-01
   3.5400000e+02   1.7555036e-01
   3.5500000e+02   1.7658229e-01
   3.5600000e+02   1.7761479e-01
   3.5700000e+02   1.7864785e-01
   3.5800000e+02   1.7968144e-01
   3.5900000e+02   1.8071556e-01
   2.6219766e-08   1.8175022e-01
