   0.0000000e+00   1.0567518e+04
   1.0000000e+00   1.0638037e+04
   2.0000000e+00   1.0619527e+04
   3.0000000e+00   1.0601588e+04
   4.0000000e+00   1.0584253e+04
   5.0000000e+00   1.0567497e+04
   6.0000000e+00   1.0551300e+04
   7.0000000e+00   1.0535644e+04
   8.0000000e+00   1.0520514e+04
   9.0000000e+00   1.0505896e+04
   1.0000000e+01   1.0491785e+04
   1.1000000e+01   1.0478175e+04
   1.2000000e+01   1.0465059e+04
   1.3000000e+01   1.0452438e+04
   1.4000000e+01   1.0440315e+04
   1.5000000e+01   1.0428692e+04
   1.6000000e+01   1.0417573e+04
   1.7000000e+01   1.0406968e+04
   1.8000000e+01   1.0396885e+04
   1.9000000e+01   1.0387335e+04
   2.0000000e+01   1.0378329e+04
   2.1000000e+01   1.0369883e+04
   2.2000000e+01   1.0362013e+04
   2.3000000e+01   1.0354731e+04
   2.4000000e+01   1.0348060e+04
   2.5000000e+01   1.0342015e+04
   2.6000000e+01   1.0336617e+04
   2.7000000e+01   1.0331888e+04
   2.8000000e+01   1.0327846e+04
   2.9000000e+01   1.0324517e+04
   3.0000000e+01   1.0321919e+04
   3.1000000e+01   1.0283089e+04
   3.2000000e+01   1.0239958e+04
   3.3000000e+01   1.0191987e+04
   3.4000000e+01   1.0138157e+04
   3.5000000e+01   1.0075893e+04
   3.6000000e+01   9.9980479e+03
   3.7000000e+01   9.9832686e+03
   3.8000000e+01   9.9586514e+03
   3.9000000e+01   9.9335205e+03
   4.0000000e+01   9.9089854e+03
   4.1000000e+01   9.8853623e+03
   4.2000000e+01   9.8627568e+03
   4.3000000e+01   9.8412041e+03
   4.4000000e+01   9.8207129e+03
   4.5000000e+01   9.8012852e+03
   4.6000000e+01   9.7830615e+03
   4.7000000e+01   9.7659199e+03
   4.8000000e+01   9.7498477e+03
   4.9000000e+01   9.7348516e+03
   5.0000000e+01   9.7209414e+03
   5.1000000e+01   9.7081270e+03
   5.2000000e+01   9.6964238e+03
   5.3000000e+01   9.6858477e+03
   5.4000000e+01   9.6764150e+03
   5.5000000e+01   9.6681465e+03
   5.6000000e+01   9.6610605e+03
   5.7000000e+01   9.6551797e+03
   5.8000000e+01   9.6505244e+03
   5.9000000e+01   9.6471123e+03
   6.0000000e+01   9.6449658e+03
   6.1000000e+01   9.6760957e+03
   6.2000000e+01   9.7049209e+03
   6.3000000e+01   9.7310713e+03
   6.4000000e+01   9.7542090e+03
   6.5000000e+01   9.7740254e+03
   6.6000000e+01   9.7902354e+03
   6.7000000e+01   9.8025693e+03
   6.8000000e+01   9.8107715e+03
   6.9000000e+01   9.8145938e+03
   7.0000000e+01   9.8137891e+03
   7.1000000e+01   9.8081201e+03
   7.2000000e+01   9.7974102e+03
   7.3000000e+01   9.7812686e+03
   7.4000000e+01   9.7592285e+03
   7.5000000e+01   9.7307686e+03
   7.6000000e+01   9.6957002e+03
   7.7000000e+01   9.6535088e+03
   7.8000000e+01   9.6035244e+03
   7.9000000e+01   9.5448398e+03
   8.0000000e+01   9.4761563e+03
   8.1000000e+01   9.3954268e+03
   8.2000000e+01   9.2989844e+03
   8.3000000e+01   9.1785107e+03
   8.4000000e+01   8.9985938e+03
   8.5000000e+01   9.0477979e+03
   8.6000000e+01   9.1327656e+03
   8.7000000e+01   9.1957881e+03
   8.8000000e+01   9.2501143e+03
   8.9000000e+01   9.3006484e+03
   9.0000000e+01   9.3492705e+03
   9.1000000e+01   9.4693613e+03
   9.2000000e+01   9.5809766e+03
   9.3000000e+01   9.6841484e+03
   9.4000000e+01   9.7788262e+03
   9.5000000e+01   9.8649014e+03
   9.6000000e+01   9.9422168e+03
   9.7000000e+01   1.0010550e+04
   9.8000000e+01   1.0069625e+04
   9.9000000e+01   1.0119081e+04
   1.0000000e+02   1.0158444e+04
   1.0100000e+02   1.0187076e+04
   1.0200000e+02   1.0203914e+04
   1.0300000e+02   1.0207606e+04
   1.0400000e+02   1.0196108e+04
   1.0500000e+02   1.0165674e+04
   1.0600000e+02   1.0107865e+04
   1.0700000e+02   9.9889873e+03
   1.0800000e+02   1.0061213e+04
   1.0900000e+02   1.0186693e+04
   1.1000000e+02   1.0288366e+04
   1.1100000e+02   1.0380262e+04
   1.1200000e+02   1.0466724e+04
   1.1300000e+02   1.0549694e+04
   1.1400000e+02   1.0630205e+04
   1.1500000e+02   1.0708858e+04
   1.1600000e+02   1.0786029e+04
   1.1700000e+02   1.0861962e+04
   1.1800000e+02   1.0937131e+04
   1.1900000e+02   1.1011357e+04
   1.2000000e+02   1.1084681e+04
   1.2100000e+02   1.1178899e+04
   1.2200000e+02   1.1272234e+04
   1.2300000e+02   1.1364500e+04
   1.2400000e+02   1.1455566e+04
   1.2500000e+02   1.1545388e+04
   1.2600000e+02   1.1633920e+04
   1.2700000e+02   1.1721144e+04
   1.2800000e+02   1.1807051e+04
   1.2900000e+02   1.1891624e+04
   1.3000000e+02   1.1974844e+04
   1.3100000e+02   1.2056695e+04
   1.3200000e+02   1.2137166e+04
   1.3300000e+02   1.2216243e+04
   1.3400000e+02   1.2293914e+04
   1.3500000e+02   1.2370208e+04
   1.3600000e+02   1.2445102e+04
   1.3700000e+02   1.2518539e+04
   1.3800000e+02   1.2590512e+04
   1.3900000e+02   1.2661007e+04
   1.4000000e+02   1.2730014e+04
   1.4100000e+02   1.2797520e+04
   1.4200000e+02   1.2863379e+04
   1.4300000e+02   1.2927594e+04
   1.4400000e+02   1.2990263e+04
   1.4500000e+02   1.3051359e+04
   1.4600000e+02   1.3110889e+04
   1.4700000e+02   1.3168841e+04
   1.4800000e+02   1.3225205e+04
   1.4900000e+02   1.3279971e+04
   1.5000000e+02   1.3333127e+04
   1.5100000e+02   1.3427494e+04
   1.5200000e+02   1.3519467e+04
   1.5300000e+02   1.3609066e+04
   1.5400000e+02   1.3696313e+04
   1.5500000e+02   1.3781217e+04
   1.5600000e+02   1.3863764e+04
   1.5700000e+02   1.3943991e+04
   1.5800000e+02   1.4021917e+04
   1.5900000e+02   1.4097553e+04
   1.6000000e+02   1.4170915e+04
   1.6100000e+02   1.4242015e+04
   1.6200000e+02   1.4310864e+04
   1.6300000e+02   1.4377377e+04
   1.6400000e+02   1.4441609e+04
   1.6500000e+02   1.4503649e+04
   1.6600000e+02   1.4563509e+04
   1.6700000e+02   1.4621196e+04
   1.6800000e+02   1.4676716e+04
   1.6900000e+02   1.4730081e+04
   1.7000000e+02   1.4781305e+04
   1.7100000e+02   1.4830395e+04
   1.7200000e+02   1.4877360e+04
   1.7300000e+02   1.4922211e+04
   1.7400000e+02   1.4964956e+04
   1.7500000e+02   1.5005606e+04
   1.7600000e+02   1.5044169e+04
   1.7700000e+02   1.5080655e+04
   1.7800000e+02   1.5115074e+04
   1.7900000e+02   1.5147438e+04
   1.8000000e+02   1.5177754e+04
   1.8100000e+02   1.5218284e+04
   1.8200000e+02   1.5256636e+04
   1.8300000e+02   1.5292944e+04
   1.8400000e+02   1.5327230e+04
   1.8500000e+02   1.5359507e+04
   1.8600000e+02   1.5389785e+04
   1.8700000e+02   1.5418073e+04
   1.8800000e+02   1.5444388e+04
   1.8900000e+02   1.5468739e+04
   1.9000000e+02   1.5491143e+04
   1.9100000e+02   1.5511611e+04
   1.9200000e+02   1.5530159e+04
   1.9300000e+02   1.5546802e+04
   1.9400000e+02   1.5561553e+04
   1.9500000e+02   1.5574430e+04
   1.9600000e+02   1.5585447e+04
   1.9700000e+02   1.5594622e+04
   1.9800000e+02   1.5601974e+04
   1.9900000e+02   1.5607518e+04
   2.0000000e+02   1.5611272e+04
   2.0100000e+02   1.5613256e+04
   2.0200000e+02   1.5613488e+04
   2.0300000e+02   1.5611988e+04
   2.0400000e+02   1.5608774e+04
   2.0500000e+02   1.5603870e+04
   2.0600000e+02   1.5597294e+04
   2.0700000e+02   1.5589069e+04
   2.0800000e+02   1.5579218e+04
   2.0900000e+02   1.5567760e+04
   2.1000000e+02   1.5554722e+04
   2.1100000e+02   1.5528621e+04
   2.1200000e+02   1.5501092e+04
   2.1300000e+02   1.5472158e+04
   2.1400000e+02   1.5441843e+04
   2.1500000e+02   1.5410171e+04
   2.1600000e+02   1.5377168e+04
   2.1700000e+02   1.5342859e+04
   2.1800000e+02   1.5307271e+04
   2.1900000e+02   1.5270431e+04
   2.2000000e+02   1.5232364e+04
   2.2100000e+02   1.5193100e+04
   2.2200000e+02   1.5152665e+04
   2.2300000e+02   1.5111090e+04
   2.2400000e+02   1.5068399e+04
   2.2500000e+02   1.5024622e+04
   2.2600000e+02   1.4979792e+04
   2.2700000e+02   1.4933940e+04
   2.2800000e+02   1.4887098e+04
   2.2900000e+02   1.4839294e+04
   2.3000000e+02   1.4790563e+04
   2.3100000e+02   1.4740936e+04
   2.3200000e+02   1.4690443e+04
   2.3300000e+02   1.4639121e+04
   2.3400000e+02   1.4586999e+04
   2.3500000e+02   1.4534114e+04
   2.3600000e+02   1.4480497e+04
   2.3700000e+02   1.4426184e+04
   2.3800000e+02   1.4371208e+04
   2.3900000e+02   1.4315604e+04
   2.4000000e+02   1.4259408e+04
   2.4100000e+02   1.4190860e+04
   2.4200000e+02   1.4121853e+04
   2.4300000e+02   1.4052422e+04
   2.4400000e+02   1.3982601e+04
   2.4500000e+02   1.3912428e+04
   2.4600000e+02   1.3841938e+04
   2.4700000e+02   1.3771170e+04
   2.4800000e+02   1.3700158e+04
   2.4900000e+02   1.3628940e+04
   2.5000000e+02   1.3557554e+04
   2.5100000e+02   1.3486036e+04
   2.5200000e+02   1.3414425e+04
   2.5300000e+02   1.3342757e+04
   2.5400000e+02   1.3271071e+04
   2.5500000e+02   1.3199403e+04
   2.5600000e+02   1.3127794e+04
   2.5700000e+02   1.3056278e+04
   2.5800000e+02   1.2984896e+04
   2.5900000e+02   1.2913683e+04
   2.6000000e+02   1.2842678e+04
   2.6100000e+02   1.2771919e+04
   2.6200000e+02   1.2701444e+04
   2.6300000e+02   1.2631290e+04
   2.6400000e+02   1.2561493e+04
   2.6500000e+02   1.2492092e+04
   2.6600000e+02   1.2423121e+04
   2.6700000e+02   1.2354619e+04
   2.6800000e+02   1.2286622e+04
   2.6900000e+02   1.2219165e+04
   2.7000000e+02   1.2152283e+04
   2.7100000e+02   1.2078365e+04
   2.7200000e+02   1.2005073e+04
   2.7300000e+02   1.1932442e+04
   2.7400000e+02   1.1860506e+04
   2.7500000e+02   1.1789295e+04
   2.7600000e+02   1.1718843e+04
   2.7700000e+02   1.1649182e+04
   2.7800000e+02   1.1580342e+04
   2.7900000e+02   1.1512353e+04
   2.8000000e+02   1.1445246e+04
   2.8100000e+02   1.1379050e+04
   2.8200000e+02   1.1313793e+04
   2.8300000e+02   1.1249501e+04
   2.8400000e+02   1.1186200e+04
   2.8500000e+02   1.1123917e+04
   2.8600000e+02   1.1062677e+04
   2.8700000e+02   1.1002503e+04
   2.8800000e+02   1.0943418e+04
   2.8900000e+02   1.0885444e+04
   2.9000000e+02   1.0828601e+04
   2.9100000e+02   1.0772909e+04
   2.9200000e+02   1.0718387e+04
   2.9300000e+02   1.0665050e+04
   2.9400000e+02   1.0612916e+04
   2.9500000e+02   1.0561999e+04
   2.9600000e+02   1.0512313e+04
   2.9700000e+02   1.0463870e+04
   2.9800000e+02   1.0416681e+04
   2.9900000e+02   1.0370756e+04
   3.0000000e+02   1.0326104e+04
   3.0100000e+02   1.0276514e+04
   3.0200000e+02   1.0228065e+04
   3.0300000e+02   1.0180767e+04
   3.0400000e+02   1.0134618e+04
   3.0500000e+02   1.0089625e+04
   3.0600000e+02   1.0045789e+04
   3.0700000e+02   1.0003111e+04
   3.0800000e+02   9.9615918e+03
   3.0900000e+02   9.9212285e+03
   3.1000000e+02   9.8820195e+03
   3.1100000e+02   9.8439600e+03
   3.1200000e+02   9.8070488e+03
   3.1300000e+02   9.7712764e+03
   3.1400000e+02   9.7366387e+03
   3.1500000e+02   9.7031279e+03
   3.1600000e+02   9.6707344e+03
   3.1700000e+02   9.6394502e+03
   3.1800000e+02   9.6092646e+03
   3.1900000e+02   9.5801660e+03
   3.2000000e+02   9.5521445e+03
   3.2100000e+02   9.5251865e+03
   3.2200000e+02   9.4992773e+03
   3.2300000e+02   9.4744063e+03
   3.2400000e+02   9.4505557e+03
   3.2500000e+02   9.4277119e+03
   3.2600000e+02   9.4058613e+03
   3.2700000e+02   9.3849844e+03
   3.2800000e+02   9.3650684e+03
   3.2900000e+02   9.3460938e+03
   3.3000000e+02   9.3280459e+03
   3.3100000e+02   9.3012256e+03
   3.3200000e+02   9.2751406e+03
   3.3300000e+02   9.2497773e+03
   3.3400000e+02   9.2251250e+03
   3.3500000e+02   9.2011758e+03
   3.3600000e+02   9.1779160e+03
   3.3700000e+02   9.1553359e+03
   3.3800000e+02   9.1334258e+03
   3.3900000e+02   9.1121758e+03
   3.4000000e+02   9.0915762e+03
   3.4100000e+02   9.0716182e+03
   3.4200000e+02   9.0522910e+03
   3.4300000e+02   9.0335879e+03
   3.4400000e+02   9.0155020e+03
   3.4500000e+02   8.9980234e+03
   3.4600000e+02   8.9811465e+03
   3.4700000e+02   8.9648652e+03
   3.4800000e+02   8.9491738e+03
   3.4900000e+02   8.9340674e+03
   3.5000000e+02   8.9195400e+03
   3.5100000e+02   8.9055898e+03
   3.5200000e+02   8.8922139e+03
   3.5300000e+02   8.8794092e+03
   3.5400000e+02   8.8671729e+03
   3.5500000e+02   8.8555059e+03
   3.5600000e+02   8.8444102e+03
   3.5700000e+02   8.8338818e+03
   3.5800000e+02   8.8239268e+03
   3.5900000e+02   8.8145449e+03
   2.6219766e-08   8.8057402e+03
