   0.0000000e+00   4.9589121e-01
   1.0000000e+00   4.9254915e-01
   2.0000000e+00   4.8806927e-01
   3.0000000e+00   4.8376685e-01
   4.0000000e+00   4.7970316e-01
   5.0000000e+00   4.7586834e-01
   6.0000000e+00   4.7225273e-01
   7.0000000e+00   4.6884704e-01
   8.0000000e+00   4.6564251e-01
   9.0000000e+00   4.6263084e-01
   1.0000000e+01   4.5980400e-01
   1.1000000e+01   4.5715448e-01
   1.2000000e+01   4.5467502e-01
   1.3000000e+01   4.5235884e-01
   1.4000000e+01   4.5019931e-01
   1.5000000e+01   4.4819018e-01
   1.6000000e+01   4.4632557e-01
   1.7000000e+01   4.4459975e-01
   1.8000000e+01   4.4300729e-01
   1.9000000e+01   4.4154298e-01
   2.0000000e+01   4.4020185e-01
   2.1000000e+01   4.3897921e-01
   2.2000000e+01   4.3787047e-01
   2.3000000e+01   4.3687126e-01
   2.4000000e+01   4.3597749e-01
   2.5000000e+01   4.3518513e-01
   2.6000000e+01   4.3449038e-01
   2.7000000e+01   4.3388960e-01
   2.8000000e+01   4.3337926e-01
   2.9000000e+01   4.3295601e-01
   3.0000000e+01   4.3261665e-01
   3.1000000e+01   4.1639155e-01
   3.2000000e+01   3.9788181e-01
   3.3000000e+01   3.7671995e-01
   3.4000000e+01   3.5222721e-01
   3.5000000e+01   3.2275712e-01
   3.6000000e+01   2.8368002e-01
   3.7000000e+01   2.7986711e-01
   3.8000000e+01   2.7038729e-01
   3.9000000e+01   2.6056156e-01
   4.0000000e+01   2.5100952e-01
   4.1000000e+01   2.4189879e-01
   4.2000000e+01   2.3327561e-01
   4.3000000e+01   2.2514322e-01
   4.4000000e+01   2.1748783e-01
   4.5000000e+01   2.1028867e-01
   4.6000000e+01   2.0359878e-01
   4.7000000e+01   1.9732672e-01
   4.8000000e+01   1.9144122e-01
   4.9000000e+01   1.8592039e-01
   5.0000000e+01   1.8074353e-01
   5.1000000e+01   1.7589119e-01
   5.2000000e+01   1.7134516e-01
   5.3000000e+01   1.6708842e-01
   5.4000000e+01   1.6310506e-01
   5.5000000e+01   1.5938023e-01
   5.6000000e+01   1.5590003e-01
   5.7000000e+01   1.5265198e-01
   5.8000000e+01   1.4962396e-01
   5.9000000e+01   1.4680411e-01
   6.0000000e+01   1.4418174e-01
   6.1000000e+01   1.5398294e-01
   6.2000000e+01   1.6187260e-01
   6.3000000e+01   1.6788739e-01
   6.4000000e+01   1.7205799e-01
   6.5000000e+01   1.7440897e-01
   6.6000000e+01   1.7495888e-01
   6.7000000e+01   1.7371991e-01
   6.8000000e+01   1.7069747e-01
   6.9000000e+01   1.6588964e-01
   7.0000000e+01   1.5928629e-01
   7.1000000e+01   1.5087210e-01
   7.2000000e+01   1.4064273e-01
   7.3000000e+01   1.2851760e-01
   7.4000000e+01   1.1438304e-01
   7.5000000e+01   9.8102100e-02
   7.6000000e+01   7.9632908e-02
   7.7000000e+01   5.8815956e-02
   7.8000000e+01   3.5427857e-02
   7.9000000e+01   9.1461856e-03
   8.0000000e+01  -2.0513974e-02
   8.1000000e+01  -5.4341000e-02
   8.2000000e+01  -9.3781859e-02
   8.3000000e+01  -1.4215937e-01
   8.4000000e+01  -2.1370180e-01
   8.5000000e+01  -2.0145838e-01
   8.6000000e+01  -1.7802639e-01
   8.7000000e+01  -1.6383639e-01
   8.8000000e+01  -1.5360917e-01
   8.9000000e+01  -1.4543954e-01
   9.0000000e+01  -1.3857588e-01
   9.1000000e+01  -1.1359203e-01
   9.2000000e+01  -9.2591263e-02
   9.3000000e+01  -7.5141422e-02
   9.4000000e+01  -6.0934603e-02
   9.5000000e+01  -4.9747556e-02
   9.6000000e+01  -4.1419126e-02
   9.7000000e+01  -3.5840705e-02
   9.8000000e+01  -3.2945942e-02
   9.9000000e+01  -3.2710582e-02
   1.0000000e+02  -3.5155661e-02
   1.0100000e+02  -4.0356942e-02
   1.0200000e+02  -4.8505288e-02
   1.0300000e+02  -5.9872732e-02
   1.0400000e+02  -7.4910939e-02
   1.0500000e+02  -9.4502017e-02
   1.0600000e+02  -1.2070309e-01
   1.0700000e+02  -1.6188830e-01
   1.0800000e+02  -1.5609276e-01
   1.0900000e+02  -1.3774726e-01
   1.1000000e+02  -1.2558825e-01
   1.1100000e+02  -1.1605465e-01
   1.1200000e+02  -1.0802841e-01
   1.1300000e+02  -1.0099898e-01
   1.1400000e+02  -9.4687395e-02
   1.1500000e+02  -8.8923648e-02
   1.1600000e+02  -8.3595887e-02
   1.1700000e+02  -7.8626789e-02
   1.1800000e+02  -7.3891073e-02
   1.1900000e+02  -6.9410227e-02
   1.2000000e+02  -6.5158948e-02
   1.2100000e+02  -5.7786133e-02
   1.2200000e+02  -5.0630953e-02
   1.2300000e+02  -4.3715835e-02
   1.2400000e+02  -3.7051342e-02
   1.2500000e+02  -3.0630846e-02
   1.2600000e+02  -2.4448141e-02
   1.2700000e+02  -1.8492131e-02
   1.2800000e+02  -1.2750653e-02
   1.2900000e+02  -7.2149332e-03
   1.3000000e+02  -1.8761574e-03
   1.3100000e+02   3.2743404e-03
   1.3200000e+02   8.2449447e-03
   1.3300000e+02   1.3043699e-02
   1.3400000e+02   1.7678285e-02
   1.3500000e+02   2.2164160e-02
   1.3600000e+02   2.6505809e-02
   1.3700000e+02   3.0701481e-02
   1.3800000e+02   3.4757491e-02
   1.3900000e+02   3.8679838e-02
   1.4000000e+02   4.2474143e-02
   1.4100000e+02   4.6145733e-02
   1.4200000e+02   4.9673468e-02
   1.4300000e+02   5.3064842e-02
   1.4400000e+02   5.6345988e-02
   1.4500000e+02   5.9519101e-02
   1.4600000e+02   6.2590607e-02
   1.4700000e+02   6.5564469e-02
   1.4800000e+02   6.8444416e-02
   1.4900000e+02   7.1234010e-02
   1.5000000e+02   7.3936656e-02
   1.5100000e+02   8.3499938e-02
   1.5200000e+02   9.2816092e-02
   1.5300000e+02   1.0189592e-01
   1.5400000e+02   1.1074953e-01
   1.5500000e+02   1.1938571e-01
   1.5600000e+02   1.2780689e-01
   1.5700000e+02   1.3602625e-01
   1.5800000e+02   1.4405179e-01
   1.5900000e+02   1.5189101e-01
   1.6000000e+02   1.5955105e-01
   1.6100000e+02   1.6703865e-01
   1.6200000e+02   1.7436016e-01
   1.6300000e+02   1.8150339e-01
   1.6400000e+02   1.8848209e-01
   1.6500000e+02   1.9531651e-01
   1.6600000e+02   2.0201163e-01
   1.6700000e+02   2.0857213e-01
   1.6800000e+02   2.1500163e-01
   1.6900000e+02   2.2130519e-01
   1.7000000e+02   2.2748712e-01
   1.7100000e+02   2.3355132e-01
   1.7200000e+02   2.3950149e-01
   1.7300000e+02   2.4534117e-01
   1.7400000e+02   2.5107378e-01
   1.7500000e+02   2.5670248e-01
   1.7600000e+02   2.6223049e-01
   1.7700000e+02   2.6766071e-01
   1.7800000e+02   2.7299610e-01
   1.7900000e+02   2.7823940e-01
   1.8000000e+02   2.8339323e-01
   1.8100000e+02   2.8991270e-01
   1.8200000e+02   2.9631543e-01
   1.8300000e+02   3.0262676e-01
   1.8400000e+02   3.0885017e-01
   1.8500000e+02   3.1498769e-01
   1.8600000e+02   3.2104123e-01
   1.8700000e+02   3.2701203e-01
   1.8800000e+02   3.3290216e-01
   1.8900000e+02   3.3871335e-01
   1.9000000e+02   3.4444714e-01
   1.9100000e+02   3.5010514e-01
   1.9200000e+02   3.5568896e-01
   1.9300000e+02   3.6120000e-01
   1.9400000e+02   3.6663982e-01
   1.9500000e+02   3.7200975e-01
   1.9600000e+02   3.7731123e-01
   1.9700000e+02   3.8254559e-01
   1.9800000e+02   3.8771424e-01
   1.9900000e+02   3.9281836e-01
   2.0000000e+02   3.9785922e-01
   2.0100000e+02   4.0283805e-01
   2.0200000e+02   4.0775603e-01
   2.0300000e+02   4.1261423e-01
   2.0400000e+02   4.1741371e-01
   2.0500000e+02   4.2215571e-01
   2.0600000e+02   4.2684132e-01
   2.0700000e+02   4.3147156e-01
   2.0800000e+02   4.3604743e-01
   2.0900000e+02   4.4056994e-01
   2.1000000e+02   4.4504008e-01
   2.1100000e+02   4.4726974e-01
   2.1200000e+02   4.4946334e-01
   2.1300000e+02   4.5162141e-01
   2.1400000e+02   4.5374456e-01
   2.1500000e+02   4.5583338e-01
   2.1600000e+02   4.5788833e-01
   2.1700000e+02   4.5990998e-01
   2.1800000e+02   4.6189883e-01
   2.1900000e+02   4.6385545e-01
   2.2000000e+02   4.6578029e-01
   2.2100000e+02   4.6767381e-01
   2.2200000e+02   4.6953657e-01
   2.2300000e+02   4.7136900e-01
   2.2400000e+02   4.7317135e-01
   2.2500000e+02   4.7494334e-01
   2.2600000e+02   4.7668657e-01
   2.2700000e+02   4.7840145e-01
   2.2800000e+02   4.8008844e-01
   2.2900000e+02   4.8174793e-01
   2.3000000e+02   4.8338038e-01
   2.3100000e+02   4.8498610e-01
   2.3200000e+02   4.8656559e-01
   2.3300000e+02   4.8811918e-01
   2.3400000e+02   4.8964727e-01
   2.3500000e+02   4.9115023e-01
   2.3600000e+02   4.9262840e-01
   2.3700000e+02   4.9408218e-01
   2.3800000e+02   4.9551189e-01
   2.3900000e+02   4.9691790e-01
   2.4000000e+02   4.9830061e-01
   2.4100000e+02   4.9790350e-01
   2.4200000e+02   4.9749479e-01
   2.4300000e+02   4.9707457e-01
   2.4400000e+02   4.9664310e-01
   2.4500000e+02   4.9620038e-01
   2.4600000e+02   4.9574679e-01
   2.4700000e+02   4.9528229e-01
   2.4800000e+02   4.9480712e-01
   2.4900000e+02   4.9432147e-01
   2.5000000e+02   4.9382535e-01
   2.5100000e+02   4.9331895e-01
   2.5200000e+02   4.9280247e-01
   2.5300000e+02   4.9227601e-01
   2.5400000e+02   4.9173975e-01
   2.5500000e+02   4.9119374e-01
   2.5600000e+02   4.9063817e-01
   2.5700000e+02   4.9007314e-01
   2.5800000e+02   4.8949882e-01
   2.5900000e+02   4.8891532e-01
   2.6000000e+02   4.8832276e-01
   2.6100000e+02   4.8772123e-01
   2.6200000e+02   4.8711091e-01
   2.6300000e+02   4.8649186e-01
   2.6400000e+02   4.8586422e-01
   2.6500000e+02   4.8522812e-01
   2.6600000e+02   4.8458362e-01
   2.6700000e+02   4.8393086e-01
   2.6800000e+02   4.8326996e-01
   2.6900000e+02   4.8260099e-01
   2.7000000e+02   4.8192409e-01
   2.7100000e+02   4.8058337e-01
   2.7200000e+02   4.7924033e-01
   2.7300000e+02   4.7789505e-01
   2.7400000e+02   4.7654754e-01
   2.7500000e+02   4.7519779e-01
   2.7600000e+02   4.7384590e-01
   2.7700000e+02   4.7249183e-01
   2.7800000e+02   4.7113571e-01
   2.7900000e+02   4.6977744e-01
   2.8000000e+02   4.6841717e-01
   2.8100000e+02   4.6705487e-01
   2.8200000e+02   4.6569055e-01
   2.8300000e+02   4.6432403e-01
   2.8400000e+02   4.6295542e-01
   2.8500000e+02   4.6158484e-01
   2.8600000e+02   4.6021232e-01
   2.8700000e+02   4.5883787e-01
   2.8800000e+02   4.5746154e-01
   2.8900000e+02   4.5608336e-01
   2.9000000e+02   4.5470330e-01
   2.9100000e+02   4.5332146e-01
   2.9200000e+02   4.5193779e-01
   2.9300000e+02   4.5055237e-01
   2.9400000e+02   4.4916523e-01
   2.9500000e+02   4.4777635e-01
   2.9600000e+02   4.4638577e-01
   2.9700000e+02   4.4499356e-01
   2.9800000e+02   4.4359967e-01
   2.9900000e+02   4.4220418e-01
   3.0000000e+02   4.4080704e-01
   3.0100000e+02   4.3996459e-01
   3.0200000e+02   4.3912244e-01
   3.0300000e+02   4.3828058e-01
   3.0400000e+02   4.3743899e-01
   3.0500000e+02   4.3659770e-01
   3.0600000e+02   4.3575671e-01
   3.0700000e+02   4.3491602e-01
   3.0800000e+02   4.3407562e-01
   3.0900000e+02   4.3323553e-01
   3.1000000e+02   4.3239573e-01
   3.1100000e+02   4.3155622e-01
   3.1200000e+02   4.3071699e-01
   3.1300000e+02   4.2987809e-01
   3.1400000e+02   4.2903948e-01
   3.1500000e+02   4.2820117e-01
   3.1600000e+02   4.2736316e-01
   3.1700000e+02   4.2652544e-01
   3.1800000e+02   4.2568803e-01
   3.1900000e+02   4.2485091e-01
   3.2000000e+02   4.2401409e-01
   3.2100000e+02   4.2317757e-01
   3.2200000e+02   4.2234138e-01
   3.2300000e+02   4.2150545e-01
   3.2400000e+02   4.2066982e-01
   3.2500000e+02   4.1983452e-01
   3.2600000e+02   4.1899949e-01
   3.2700000e+02   4.1816479e-01
   3.2800000e+02   4.1733038e-01
   3.2900000e+02   4.1649622e-01
   3.3000000e+02   4.1566241e-01
   3.3100000e+02   4.1637057e-01
   3.3200000e+02   4.1707960e-01
   3.3300000e+02   4.1778943e-01
   3.3400000e+02   4.1850013e-01
   3.3500000e+02   4.1921163e-01
   3.3600000e+02   4.1992396e-01
   3.3700000e+02   4.2063713e-01
   3.3800000e+02   4.2135110e-01
   3.3900000e+02   4.2206588e-01
   3.4000000e+02   4.2278147e-01
   3.4100000e+02   4.2349786e-01
   3.4200000e+02   4.2421505e-01
   3.4300000e+02   4.2493299e-01
   3.4400000e+02   4.2565176e-01
   3.4500000e+02   4.2637128e-01
   3.4600000e+02   4.2709160e-01
   3.4700000e+02   4.2781267e-01
   3.4800000e+02   4.2853451e-01
   3.4900000e+02   4.2925712e-01
   3.5000000e+02   4.2998046e-01
   3.5100000e+02   4.3070459e-01
   3.5200000e+02   4.3142942e-01
   3.5300000e+02   4.3215501e-01
   3.5400000e+02   4.3288133e-01
   3.5500000e+02   4.3360838e-01
   3.5600000e+02   4.3433616e-01
   3.5700000e+02   4.3506464e-01
   3.5800000e+02   4.3579385e-01
   3.5900000e+02   4.3652380e-01
   2.6219766e-08   4.3725440e-01
