   0.0000000e+00   1.0773460e+02
   1.0000000e+00   2.2525059e+01
   2.0000000e+00   2.2475277e+01
   3.0000000e+00   2.2424532e+01
   4.0000000e+00   2.2372492e+01
   5.0000000e+00   2.2319279e+01
   6.0000000e+00   2.2264601e+01
   7.0000000e+00   2.2208790e+01
   8.0000000e+00   2.2151861e+01
   9.0000000e+00   2.2093796e+01
   1.0000000e+01   2.2034653e+01
   1.1000000e+01   2.1974434e+01
   1.2000000e+01   2.1913113e+01
   1.3000000e+01   2.1850794e+01
   1.4000000e+01   2.1787527e+01
   1.5000000e+01   2.1723280e+01
   1.6000000e+01   2.1658041e+01
   1.7000000e+01   2.1591854e+01
   1.8000000e+01   2.1524731e+01
   1.9000000e+01   2.1456659e+01
   2.0000000e+01   2.1387547e+01
   2.1000000e+01   2.1317480e+01
   2.2000000e+01   2.1246408e+01
   2.3000000e+01   2.1174389e+01
   2.4000000e+01   2.1101435e+01
   2.5000000e+01   2.1027559e+01
   2.6000000e+01   2.0952803e+01
   2.7000000e+01   2.0877199e+01
   2.8000000e+01   2.0800791e+01
   2.9000000e+01   2.0723610e+01
   3.0000000e+01   2.0645632e+01
   3.1000000e+01   2.0562923e+01
   3.2000000e+01   2.0479652e+01
   3.3000000e+01   2.0395866e+01
   3.4000000e+01   2.0311728e+01
   3.5000000e+01   2.0227247e+01
   3.6000000e+01   2.0142429e+01
   3.7000000e+01   2.0057514e+01
   3.8000000e+01   1.9972427e+01
   3.9000000e+01   1.9887089e+01
   4.0000000e+01   1.9801523e+01
   4.1000000e+01   1.9715780e+01
   4.2000000e+01   1.9629871e+01
   4.3000000e+01   1.9543829e+01
   4.4000000e+01   1.9457644e+01
   4.5000000e+01   1.9371288e+01
   4.6000000e+01   1.9284836e+01
   4.7000000e+01   1.9198086e+01
   4.8000000e+01   1.9111237e+01
   4.9000000e+01   1.9024372e+01
   5.0000000e+01   1.8937510e+01
   5.1000000e+01   1.8851702e+01
   5.2000000e+01   1.8766970e+01
   5.3000000e+01   1.8682802e+01
   5.4000000e+01   1.8599030e+01
   5.5000000e+01   1.8515615e+01
   5.6000000e+01   1.8432522e+01
   5.7000000e+01   1.8349697e+01
   5.8000000e+01   1.8267132e+01
   5.9000000e+01   1.8184828e+01
   6.0000000e+01   1.8102694e+01
   6.1000000e+01   1.8017317e+01
   6.2000000e+01   1.7931030e+01
   6.3000000e+01   1.7843767e+01
   6.4000000e+01   1.7755531e+01
   6.5000000e+01   1.7666330e+01
   6.6000000e+01   1.7576088e+01
   6.7000000e+01   1.7484221e+01
   6.8000000e+01   1.7389692e+01
   6.9000000e+01   1.7293821e+01
   7.0000000e+01   1.7196598e+01
   7.1000000e+01   1.7097946e+01
   7.2000000e+01   1.6997847e+01
   7.3000000e+01   1.6896360e+01
   7.4000000e+01   1.6793507e+01
   7.5000000e+01   1.6689161e+01
   7.6000000e+01   1.6583332e+01
   7.7000000e+01   1.6476067e+01
   7.8000000e+01   1.6367336e+01
   7.9000000e+01   1.6257174e+01
   8.0000000e+01   1.6145571e+01
   8.1000000e+01   1.6032526e+01
   8.2000000e+01   1.5912546e+01
   8.3000000e+01   1.5788006e+01
   8.4000000e+01   1.5663424e+01
   8.5000000e+01   1.5539007e+01
   8.6000000e+01   1.5414802e+01
   8.7000000e+01   1.5290883e+01
   8.8000000e+01   1.5167279e+01
   8.9000000e+01   1.5044014e+01
   9.0000000e+01   1.4922850e+01
   9.1000000e+01   1.4777722e+01
   9.2000000e+01   1.4630476e+01
   9.3000000e+01   1.4482124e+01
   9.4000000e+01   1.4333150e+01
   9.5000000e+01   1.4184194e+01
   9.6000000e+01   1.4036051e+01
   9.7000000e+01   1.3889684e+01
   9.8000000e+01   1.3743842e+01
   9.9000000e+01   1.3588890e+01
   1.0000000e+02   1.3435420e+01
   1.0100000e+02   1.3281455e+01
   1.0200000e+02   1.3127135e+01
   1.0300000e+02   1.2972656e+01
   1.0400000e+02   1.2813590e+01
   1.0500000e+02   1.2653078e+01
   1.0600000e+02   1.2491857e+01
   1.0700000e+02   1.2321626e+01
   1.0800000e+02   1.2150726e+01
   1.0900000e+02   1.1979080e+01
   1.1000000e+02   1.1807076e+01
   1.1100000e+02   1.1635088e+01
   1.1200000e+02   1.1462987e+01
   1.1300000e+02   1.1289819e+01
   1.1400000e+02   1.1104287e+01
   1.1500000e+02   1.0918009e+01
   1.1600000e+02   1.0730975e+01
   1.1700000e+02   1.0542070e+01
   1.1800000e+02   1.0342641e+01
   1.1900000e+02   1.0122015e+01
   1.2000000e+02   9.9022818e+00
   1.2100000e+02   9.7271662e+00
   1.2200000e+02   9.5598373e+00
   1.2300000e+02   9.3978367e+00
   1.2400000e+02   9.2347927e+00
   1.2500000e+02   9.0813456e+00
   1.2600000e+02   8.9340534e+00
   1.2700000e+02   8.7927208e+00
   1.2800000e+02   8.6598854e+00
   1.2900000e+02   8.5340548e+00
   1.3000000e+02   8.4133787e+00
   1.3100000e+02   8.3001375e+00
   1.3200000e+02   8.1936970e+00
   1.3300000e+02   8.0916224e+00
   1.3400000e+02   7.9944606e+00
   1.3500000e+02   7.9021783e+00
   1.3600000e+02   7.8130136e+00
   1.3700000e+02   7.7284274e+00
   1.3800000e+02   7.6490006e+00
   1.3900000e+02   7.5728779e+00
   1.4000000e+02   7.4997830e+00
   1.4100000e+02   7.4294839e+00
   1.4200000e+02   7.3617682e+00
   1.4300000e+02   7.2933559e+00
   1.4400000e+02   7.2245030e+00
   1.4500000e+02   7.1577992e+00
   1.4600000e+02   7.0931702e+00
   1.4700000e+02   7.0305085e+00
   1.4800000e+02   6.9697146e+00
   1.4900000e+02   6.9107833e+00
   1.5000000e+02   6.8533621e+00
   1.5100000e+02   6.8366590e+00
   1.5200000e+02   6.8210249e+00
   1.5300000e+02   6.8059878e+00
   1.5400000e+02   6.7916803e+00
   1.5500000e+02   6.7750530e+00
   1.5600000e+02   6.7595739e+00
   1.5700000e+02   6.7454700e+00
   1.5800000e+02   6.7326150e+00
   1.5900000e+02   6.7209110e+00
   1.6000000e+02   6.7102890e+00
   1.6100000e+02   6.7006712e+00
   1.6200000e+02   6.6919856e+00
   1.6300000e+02   6.6841655e+00
   1.6400000e+02   6.6771512e+00
   1.6500000e+02   6.6708894e+00
   1.6600000e+02   6.6644330e+00
   1.6700000e+02   6.6575942e+00
   1.6800000e+02   6.6514134e+00
   1.6900000e+02   6.6459093e+00
   1.7000000e+02   6.6410689e+00
   1.7100000e+02   6.6368823e+00
   1.7200000e+02   6.6333117e+00
   1.7300000e+02   6.6299324e+00
   1.7400000e+02   6.6273746e+00
   1.7500000e+02   6.6256037e+00
   1.7600000e+02   6.6245646e+00
   1.7700000e+02   6.6242065e+00
   1.7800000e+02   6.6244860e+00
   1.7900000e+02   6.6253643e+00
   1.8000000e+02   6.6268077e+00
   1.8100000e+02   6.6643715e+00
   1.8200000e+02   6.7019925e+00
   1.8300000e+02   6.7396665e+00
   1.8400000e+02   6.7773881e+00
   1.8500000e+02   6.8151522e+00
   1.8600000e+02   6.8529558e+00
   1.8700000e+02   6.8907971e+00
   1.8800000e+02   6.9286747e+00
   1.8900000e+02   6.9665875e+00
   1.9000000e+02   7.0034270e+00
   1.9100000e+02   7.0405302e+00
   1.9200000e+02   7.0779300e+00
   1.9300000e+02   7.1155901e+00
   1.9400000e+02   7.1534743e+00
   1.9500000e+02   7.1918759e+00
   1.9600000e+02   7.2309046e+00
   1.9700000e+02   7.2701330e+00
   1.9800000e+02   7.3095398e+00
   1.9900000e+02   7.3491044e+00
   2.0000000e+02   7.3888063e+00
   2.0100000e+02   7.4286289e+00
   2.0200000e+02   7.4685574e+00
   2.0300000e+02   7.5085783e+00
   2.0400000e+02   7.5486789e+00
   2.0500000e+02   7.5888505e+00
   2.0600000e+02   7.6290817e+00
   2.0700000e+02   7.6693649e+00
   2.0800000e+02   7.7096944e+00
   2.0900000e+02   7.7500634e+00
   2.1000000e+02   7.7904687e+00
   2.1100000e+02   7.8900900e+00
   2.1200000e+02   7.9896951e+00
   2.1300000e+02   8.0892954e+00
   2.1400000e+02   8.1889029e+00
   2.1500000e+02   8.2885313e+00
   2.1600000e+02   8.3879442e+00
   2.1700000e+02   8.4867878e+00
   2.1800000e+02   8.5853977e+00
   2.1900000e+02   8.6839886e+00
   2.2000000e+02   8.7825670e+00
   2.2100000e+02   8.8811359e+00
   2.2200000e+02   8.9790096e+00
   2.2300000e+02   9.0765486e+00
   2.2400000e+02   9.1742191e+00
   2.2500000e+02   9.2720232e+00
   2.2600000e+02   9.3699675e+00
   2.2700000e+02   9.4678192e+00
   2.2800000e+02   9.5652380e+00
   2.2900000e+02   9.6627188e+00
   2.3000000e+02   9.7602644e+00
   2.3100000e+02   9.8578806e+00
   2.3200000e+02   9.9555750e+00
   2.3300000e+02   1.0053355e+01
   2.3400000e+02   1.0151228e+01
   2.3500000e+02   1.0249200e+01
   2.3600000e+02   1.0347279e+01
   2.3700000e+02   1.0445474e+01
   2.3800000e+02   1.0543162e+01
   2.3900000e+02   1.0637183e+01
   2.4000000e+02   1.0731044e+01
   2.4100000e+02   1.0853886e+01
   2.4200000e+02   1.0978266e+01
   2.4300000e+02   1.1104164e+01
   2.4400000e+02   1.1231561e+01
   2.4500000e+02   1.1360435e+01
   2.4600000e+02   1.1490764e+01
   2.4700000e+02   1.1622528e+01
   2.4800000e+02   1.1755705e+01
   2.4900000e+02   1.1890271e+01
   2.5000000e+02   1.2022845e+01
   2.5100000e+02   1.2154613e+01
   2.5200000e+02   1.2288505e+01
   2.5300000e+02   1.2424479e+01
   2.5400000e+02   1.2562467e+01
   2.5500000e+02   1.2702394e+01
   2.5600000e+02   1.2844198e+01
   2.5700000e+02   1.2987812e+01
   2.5800000e+02   1.3133173e+01
   2.5900000e+02   1.3280223e+01
   2.6000000e+02   1.3429041e+01
   2.6100000e+02   1.3579576e+01
   2.6200000e+02   1.3731573e+01
   2.6300000e+02   1.3884970e+01
   2.6400000e+02   1.4038890e+01
   2.6500000e+02   1.4194428e+01
   2.6600000e+02   1.4351469e+01
   2.6700000e+02   1.4509920e+01
   2.6800000e+02   1.4669697e+01
   2.6900000e+02   1.4830715e+01
   2.7000000e+02   1.4992898e+01
   2.7100000e+02   1.5073629e+01
   2.7200000e+02   1.5154836e+01
   2.7300000e+02   1.5236514e+01
   2.7400000e+02   1.5318663e+01
   2.7500000e+02   1.5401277e+01
   2.7600000e+02   1.5484351e+01
   2.7700000e+02   1.5567884e+01
   2.7800000e+02   1.5651869e+01
   2.7900000e+02   1.5736301e+01
   2.8000000e+02   1.5821176e+01
   2.8100000e+02   1.5906487e+01
   2.8200000e+02   1.5992229e+01
   2.8300000e+02   1.6078394e+01
   2.8400000e+02   1.6164976e+01
   2.8500000e+02   1.6251970e+01
   2.8600000e+02   1.6339367e+01
   2.8700000e+02   1.6427162e+01
   2.8800000e+02   1.6515347e+01
   2.8900000e+02   1.6603912e+01
   2.9000000e+02   1.6692854e+01
   2.9100000e+02   1.6782160e+01
   2.9200000e+02   1.6871822e+01
   2.9300000e+02   1.6961834e+01
   2.9400000e+02   1.7052185e+01
   2.9500000e+02   1.7142857e+01
   2.9600000e+02   1.7233845e+01
   2.9700000e+02   1.7325142e+01
   2.9800000e+02   1.7416735e+01
   2.9900000e+02   1.7508617e+01
   3.0000000e+02   1.7600775e+01
   3.0100000e+02   1.7637762e+01
   3.0200000e+02   1.7674465e+01
   3.0300000e+02   1.7710869e+01
   3.0400000e+02   1.7746956e+01
   3.0500000e+02   1.7782724e+01
   3.0600000e+02   1.7818171e+01
   3.0700000e+02   1.7853266e+01
   3.0800000e+02   1.7888000e+01
   3.0900000e+02   1.7922358e+01
   3.1000000e+02   1.7956322e+01
   3.1100000e+02   1.7989882e+01
   3.1200000e+02   1.8023018e+01
   3.1300000e+02   1.8055719e+01
   3.1400000e+02   1.8087971e+01
   3.1500000e+02   1.8119755e+01
   3.1600000e+02   1.8151064e+01
   3.1700000e+02   1.8181877e+01
   3.1800000e+02   1.8212181e+01
   3.1900000e+02   1.8241964e+01
   3.2000000e+02   1.8271212e+01
   3.2100000e+02   1.8299906e+01
   3.2200000e+02   1.8328039e+01
   3.2300000e+02   1.8355593e+01
   3.2400000e+02   1.8382555e+01
   3.2500000e+02   1.8408913e+01
   3.2600000e+02   1.8434652e+01
   3.2700000e+02   1.8459761e+01
   3.2800000e+02   1.8484226e+01
   3.2900000e+02   1.8508036e+01
   3.3000000e+02   1.8531174e+01
   3.3100000e+02   1.8545174e+01
   3.3200000e+02   1.8558409e+01
   3.3300000e+02   1.8570869e+01
   3.3400000e+02   1.8582546e+01
   3.3500000e+02   1.8593424e+01
   3.3600000e+02   1.8603493e+01
   3.3700000e+02   1.8612741e+01
   3.3800000e+02   1.8621164e+01
   3.3900000e+02   1.8628748e+01
   3.4000000e+02   1.8635483e+01
   3.4100000e+02   1.8641365e+01
   3.4200000e+02   1.8646372e+01
   3.4300000e+02   1.8650496e+01
   3.4400000e+02   1.8653740e+01
   3.4500000e+02   1.8656097e+01
   3.4600000e+02   1.8657560e+01
   3.4700000e+02   1.8658125e+01
   3.4800000e+02   1.8657785e+01
   3.4900000e+02   1.8656536e+01
   3.5000000e+02   1.8654371e+01
   3.5100000e+02   1.8651291e+01
   3.5200000e+02   1.8647287e+01
   3.5300000e+02   1.8642361e+01
   3.5400000e+02   1.8636509e+01
   3.5500000e+02   1.8629728e+01
   3.5600000e+02   1.8622019e+01
   3.5700000e+02   1.8613379e+01
   3.5800000e+02   1.8603809e+01
   3.5900000e+02   1.8593311e+01
   7.1133672e-07   1.8581882e+01
   1.0000007e+00   1.8561098e+01
   2.0000007e+00   1.8539421e+01
   3.0000007e+00   1.8516861e+01
   4.0000010e+00   1.8493420e+01
   5.0000010e+00   1.8469101e+01
   6.0000010e+00   1.8443909e+01
   7.0000010e+00   1.8417849e+01
   8.0000010e+00   1.8390930e+01
   9.0000010e+00   1.8363155e+01
   1.0000001e+01   1.8334534e+01
   1.1000001e+01   1.8305073e+01
   1.2000001e+01   1.8274782e+01
   1.3000001e+01   1.8243738e+01
   1.4000001e+01   1.8211876e+01
   1.5000001e+01   1.8179201e+01
   1.6000000e+01   1.8145725e+01
   1.7000000e+01   1.8111456e+01
   1.8000000e+01   1.8076403e+01
   1.9000000e+01   1.8040573e+01
   2.0000000e+01   1.8003979e+01
   2.1000000e+01   1.7966633e+01
   2.2000000e+01   1.7928547e+01
   2.3000000e+01   1.7889730e+01
   2.4000000e+01   1.7850195e+01
   2.5000000e+01   1.7809956e+01
   2.6000000e+01   1.7769024e+01
   2.7000000e+01   1.7727411e+01
   2.8000000e+01   1.7685133e+01
   2.9000000e+01   1.7642202e+01
   3.0000000e+01   1.7598631e+01
   3.1000000e+01   1.7428999e+01
   3.2000000e+01   1.7258446e+01
   3.3000000e+01   1.7087006e+01
   3.4000000e+01   1.6914715e+01
   3.5000000e+01   1.6741608e+01
   3.6000000e+01   1.6567719e+01
   3.7000000e+01   1.6393080e+01
   3.8000000e+01   1.6217728e+01
   3.9000000e+01   1.6041695e+01
   4.0000000e+01   1.5865016e+01
   4.1000000e+01   1.5687726e+01
   4.2000000e+01   1.5509859e+01
   4.3000000e+01   1.5331447e+01
   4.4000000e+01   1.5152523e+01
   4.5000000e+01   1.4973121e+01
   4.6000000e+01   1.4793273e+01
   4.7000000e+01   1.4613009e+01
   4.8000000e+01   1.4432364e+01
   4.9000000e+01   1.4251370e+01
   5.0000000e+01   1.4070054e+01
   5.1000000e+01   1.3888451e+01
   5.2000000e+01   1.3706586e+01
   5.3000000e+01   1.3524492e+01
   5.4000000e+01   1.3342198e+01
   5.5000000e+01   1.3159732e+01
   5.6000000e+01   1.2977120e+01
   5.7000000e+01   1.2794394e+01
   5.8000000e+01   1.2611576e+01
   5.9000000e+01   1.2428695e+01
   6.0000000e+01   1.2245776e+01
   6.1000000e+01   1.2073620e+01
   6.2000000e+01   1.1901755e+01
   6.3000000e+01   1.1730202e+01
   6.4000000e+01   1.1558982e+01
   6.5000000e+01   1.1388113e+01
   6.6000000e+01   1.1217617e+01
   6.7000000e+01   1.1047513e+01
   6.8000000e+01   1.0877819e+01
   6.9000000e+01   1.0708552e+01
   7.0000000e+01   1.0539732e+01
   7.1000000e+01   1.0371373e+01
   7.2000000e+01   1.0203520e+01
   7.3000000e+01   1.0036176e+01
   7.4000000e+01   9.8693523e+00
   7.5000000e+01   9.7030602e+00
   7.6000000e+01   9.5373116e+00
   7.7000000e+01   9.3721151e+00
   7.8000000e+01   9.2074842e+00
   7.9000000e+01   9.0434265e+00
   8.0000000e+01   8.8799524e+00
   8.1000000e+01   8.7170696e+00
   8.2000000e+01   8.5547876e+00
   8.3000000e+01   8.3931122e+00
   8.4000000e+01   8.2320509e+00
   8.5000000e+01   8.0716095e+00
   8.6000000e+01   7.9117942e+00
   8.7000000e+01   7.7526093e+00
   8.8000000e+01   7.5940595e+00
   8.9000000e+01   7.4361491e+00
   9.0000000e+01   7.2788811e+00
   9.1000000e+01   7.2336464e+00
   9.2000000e+01   7.1887398e+00
   9.3000000e+01   7.1442866e+00
   9.4000000e+01   7.1003280e+00
   9.5000000e+01   7.0568643e+00
   9.6000000e+01   7.0139136e+00
   9.7000000e+01   6.9714766e+00
   9.8000000e+01   6.9295535e+00
   9.9000000e+01   6.8881440e+00
   1.0000000e+02   6.8472481e+00
   1.0100000e+02   6.8068662e+00
   1.0200000e+02   6.7669969e+00
   1.0300000e+02   6.7276411e+00
   1.0400000e+02   6.6887975e+00
   1.0500000e+02   6.6504669e+00
   1.0600000e+02   6.6126475e+00
   1.0700000e+02   6.5753393e+00
   1.0800000e+02   6.5385418e+00
   1.0900000e+02   6.5022545e+00
   1.1000000e+02   6.4664764e+00
   1.1100000e+02   6.4312062e+00
   1.1200000e+02   6.3964438e+00
   1.1300000e+02   6.3621879e+00
   1.1400000e+02   6.3284373e+00
   1.1500000e+02   6.2951918e+00
   1.1600000e+02   6.2624488e+00
   1.1700000e+02   6.2302084e+00
   1.1800000e+02   6.1984687e+00
   1.1900000e+02   6.1672282e+00
   1.2000000e+02   6.1364870e+00
   1.2100000e+02   6.1257358e+00
   1.2200000e+02   6.1151962e+00
   1.2300000e+02   6.1048703e+00
   1.2400000e+02   6.0947599e+00
   1.2500000e+02   6.0848675e+00
   1.2600000e+02   6.0751939e+00
   1.2700000e+02   6.0657415e+00
   1.2800000e+02   6.0565119e+00
   1.2900000e+02   6.0475068e+00
   1.3000000e+02   6.0387287e+00
   1.3100000e+02   6.0301776e+00
   1.3200000e+02   6.0218563e+00
   1.3300000e+02   6.0137658e+00
   1.3400000e+02   6.0059080e+00
   1.3500000e+02   5.9982839e+00
   1.3600000e+02   5.9908943e+00
   1.3700000e+02   5.9837422e+00
   1.3800000e+02   5.9768271e+00
   1.3900000e+02   5.9701514e+00
   1.4000000e+02   5.9637160e+00
   1.4100000e+02   5.9575214e+00
   1.4200000e+02   5.9515696e+00
   1.4300000e+02   5.9458609e+00
   1.4400000e+02   5.9403973e+00
   1.4500000e+02   5.9351788e+00
   1.4600000e+02   5.9302063e+00
   1.4700000e+02   5.9254808e+00
   1.4800000e+02   5.9210038e+00
   1.4900000e+02   5.9167752e+00
   1.5000000e+02   5.9127960e+00
   1.5100000e+02   5.9140310e+00
   1.5200000e+02   5.9155130e+00
   1.5300000e+02   5.9172430e+00
   1.5400000e+02   5.9192228e+00
   1.5500000e+02   5.9214540e+00
   1.5600000e+02   5.9239368e+00
   1.5700000e+02   5.9266734e+00
   1.5800000e+02   5.9296641e+00
   1.5900000e+02   5.9329114e+00
   1.6000000e+02   5.9364147e+00
   1.6100000e+02   5.9401760e+00
   1.6200000e+02   5.9441957e+00
   1.6300000e+02   5.9484754e+00
   1.6400000e+02   5.9530158e+00
   1.6500000e+02   5.9578180e+00
   1.6600000e+02   5.9628825e+00
   1.6700000e+02   5.9682107e+00
   1.6800000e+02   5.9738035e+00
   1.6900000e+02   5.9796615e+00
   1.7000000e+02   5.9857850e+00
   1.7100000e+02   5.9921756e+00
   1.7200000e+02   5.9988337e+00
   1.7300000e+02   6.0057602e+00
   1.7400000e+02   6.0129561e+00
   1.7500000e+02   6.0204220e+00
   1.7600000e+02   6.0281582e+00
   1.7700000e+02   6.0361657e+00
   1.7800000e+02   6.0444450e+00
   1.7900000e+02   6.0529966e+00
   1.8000000e+02   6.0618215e+00
   1.8100000e+02   6.0749779e+00
   1.8200000e+02   6.0883913e+00
   1.8300000e+02   6.1020622e+00
   1.8400000e+02   6.1159945e+00
   1.8500000e+02   6.1301885e+00
   1.8600000e+02   6.1446466e+00
   1.8700000e+02   6.1593704e+00
   1.8800000e+02   6.1743622e+00
   1.8900000e+02   6.1896229e+00
   1.9000000e+02   6.2051544e+00
   1.9100000e+02   6.2209578e+00
   1.9200000e+02   6.2370348e+00
   1.9300000e+02   6.2533865e+00
   1.9400000e+02   6.2700143e+00
   1.9500000e+02   6.2869196e+00
   1.9600000e+02   6.3041029e+00
   1.9700000e+02   6.3215656e+00
   1.9800000e+02   6.3393092e+00
   1.9900000e+02   6.3573341e+00
   2.0000000e+02   6.3756418e+00
   2.0100000e+02   6.3942327e+00
   2.0200000e+02   6.4131083e+00
   2.0300000e+02   6.4322686e+00
   2.0400000e+02   6.4517145e+00
   2.0500000e+02   6.4714470e+00
   2.0600000e+02   6.4914665e+00
   2.0700000e+02   6.5117741e+00
   2.0800000e+02   6.5323696e+00
   2.0900000e+02   6.5532541e+00
   2.1000000e+02   6.5744276e+00
   2.1100000e+02   6.6338825e+00
   2.1200000e+02   6.6935163e+00
   2.1300000e+02   6.7533317e+00
   2.1400000e+02   6.8133321e+00
   2.1500000e+02   6.8735209e+00
   2.1600000e+02   6.9339013e+00
   2.1700000e+02   6.9944749e+00
   2.1800000e+02   7.0552459e+00
   2.1900000e+02   7.1162167e+00
   2.2000000e+02   7.1773896e+00
   2.2100000e+02   7.2385931e+00
   2.2200000e+02   7.2999806e+00
   2.2300000e+02   7.3615637e+00
   2.2400000e+02   7.4233475e+00
   2.2500000e+02   7.4853377e+00
   2.2600000e+02   7.5475388e+00
   2.2700000e+02   7.6099558e+00
   2.2800000e+02   7.6725931e+00
   2.2900000e+02   7.7354555e+00
   2.3000000e+02   7.7985473e+00
   2.3100000e+02   7.8618722e+00
   2.3200000e+02   7.9254346e+00
   2.3300000e+02   7.9892378e+00
   2.3400000e+02   8.0532856e+00
   2.3500000e+02   8.1175795e+00
   2.3600000e+02   8.1821251e+00
   2.3700000e+02   8.2469225e+00
   2.3800000e+02   8.3119764e+00
   2.3900000e+02   8.3772879e+00
   2.4000000e+02   8.4428587e+00
   2.4100000e+02   8.5547056e+00
   2.4200000e+02   8.6669598e+00
   2.4300000e+02   8.7796211e+00
   2.4400000e+02   8.8926868e+00
   2.4500000e+02   9.0061569e+00
   2.4600000e+02   9.1200285e+00
   2.4700000e+02   9.2342987e+00
   2.4800000e+02   9.3489676e+00
   2.4900000e+02   9.4640312e+00
   2.5000000e+02   9.5794859e+00
   2.5100000e+02   9.6953297e+00
   2.5200000e+02   9.8115597e+00
   2.5300000e+02   9.9281693e+00
   2.5400000e+02   1.0045158e+01
   2.5500000e+02   1.0162519e+01
   2.5600000e+02   1.0280250e+01
   2.5700000e+02   1.0398344e+01
   2.5800000e+02   1.0516796e+01
   2.5900000e+02   1.0635602e+01
   2.6000000e+02   1.0754754e+01
   2.6100000e+02   1.0874248e+01
   2.6200000e+02   1.0994074e+01
   2.6300000e+02   1.1114229e+01
   2.6400000e+02   1.1234703e+01
   2.6500000e+02   1.1355490e+01
   2.6600000e+02   1.1476582e+01
   2.6700000e+02   1.1597968e+01
   2.6800000e+02   1.1719643e+01
   2.6900000e+02   1.1841596e+01
   2.7000000e+02   1.1963818e+01
   2.7100000e+02   1.2126881e+01
   2.7200000e+02   1.2290418e+01
   2.7300000e+02   1.2454420e+01
   2.7400000e+02   1.2618872e+01
   2.7500000e+02   1.2783760e+01
   2.7600000e+02   1.2949069e+01
   2.7700000e+02   1.3114785e+01
   2.7800000e+02   1.3280894e+01
   2.7900000e+02   1.3447378e+01
   2.8000000e+02   1.3614223e+01
   2.8100000e+02   1.3781411e+01
   2.8200000e+02   1.3948925e+01
   2.8300000e+02   1.4116747e+01
   2.8400000e+02   1.4284859e+01
   2.8500000e+02   1.4453241e+01
   2.8600000e+02   1.4621876e+01
   2.8700000e+02   1.4790744e+01
   2.8800000e+02   1.4959822e+01
   2.8900000e+02   1.5129091e+01
   2.9000000e+02   1.5298530e+01
   2.9100000e+02   1.5468116e+01
   2.9200000e+02   1.5637827e+01
   2.9300000e+02   1.5807641e+01
   2.9400000e+02   1.5977534e+01
   2.9500000e+02   1.6147484e+01
   2.9600000e+02   1.6317467e+01
   2.9700000e+02   1.6487455e+01
   2.9800000e+02   1.6657427e+01
   2.9900000e+02   1.6827356e+01
   3.0000000e+02   1.6997215e+01
   3.0100000e+02   1.7042683e+01
   3.0200000e+02   1.7088020e+01
   3.0300000e+02   1.7133213e+01
   3.0400000e+02   1.7178247e+01
   3.0500000e+02   1.7223108e+01
   3.0600000e+02   1.7267780e+01
   3.0700000e+02   1.7312250e+01
   3.0800000e+02   1.7356499e+01
   3.0900000e+02   1.7400507e+01
   3.1000000e+02   1.7444265e+01
   3.1100000e+02   1.7487764e+01
   3.1200000e+02   1.7530985e+01
   3.1300000e+02   1.7573914e+01
   3.1400000e+02   1.7616535e+01
   3.1500000e+02   1.7658834e+01
   3.1600000e+02   1.7700798e+01
   3.1700000e+02   1.7742411e+01
   3.1800000e+02   1.7783657e+01
   3.1900000e+02   1.7824524e+01
   3.2000000e+02   1.7864996e+01
   3.2100000e+02   1.7905058e+01
   3.2200000e+02   1.7944698e+01
   3.2300000e+02   1.7983900e+01
   3.2400000e+02   1.8022652e+01
   3.2500000e+02   1.8060938e+01
   3.2600000e+02   1.8098745e+01
   3.2700000e+02   1.8136061e+01
   3.2800000e+02   1.8172873e+01
   3.2900000e+02   1.8209162e+01
   3.3000000e+02   1.8244919e+01
   3.3100000e+02   1.8258041e+01
   3.3200000e+02   1.8270416e+01
   3.3300000e+02   1.8282040e+01
   3.3400000e+02   1.8292896e+01
   3.3500000e+02   1.8302979e+01
   3.3600000e+02   1.8312273e+01
   3.3700000e+02   1.8320772e+01
   3.3800000e+02   1.8328468e+01
   3.3900000e+02   1.8335352e+01
   3.4000000e+02   1.8341413e+01
   3.4100000e+02   1.8346645e+01
   3.4200000e+02   1.8351042e+01
   3.4300000e+02   1.8354591e+01
   3.4400000e+02   1.8357294e+01
   3.4500000e+02   1.8359140e+01
   3.4600000e+02   1.8360121e+01
   3.4700000e+02   1.8360237e+01
   3.4800000e+02   1.8359480e+01
   3.4900000e+02   1.8357845e+01
   3.5000000e+02   1.8355331e+01
   3.5100000e+02   1.8351933e+01
   3.5200000e+02   1.8347647e+01
   3.5300000e+02   1.8342472e+01
   3.5400000e+02   1.8336409e+01
   3.5500000e+02   1.8329453e+01
   3.5600000e+02   1.8321602e+01
   3.5700000e+02   1.8312860e+01
   3.5800000e+02   1.8303225e+01
   3.5900000e+02   1.8292696e+01
   1.4226848e-06   1.8281279e+01
