   0.0000000e+00   8.6494563e-03
   1.0000000e+00   3.7403341e-02
   2.0000000e+00   3.7444085e-02
   3.0000000e+00   3.7466530e-02
   4.0000000e+00   3.7490495e-02
   5.0000000e+00   3.7516017e-02
   6.0000000e+00   3.7554290e-02
   7.0000000e+00   3.7597515e-02
   8.0000000e+00   3.7640840e-02
   9.0000000e+00   3.7684251e-02
   1.0000000e+01   3.7727986e-02
   1.1000000e+01   3.7772067e-02
   1.2000000e+01   3.7816316e-02
   1.3000000e+01   3.7860736e-02
   1.4000000e+01   3.7905324e-02
   1.5000000e+01   3.7950173e-02
   1.6000000e+01   3.7995428e-02
   1.7000000e+01   3.8040873e-02
   1.8000000e+01   3.8086515e-02
   1.9000000e+01   3.8132340e-02
   2.0000000e+01   3.8178347e-02
   2.1000000e+01   3.8224529e-02
   2.2000000e+01   3.8270887e-02
   2.3000000e+01   3.8317598e-02
   2.4000000e+01   3.8364496e-02
   2.5000000e+01   3.8411479e-02
   2.6000000e+01   3.8458541e-02
   2.7000000e+01   3.8505677e-02
   2.8000000e+01   3.8552899e-02
   2.9000000e+01   3.8600903e-02
   3.0000000e+01   3.8649466e-02
   3.1000000e+01   3.8686965e-02
   3.2000000e+01   3.8723856e-02
   3.3000000e+01   3.8760141e-02
   3.4000000e+01   3.8795833e-02
   3.5000000e+01   3.8830940e-02
   3.6000000e+01   3.8865466e-02
   3.7000000e+01   3.8899422e-02
   3.8000000e+01   3.8932819e-02
   3.9000000e+01   3.8965661e-02
   4.0000000e+01   3.8997963e-02
   4.1000000e+01   3.9029822e-02
   4.2000000e+01   3.9061174e-02
   4.3000000e+01   3.9092071e-02
   4.4000000e+01   3.9122712e-02
   4.5000000e+01   3.9152827e-02
   4.6000000e+01   3.9182428e-02
   4.7000000e+01   3.9211512e-02
   4.8000000e+01   3.9240096e-02
   4.9000000e+01   3.9268188e-02
   5.0000000e+01   3.9295789e-02
   5.1000000e+01   3.9271403e-02
   5.2000000e+01   3.9211232e-02
   5.3000000e+01   3.9142814e-02
   5.4000000e+01   3.9074987e-02
   5.5000000e+01   3.9008800e-02
   5.6000000e+01   3.8944855e-02
   5.7000000e+01   3.8883578e-02
   5.8000000e+01   3.8825277e-02
   5.9000000e+01   3.8770158e-02
   6.0000000e+01   3.8718347e-02
   6.1000000e+01   3.8641408e-02
   6.2000000e+01   3.8556751e-02
   6.3000000e+01   3.8462166e-02
   6.4000000e+01   3.8355242e-02
   6.5000000e+01   3.8233347e-02
   6.6000000e+01   3.8093608e-02
   6.7000000e+01   3.7963562e-02
   6.8000000e+01   3.7899714e-02
   6.9000000e+01   3.7827890e-02
   7.0000000e+01   3.7747905e-02
   7.1000000e+01   3.7659358e-02
   7.2000000e+01   3.7564095e-02
   7.3000000e+01   3.7461463e-02
   7.4000000e+01   3.7348479e-02
   7.5000000e+01   3.7232701e-02
   7.6000000e+01   3.7110589e-02
   7.7000000e+01   3.6977913e-02
   7.8000000e+01   3.6834177e-02
   7.9000000e+01   3.6678821e-02
   8.0000000e+01   3.6511280e-02
   8.1000000e+01   3.6330953e-02
   8.2000000e+01   3.6499631e-02
   8.3000000e+01   3.6919191e-02
   8.4000000e+01   3.7332244e-02
   8.5000000e+01   3.7729699e-02
   8.6000000e+01   3.8111731e-02
   8.7000000e+01   3.8478892e-02
   8.8000000e+01   3.8831756e-02
   8.9000000e+01   3.9170887e-02
   9.0000000e+01   3.9371710e-02
   9.1000000e+01   3.7688076e-02
   9.2000000e+01   3.5962008e-02
   9.3000000e+01   3.4124997e-02
   9.4000000e+01   3.2143418e-02
   9.5000000e+01   2.9971395e-02
   9.6000000e+01   2.7551856e-02
   9.7000000e+01   2.4813442e-02
   9.8000000e+01   2.1828590e-02
   9.9000000e+01   1.9216247e-02
   1.0000000e+02   1.6282303e-02
   1.0100000e+02   1.3170463e-02
   1.0200000e+02   9.8742153e-03
   1.0300000e+02   6.3814251e-03
   1.0400000e+02   2.9925394e-03
   1.0500000e+02  -4.8804801e-04
   1.0600000e+02  -4.1018589e-03
   1.0700000e+02  -7.0899660e-03
   1.0800000e+02  -1.0106890e-02
   1.0900000e+02  -1.3206991e-02
   1.1000000e+02  -1.6383709e-02
   1.1100000e+02  -1.9665303e-02
   1.1200000e+02  -2.3042077e-02
   1.1300000e+02  -2.6442273e-02
   1.1400000e+02  -2.9068913e-02
   1.1500000e+02  -3.1714533e-02
   1.1600000e+02  -3.4377046e-02
   1.1700000e+02  -3.6934908e-02
   1.1800000e+02  -3.8679697e-02
   1.1900000e+02  -3.8809732e-02
   1.2000000e+02  -3.8893659e-02
   1.2100000e+02  -3.6655169e-02
   1.2200000e+02  -3.4564074e-02
   1.2300000e+02  -3.2442819e-02
   1.2400000e+02  -2.9752957e-02
   1.2500000e+02  -2.7379595e-02
   1.2600000e+02  -2.4966964e-02
   1.2700000e+02  -2.2518672e-02
   1.2800000e+02  -2.0385133e-02
   1.2900000e+02  -1.8470431e-02
   1.3000000e+02  -1.6629128e-02
   1.3100000e+02  -1.5102367e-02
   1.3200000e+02  -1.3869409e-02
   1.3300000e+02  -1.2724037e-02
   1.3400000e+02  -1.1740765e-02
   1.3500000e+02  -1.0941563e-02
   1.3600000e+02  -1.0118344e-02
   1.3700000e+02  -9.4718114e-03
   1.3800000e+02  -9.1137821e-03
   1.3900000e+02  -8.8824332e-03
   1.4000000e+02  -8.7666530e-03
   1.4100000e+02  -8.7585989e-03
   1.4200000e+02  -8.8511584e-03
   1.4300000e+02  -8.6937444e-03
   1.4400000e+02  -8.2995985e-03
   1.4500000e+02  -7.9485141e-03
   1.4600000e+02  -7.6411264e-03
   1.4700000e+02  -7.3742052e-03
   1.4800000e+02  -7.1447403e-03
   1.4900000e+02  -6.9605461e-03
   1.5000000e+02  -6.7874203e-03
   1.5100000e+02  -6.7902817e-03
   1.5200000e+02  -6.8339929e-03
   1.5300000e+02  -6.8658506e-03
   1.5400000e+02  -6.9024097e-03
   1.5500000e+02  -6.5686135e-03
   1.5600000e+02  -6.2658838e-03
   1.5700000e+02  -6.0273213e-03
   1.5800000e+02  -5.8437251e-03
   1.5900000e+02  -5.7091741e-03
   1.6000000e+02  -5.6215115e-03
   1.6100000e+02  -5.5764103e-03
   1.6200000e+02  -5.5698589e-03
   1.6300000e+02  -5.5982396e-03
   1.6400000e+02  -5.6582955e-03
   1.6500000e+02  -5.7470906e-03
   1.6600000e+02  -5.7460247e-03
   1.6700000e+02  -5.6261225e-03
   1.6800000e+02  -5.5146348e-03
   1.6900000e+02  -5.4151108e-03
   1.7000000e+02  -5.3273826e-03
   1.7100000e+02  -5.2511636e-03
   1.7200000e+02  -5.1829014e-03
   1.7300000e+02  -5.0675799e-03
   1.7400000e+02  -4.9842210e-03
   1.7500000e+02  -4.9323137e-03
   1.7600000e+02  -4.9083089e-03
   1.7700000e+02  -4.9089980e-03
   1.7800000e+02  -4.9315956e-03
   1.7900000e+02  -4.9736747e-03
   1.8000000e+02  -5.0331224e-03
   1.8100000e+02  -5.1827617e-03
   1.8200000e+02  -5.3443257e-03
   1.8300000e+02  -5.5173514e-03
   1.8400000e+02  -5.7014013e-03
   1.8500000e+02  -5.8960477e-03
   1.8600000e+02  -6.1008814e-03
   1.8700000e+02  -6.3155182e-03
   1.8800000e+02  -6.5395939e-03
   1.8900000e+02  -6.7727580e-03
   1.9000000e+02  -6.8739234e-03
   1.9100000e+02  -7.0035649e-03
   1.9200000e+02  -7.1671265e-03
   1.9300000e+02  -7.3614409e-03
   1.9400000e+02  -7.5833537e-03
   1.9500000e+02  -7.8700073e-03
   1.9600000e+02  -8.2377084e-03
   1.9700000e+02  -8.6378530e-03
   1.9800000e+02  -9.0692537e-03
   1.9900000e+02  -9.5303515e-03
   2.0000000e+02  -1.0019795e-02
   2.0100000e+02  -1.0536408e-02
   2.0200000e+02  -1.1079160e-02
   2.0300000e+02  -1.1647164e-02
   2.0400000e+02  -1.2239649e-02
   2.0500000e+02  -1.2855956e-02
   2.0600000e+02  -1.3495520e-02
   2.0700000e+02  -1.4157860e-02
   2.0800000e+02  -1.4842574e-02
   2.0900000e+02  -1.5549338e-02
   2.1000000e+02  -1.6277885e-02
   2.1100000e+02  -1.5931668e-02
   2.1200000e+02  -1.5625220e-02
   2.1300000e+02  -1.5359202e-02
   2.1400000e+02  -1.5134372e-02
   2.1500000e+02  -1.4951591e-02
   2.1600000e+02  -1.4785863e-02
   2.1700000e+02  -1.4593231e-02
   2.1800000e+02  -1.4408255e-02
   2.1900000e+02  -1.4255999e-02
   2.2000000e+02  -1.4136573e-02
   2.2100000e+02  -1.4049297e-02
   2.2200000e+02  -1.3928085e-02
   2.2300000e+02  -1.3805565e-02
   2.2400000e+02  -1.3724144e-02
   2.2500000e+02  -1.3683579e-02
   2.2600000e+02  -1.3683850e-02
   2.2700000e+02  -1.3703621e-02
   2.2800000e+02  -1.3711976e-02
   2.2900000e+02  -1.3751557e-02
   2.3000000e+02  -1.3821856e-02
   2.3100000e+02  -1.3922754e-02
   2.3200000e+02  -1.4054172e-02
   2.3300000e+02  -1.4216068e-02
   2.3400000e+02  -1.4408446e-02
   2.3500000e+02  -1.4631337e-02
   2.3600000e+02  -1.4884813e-02
   2.3700000e+02  -1.5168983e-02
   2.3800000e+02  -1.5433820e-02
   2.3900000e+02  -1.5430291e-02
   2.4000000e+02  -1.5430442e-02
   2.4100000e+02  -1.3609460e-02
   2.4200000e+02  -1.1786375e-02
   2.4300000e+02  -9.9611934e-03
   2.4400000e+02  -8.1339097e-03
   2.4500000e+02  -6.3045071e-03
   2.4600000e+02  -4.4729766e-03
   2.4700000e+02  -2.6393030e-03
   2.4800000e+02  -8.0347259e-04
   2.4900000e+02   1.0345294e-03
   2.5000000e+02   3.1175029e-03
   2.5100000e+02   5.3602057e-03
   2.5200000e+02   7.5519551e-03
   2.5300000e+02   9.6928347e-03
   2.5400000e+02   1.1785181e-02
   2.5500000e+02   1.3831225e-02
   2.5600000e+02   1.5833076e-02
   2.5700000e+02   1.7792739e-02
   2.5800000e+02   1.9712105e-02
   2.5900000e+02   2.1592975e-02
   2.6000000e+02   2.3425713e-02
   2.6100000e+02   2.5208771e-02
   2.6200000e+02   2.6956018e-02
   2.6300000e+02   2.8668504e-02
   2.6400000e+02   3.0400066e-02
   2.6500000e+02   3.2077242e-02
   2.6600000e+02   3.3705544e-02
   2.6700000e+02   3.5287865e-02
   2.6800000e+02   3.6826927e-02
   2.6900000e+02   3.8325239e-02
   2.7000000e+02   3.9785113e-02
   2.7100000e+02   3.9660066e-02
   2.7200000e+02   3.9535396e-02
   2.7300000e+02   3.9411176e-02
   2.7400000e+02   3.9287485e-02
   2.7500000e+02   3.9164402e-02
   2.7600000e+02   3.9042003e-02
   2.7700000e+02   3.8920384e-02
   2.7800000e+02   3.8799636e-02
   2.7900000e+02   3.8679857e-02
   2.8000000e+02   3.8561154e-02
   2.8100000e+02   3.8443632e-02
   2.8200000e+02   3.8327411e-02
   2.8300000e+02   3.8212609e-02
   2.8400000e+02   3.8099356e-02
   2.8500000e+02   3.7987787e-02
   2.8600000e+02   3.7878048e-02
   2.8700000e+02   3.7770282e-02
   2.8800000e+02   3.7664659e-02
   2.8900000e+02   3.7561346e-02
   2.9000000e+02   3.7460517e-02
   2.9100000e+02   3.7362367e-02
   2.9200000e+02   3.7267096e-02
   2.9300000e+02   3.7174918e-02
   2.9400000e+02   3.7086055e-02
   2.9500000e+02   3.7000757e-02
   2.9600000e+02   3.6919270e-02
   2.9700000e+02   3.6841866e-02
   2.9800000e+02   3.6768831e-02
   2.9900000e+02   3.6700472e-02
   3.0000000e+02   3.6637112e-02
   3.0100000e+02   3.6592659e-02
   3.0200000e+02   3.6548190e-02
   3.0300000e+02   3.6503699e-02
   3.0400000e+02   3.6459189e-02
   3.0500000e+02   3.6414001e-02
   3.0600000e+02   3.6367644e-02
   3.0700000e+02   3.6320727e-02
   3.0800000e+02   3.6273278e-02
   3.0900000e+02   3.6225304e-02
   3.1000000e+02   3.6176823e-02
   3.1100000e+02   3.6127847e-02
   3.1200000e+02   3.6078382e-02
   3.1300000e+02   3.6028448e-02
   3.1400000e+02   3.5978053e-02
   3.1500000e+02   3.5927206e-02
   3.1600000e+02   3.5875928e-02
   3.1700000e+02   3.5824217e-02
   3.1800000e+02   3.5772089e-02
   3.1900000e+02   3.5719555e-02
   3.2000000e+02   3.5666626e-02
   3.2100000e+02   3.5613306e-02
   3.2200000e+02   3.5559610e-02
   3.2300000e+02   3.5505541e-02
   3.2400000e+02   3.5451118e-02
   3.2500000e+02   3.5396341e-02
   3.2600000e+02   3.5341222e-02
   3.2700000e+02   3.5285767e-02
   3.2800000e+02   3.5229988e-02
   3.2900000e+02   3.5173889e-02
   3.3000000e+02   3.5117477e-02
   3.3100000e+02   3.5086542e-02
   3.3200000e+02   3.5056066e-02
   3.3300000e+02   3.5026032e-02
   3.3400000e+02   3.4996431e-02
   3.3500000e+02   3.4967262e-02
   3.3600000e+02   3.4938507e-02
   3.3700000e+02   3.4910165e-02
   3.3800000e+02   3.4882214e-02
   3.3900000e+02   3.4854658e-02
   3.4000000e+02   3.4827482e-02
   3.4100000e+02   3.4800675e-02
   3.4200000e+02   3.4774240e-02
   3.4300000e+02   3.4748156e-02
   3.4400000e+02   3.4722421e-02
   3.4500000e+02   3.4697033e-02
   3.4600000e+02   3.4671977e-02
   3.4700000e+02   3.4647245e-02
   3.4800000e+02   3.4622833e-02
   3.4900000e+02   3.4598738e-02
   3.5000000e+02   3.4574948e-02
   3.5100000e+02   3.4551457e-02
   3.5200000e+02   3.4528263e-02
   3.5300000e+02   3.4505352e-02
   3.5400000e+02   3.4482729e-02
   3.5500000e+02   3.4460377e-02
   3.5600000e+02   3.4438297e-02
   3.5700000e+02   3.4416486e-02
   3.5800000e+02   3.4394931e-02
   3.5900000e+02   3.4373634e-02
   7.1133672e-07   3.4352582e-02
   1.0000007e+00   3.4352951e-02
   2.0000007e+00   3.4353338e-02
   3.0000007e+00   3.4353759e-02
   4.0000010e+00   3.4354199e-02
   5.0000010e+00   3.4354664e-02
   6.0000010e+00   3.4355156e-02
   7.0000010e+00   3.4355670e-02
   8.0000010e+00   3.4356210e-02
   9.0000010e+00   3.4356773e-02
   1.0000001e+01   3.4357361e-02
   1.1000001e+01   3.4357976e-02
   1.2000001e+01   3.4358330e-02
   1.3000001e+01   3.4355476e-02
   1.4000001e+01   3.4353077e-02
   1.5000001e+01   3.4351163e-02
   1.6000000e+01   3.4349728e-02
   1.7000000e+01   3.4348756e-02
   1.8000000e+01   3.4348235e-02
   1.9000000e+01   3.4348160e-02
   2.0000000e+01   3.4348518e-02
   2.1000000e+01   3.4349296e-02
   2.2000000e+01   3.4350492e-02
   2.3000000e+01   3.4352090e-02
   2.4000000e+01   3.4354087e-02
   2.5000000e+01   3.4356467e-02
   2.6000000e+01   3.4359232e-02
   2.7000000e+01   3.4362361e-02
   2.8000000e+01   3.4365855e-02
   2.9000000e+01   3.4369700e-02
   3.0000000e+01   3.4373898e-02
   3.1000000e+01   3.4496125e-02
   3.2000000e+01   3.4619816e-02
   3.3000000e+01   3.4744941e-02
   3.4000000e+01   3.4871489e-02
   3.5000000e+01   3.4999434e-02
   3.6000000e+01   3.5128754e-02
   3.7000000e+01   3.5259437e-02
   3.8000000e+01   3.5391457e-02
   3.9000000e+01   3.5524797e-02
   4.0000000e+01   3.5659444e-02
   4.1000000e+01   3.5795376e-02
   4.2000000e+01   3.5932578e-02
   4.3000000e+01   3.6071036e-02
   4.4000000e+01   3.6210723e-02
   4.5000000e+01   3.6351636e-02
   4.6000000e+01   3.6493748e-02
   4.7000000e+01   3.6637057e-02
   4.8000000e+01   3.6781531e-02
   4.9000000e+01   3.6927167e-02
   5.0000000e+01   3.7073947e-02
   5.1000000e+01   3.7221856e-02
   5.2000000e+01   3.7370879e-02
   5.3000000e+01   3.7521001e-02
   5.4000000e+01   3.7672207e-02
   5.5000000e+01   3.7824485e-02
   5.6000000e+01   3.7977826e-02
   5.7000000e+01   3.8132206e-02
   5.8000000e+01   3.8287614e-02
   5.9000000e+01   3.8444035e-02
   6.0000000e+01   3.8601462e-02
   6.1000000e+01   3.8344428e-02
   6.2000000e+01   3.8085300e-02
   6.3000000e+01   3.7824068e-02
   6.4000000e+01   3.7560731e-02
   6.5000000e+01   3.7295278e-02
   6.6000000e+01   3.7027705e-02
   6.7000000e+01   3.6758006e-02
   6.8000000e+01   3.6486171e-02
   6.9000000e+01   3.6212198e-02
   7.0000000e+01   3.5936076e-02
   7.1000000e+01   3.5657801e-02
   7.2000000e+01   3.5375461e-02
   7.3000000e+01   3.5090566e-02
   7.4000000e+01   3.4803808e-02
   7.5000000e+01   3.4515157e-02
   7.6000000e+01   3.4224615e-02
   7.7000000e+01   3.3932161e-02
   7.8000000e+01   3.3637788e-02
   7.9000000e+01   3.3341475e-02
   8.0000000e+01   3.3043209e-02
   8.1000000e+01   3.2742981e-02
   8.2000000e+01   3.2440774e-02
   8.3000000e+01   3.2136571e-02
   8.4000000e+01   3.1830356e-02
   8.5000000e+01   3.1522118e-02
   8.6000000e+01   3.1211833e-02
   8.7000000e+01   3.0899491e-02
   8.8000000e+01   3.0585071e-02
   8.9000000e+01   3.0268557e-02
   9.0000000e+01   2.9949933e-02
   9.1000000e+01   2.9872634e-02
   9.2000000e+01   2.9811375e-02
   9.3000000e+01   2.9755607e-02
   9.4000000e+01   2.9702071e-02
   9.5000000e+01   2.9651280e-02
   9.6000000e+01   2.9601302e-02
   9.7000000e+01   2.9552087e-02
   9.8000000e+01   2.9503647e-02
   9.9000000e+01   2.9455999e-02
   1.0000000e+02   2.9409153e-02
   1.0100000e+02   2.9363127e-02
   1.0200000e+02   2.9317930e-02
   1.0300000e+02   2.9273571e-02
   1.0400000e+02   2.9230066e-02
   1.0500000e+02   2.9187419e-02
   1.0600000e+02   2.9145643e-02
   1.0700000e+02   2.9104739e-02
   1.0800000e+02   2.9064724e-02
   1.0900000e+02   2.9025597e-02
   1.1000000e+02   2.8987369e-02
   1.1100000e+02   2.8950043e-02
   1.1200000e+02   2.8913625e-02
   1.1300000e+02   2.8878113e-02
   1.1400000e+02   2.8843515e-02
   1.1500000e+02   2.8809838e-02
   1.1600000e+02   2.8777080e-02
   1.1700000e+02   2.8745253e-02
   1.1800000e+02   2.8714349e-02
   1.1900000e+02   2.8684381e-02
   1.2000000e+02   2.8655348e-02
   1.2100000e+02   2.8524728e-02
   1.2200000e+02   2.8394256e-02
   1.2300000e+02   2.8263928e-02
   1.2400000e+02   2.8133754e-02
   1.2500000e+02   2.8003726e-02
   1.2600000e+02   2.7873853e-02
   1.2700000e+02   2.7744135e-02
   1.2800000e+02   2.7614571e-02
   1.2900000e+02   2.7485168e-02
   1.3000000e+02   2.7355922e-02
   1.3100000e+02   2.7226839e-02
   1.3200000e+02   2.7097916e-02
   1.3300000e+02   2.6969159e-02
   1.3400000e+02   2.6840564e-02
   1.3500000e+02   2.6712134e-02
   1.3600000e+02   2.6583869e-02
   1.3700000e+02   2.6455769e-02
   1.3800000e+02   2.6327835e-02
   1.3900000e+02   2.6200067e-02
   1.4000000e+02   2.6072463e-02
   1.4100000e+02   2.5945025e-02
   1.4200000e+02   2.5817750e-02
   1.4300000e+02   2.5690639e-02
   1.4400000e+02   2.5563695e-02
   1.4500000e+02   2.5436915e-02
   1.4600000e+02   2.5310304e-02
   1.4700000e+02   2.5183858e-02
   1.4800000e+02   2.5057580e-02
   1.4900000e+02   2.4931472e-02
   1.5000000e+02   2.4805529e-02
   1.5100000e+02   2.4558047e-02
   1.5200000e+02   2.4311012e-02
   1.5300000e+02   2.4064424e-02
   1.5400000e+02   2.3818281e-02
   1.5500000e+02   2.3572579e-02
   1.5600000e+02   2.3327321e-02
   1.5700000e+02   2.3082500e-02
   1.5800000e+02   2.2838116e-02
   1.5900000e+02   2.2594165e-02
   1.6000000e+02   2.2350645e-02
   1.6100000e+02   2.2107553e-02
   1.6200000e+02   2.1864889e-02
   1.6300000e+02   2.1622652e-02
   1.6400000e+02   2.1380842e-02
   1.6500000e+02   2.1139454e-02
   1.6600000e+02   2.0898491e-02
   1.6700000e+02   2.0657951e-02
   1.6800000e+02   2.0417830e-02
   1.6900000e+02   2.0178132e-02
   1.7000000e+02   1.9938853e-02
   1.7100000e+02   1.9699989e-02
   1.7200000e+02   1.9461544e-02
   1.7300000e+02   1.9223517e-02
   1.7400000e+02   1.8985903e-02
   1.7500000e+02   1.8748704e-02
   1.7600000e+02   1.8511921e-02
   1.7700000e+02   1.8275548e-02
   1.7800000e+02   1.8039586e-02
   1.7900000e+02   1.7804034e-02
   1.8000000e+02   1.7568892e-02
   1.8100000e+02   1.7198989e-02
   1.8200000e+02   1.6830221e-02
   1.8300000e+02   1.6462568e-02
   1.8400000e+02   1.6095983e-02
   1.8500000e+02   1.5730420e-02
   1.8600000e+02   1.5365843e-02
   1.8700000e+02   1.5002214e-02
   1.8800000e+02   1.4639501e-02
   1.8900000e+02   1.4277672e-02
   1.9000000e+02   1.3916698e-02
   1.9100000e+02   1.3556552e-02
   1.9200000e+02   1.3197209e-02
   1.9300000e+02   1.2838644e-02
   1.9400000e+02   1.2480834e-02
   1.9500000e+02   1.2123761e-02
   1.9600000e+02   1.1767402e-02
   1.9700000e+02   1.1411742e-02
   1.9800000e+02   1.1056763e-02
   1.9900000e+02   1.0702448e-02
   2.0000000e+02   1.0348784e-02
   2.0100000e+02   9.9957548e-03
   2.0200000e+02   9.6433498e-03
   2.0300000e+02   9.2915529e-03
   2.0400000e+02   8.9403531e-03
   2.0500000e+02   8.5897371e-03
   2.0600000e+02   8.2396958e-03
   2.0700000e+02   7.8902198e-03
   2.0800000e+02   7.5412998e-03
   2.0900000e+02   7.1929279e-03
   2.1000000e+02   6.8450966e-03
   2.1100000e+02   6.8764673e-03
   2.1200000e+02   6.9044386e-03
   2.1300000e+02   6.9290288e-03
   2.1400000e+02   6.9502569e-03
   2.1500000e+02   6.9681392e-03
   2.1600000e+02   6.9826916e-03
   2.1700000e+02   6.9939299e-03
   2.1800000e+02   7.0018675e-03
   2.1900000e+02   7.0065185e-03
   2.2000000e+02   7.0078969e-03
   2.2100000e+02   7.0305080e-03
   2.2200000e+02   7.0550335e-03
   2.2300000e+02   7.0805908e-03
   2.2400000e+02   7.1071154e-03
   2.2500000e+02   7.1345577e-03
   2.2600000e+02   7.1628755e-03
   2.2700000e+02   7.1920268e-03
   2.2800000e+02   7.2219591e-03
   2.2900000e+02   7.2526238e-03
   2.3000000e+02   7.2839754e-03
   2.3100000e+02   7.3159654e-03
   2.3200000e+02   7.3485505e-03
   2.3300000e+02   7.3816860e-03
   2.3400000e+02   7.4153338e-03
   2.3500000e+02   7.4494504e-03
   2.3600000e+02   7.4839974e-03
   2.3700000e+02   7.5189373e-03
   2.3800000e+02   7.5542335e-03
   2.3900000e+02   7.5898482e-03
   2.4000000e+02   7.6257479e-03
   2.4100000e+02   8.4076179e-03
   2.4200000e+02   9.1869989e-03
   2.4300000e+02   9.9639557e-03
   2.4400000e+02   1.0738540e-02
   2.4500000e+02   1.1510802e-02
   2.4600000e+02   1.2280787e-02
   2.4700000e+02   1.3048544e-02
   2.4800000e+02   1.3814115e-02
   2.4900000e+02   1.4577547e-02
   2.5000000e+02   1.5338880e-02
   2.5100000e+02   1.6098158e-02
   2.5200000e+02   1.6855422e-02
   2.5300000e+02   1.7610710e-02
   2.5400000e+02   1.8364061e-02
   2.5500000e+02   1.9115513e-02
   2.5600000e+02   1.9865099e-02
   2.5700000e+02   2.0612860e-02
   2.5800000e+02   2.1358825e-02
   2.5900000e+02   2.2103030e-02
   2.6000000e+02   2.2845510e-02
   2.6100000e+02   2.3586294e-02
   2.6200000e+02   2.4325414e-02
   2.6300000e+02   2.5062904e-02
   2.6400000e+02   2.5798785e-02
   2.6500000e+02   2.6533095e-02
   2.6600000e+02   2.7265856e-02
   2.6700000e+02   2.7997097e-02
   2.6800000e+02   2.8726844e-02
   2.6900000e+02   2.9455125e-02
   2.7000000e+02   3.0181961e-02
   2.7100000e+02   3.0429184e-02
   2.7200000e+02   3.0676033e-02
   2.7300000e+02   3.0922512e-02
   2.7400000e+02   3.1168630e-02
   2.7500000e+02   3.1414386e-02
   2.7600000e+02   3.1659786e-02
   2.7700000e+02   3.1904832e-02
   2.7800000e+02   3.2149523e-02
   2.7900000e+02   3.2393869e-02
   2.8000000e+02   3.2637876e-02
   2.8100000e+02   3.2881539e-02
   2.8200000e+02   3.3124864e-02
   2.8300000e+02   3.3367854e-02
   2.8400000e+02   3.3610515e-02
   2.8500000e+02   3.3852845e-02
   2.8600000e+02   3.4094851e-02
   2.8700000e+02   3.4336537e-02
   2.8800000e+02   3.4577902e-02
   2.8900000e+02   3.4818951e-02
   2.9000000e+02   3.5059702e-02
   2.9100000e+02   3.5300147e-02
   2.9200000e+02   3.5540286e-02
   2.9300000e+02   3.5780124e-02
   2.9400000e+02   3.6019661e-02
   2.9500000e+02   3.6258895e-02
   2.9600000e+02   3.6497839e-02
   2.9700000e+02   3.6736488e-02
   2.9800000e+02   3.6974847e-02
   2.9900000e+02   3.7212919e-02
   3.0000000e+02   3.7450705e-02
   3.0100000e+02   3.7350938e-02
   3.0200000e+02   3.7250739e-02
   3.0300000e+02   3.7150107e-02
   3.0400000e+02   3.7049048e-02
   3.0500000e+02   3.6947560e-02
   3.0600000e+02   3.6845636e-02
   3.0700000e+02   3.6743287e-02
   3.0800000e+02   3.6640506e-02
   3.0900000e+02   3.6537293e-02
   3.1000000e+02   3.6433652e-02
   3.1100000e+02   3.6329579e-02
   3.1200000e+02   3.6225077e-02
   3.1300000e+02   3.6120147e-02
   3.1400000e+02   3.6014788e-02
   3.1500000e+02   3.5908997e-02
   3.1600000e+02   3.5802778e-02
   3.1700000e+02   3.5696134e-02
   3.1800000e+02   3.5589058e-02
   3.1900000e+02   3.5481554e-02
   3.2000000e+02   3.5373621e-02
   3.2100000e+02   3.5265263e-02
   3.2200000e+02   3.5156477e-02
   3.2300000e+02   3.5047267e-02
   3.2400000e+02   3.4937624e-02
   3.2500000e+02   3.4827556e-02
   3.2600000e+02   3.4717068e-02
   3.2700000e+02   3.4606151e-02
   3.2800000e+02   3.4494814e-02
   3.2900000e+02   3.4383047e-02
   3.3000000e+02   3.4270857e-02
   3.3100000e+02   3.4245085e-02
   3.3200000e+02   3.4219310e-02
   3.3300000e+02   3.4193534e-02
   3.3400000e+02   3.4167752e-02
   3.3500000e+02   3.4141969e-02
   3.3600000e+02   3.4116179e-02
   3.3700000e+02   3.4090392e-02
   3.3800000e+02   3.4064598e-02
   3.3900000e+02   3.4038804e-02
   3.4000000e+02   3.4012999e-02
   3.4100000e+02   3.3987198e-02
   3.4200000e+02   3.3961393e-02
   3.4300000e+02   3.3935584e-02
   3.4400000e+02   3.3909772e-02
   3.4500000e+02   3.3883959e-02
   3.4600000e+02   3.3858139e-02
   3.4700000e+02   3.3832315e-02
   3.4800000e+02   3.3806492e-02
   3.4900000e+02   3.3780664e-02
   3.5000000e+02   3.3754833e-02
   3.5100000e+02   3.3728998e-02
   3.5200000e+02   3.3703160e-02
   3.5300000e+02   3.3677317e-02
   3.5400000e+02   3.3651471e-02
   3.5500000e+02   3.3625625e-02
   3.5600000e+02   3.3599772e-02
   3.5700000e+02   3.3573918e-02
   3.5800000e+02   3.3548061e-02
   3.5900000e+02   3.3522200e-02
   1.4226848e-06   3.3496335e-02
