   0.0000000e+00   7.4610963e+00
   1.0000000e+00   7.4610963e+00
   2.0000000e+00   7.4466949e+00
   3.0000000e+00   7.4319229e+00
   4.0000000e+00   7.4167271e+00
   5.0000000e+00   7.4011106e+00
   6.0000000e+00   7.3850765e+00
   7.0000000e+00   7.3686295e+00
   8.0000000e+00   7.3517723e+00
   9.0000000e+00   7.3345094e+00
   1.0000000e+01   7.3168459e+00
   1.1000000e+01   7.2987857e+00
   1.2000000e+01   7.2803335e+00
   1.3000000e+01   7.2614937e+00
   1.4000000e+01   7.2422719e+00
   1.5000000e+01   7.2226729e+00
   1.6000000e+01   7.2027016e+00
   1.7000000e+01   7.1823640e+00
   1.8000000e+01   7.1616654e+00
   1.9000000e+01   7.1406116e+00
   2.0000000e+01   7.1192079e+00
   2.1000000e+01   7.0974607e+00
   2.2000000e+01   7.0753789e+00
   2.3000000e+01   7.0529680e+00
   2.4000000e+01   7.0302329e+00
   2.5000000e+01   7.0071812e+00
   2.6000000e+01   6.9838190e+00
   2.7000000e+01   6.9601531e+00
   2.8000000e+01   6.9361906e+00
   2.9000000e+01   6.9119382e+00
   3.0000000e+01   6.8874025e+00
   3.1000000e+01   6.8621330e+00
   3.2000000e+01   6.8365788e+00
   3.3000000e+01   6.8107476e+00
   3.4000000e+01   6.7846460e+00
   3.5000000e+01   6.7582836e+00
   3.6000000e+01   6.7316675e+00
   3.7000000e+01   6.7048059e+00
   3.8000000e+01   6.6777058e+00
   3.9000000e+01   6.6503768e+00
   4.0000000e+01   6.6228290e+00
   4.1000000e+01   6.5950675e+00
   4.2000000e+01   6.5671010e+00
   4.3000000e+01   6.5389366e+00
   4.4000000e+01   6.5105834e+00
   4.5000000e+01   6.4820480e+00
   4.6000000e+01   6.4533391e+00
   4.7000000e+01   6.4244647e+00
   4.8000000e+01   6.3954325e+00
   4.9000000e+01   6.3662510e+00
   5.0000000e+01   6.3369284e+00
   5.1000000e+01   6.3074713e+00
   5.2000000e+01   6.2778883e+00
   5.3000000e+01   6.2481871e+00
   5.4000000e+01   6.2183757e+00
   5.5000000e+01   6.1884623e+00
   5.6000000e+01   6.1584535e+00
   5.7000000e+01   6.1283579e+00
   5.8000000e+01   6.0981827e+00
   5.9000000e+01   6.0679355e+00
   6.0000000e+01   6.0376239e+00
   6.1000000e+01   6.0076895e+00
   6.2000000e+01   5.9777164e+00
   6.3000000e+01   5.9477115e+00
   6.4000000e+01   5.9176822e+00
   6.5000000e+01   5.8876352e+00
   6.6000000e+01   5.8575778e+00
   6.7000000e+01   5.8275166e+00
   6.8000000e+01   5.7974582e+00
   6.9000000e+01   5.7674093e+00
   7.0000000e+01   5.7373767e+00
   7.1000000e+01   5.7073674e+00
   7.2000000e+01   5.6773877e+00
   7.3000000e+01   5.6474428e+00
   7.4000000e+01   5.6175404e+00
   7.5000000e+01   5.5876856e+00
   7.6000000e+01   5.5578856e+00
   7.7000000e+01   5.5281453e+00
   7.8000000e+01   5.4984708e+00
   7.9000000e+01   5.4688678e+00
   8.0000000e+01   5.4393430e+00
   8.1000000e+01   5.4099007e+00
   8.2000000e+01   5.3805470e+00
   8.3000000e+01   5.3512874e+00
   8.4000000e+01   5.3221269e+00
   8.5000000e+01   5.2930713e+00
   8.6000000e+01   5.2641244e+00
   8.7000000e+01   5.2352920e+00
   8.8000000e+01   5.2065787e+00
   8.9000000e+01   5.1779890e+00
   9.0000000e+01   5.1495280e+00
   9.1000000e+01   5.1231661e+00
   9.2000000e+01   5.0969591e+00
   9.3000000e+01   5.0709114e+00
   9.4000000e+01   5.0450263e+00
   9.5000000e+01   5.0193076e+00
   9.6000000e+01   4.9937587e+00
   9.7000000e+01   4.9683838e+00
   9.8000000e+01   4.9431853e+00
   9.9000000e+01   4.9181671e+00
   1.0000000e+02   4.8933325e+00
   1.0100000e+02   4.8686848e+00
   1.0200000e+02   4.8442268e+00
   1.0300000e+02   4.8199615e+00
   1.0400000e+02   4.7958918e+00
   1.0500000e+02   4.7720208e+00
   1.0600000e+02   4.7483511e+00
   1.0700000e+02   4.7248850e+00
   1.0800000e+02   4.7016258e+00
   1.0900000e+02   4.6785755e+00
   1.1000000e+02   4.6557369e+00
   1.1100000e+02   4.6331124e+00
   1.1200000e+02   4.6107039e+00
   1.1300000e+02   4.5885139e+00
   1.1400000e+02   4.5665441e+00
   1.1500000e+02   4.5447965e+00
   1.1600000e+02   4.5232739e+00
   1.1700000e+02   4.5019779e+00
   1.1800000e+02   4.4809098e+00
   1.1900000e+02   4.4600720e+00
   1.2000000e+02   4.4394660e+00
   1.2100000e+02   4.4220939e+00
   1.2200000e+02   4.4049683e+00
   1.2300000e+02   4.3880897e+00
   1.2400000e+02   4.3714604e+00
   1.2500000e+02   4.3550811e+00
   1.2600000e+02   4.3389521e+00
   1.2700000e+02   4.3230753e+00
   1.2800000e+02   4.3074512e+00
   1.2900000e+02   4.2920814e+00
   1.3000000e+02   4.2769656e+00
   1.3100000e+02   4.2621055e+00
   1.3200000e+02   4.2475019e+00
   1.3300000e+02   4.2331548e+00
   1.3400000e+02   4.2190661e+00
   1.3500000e+02   4.2052355e+00
   1.3600000e+02   4.1916637e+00
   1.3700000e+02   4.1783524e+00
   1.3800000e+02   4.1653004e+00
   1.3900000e+02   4.1525092e+00
   1.4000000e+02   4.1399789e+00
   1.4100000e+02   4.1277108e+00
   1.4200000e+02   4.1157045e+00
   1.4300000e+02   4.1039605e+00
   1.4400000e+02   4.0924792e+00
   1.4500000e+02   4.0812607e+00
   1.4600000e+02   4.0703058e+00
   1.4700000e+02   4.0596142e+00
   1.4800000e+02   4.0491867e+00
   1.4900000e+02   4.0390229e+00
   1.5000000e+02   4.0291233e+00
   1.5100000e+02   4.0223413e+00
   1.5200000e+02   4.0158315e+00
   1.5300000e+02   4.0095940e+00
   1.5400000e+02   4.0036297e+00
   1.5500000e+02   3.9979384e+00
   1.5600000e+02   3.9925196e+00
   1.5700000e+02   3.9873736e+00
   1.5800000e+02   3.9825003e+00
   1.5900000e+02   3.9778998e+00
   1.6000000e+02   3.9735718e+00
   1.6100000e+02   3.9695163e+00
   1.6200000e+02   3.9657331e+00
   1.6300000e+02   3.9622221e+00
   1.6400000e+02   3.9589832e+00
   1.6500000e+02   3.9560163e+00
   1.6600000e+02   3.9533210e+00
   1.6700000e+02   3.9508972e+00
   1.6800000e+02   3.9487445e+00
   1.6900000e+02   3.9468629e+00
   1.7000000e+02   3.9452522e+00
   1.7100000e+02   3.9439118e+00
   1.7200000e+02   3.9428427e+00
   1.7300000e+02   3.9420435e+00
   1.7400000e+02   3.9415138e+00
   1.7500000e+02   3.9412529e+00
   1.7600000e+02   3.9412611e+00
   1.7700000e+02   3.9415390e+00
   1.7800000e+02   3.9420865e+00
   1.7900000e+02   3.9429023e+00
   1.8000000e+02   3.9439859e+00
   1.8100000e+02   3.9469781e+00
   1.8200000e+02   3.9502432e+00
   1.8300000e+02   3.9537807e+00
   1.8400000e+02   3.9575903e+00
   1.8500000e+02   3.9616711e+00
   1.8600000e+02   3.9660227e+00
   1.8700000e+02   3.9706445e+00
   1.8800000e+02   3.9755359e+00
   1.8900000e+02   3.9806960e+00
   1.9000000e+02   3.9861248e+00
   1.9100000e+02   3.9918211e+00
   1.9200000e+02   3.9977841e+00
   1.9300000e+02   4.0040154e+00
   1.9400000e+02   4.0105128e+00
   1.9500000e+02   4.0172749e+00
   1.9600000e+02   4.0243006e+00
   1.9700000e+02   4.0315900e+00
   1.9800000e+02   4.0391417e+00
   1.9900000e+02   4.0469551e+00
   2.0000000e+02   4.0550280e+00
   2.0100000e+02   4.0633612e+00
   2.0200000e+02   4.0719523e+00
   2.0300000e+02   4.0808005e+00
   2.0400000e+02   4.0899057e+00
   2.0500000e+02   4.0992656e+00
   2.0600000e+02   4.1088796e+00
   2.0700000e+02   4.1187468e+00
   2.0800000e+02   4.1288657e+00
   2.0900000e+02   4.1392350e+00
   2.1000000e+02   4.1498542e+00
   2.1100000e+02   4.1605892e+00
   2.1200000e+02   4.1715755e+00
   2.1300000e+02   4.1828122e+00
   2.1400000e+02   4.1942973e+00
   2.1500000e+02   4.2060304e+00
   2.1600000e+02   4.2180099e+00
   2.1700000e+02   4.2302346e+00
   2.1800000e+02   4.2427025e+00
   2.1900000e+02   4.2554131e+00
   2.2000000e+02   4.2683644e+00
   2.2100000e+02   4.2815552e+00
   2.2200000e+02   4.2949834e+00
   2.2300000e+02   4.3086486e+00
   2.2400000e+02   4.3225479e+00
   2.2500000e+02   4.3366804e+00
   2.2600000e+02   4.3510442e+00
   2.2700000e+02   4.3656373e+00
   2.2800000e+02   4.3804588e+00
   2.2900000e+02   4.3955059e+00
   2.3000000e+02   4.4107766e+00
   2.3100000e+02   4.4262695e+00
   2.3200000e+02   4.4419827e+00
   2.3300000e+02   4.4579144e+00
   2.3400000e+02   4.4740610e+00
   2.3500000e+02   4.4904213e+00
   2.3600000e+02   4.5069933e+00
   2.3700000e+02   4.5237741e+00
   2.3800000e+02   4.5407619e+00
   2.3900000e+02   4.5579543e+00
   2.4000000e+02   4.5753479e+00
   2.4100000e+02   4.5911522e+00
   2.4200000e+02   4.6071453e+00
   2.4300000e+02   4.6233253e+00
   2.4400000e+02   4.6396885e+00
   2.4500000e+02   4.6562324e+00
   2.4600000e+02   4.6729541e+00
   2.4700000e+02   4.6898503e+00
   2.4800000e+02   4.7069187e+00
   2.4900000e+02   4.7241554e+00
   2.5000000e+02   4.7415576e+00
   2.5100000e+02   4.7591214e+00
   2.5200000e+02   4.7768445e+00
   2.5300000e+02   4.7947226e+00
   2.5400000e+02   4.8127527e+00
   2.5500000e+02   4.8309312e+00
   2.5600000e+02   4.8492537e+00
   2.5700000e+02   4.8677177e+00
   2.5800000e+02   4.8863187e+00
   2.5900000e+02   4.9050531e+00
   2.6000000e+02   4.9239168e+00
   2.6100000e+02   4.9429054e+00
   2.6200000e+02   4.9620152e+00
   2.6300000e+02   4.9812427e+00
   2.6400000e+02   5.0005827e+00
   2.6500000e+02   5.0200310e+00
   2.6600000e+02   5.0395837e+00
   2.6700000e+02   5.0592360e+00
   2.6800000e+02   5.0789838e+00
   2.6900000e+02   5.0988216e+00
   2.7000000e+02   5.1187453e+00
   2.7100000e+02   5.1360097e+00
   2.7200000e+02   5.1533370e+00
   2.7300000e+02   5.1707230e+00
   2.7400000e+02   5.1881623e+00
   2.7500000e+02   5.2056503e+00
   2.7600000e+02   5.2231817e+00
   2.7700000e+02   5.2407513e+00
   2.7800000e+02   5.2583532e+00
   2.7900000e+02   5.2759829e+00
   2.8000000e+02   5.2936349e+00
   2.8100000e+02   5.3113031e+00
   2.8200000e+02   5.3289828e+00
   2.8300000e+02   5.3466678e+00
   2.8400000e+02   5.3643537e+00
   2.8500000e+02   5.3820329e+00
   2.8600000e+02   5.3997011e+00
   2.8700000e+02   5.4173522e+00
   2.8800000e+02   5.4349799e+00
   2.8900000e+02   5.4525790e+00
   2.9000000e+02   5.4701428e+00
   2.9100000e+02   5.4876661e+00
   2.9200000e+02   5.5051427e+00
   2.9300000e+02   5.5225663e+00
   2.9400000e+02   5.5399308e+00
   2.9500000e+02   5.5572300e+00
   2.9600000e+02   5.5744581e+00
   2.9700000e+02   5.5916090e+00
   2.9800000e+02   5.6086760e+00
   2.9900000e+02   5.6256528e+00
   3.0000000e+02   5.6425338e+00
   3.0100000e+02   5.6563191e+00
   3.0200000e+02   5.6699824e+00
   3.0300000e+02   5.6835170e+00
   3.0400000e+02   5.6969171e+00
   3.0500000e+02   5.7101769e+00
   3.0600000e+02   5.7232895e+00
   3.0700000e+02   5.7362490e+00
   3.0800000e+02   5.7490492e+00
   3.0900000e+02   5.7616844e+00
   3.1000000e+02   5.7741485e+00
   3.1100000e+02   5.7864347e+00
   3.1200000e+02   5.7985377e+00
   3.1300000e+02   5.8104515e+00
   3.1400000e+02   5.8221693e+00
   3.1500000e+02   5.8336868e+00
   3.1600000e+02   5.8449969e+00
   3.1700000e+02   5.8560939e+00
   3.1800000e+02   5.8669720e+00
   3.1900000e+02   5.8776264e+00
   3.2000000e+02   5.8880506e+00
   3.2100000e+02   5.8982391e+00
   3.2200000e+02   5.9081874e+00
   3.2300000e+02   5.9178886e+00
   3.2400000e+02   5.9273386e+00
   3.2500000e+02   5.9365320e+00
   3.2600000e+02   5.9454632e+00
   3.2700000e+02   5.9541273e+00
   3.2800000e+02   5.9625196e+00
   3.2900000e+02   5.9706349e+00
   3.3000000e+02   5.9784689e+00
   3.3100000e+02   5.9830418e+00
   3.3200000e+02   5.9873157e+00
   3.3300000e+02   5.9912863e+00
   3.3400000e+02   5.9949493e+00
   3.3500000e+02   5.9983020e+00
   3.3600000e+02   6.0013394e+00
   3.3700000e+02   6.0040588e+00
   3.3800000e+02   6.0064564e+00
   3.3900000e+02   6.0085292e+00
   3.4000000e+02   6.0102735e+00
   3.4100000e+02   6.0116868e+00
   3.4200000e+02   6.0127668e+00
   3.4300000e+02   6.0135102e+00
   3.4400000e+02   6.0139146e+00
   3.4500000e+02   6.0139780e+00
   3.4600000e+02   6.0136981e+00
   3.4700000e+02   6.0130725e+00
   3.4800000e+02   6.0120997e+00
   3.4900000e+02   6.0107784e+00
   3.5000000e+02   6.0091066e+00
   3.5100000e+02   6.0070839e+00
   3.5200000e+02   6.0047083e+00
   3.5300000e+02   6.0019794e+00
   3.5400000e+02   5.9988961e+00
   3.5500000e+02   5.9954581e+00
   3.5600000e+02   5.9916644e+00
   3.5700000e+02   5.9875164e+00
   3.5800000e+02   5.9830127e+00
   3.5900000e+02   5.9781532e+00
   2.6219766e-08   5.9729395e+00
