   0.0000000e+00   5.2545330e+01
   1.0000000e+00   5.2545330e+01
   2.0000000e+00   5.2489574e+01
   3.0000000e+00   5.2426502e+01
   4.0000000e+00   5.2356922e+01
   5.0000000e+00   5.2280869e+01
   6.0000000e+00   5.2198387e+01
   7.0000000e+00   5.2109512e+01
   8.0000000e+00   5.2014294e+01
   9.0000000e+00   5.1912788e+01
   1.0000000e+01   5.1805054e+01
   1.1000000e+01   5.1691147e+01
   1.2000000e+01   5.1571136e+01
   1.3000000e+01   5.1445099e+01
   1.4000000e+01   5.1313103e+01
   1.5000000e+01   5.1175228e+01
   1.6000000e+01   5.1031567e+01
   1.7000000e+01   5.0882202e+01
   1.8000000e+01   5.0727230e+01
   1.9000000e+01   5.0566742e+01
   2.0000000e+01   5.0400848e+01
   2.1000000e+01   5.0229641e+01
   2.2000000e+01   5.0053246e+01
   2.3000000e+01   4.9871769e+01
   2.4000000e+01   4.9685341e+01
   2.5000000e+01   4.9494061e+01
   2.6000000e+01   4.9298054e+01
   2.7000000e+01   4.9097435e+01
   2.8000000e+01   4.8892342e+01
   2.9000000e+01   4.8682896e+01
   3.0000000e+01   4.8469227e+01
   3.1000000e+01   4.8255753e+01
   3.2000000e+01   4.8037628e+01
   3.3000000e+01   4.7815002e+01
   3.4000000e+01   4.7588009e+01
   3.5000000e+01   4.7356812e+01
   3.6000000e+01   4.7121555e+01
   3.7000000e+01   4.6882385e+01
   3.8000000e+01   4.6639465e+01
   3.9000000e+01   4.6392937e+01
   4.0000000e+01   4.6142967e+01
   4.1000000e+01   4.5889702e+01
   4.2000000e+01   4.5633305e+01
   4.3000000e+01   4.5373920e+01
   4.4000000e+01   4.5111713e+01
   4.5000000e+01   4.4846832e+01
   4.6000000e+01   4.4579433e+01
   4.7000000e+01   4.4309673e+01
   4.8000000e+01   4.4037704e+01
   4.9000000e+01   4.3763680e+01
   5.0000000e+01   4.3487747e+01
   5.1000000e+01   4.3210060e+01
   5.2000000e+01   4.2930767e+01
   5.3000000e+01   4.2650017e+01
   5.4000000e+01   4.2367950e+01
   5.5000000e+01   4.2084713e+01
   5.6000000e+01   4.1800446e+01
   5.7000000e+01   4.1515285e+01
   5.8000000e+01   4.1229374e+01
   5.9000000e+01   4.0942848e+01
   6.0000000e+01   4.0655830e+01
   6.1000000e+01   4.0397469e+01
   6.2000000e+01   4.0137634e+01
   6.3000000e+01   3.9876469e+01
   6.4000000e+01   3.9614120e+01
   6.5000000e+01   3.9350723e+01
   6.6000000e+01   3.9086418e+01
   6.7000000e+01   3.8821339e+01
   6.8000000e+01   3.8555622e+01
   6.9000000e+01   3.8289387e+01
   7.0000000e+01   3.8022770e+01
   7.1000000e+01   3.7755886e+01
   7.2000000e+01   3.7488865e+01
   7.3000000e+01   3.7221813e+01
   7.4000000e+01   3.6954849e+01
   7.5000000e+01   3.6688084e+01
   7.6000000e+01   3.6421612e+01
   7.7000000e+01   3.6155548e+01
   7.8000000e+01   3.5889992e+01
   7.9000000e+01   3.5625027e+01
   8.0000000e+01   3.5360764e+01
   8.1000000e+01   3.5097279e+01
   8.2000000e+01   3.4834663e+01
   8.3000000e+01   3.4572998e+01
   8.4000000e+01   3.4312366e+01
   8.5000000e+01   3.4052841e+01
   8.6000000e+01   3.3794502e+01
   8.7000000e+01   3.3537418e+01
   8.8000000e+01   3.3281654e+01
   8.9000000e+01   3.3027275e+01
   9.0000000e+01   3.2774338e+01
   9.1000000e+01   3.2555607e+01
   9.2000000e+01   3.2337513e+01
   9.3000000e+01   3.2120144e+01
   9.4000000e+01   3.1903566e+01
   9.5000000e+01   3.1687847e+01
   9.6000000e+01   3.1473045e+01
   9.7000000e+01   3.1259218e+01
   9.8000000e+01   3.1046427e+01
   9.9000000e+01   3.0834721e+01
   1.0000000e+02   3.0624155e+01
   1.0100000e+02   3.0414776e+01
   1.0200000e+02   3.0206631e+01
   1.0300000e+02   2.9999763e+01
   1.0400000e+02   2.9794216e+01
   1.0500000e+02   2.9590027e+01
   1.0600000e+02   2.9387232e+01
   1.0700000e+02   2.9185873e+01
   1.0800000e+02   2.8985973e+01
   1.0900000e+02   2.8787569e+01
   1.1000000e+02   2.8590687e+01
   1.1100000e+02   2.8395353e+01
   1.1200000e+02   2.8201593e+01
   1.1300000e+02   2.8009432e+01
   1.1400000e+02   2.7818888e+01
   1.1500000e+02   2.7629978e+01
   1.1600000e+02   2.7442724e+01
   1.1700000e+02   2.7257139e+01
   1.1800000e+02   2.7073381e+01
   1.1900000e+02   2.6891354e+01
   1.2000000e+02   2.6711037e+01
   1.2100000e+02   2.6561430e+01
   1.2200000e+02   2.6413492e+01
   1.2300000e+02   2.6267229e+01
   1.2400000e+02   2.6122705e+01
   1.2500000e+02   2.5979959e+01
   1.2600000e+02   2.5838942e+01
   1.2700000e+02   2.5699644e+01
   1.2800000e+02   2.5562063e+01
   1.2900000e+02   2.5426203e+01
   1.3000000e+02   2.5292059e+01
   1.3100000e+02   2.5159634e+01
   1.3200000e+02   2.5028923e+01
   1.3300000e+02   2.4899931e+01
   1.3400000e+02   2.4772650e+01
   1.3500000e+02   2.4647078e+01
   1.3600000e+02   2.4523212e+01
   1.3700000e+02   2.4401047e+01
   1.3800000e+02   2.4280579e+01
   1.3900000e+02   2.4161802e+01
   1.4000000e+02   2.4044714e+01
   1.4100000e+02   2.3929304e+01
   1.4200000e+02   2.3815573e+01
   1.4300000e+02   2.3703508e+01
   1.4400000e+02   2.3593107e+01
   1.4500000e+02   2.3484369e+01
   1.4600000e+02   2.3377291e+01
   1.4700000e+02   2.3271864e+01
   1.4800000e+02   2.3168060e+01
   1.4900000e+02   2.3065874e+01
   1.5000000e+02   2.2965698e+01
   1.5100000e+02   2.2880676e+01
   1.5200000e+02   2.2797951e+01
   1.5300000e+02   2.2717505e+01
   1.5400000e+02   2.2639315e+01
   1.5500000e+02   2.2563370e+01
   1.5600000e+02   2.2489643e+01
   1.5700000e+02   2.2418127e+01
   1.5800000e+02   2.2348803e+01
   1.5900000e+02   2.2281649e+01
   1.6000000e+02   2.2216654e+01
   1.6100000e+02   2.2153980e+01
   1.6200000e+02   2.2093523e+01
   1.6300000e+02   2.2035212e+01
   1.6400000e+02   2.1979031e+01
   1.6500000e+02   2.1924965e+01
   1.6600000e+02   2.1872997e+01
   1.6700000e+02   2.1823116e+01
   1.6800000e+02   2.1775307e+01
   1.6900000e+02   2.1729557e+01
   1.7000000e+02   2.1685854e+01
   1.7100000e+02   2.1644182e+01
   1.7200000e+02   2.1604534e+01
   1.7300000e+02   2.1566898e+01
   1.7400000e+02   2.1531261e+01
   1.7500000e+02   2.1497610e+01
   1.7600000e+02   2.1465937e+01
   1.7700000e+02   2.1436232e+01
   1.7800000e+02   2.1408506e+01
   1.7900000e+02   2.1382719e+01
   1.8000000e+02   2.1358833e+01
   1.8100000e+02   2.1352970e+01
   1.8200000e+02   2.1349442e+01
   1.8300000e+02   2.1348238e+01
   1.8400000e+02   2.1349346e+01
   1.8500000e+02   2.1352755e+01
   1.8600000e+02   2.1358461e+01
   1.8700000e+02   2.1366447e+01
   1.8800000e+02   2.1376701e+01
   1.8900000e+02   2.1389215e+01
   1.9000000e+02   2.1403978e+01
   1.9100000e+02   2.1421015e+01
   1.9200000e+02   2.1440632e+01
   1.9300000e+02   2.1462431e+01
   1.9400000e+02   2.1486406e+01
   1.9500000e+02   2.1512552e+01
   1.9600000e+02   2.1540865e+01
   1.9700000e+02   2.1571341e+01
   1.9800000e+02   2.1603975e+01
   1.9900000e+02   2.1638765e+01
   2.0000000e+02   2.1675711e+01
   2.0100000e+02   2.1714808e+01
   2.0200000e+02   2.1756054e+01
   2.0300000e+02   2.1799450e+01
   2.0400000e+02   2.1844992e+01
   2.0500000e+02   2.1892681e+01
   2.0600000e+02   2.1942516e+01
   2.0700000e+02   2.1994497e+01
   2.0800000e+02   2.2048626e+01
   2.0900000e+02   2.2104904e+01
   2.1000000e+02   2.2163328e+01
   2.1100000e+02   2.2248087e+01
   2.1200000e+02   2.2335239e+01
   2.1300000e+02   2.2424797e+01
   2.1400000e+02   2.2516867e+01
   2.1500000e+02   2.2611376e+01
   2.1600000e+02   2.2708307e+01
   2.1700000e+02   2.2807673e+01
   2.1800000e+02   2.2909479e+01
   2.1900000e+02   2.3013744e+01
   2.2000000e+02   2.3120472e+01
   2.2100000e+02   2.3229681e+01
   2.2200000e+02   2.3341377e+01
   2.2300000e+02   2.3455576e+01
   2.2400000e+02   2.3572287e+01
   2.2500000e+02   2.3691523e+01
   2.2600000e+02   2.3813293e+01
   2.2700000e+02   2.3937613e+01
   2.2800000e+02   2.4064491e+01
   2.2900000e+02   2.4193937e+01
   2.3000000e+02   2.4325962e+01
   2.3100000e+02   2.4460581e+01
   2.3200000e+02   2.4597797e+01
   2.3300000e+02   2.4737631e+01
   2.3400000e+02   2.4880083e+01
   2.3500000e+02   2.5025169e+01
   2.3600000e+02   2.5172899e+01
   2.3700000e+02   2.5323280e+01
   2.3800000e+02   2.5476318e+01
   2.3900000e+02   2.5632027e+01
   2.4000000e+02   2.5790411e+01
   2.4100000e+02   2.5955982e+01
   2.4200000e+02   2.6124428e+01
   2.4300000e+02   2.6295767e+01
   2.4400000e+02   2.6470013e+01
   2.4500000e+02   2.6647177e+01
   2.4600000e+02   2.6827274e+01
   2.4700000e+02   2.7010323e+01
   2.4800000e+02   2.7196331e+01
   2.4900000e+02   2.7385309e+01
   2.5000000e+02   2.7577274e+01
   2.5100000e+02   2.7772230e+01
   2.5200000e+02   2.7970188e+01
   2.5300000e+02   2.8171158e+01
   2.5400000e+02   2.8375141e+01
   2.5500000e+02   2.8582150e+01
   2.5600000e+02   2.8792183e+01
   2.5700000e+02   2.9005249e+01
   2.5800000e+02   2.9221342e+01
   2.5900000e+02   2.9440468e+01
   2.6000000e+02   2.9662624e+01
   2.6100000e+02   2.9887783e+01
   2.6200000e+02   3.0115961e+01
   2.6300000e+02   3.0347155e+01
   2.6400000e+02   3.0581352e+01
   2.6500000e+02   3.0818542e+01
   2.6600000e+02   3.1058714e+01
   2.6700000e+02   3.1301851e+01
   2.6800000e+02   3.1547935e+01
   2.6900000e+02   3.1796947e+01
   2.7000000e+02   3.2048866e+01
   2.7100000e+02   3.2287460e+01
   2.7200000e+02   3.2528858e+01
   2.7300000e+02   3.2773033e+01
   2.7400000e+02   3.3019962e+01
   2.7500000e+02   3.3269615e+01
   2.7600000e+02   3.3521957e+01
   2.7700000e+02   3.3776932e+01
   2.7800000e+02   3.4034523e+01
   2.7900000e+02   3.4294697e+01
   2.8000000e+02   3.4557404e+01
   2.8100000e+02   3.4822605e+01
   2.8200000e+02   3.5090244e+01
   2.8300000e+02   3.5360268e+01
   2.8400000e+02   3.5632622e+01
   2.8500000e+02   3.5907246e+01
   2.8600000e+02   3.6184074e+01
   2.8700000e+02   3.6463047e+01
   2.8800000e+02   3.6744087e+01
   2.8900000e+02   3.7027122e+01
   2.9000000e+02   3.7312073e+01
   2.9100000e+02   3.7598858e+01
   2.9200000e+02   3.7887394e+01
   2.9300000e+02   3.8177589e+01
   2.9400000e+02   3.8469357e+01
   2.9500000e+02   3.8762589e+01
   2.9600000e+02   3.9057194e+01
   2.9700000e+02   3.9353062e+01
   2.9800000e+02   3.9650085e+01
   2.9900000e+02   3.9948154e+01
   3.0000000e+02   4.0247154e+01
   3.0100000e+02   4.0510242e+01
   3.0200000e+02   4.0773682e+01
   3.0300000e+02   4.1037361e+01
   3.0400000e+02   4.1301144e+01
   3.0500000e+02   4.1564911e+01
   3.0600000e+02   4.1828541e+01
   3.0700000e+02   4.2091896e+01
   3.0800000e+02   4.2354847e+01
   3.0900000e+02   4.2617256e+01
   3.1000000e+02   4.2878990e+01
   3.1100000e+02   4.3139908e+01
   3.1200000e+02   4.3399868e+01
   3.1300000e+02   4.3658718e+01
   3.1400000e+02   4.3916325e+01
   3.1500000e+02   4.4172531e+01
   3.1600000e+02   4.4427193e+01
   3.1700000e+02   4.4680157e+01
   3.1800000e+02   4.4931278e+01
   3.1900000e+02   4.5180397e+01
   3.2000000e+02   4.5427361e+01
   3.2100000e+02   4.5672016e+01
   3.2200000e+02   4.5914204e+01
   3.2300000e+02   4.6153774e+01
   3.2400000e+02   4.6390568e+01
   3.2500000e+02   4.6624435e+01
   3.2600000e+02   4.6855217e+01
   3.2700000e+02   4.7082767e+01
   3.2800000e+02   4.7306927e+01
   3.2900000e+02   4.7527546e+01
   3.3000000e+02   4.7744480e+01
   3.3100000e+02   4.7896950e+01
   3.3200000e+02   4.8045059e+01
   3.3300000e+02   4.8188683e+01
   3.3400000e+02   4.8327690e+01
   3.3500000e+02   4.8461964e+01
   3.3600000e+02   4.8591373e+01
   3.3700000e+02   4.8715813e+01
   3.3800000e+02   4.8835167e+01
   3.3900000e+02   4.8949322e+01
   3.4000000e+02   4.9058167e+01
   3.4100000e+02   4.9161602e+01
   3.4200000e+02   4.9259533e+01
   3.4300000e+02   4.9351856e+01
   3.4400000e+02   4.9438488e+01
   3.4500000e+02   4.9519337e+01
   3.4600000e+02   4.9594318e+01
   3.4700000e+02   4.9663361e+01
   3.4800000e+02   4.9726383e+01
   3.4900000e+02   4.9783321e+01
   3.5000000e+02   4.9834118e+01
   3.5100000e+02   4.9878708e+01
   3.5200000e+02   4.9917042e+01
   3.5300000e+02   4.9949066e+01
   3.5400000e+02   4.9974747e+01
   3.5500000e+02   4.9994045e+01
   3.5600000e+02   5.0006927e+01
   3.5700000e+02   5.0013374e+01
   3.5800000e+02   5.0013351e+01
   3.5900000e+02   5.0006847e+01
   2.6219766e-08   4.9993866e+01
