   0.0000000e+00  -1.2155342e-17
   1.0000000e+00   6.5017887e-04
   2.0000000e+00   1.2358020e-03
   3.0000000e+00   1.8349095e-03
   4.0000000e+00   2.4477558e-03
   5.0000000e+00   3.0742297e-03
   6.0000000e+00   3.7142190e-03
   7.0000000e+00   4.3676137e-03
   8.0000000e+00   5.0343024e-03
   9.0000000e+00   5.7141776e-03
   1.0000000e+01   6.4071305e-03
   1.1000000e+01   7.1130525e-03
   1.2000000e+01   7.8318380e-03
   1.3000000e+01   8.5633788e-03
   1.4000000e+01   9.3075717e-03
   1.5000000e+01   1.0064316e-02
   1.6000000e+01   1.0833506e-02
   1.7000000e+01   1.1615041e-02
   1.8000000e+01   1.2408812e-02
   1.9000000e+01   1.3214719e-02
   2.0000000e+01   1.4032659e-02
   2.1000000e+01   1.4862534e-02
   2.2000000e+01   1.5704241e-02
   2.3000000e+01   1.6557680e-02
   2.4000000e+01   1.7422752e-02
   2.5000000e+01   1.8299349e-02
   2.6000000e+01   1.9187372e-02
   2.7000000e+01   2.0086722e-02
   2.8000000e+01   2.0997299e-02
   2.9000000e+01   2.1919012e-02
   3.0000000e+01   2.2851767e-02
   3.1000000e+01   2.3973582e-02
   3.2000000e+01   2.5116859e-02
   3.3000000e+01   2.6281398e-02
   3.4000000e+01   2.7467007e-02
   3.5000000e+01   2.8673494e-02
   3.6000000e+01   2.9900664e-02
   3.7000000e+01   3.1148333e-02
   3.8000000e+01   3.2416299e-02
   3.9000000e+01   3.3704381e-02
   4.0000000e+01   3.5012379e-02
   4.1000000e+01   3.6340114e-02
   4.2000000e+01   3.7687387e-02
   4.3000000e+01   3.9054021e-02
   4.4000000e+01   4.0439829e-02
   4.5000000e+01   4.1844632e-02
   4.6000000e+01   4.3268248e-02
   4.7000000e+01   4.4710502e-02
   4.8000000e+01   4.6171214e-02
   4.9000000e+01   4.7650207e-02
   5.0000000e+01   4.9147312e-02
   5.1000000e+01   5.0662350e-02
   5.2000000e+01   5.2195150e-02
   5.3000000e+01   5.3745545e-02
   5.4000000e+01   5.5313371e-02
   5.5000000e+01   5.6898449e-02
   5.6000000e+01   5.8500621e-02
   5.7000000e+01   6.0119718e-02
   5.8000000e+01   6.1755579e-02
   5.9000000e+01   6.3408040e-02
   6.0000000e+01   6.5076947e-02
   6.1000000e+01   6.6944711e-02
   6.2000000e+01   6.8833247e-02
   6.3000000e+01   7.0742354e-02
   6.4000000e+01   7.2671808e-02
   6.5000000e+01   7.4621402e-02
   6.6000000e+01   7.6590940e-02
   6.7000000e+01   7.8580216e-02
   6.8000000e+01   8.0589019e-02
   6.9000000e+01   8.2617164e-02
   7.0000000e+01   8.4664434e-02
   7.1000000e+01   8.6730652e-02
   7.2000000e+01   8.8815622e-02
   7.3000000e+01   9.0919130e-02
   7.4000000e+01   9.3041003e-02
   7.5000000e+01   9.5181055e-02
   7.6000000e+01   9.7339079e-02
   7.7000000e+01   9.9514931e-02
   7.8000000e+01   1.0170840e-01
   7.9000000e+01   1.0391933e-01
   8.0000000e+01   1.0614754e-01
   8.1000000e+01   1.0839284e-01
   8.2000000e+01   1.1065508e-01
   8.3000000e+01   1.1293407e-01
   8.4000000e+01   1.1522965e-01
   8.5000000e+01   1.1754166e-01
   8.6000000e+01   1.1986992e-01
   8.7000000e+01   1.2221427e-01
   8.8000000e+01   1.2457455e-01
   8.9000000e+01   1.2695058e-01
   9.0000000e+01   1.2934223e-01
   9.1000000e+01   1.3170299e-01
   9.2000000e+01   1.3407908e-01
   9.3000000e+01   1.3647039e-01
   9.4000000e+01   1.3887680e-01
   9.5000000e+01   1.4129819e-01
   9.6000000e+01   1.4373446e-01
   9.7000000e+01   1.4618549e-01
   9.8000000e+01   1.4865117e-01
   9.9000000e+01   1.5113141e-01
   1.0000000e+02   1.5362608e-01
   1.0100000e+02   1.5613511e-01
   1.0200000e+02   1.5865839e-01
   1.0300000e+02   1.6119578e-01
   1.0400000e+02   1.6374721e-01
   1.0500000e+02   1.6631258e-01
   1.0600000e+02   1.6889177e-01
   1.0700000e+02   1.7148469e-01
   1.0800000e+02   1.7409125e-01
   1.0900000e+02   1.7671134e-01
   1.1000000e+02   1.7934488e-01
   1.1100000e+02   1.8199176e-01
   1.1200000e+02   1.8465191e-01
   1.1300000e+02   1.8732521e-01
   1.1400000e+02   1.9001158e-01
   1.1500000e+02   1.9271094e-01
   1.1600000e+02   1.9542316e-01
   1.1700000e+02   1.9814816e-01
   1.1800000e+02   2.0088586e-01
   1.1900000e+02   2.0363624e-01
   1.2000000e+02   2.0639923e-01
   1.2100000e+02   2.0857172e-01
   1.2200000e+02   2.1075124e-01
   1.2300000e+02   2.1293777e-01
   1.2400000e+02   2.1513133e-01
   1.2500000e+02   2.1733192e-01
   1.2600000e+02   2.1953991e-01
   1.2700000e+02   2.2175577e-01
   1.2800000e+02   2.2397950e-01
   1.2900000e+02   2.2621115e-01
   1.3000000e+02   2.2845066e-01
   1.3100000e+02   2.3069809e-01
   1.3200000e+02   2.3295346e-01
   1.3300000e+02   2.3521672e-01
   1.3400000e+02   2.3748796e-01
   1.3500000e+02   2.3976715e-01
   1.3600000e+02   2.4205431e-01
   1.3700000e+02   2.4434943e-01
   1.3800000e+02   2.4665256e-01
   1.3900000e+02   2.4896367e-01
   1.4000000e+02   2.5128278e-01
   1.4100000e+02   2.5360987e-01
   1.4200000e+02   2.5594497e-01
   1.4300000e+02   2.5828809e-01
   1.4400000e+02   2.6063922e-01
   1.4500000e+02   2.6299834e-01
   1.4600000e+02   2.6536554e-01
   1.4700000e+02   2.6774076e-01
   1.4800000e+02   2.7012399e-01
   1.4900000e+02   2.7251527e-01
   1.5000000e+02   2.7491462e-01
   1.5100000e+02   2.7587682e-01
   1.5200000e+02   2.7683273e-01
   1.5300000e+02   2.7778232e-01
   1.5400000e+02   2.7872568e-01
   1.5500000e+02   2.7966279e-01
   1.5600000e+02   2.8059369e-01
   1.5700000e+02   2.8151840e-01
   1.5800000e+02   2.8243694e-01
   1.5900000e+02   2.8334931e-01
   1.6000000e+02   2.8425559e-01
   1.6100000e+02   2.8515580e-01
   1.6200000e+02   2.8604999e-01
   1.6300000e+02   2.8693828e-01
   1.6400000e+02   2.8782070e-01
   1.6500000e+02   2.8869727e-01
   1.6600000e+02   2.8956807e-01
   1.6700000e+02   2.9043314e-01
   1.6800000e+02   2.9129252e-01
   1.6900000e+02   2.9214630e-01
   1.7000000e+02   2.9299441e-01
   1.7100000e+02   2.9383704e-01
   1.7200000e+02   2.9467413e-01
   1.7300000e+02   2.9550579e-01
   1.7400000e+02   2.9633203e-01
   1.7500000e+02   2.9715294e-01
   1.7600000e+02   2.9796848e-01
   1.7700000e+02   2.9877883e-01
   1.7800000e+02   2.9958397e-01
   1.7900000e+02   3.0038399e-01
   1.8000000e+02   3.0117887e-01
   1.8100000e+02   3.0042911e-01
   1.8200000e+02   2.9966027e-01
   1.8300000e+02   2.9887244e-01
   1.8400000e+02   2.9806569e-01
   1.8500000e+02   2.9723999e-01
   1.8600000e+02   2.9639548e-01
   1.8700000e+02   2.9553217e-01
   1.8800000e+02   2.9465011e-01
   1.8900000e+02   2.9374936e-01
   1.9000000e+02   2.9282999e-01
   1.9100000e+02   2.9189205e-01
   1.9200000e+02   2.9093555e-01
   1.9300000e+02   2.8996074e-01
   1.9400000e+02   2.8896758e-01
   1.9500000e+02   2.8795615e-01
   1.9600000e+02   2.8692648e-01
   1.9700000e+02   2.8587860e-01
   1.9800000e+02   2.8481254e-01
   1.9900000e+02   2.8372830e-01
   2.0000000e+02   2.8262591e-01
   2.0100000e+02   2.8150544e-01
   2.0200000e+02   2.8036684e-01
   2.0300000e+02   2.7921021e-01
   2.0400000e+02   2.7803552e-01
   2.0500000e+02   2.7684286e-01
   2.0600000e+02   2.7563220e-01
   2.0700000e+02   2.7440357e-01
   2.0800000e+02   2.7315700e-01
   2.0900000e+02   2.7189252e-01
   2.1000000e+02   2.7061015e-01
   2.1100000e+02   2.6890126e-01
   2.1200000e+02   2.6717362e-01
   2.1300000e+02   2.6542732e-01
   2.1400000e+02   2.6366246e-01
   2.1500000e+02   2.6187912e-01
   2.1600000e+02   2.6007745e-01
   2.1700000e+02   2.5825748e-01
   2.1800000e+02   2.5641924e-01
   2.1900000e+02   2.5456288e-01
   2.2000000e+02   2.5268838e-01
   2.2100000e+02   2.5079587e-01
   2.2200000e+02   2.4888536e-01
   2.2300000e+02   2.4695696e-01
   2.2400000e+02   2.4501070e-01
   2.2500000e+02   2.4304669e-01
   2.2600000e+02   2.4106497e-01
   2.2700000e+02   2.3906560e-01
   2.2800000e+02   2.3704867e-01
   2.2900000e+02   2.3501422e-01
   2.3000000e+02   2.3296233e-01
   2.3100000e+02   2.3089305e-01
   2.3200000e+02   2.2880645e-01
   2.3300000e+02   2.2670260e-01
   2.3400000e+02   2.2458155e-01
   2.3500000e+02   2.2244337e-01
   2.3600000e+02   2.2028811e-01
   2.3700000e+02   2.1811584e-01
   2.3800000e+02   2.1592663e-01
   2.3900000e+02   2.1372055e-01
   2.4000000e+02   2.1149763e-01
   2.4100000e+02   2.0982522e-01
   2.4200000e+02   2.0814030e-01
   2.4300000e+02   2.0644292e-01
   2.4400000e+02   2.0473316e-01
   2.4500000e+02   2.0301107e-01
   2.4600000e+02   2.0127672e-01
   2.4700000e+02   1.9953018e-01
   2.4800000e+02   1.9777152e-01
   2.4900000e+02   1.9600078e-01
   2.5000000e+02   1.9421807e-01
   2.5100000e+02   1.9242342e-01
   2.5200000e+02   1.9061689e-01
   2.5300000e+02   1.8879855e-01
   2.5400000e+02   1.8696848e-01
   2.5500000e+02   1.8512671e-01
   2.5600000e+02   1.8327335e-01
   2.5700000e+02   1.8140841e-01
   2.5800000e+02   1.7953199e-01
   2.5900000e+02   1.7764413e-01
   2.6000000e+02   1.7574491e-01
   2.6100000e+02   1.7383437e-01
   2.6200000e+02   1.7191258e-01
   2.6300000e+02   1.6997962e-01
   2.6400000e+02   1.6803552e-01
   2.6500000e+02   1.6608036e-01
   2.6600000e+02   1.6411419e-01
   2.6700000e+02   1.6213708e-01
   2.6800000e+02   1.6014907e-01
   2.6900000e+02   1.5815023e-01
   2.7000000e+02   1.5614060e-01
   2.7100000e+02   1.5496564e-01
   2.7200000e+02   1.5378354e-01
   2.7300000e+02   1.5259430e-01
   2.7400000e+02   1.5139799e-01
   2.7500000e+02   1.5019464e-01
   2.7600000e+02   1.4898428e-01
   2.7700000e+02   1.4776698e-01
   2.7800000e+02   1.4654276e-01
   2.7900000e+02   1.4531167e-01
   2.8000000e+02   1.4407372e-01
   2.8100000e+02   1.4282899e-01
   2.8200000e+02   1.4157747e-01
   2.8300000e+02   1.4031924e-01
   2.8400000e+02   1.3905433e-01
   2.8500000e+02   1.3778275e-01
   2.8600000e+02   1.3650458e-01
   2.8700000e+02   1.3521983e-01
   2.8800000e+02   1.3392852e-01
   2.8900000e+02   1.3263074e-01
   2.9000000e+02   1.3132645e-01
   2.9100000e+02   1.3001576e-01
   2.9200000e+02   1.2869866e-01
   2.9300000e+02   1.2737522e-01
   2.9400000e+02   1.2604545e-01
   2.9500000e+02   1.2470939e-01
   2.9600000e+02   1.2336708e-01
   2.9700000e+02   1.2201855e-01
   2.9800000e+02   1.2066384e-01
   2.9900000e+02   1.1930297e-01
   3.0000000e+02   1.1793600e-01
   3.0100000e+02   1.1743955e-01
   3.0200000e+02   1.1693987e-01
   3.0300000e+02   1.1643700e-01
   3.0400000e+02   1.1593092e-01
   3.0500000e+02   1.1542168e-01
   3.0600000e+02   1.1490928e-01
   3.0700000e+02   1.1439373e-01
   3.0800000e+02   1.1387506e-01
   3.0900000e+02   1.1335329e-01
   3.1000000e+02   1.1282842e-01
   3.1100000e+02   1.1230049e-01
   3.1200000e+02   1.1176949e-01
   3.1300000e+02   1.1123545e-01
   3.1400000e+02   1.1069839e-01
   3.1500000e+02   1.1015831e-01
   3.1600000e+02   1.0961524e-01
   3.1700000e+02   1.0906919e-01
   3.1800000e+02   1.0852019e-01
   3.1900000e+02   1.0796823e-01
   3.2000000e+02   1.0741335e-01
   3.2100000e+02   1.0685556e-01
   3.2200000e+02   1.0629486e-01
   3.2300000e+02   1.0573128e-01
   3.2400000e+02   1.0516483e-01
   3.2500000e+02   1.0459554e-01
   3.2600000e+02   1.0402341e-01
   3.2700000e+02   1.0344846e-01
   3.2800000e+02   1.0287070e-01
   3.2900000e+02   1.0229014e-01
   3.3000000e+02   1.0170680e-01
   3.3100000e+02   1.0211220e-01
   3.3200000e+02   1.0251765e-01
   3.3300000e+02   1.0292315e-01
   3.3400000e+02   1.0332872e-01
   3.3500000e+02   1.0373433e-01
   3.3600000e+02   1.0414000e-01
   3.3700000e+02   1.0454571e-01
   3.3800000e+02   1.0495147e-01
   3.3900000e+02   1.0535727e-01
   3.4000000e+02   1.0576311e-01
   3.4100000e+02   1.0616899e-01
   3.4200000e+02   1.0657491e-01
   3.4300000e+02   1.0698087e-01
   3.4400000e+02   1.0738686e-01
   3.4500000e+02   1.0779288e-01
   3.4600000e+02   1.0819895e-01
   3.4700000e+02   1.0860503e-01
   3.4800000e+02   1.0901114e-01
   3.4900000e+02   1.0941729e-01
   3.5000000e+02   1.0982346e-01
   3.5100000e+02   1.1022966e-01
   3.5200000e+02   1.1063587e-01
   3.5300000e+02   1.1104211e-01
   3.5400000e+02   1.1144836e-01
   3.5500000e+02   1.1185465e-01
   3.5600000e+02   1.1226095e-01
   3.5700000e+02   1.1266726e-01
   3.5800000e+02   1.1307358e-01
   3.5900000e+02   1.1347991e-01
   2.6219766e-08   1.1388626e-01
