   0.0000000e+00   1.1181348e+04
   1.0000000e+00   1.3098682e+04
   2.0000000e+00   1.3101145e+04
   3.0000000e+00   1.3104777e+04
   4.0000000e+00   1.3109441e+04
   5.0000000e+00   1.3115141e+04
   6.0000000e+00   1.3121882e+04
   7.0000000e+00   1.3129668e+04
   8.0000000e+00   1.3138505e+04
   9.0000000e+00   1.3148398e+04
   1.0000000e+01   1.3159356e+04
   1.1000000e+01   1.3171382e+04
   1.2000000e+01   1.3184481e+04
   1.3000000e+01   1.3198660e+04
   1.4000000e+01   1.3213924e+04
   1.5000000e+01   1.3230279e+04
   1.6000000e+01   1.3247731e+04
   1.7000000e+01   1.3266286e+04
   1.8000000e+01   1.3285949e+04
   1.9000000e+01   1.3306726e+04
   2.0000000e+01   1.3328621e+04
   2.1000000e+01   1.3351641e+04
   2.2000000e+01   1.3375791e+04
   2.3000000e+01   1.3401072e+04
   2.4000000e+01   1.3427487e+04
   2.5000000e+01   1.3455047e+04
   2.6000000e+01   1.3483752e+04
   2.7000000e+01   1.3513611e+04
   2.8000000e+01   1.3544623e+04
   2.9000000e+01   1.3576795e+04
   3.0000000e+01   1.3610127e+04
   3.1000000e+01   1.3641266e+04
   3.2000000e+01   1.3673539e+04
   3.3000000e+01   1.3706951e+04
   3.4000000e+01   1.3741504e+04
   3.5000000e+01   1.3777199e+04
   3.6000000e+01   1.3814041e+04
   3.7000000e+01   1.3852028e+04
   3.8000000e+01   1.3891161e+04
   3.9000000e+01   1.3931443e+04
   4.0000000e+01   1.3972873e+04
   4.1000000e+01   1.4015449e+04
   4.2000000e+01   1.4059172e+04
   4.3000000e+01   1.4104038e+04
   4.4000000e+01   1.4150048e+04
   4.5000000e+01   1.4197195e+04
   4.6000000e+01   1.4245479e+04
   4.7000000e+01   1.4294894e+04
   4.8000000e+01   1.4345436e+04
   4.9000000e+01   1.4397099e+04
   5.0000000e+01   1.4449875e+04
   5.1000000e+01   1.4503761e+04
   5.2000000e+01   1.4558747e+04
   5.3000000e+01   1.4614824e+04
   5.4000000e+01   1.4671985e+04
   5.5000000e+01   1.4730221e+04
   5.6000000e+01   1.4789518e+04
   5.7000000e+01   1.4849867e+04
   5.8000000e+01   1.4911257e+04
   5.9000000e+01   1.4973673e+04
   6.0000000e+01   1.5037104e+04
   6.1000000e+01   1.5089354e+04
   6.2000000e+01   1.5142626e+04
   6.3000000e+01   1.5196904e+04
   6.4000000e+01   1.5252175e+04
   6.5000000e+01   1.5308419e+04
   6.6000000e+01   1.5365621e+04
   6.7000000e+01   1.5423763e+04
   6.8000000e+01   1.5482827e+04
   6.9000000e+01   1.5542793e+04
   7.0000000e+01   1.5603644e+04
   7.1000000e+01   1.5665355e+04
   7.2000000e+01   1.5727911e+04
   7.3000000e+01   1.5791286e+04
   7.4000000e+01   1.5855462e+04
   7.5000000e+01   1.5920415e+04
   7.6000000e+01   1.5986124e+04
   7.7000000e+01   1.6052563e+04
   7.8000000e+01   1.6119711e+04
   7.9000000e+01   1.6187541e+04
   8.0000000e+01   1.6256029e+04
   8.1000000e+01   1.6325150e+04
   8.2000000e+01   1.6394881e+04
   8.3000000e+01   1.6465189e+04
   8.4000000e+01   1.6536055e+04
   8.5000000e+01   1.6607447e+04
   8.6000000e+01   1.6679336e+04
   8.7000000e+01   1.6751697e+04
   8.8000000e+01   1.6824500e+04
   8.9000000e+01   1.6897717e+04
   9.0000000e+01   1.6971320e+04
   9.1000000e+01   1.7030377e+04
   9.2000000e+01   1.7089805e+04
   9.3000000e+01   1.7149566e+04
   9.4000000e+01   1.7209629e+04
   9.5000000e+01   1.7269963e+04
   9.6000000e+01   1.7330543e+04
   9.7000000e+01   1.7391332e+04
   9.8000000e+01   1.7452301e+04
   9.9000000e+01   1.7513418e+04
   1.0000000e+02   1.7574654e+04
   1.0100000e+02   1.7635977e+04
   1.0200000e+02   1.7697354e+04
   1.0300000e+02   1.7758754e+04
   1.0400000e+02   1.7820146e+04
   1.0500000e+02   1.7881498e+04
   1.0600000e+02   1.7942777e+04
   1.0700000e+02   1.8003953e+04
   1.0800000e+02   1.8064994e+04
   1.0900000e+02   1.8125867e+04
   1.1000000e+02   1.8186543e+04
   1.1100000e+02   1.8246988e+04
   1.1200000e+02   1.8307172e+04
   1.1300000e+02   1.8367061e+04
   1.1400000e+02   1.8426625e+04
   1.1500000e+02   1.8485834e+04
   1.1600000e+02   1.8544656e+04
   1.1700000e+02   1.8603063e+04
   1.1800000e+02   1.8660922e+04
   1.1900000e+02   1.8718277e+04
   1.2000000e+02   1.8775115e+04
   1.2100000e+02   1.8825797e+04
   1.2200000e+02   1.8875842e+04
   1.2300000e+02   1.8925219e+04
   1.2400000e+02   1.8973865e+04
   1.2500000e+02   1.9021721e+04
   1.2600000e+02   1.9068785e+04
   1.2700000e+02   1.9115035e+04
   1.2800000e+02   1.9160438e+04
   1.2900000e+02   1.9204969e+04
   1.3000000e+02   1.9248604e+04
   1.3100000e+02   1.9291313e+04
   1.3200000e+02   1.9333070e+04
   1.3300000e+02   1.9373854e+04
   1.3400000e+02   1.9413631e+04
   1.3500000e+02   1.9452383e+04
   1.3600000e+02   1.9490082e+04
   1.3700000e+02   1.9526705e+04
   1.3800000e+02   1.9562229e+04
   1.3900000e+02   1.9596629e+04
   1.4000000e+02   1.9629883e+04
   1.4100000e+02   1.9661967e+04
   1.4200000e+02   1.9692857e+04
   1.4300000e+02   1.9722537e+04
   1.4400000e+02   1.9750980e+04
   1.4500000e+02   1.9778166e+04
   1.4600000e+02   1.9804061e+04
   1.4700000e+02   1.9828654e+04
   1.4800000e+02   1.9851939e+04
   1.4900000e+02   1.9873895e+04
   1.5000000e+02   1.9894160e+04
   1.5100000e+02   1.9941053e+04
   1.5200000e+02   1.9986512e+04
   1.5300000e+02   2.0030520e+04
   1.5400000e+02   2.0073063e+04
   1.5500000e+02   2.0114123e+04
   1.5600000e+02   2.0153688e+04
   1.5700000e+02   2.0191740e+04
   1.5800000e+02   2.0228266e+04
   1.5900000e+02   2.0263250e+04
   1.6000000e+02   2.0296684e+04
   1.6100000e+02   2.0328383e+04
   1.6200000e+02   2.0358420e+04
   1.6300000e+02   2.0386832e+04
   1.6400000e+02   2.0413607e+04
   1.6500000e+02   2.0438734e+04
   1.6600000e+02   2.0462209e+04
   1.6700000e+02   2.0484018e+04
   1.6800000e+02   2.0504156e+04
   1.6900000e+02   2.0522613e+04
   1.7000000e+02   2.0539387e+04
   1.7100000e+02   2.0554467e+04
   1.7200000e+02   2.0567844e+04
   1.7300000e+02   2.0579518e+04
   1.7400000e+02   2.0589486e+04
   1.7500000e+02   2.0597742e+04
   1.7600000e+02   2.0604283e+04
   1.7700000e+02   2.0609104e+04
   1.7800000e+02   2.0612184e+04
   1.7900000e+02   2.0613555e+04
   1.8000000e+02   2.0613242e+04
   1.8100000e+02   2.0641025e+04
   1.8200000e+02   2.0667117e+04
   1.8300000e+02   2.0691516e+04
   1.8400000e+02   2.0714225e+04
   1.8500000e+02   2.0735246e+04
   1.8600000e+02   2.0754576e+04
   1.8700000e+02   2.0772229e+04
   1.8800000e+02   2.0788203e+04
   1.8900000e+02   2.0802508e+04
   1.9000000e+02   2.0815150e+04
   1.9100000e+02   2.0826105e+04
   1.9200000e+02   2.0835068e+04
   1.9300000e+02   2.0842432e+04
   1.9400000e+02   2.0848201e+04
   1.9500000e+02   2.0852387e+04
   1.9600000e+02   2.0854998e+04
   1.9700000e+02   2.0856041e+04
   1.9800000e+02   2.0855531e+04
   1.9900000e+02   2.0853475e+04
   2.0000000e+02   2.0849883e+04
   2.0100000e+02   2.0844770e+04
   2.0200000e+02   2.0838146e+04
   2.0300000e+02   2.0830025e+04
   2.0400000e+02   2.0820422e+04
   2.0500000e+02   2.0809346e+04
   2.0600000e+02   2.0796814e+04
   2.0700000e+02   2.0782844e+04
   2.0800000e+02   2.0767447e+04
   2.0900000e+02   2.0750643e+04
   2.1000000e+02   2.0732445e+04
   2.1100000e+02   2.0701955e+04
   2.1200000e+02   2.0670059e+04
   2.1300000e+02   2.0636777e+04
   2.1400000e+02   2.0602039e+04
   2.1500000e+02   2.0565939e+04
   2.1600000e+02   2.0528525e+04
   2.1700000e+02   2.0489818e+04
   2.1800000e+02   2.0449842e+04
   2.1900000e+02   2.0408615e+04
   2.2000000e+02   2.0366162e+04
   2.2100000e+02   2.0322508e+04
   2.2200000e+02   2.0277672e+04
   2.2300000e+02   2.0231686e+04
   2.2400000e+02   2.0184566e+04
   2.2500000e+02   2.0136340e+04
   2.2600000e+02   2.0087037e+04
   2.2700000e+02   2.0036680e+04
   2.2800000e+02   1.9985295e+04
   2.2900000e+02   1.9932910e+04
   2.3000000e+02   1.9879553e+04
   2.3100000e+02   1.9825254e+04
   2.3200000e+02   1.9770035e+04
   2.3300000e+02   1.9713932e+04
   2.3400000e+02   1.9656965e+04
   2.3500000e+02   1.9599172e+04
   2.3600000e+02   1.9540576e+04
   2.3700000e+02   1.9481209e+04
   2.3800000e+02   1.9421100e+04
   2.3900000e+02   1.9360281e+04
   2.4000000e+02   1.9298781e+04
   2.4100000e+02   1.9219590e+04
   2.4200000e+02   1.9139787e+04
   2.4300000e+02   1.9059412e+04
   2.4400000e+02   1.8978492e+04
   2.4500000e+02   1.8897059e+04
   2.4600000e+02   1.8815145e+04
   2.4700000e+02   1.8732787e+04
   2.4800000e+02   1.8650012e+04
   2.4900000e+02   1.8566857e+04
   2.5000000e+02   1.8483352e+04
   2.5100000e+02   1.8399531e+04
   2.5200000e+02   1.8315430e+04
   2.5300000e+02   1.8231078e+04
   2.5400000e+02   1.8146514e+04
   2.5500000e+02   1.8061768e+04
   2.5600000e+02   1.7976875e+04
   2.5700000e+02   1.7891871e+04
   2.5800000e+02   1.7806787e+04
   2.5900000e+02   1.7721656e+04
   2.6000000e+02   1.7636518e+04
   2.6100000e+02   1.7551414e+04
   2.6200000e+02   1.7466367e+04
   2.6300000e+02   1.7381414e+04
   2.6400000e+02   1.7296584e+04
   2.6500000e+02   1.7211914e+04
   2.6600000e+02   1.7127439e+04
   2.6700000e+02   1.7043191e+04
   2.6800000e+02   1.6959207e+04
   2.6900000e+02   1.6875516e+04
   2.7000000e+02   1.6792150e+04
   2.7100000e+02   1.6700229e+04
   2.7200000e+02   1.6608662e+04
   2.7300000e+02   1.6517480e+04
   2.7400000e+02   1.6426723e+04
   2.7500000e+02   1.6336412e+04
   2.7600000e+02   1.6246587e+04
   2.7700000e+02   1.6157287e+04
   2.7800000e+02   1.6068532e+04
   2.7900000e+02   1.5980352e+04
   2.8000000e+02   1.5892776e+04
   2.8100000e+02   1.5805837e+04
   2.8200000e+02   1.5719561e+04
   2.8300000e+02   1.5633979e+04
   2.8400000e+02   1.5549118e+04
   2.8500000e+02   1.5465008e+04
   2.8600000e+02   1.5381676e+04
   2.8700000e+02   1.5299150e+04
   2.8800000e+02   1.5217456e+04
   2.8900000e+02   1.5136620e+04
   2.9000000e+02   1.5056668e+04
   2.9100000e+02   1.4977626e+04
   2.9200000e+02   1.4899518e+04
   2.9300000e+02   1.4822367e+04
   2.9400000e+02   1.4746198e+04
   2.9500000e+02   1.4671034e+04
   2.9600000e+02   1.4596896e+04
   2.9700000e+02   1.4523807e+04
   2.9800000e+02   1.4451785e+04
   2.9900000e+02   1.4380854e+04
   3.0000000e+02   1.4311030e+04
   3.0100000e+02   1.4239259e+04
   3.0200000e+02   1.4168528e+04
   3.0300000e+02   1.4098854e+04
   3.0400000e+02   1.4030255e+04
   3.0500000e+02   1.3962746e+04
   3.0600000e+02   1.3896343e+04
   3.0700000e+02   1.3831059e+04
   3.0800000e+02   1.3766908e+04
   3.0900000e+02   1.3703904e+04
   3.1000000e+02   1.3642060e+04
   3.1100000e+02   1.3581385e+04
   3.1200000e+02   1.3521893e+04
   3.1300000e+02   1.3463592e+04
   3.1400000e+02   1.3406493e+04
   3.1500000e+02   1.3350604e+04
   3.1600000e+02   1.3295934e+04
   3.1700000e+02   1.3242491e+04
   3.1800000e+02   1.3190278e+04
   3.1900000e+02   1.3139308e+04
   3.2000000e+02   1.3089582e+04
   3.2100000e+02   1.3041106e+04
   3.2200000e+02   1.2993887e+04
   3.2300000e+02   1.2947927e+04
   3.2400000e+02   1.2903229e+04
   3.2500000e+02   1.2859797e+04
   3.2600000e+02   1.2817632e+04
   3.2700000e+02   1.2776737e+04
   3.2800000e+02   1.2737113e+04
   3.2900000e+02   1.2698761e+04
   3.3000000e+02   1.2661679e+04
   3.3100000e+02   1.2624418e+04
   3.3200000e+02   1.2588321e+04
   3.3300000e+02   1.2553391e+04
   3.3400000e+02   1.2519628e+04
   3.3500000e+02   1.2487036e+04
   3.3600000e+02   1.2455614e+04
   3.3700000e+02   1.2425364e+04
   3.3800000e+02   1.2396288e+04
   3.3900000e+02   1.2368385e+04
   3.4000000e+02   1.2341656e+04
   3.4100000e+02   1.2316103e+04
   3.4200000e+02   1.2291725e+04
   3.4300000e+02   1.2268521e+04
   3.4400000e+02   1.2246494e+04
   3.4500000e+02   1.2225644e+04
   3.4600000e+02   1.2205969e+04
   3.4700000e+02   1.2187471e+04
   3.4800000e+02   1.2170149e+04
   3.4900000e+02   1.2154006e+04
   3.5000000e+02   1.2139039e+04
   3.5100000e+02   1.2125250e+04
   3.5200000e+02   1.2112638e+04
   3.5300000e+02   1.2101204e+04
   3.5400000e+02   1.2090949e+04
   3.5500000e+02   1.2081873e+04
   3.5600000e+02   1.2073978e+04
   3.5700000e+02   1.2067263e+04
   3.5800000e+02   1.2061730e+04
   3.5900000e+02   1.2057382e+04
   2.6219766e-08   1.2054216e+04
