   0.0000000e+00   1.1990313e-01
   1.0000000e+00   1.4597031e-01
   2.0000000e+00   1.4667535e-01
   3.0000000e+00   1.4739366e-01
   4.0000000e+00   1.4811219e-01
   5.0000000e+00   1.4883088e-01
   6.0000000e+00   1.4954971e-01
   7.0000000e+00   1.5026867e-01
   8.0000000e+00   1.5098776e-01
   9.0000000e+00   1.5170695e-01
   1.0000000e+01   1.5242623e-01
   1.1000000e+01   1.5314560e-01
   1.2000000e+01   1.5386504e-01
   1.3000000e+01   1.5458453e-01
   1.4000000e+01   1.5530407e-01
   1.5000000e+01   1.5602365e-01
   1.6000000e+01   1.5674327e-01
   1.7000000e+01   1.5746291e-01
   1.8000000e+01   1.5818256e-01
   1.9000000e+01   1.5890221e-01
   2.0000000e+01   1.5962183e-01
   2.1000000e+01   1.6034147e-01
   2.2000000e+01   1.6106108e-01
   2.3000000e+01   1.6178031e-01
   2.4000000e+01   1.6249904e-01
   2.5000000e+01   1.6321765e-01
   2.6000000e+01   1.6393612e-01
   2.7000000e+01   1.6465446e-01
   2.8000000e+01   1.6537267e-01
   2.9000000e+01   1.6609074e-01
   3.0000000e+01   1.6680866e-01
   3.1000000e+01   1.6727723e-01
   3.2000000e+01   1.6775249e-01
   3.3000000e+01   1.6823430e-01
   3.4000000e+01   1.6872257e-01
   3.5000000e+01   1.6921714e-01
   3.6000000e+01   1.6971789e-01
   3.7000000e+01   1.7022471e-01
   3.8000000e+01   1.7073748e-01
   3.9000000e+01   1.7125599e-01
   4.0000000e+01   1.7178021e-01
   4.1000000e+01   1.7231002e-01
   4.2000000e+01   1.7284529e-01
   4.3000000e+01   1.7338592e-01
   4.4000000e+01   1.7393181e-01
   4.5000000e+01   1.7448284e-01
   4.6000000e+01   1.7503892e-01
   4.7000000e+01   1.7559996e-01
   4.8000000e+01   1.7616583e-01
   4.9000000e+01   1.7673646e-01
   5.0000000e+01   1.7731176e-01
   5.1000000e+01   1.7789163e-01
   5.2000000e+01   1.7847598e-01
   5.3000000e+01   1.7906474e-01
   5.4000000e+01   1.7965779e-01
   5.5000000e+01   1.8025507e-01
   5.6000000e+01   1.8085650e-01
   5.7000000e+01   1.8146197e-01
   5.8000000e+01   1.8207145e-01
   5.9000000e+01   1.8268484e-01
   6.0000000e+01   1.8330206e-01
   6.1000000e+01   1.8276623e-01
   6.2000000e+01   1.8224886e-01
   6.3000000e+01   1.8174957e-01
   6.4000000e+01   1.8126796e-01
   6.5000000e+01   1.8080369e-01
   6.6000000e+01   1.8035643e-01
   6.7000000e+01   1.7992584e-01
   6.8000000e+01   1.7951159e-01
   6.9000000e+01   1.7911336e-01
   7.0000000e+01   1.7873085e-01
   7.1000000e+01   1.7836373e-01
   7.2000000e+01   1.7801160e-01
   7.3000000e+01   1.7767422e-01
   7.4000000e+01   1.7735140e-01
   7.5000000e+01   1.7704286e-01
   7.6000000e+01   1.7674832e-01
   7.7000000e+01   1.7646751e-01
   7.8000000e+01   1.7620023e-01
   7.9000000e+01   1.7594630e-01
   8.0000000e+01   1.7570537e-01
   8.1000000e+01   1.7547721e-01
   8.2000000e+01   1.7526165e-01
   8.3000000e+01   1.7505854e-01
   8.4000000e+01   1.7486753e-01
   8.5000000e+01   1.7468835e-01
   8.6000000e+01   1.7452084e-01
   8.7000000e+01   1.7436472e-01
   8.8000000e+01   1.7421983e-01
   8.9000000e+01   1.7408597e-01
   9.0000000e+01   1.7396292e-01
   9.1000000e+01   1.7241305e-01
   9.2000000e+01   1.7088556e-01
   9.3000000e+01   1.6937919e-01
   9.4000000e+01   1.6789345e-01
   9.5000000e+01   1.6642816e-01
   9.6000000e+01   1.6498293e-01
   9.7000000e+01   1.6355741e-01
   9.8000000e+01   1.6215123e-01
   9.9000000e+01   1.6076404e-01
   1.0000000e+02   1.5939552e-01
   1.0100000e+02   1.5804541e-01
   1.0200000e+02   1.5671328e-01
   1.0300000e+02   1.5539882e-01
   1.0400000e+02   1.5410168e-01
   1.0500000e+02   1.5282163e-01
   1.0600000e+02   1.5155832e-01
   1.0700000e+02   1.5031147e-01
   1.0800000e+02   1.4908081e-01
   1.0900000e+02   1.4786604e-01
   1.1000000e+02   1.4666688e-01
   1.1100000e+02   1.4548311e-01
   1.1200000e+02   1.4431429e-01
   1.1300000e+02   1.4316024e-01
   1.1400000e+02   1.4202078e-01
   1.1500000e+02   1.4089566e-01
   1.1600000e+02   1.3978463e-01
   1.1700000e+02   1.3868746e-01
   1.1800000e+02   1.3759534e-01
   1.1900000e+02   1.3651444e-01
   1.2000000e+02   1.3544619e-01
   1.2100000e+02   1.3365240e-01
   1.2200000e+02   1.3186815e-01
   1.2300000e+02   1.3009328e-01
   1.2400000e+02   1.2832403e-01
   1.2500000e+02   1.2655823e-01
   1.2600000e+02   1.2479813e-01
   1.2700000e+02   1.2304374e-01
   1.2800000e+02   1.2129512e-01
   1.2900000e+02   1.1955217e-01
   1.3000000e+02   1.1781482e-01
   1.3100000e+02   1.1608297e-01
   1.3200000e+02   1.1435656e-01
   1.3300000e+02   1.1263548e-01
   1.3400000e+02   1.1091966e-01
   1.3500000e+02   1.0920890e-01
   1.3600000e+02   1.0750329e-01
   1.3700000e+02   1.0580273e-01
   1.3800000e+02   1.0410716e-01
   1.3900000e+02   1.0241652e-01
   1.4000000e+02   1.0073071e-01
   1.4100000e+02   9.9049665e-02
   1.4200000e+02   9.7373307e-02
   1.4300000e+02   9.5701583e-02
   1.4400000e+02   9.4034418e-02
   1.4500000e+02   9.2371374e-02
   1.4600000e+02   9.0711780e-02
   1.4700000e+02   8.9056008e-02
   1.4800000e+02   8.7405093e-02
   1.4900000e+02   8.5759029e-02
   1.5000000e+02   8.4087968e-02
   1.5100000e+02   8.4382504e-02
   1.5200000e+02   8.4673844e-02
   1.5300000e+02   8.4962055e-02
   1.5400000e+02   8.5247181e-02
   1.5500000e+02   8.5529275e-02
   1.5600000e+02   8.5808389e-02
   1.5700000e+02   8.6084411e-02
   1.5800000e+02   8.6357318e-02
   1.5900000e+02   8.6627290e-02
   1.6000000e+02   8.6894363e-02
   1.6100000e+02   8.7144285e-02
   1.6200000e+02   8.7383881e-02
   1.6300000e+02   8.7617472e-02
   1.6400000e+02   8.7845147e-02
   1.6500000e+02   8.8066980e-02
   1.6600000e+02   8.8283077e-02
   1.6700000e+02   8.8493489e-02
   1.6800000e+02   8.8698298e-02
   1.6900000e+02   8.8897593e-02
   1.7000000e+02   8.9091435e-02
   1.7100000e+02   8.9279898e-02
   1.7200000e+02   8.9462750e-02
   1.7300000e+02   8.9640409e-02
   1.7400000e+02   8.9812979e-02
   1.7500000e+02   8.9980550e-02
   1.7600000e+02   9.0143196e-02
   1.7700000e+02   9.0300962e-02
   1.7800000e+02   9.0452075e-02
   1.7900000e+02   9.0599582e-02
   1.8000000e+02   9.0745687e-02
   1.8100000e+02   9.2981733e-02
   1.8200000e+02   9.5211655e-02
   1.8300000e+02   9.7435571e-02
   1.8400000e+02   9.9653549e-02
   1.8500000e+02   1.0186570e-01
   1.8600000e+02   1.0407122e-01
   1.8700000e+02   1.0627107e-01
   1.8800000e+02   1.0846539e-01
   1.8900000e+02   1.1065429e-01
   1.9000000e+02   1.1283788e-01
   1.9100000e+02   1.1501379e-01
   1.9200000e+02   1.1715533e-01
   1.9300000e+02   1.1929549e-01
   1.9400000e+02   1.2143434e-01
   1.9500000e+02   1.2357191e-01
   1.9600000e+02   1.2570825e-01
   1.9700000e+02   1.2784342e-01
   1.9800000e+02   1.2997746e-01
   1.9900000e+02   1.3211039e-01
   2.0000000e+02   1.3424228e-01
   2.0100000e+02   1.3637315e-01
   2.0200000e+02   1.3850304e-01
   2.0300000e+02   1.4063202e-01
   2.0400000e+02   1.4276008e-01
   2.0500000e+02   1.4488733e-01
   2.0600000e+02   1.4701375e-01
   2.0700000e+02   1.4913940e-01
   2.0800000e+02   1.5126434e-01
   2.0900000e+02   1.5338856e-01
   2.1000000e+02   1.5551212e-01
   2.1100000e+02   1.5655676e-01
   2.1200000e+02   1.5759441e-01
   2.1300000e+02   1.5862519e-01
   2.1400000e+02   1.5964112e-01
   2.1500000e+02   1.6064906e-01
   2.1600000e+02   1.6165116e-01
   2.1700000e+02   1.6264746e-01
   2.1800000e+02   1.6363798e-01
   2.1900000e+02   1.6462281e-01
   2.2000000e+02   1.6560198e-01
   2.2100000e+02   1.6657558e-01
   2.2200000e+02   1.6754359e-01
   2.2300000e+02   1.6850604e-01
   2.2400000e+02   1.6946305e-01
   2.2500000e+02   1.7041466e-01
   2.2600000e+02   1.7136090e-01
   2.2700000e+02   1.7230184e-01
   2.2800000e+02   1.7323744e-01
   2.2900000e+02   1.7416786e-01
   2.3000000e+02   1.7509311e-01
   2.3100000e+02   1.7601328e-01
   2.3200000e+02   1.7692839e-01
   2.3300000e+02   1.7783849e-01
   2.3400000e+02   1.7874362e-01
   2.3500000e+02   1.7964384e-01
   2.3600000e+02   1.8053918e-01
   2.3700000e+02   1.8142968e-01
   2.3800000e+02   1.8231542e-01
   2.3900000e+02   1.8319641e-01
   2.4000000e+02   1.8407270e-01
   2.4100000e+02   1.8364492e-01
   2.4200000e+02   1.8321431e-01
   2.4300000e+02   1.8278089e-01
   2.4400000e+02   1.8234470e-01
   2.4500000e+02   1.8190576e-01
   2.4600000e+02   1.8146411e-01
   2.4700000e+02   1.8101974e-01
   2.4800000e+02   1.8057267e-01
   2.4900000e+02   1.8012297e-01
   2.5000000e+02   1.7967063e-01
   2.5100000e+02   1.7921570e-01
   2.5200000e+02   1.7875817e-01
   2.5300000e+02   1.7829807e-01
   2.5400000e+02   1.7783543e-01
   2.5500000e+02   1.7737028e-01
   2.5600000e+02   1.7690265e-01
   2.5700000e+02   1.7643252e-01
   2.5800000e+02   1.7595994e-01
   2.5900000e+02   1.7548494e-01
   2.6000000e+02   1.7500752e-01
   2.6100000e+02   1.7452773e-01
   2.6200000e+02   1.7404556e-01
   2.6300000e+02   1.7356105e-01
   2.6400000e+02   1.7307420e-01
   2.6500000e+02   1.7258506e-01
   2.6600000e+02   1.7209360e-01
   2.6700000e+02   1.7159991e-01
   2.6800000e+02   1.7110395e-01
   2.6900000e+02   1.7060576e-01
   2.7000000e+02   1.7010537e-01
   2.7100000e+02   1.6918509e-01
   2.7200000e+02   1.6826463e-01
   2.7300000e+02   1.6734394e-01
   2.7400000e+02   1.6642307e-01
   2.7500000e+02   1.6550201e-01
   2.7600000e+02   1.6458076e-01
   2.7700000e+02   1.6365932e-01
   2.7800000e+02   1.6273770e-01
   2.7900000e+02   1.6181590e-01
   2.8000000e+02   1.6089390e-01
   2.8100000e+02   1.5997176e-01
   2.8200000e+02   1.5904942e-01
   2.8300000e+02   1.5812691e-01
   2.8400000e+02   1.5720424e-01
   2.8500000e+02   1.5628140e-01
   2.8600000e+02   1.5535837e-01
   2.8700000e+02   1.5443522e-01
   2.8800000e+02   1.5351187e-01
   2.8900000e+02   1.5258838e-01
   2.9000000e+02   1.5166475e-01
   2.9100000e+02   1.5074094e-01
   2.9200000e+02   1.4981699e-01
   2.9300000e+02   1.4889288e-01
   2.9400000e+02   1.4796863e-01
   2.9500000e+02   1.4704424e-01
   2.9600000e+02   1.4611970e-01
   2.9700000e+02   1.4519502e-01
   2.9800000e+02   1.4427021e-01
   2.9900000e+02   1.4334527e-01
   3.0000000e+02   1.4242019e-01
   3.0100000e+02   1.4177290e-01
   3.0200000e+02   1.4112589e-01
   3.0300000e+02   1.4047916e-01
   3.0400000e+02   1.3983272e-01
   3.0500000e+02   1.3918656e-01
   3.0600000e+02   1.3854069e-01
   3.0700000e+02   1.3789509e-01
   3.0800000e+02   1.3724978e-01
   3.0900000e+02   1.3660476e-01
   3.1000000e+02   1.3595998e-01
   3.1100000e+02   1.3531549e-01
   3.1200000e+02   1.3467129e-01
   3.1300000e+02   1.3402735e-01
   3.1400000e+02   1.3338369e-01
   3.1500000e+02   1.3274027e-01
   3.1600000e+02   1.3209715e-01
   3.1700000e+02   1.3145429e-01
   3.1800000e+02   1.3081169e-01
   3.1900000e+02   1.3016935e-01
   3.2000000e+02   1.2952727e-01
   3.2100000e+02   1.2888546e-01
   3.2200000e+02   1.2824391e-01
   3.2300000e+02   1.2760261e-01
   3.2400000e+02   1.2696157e-01
   3.2500000e+02   1.2632079e-01
   3.2600000e+02   1.2568027e-01
   3.2700000e+02   1.2503999e-01
   3.2800000e+02   1.2439998e-01
   3.2900000e+02   1.2376021e-01
   3.3000000e+02   1.2312069e-01
   3.3100000e+02   1.2319086e-01
   3.3200000e+02   1.2326103e-01
   3.3300000e+02   1.2333123e-01
   3.3400000e+02   1.2340143e-01
   3.3500000e+02   1.2347165e-01
   3.3600000e+02   1.2354189e-01
   3.3700000e+02   1.2361214e-01
   3.3800000e+02   1.2368241e-01
   3.3900000e+02   1.2375269e-01
   3.4000000e+02   1.2382299e-01
   3.4100000e+02   1.2389331e-01
   3.4200000e+02   1.2396363e-01
   3.4300000e+02   1.2403398e-01
   3.4400000e+02   1.2410434e-01
   3.4500000e+02   1.2417472e-01
   3.4600000e+02   1.2424512e-01
   3.4700000e+02   1.2431553e-01
   3.4800000e+02   1.2438597e-01
   3.4900000e+02   1.2445641e-01
   3.5000000e+02   1.2452688e-01
   3.5100000e+02   1.2459736e-01
   3.5200000e+02   1.2466787e-01
   3.5300000e+02   1.2473839e-01
   3.5400000e+02   1.2480892e-01
   3.5500000e+02   1.2487947e-01
   3.5600000e+02   1.2495004e-01
   3.5700000e+02   1.2502064e-01
   3.5800000e+02   1.2509124e-01
   3.5900000e+02   1.2516187e-01
   2.6219766e-08   1.2523252e-01
