   0.0000000e+00  -8.5510468e-19
   1.0000000e+00   1.4940367e-04
   2.0000000e+00   9.2135620e-04
   3.0000000e+00   1.6961074e-03
   4.0000000e+00   2.4728591e-03
   5.0000000e+00   3.2515498e-03
   6.0000000e+00   4.0321201e-03
   7.0000000e+00   4.8145088e-03
   8.0000000e+00   5.5986578e-03
   9.0000000e+00   6.3845087e-03
   1.0000000e+01   7.1720015e-03
   1.1000000e+01   7.9610841e-03
   1.2000000e+01   8.7517034e-03
   1.3000000e+01   9.5438026e-03
   1.4000000e+01   1.0337329e-02
   1.5000000e+01   1.1132225e-02
   1.6000000e+01   1.1928443e-02
   1.7000000e+01   1.2725930e-02
   1.8000000e+01   1.3524638e-02
   1.9000000e+01   1.4324517e-02
   2.0000000e+01   1.5125516e-02
   2.1000000e+01   1.5927585e-02
   2.2000000e+01   1.6730677e-02
   2.3000000e+01   1.7534748e-02
   2.4000000e+01   1.8339746e-02
   2.5000000e+01   1.9145625e-02
   2.6000000e+01   1.9952342e-02
   2.7000000e+01   2.0759849e-02
   2.8000000e+01   2.1568101e-02
   2.9000000e+01   2.2377057e-02
   3.0000000e+01   2.3186672e-02
   3.1000000e+01   2.3994535e-02
   3.2000000e+01   2.4802757e-02
   3.3000000e+01   2.5611289e-02
   3.4000000e+01   2.6420144e-02
   3.5000000e+01   2.7229363e-02
   3.6000000e+01   2.8038979e-02
   3.7000000e+01   2.8849009e-02
   3.8000000e+01   2.9659485e-02
   3.9000000e+01   3.0470433e-02
   4.0000000e+01   3.1281885e-02
   4.1000000e+01   3.2093856e-02
   4.2000000e+01   3.2906376e-02
   4.3000000e+01   3.3719469e-02
   4.4000000e+01   3.4533150e-02
   4.5000000e+01   3.5347451e-02
   4.6000000e+01   3.6162388e-02
   4.7000000e+01   3.6977980e-02
   4.8000000e+01   3.7794251e-02
   4.9000000e+01   3.8611218e-02
   5.0000000e+01   3.9428901e-02
   5.1000000e+01   4.0247329e-02
   5.2000000e+01   4.1066524e-02
   5.3000000e+01   4.1886494e-02
   5.4000000e+01   4.2707283e-02
   5.5000000e+01   4.3528896e-02
   5.6000000e+01   4.4351354e-02
   5.7000000e+01   4.5174688e-02
   5.8000000e+01   4.5998905e-02
   5.9000000e+01   4.6824023e-02
   6.0000000e+01   4.7650069e-02
   6.1000000e+01   4.8549391e-02
   6.2000000e+01   4.9451482e-02
   6.3000000e+01   5.0356306e-02
   6.4000000e+01   5.1263820e-02
   6.5000000e+01   5.2173980e-02
   6.6000000e+01   5.3086746e-02
   6.7000000e+01   5.4002080e-02
   6.8000000e+01   5.4919943e-02
   6.9000000e+01   5.5840299e-02
   7.0000000e+01   5.6763098e-02
   7.1000000e+01   5.7688314e-02
   7.2000000e+01   5.8615897e-02
   7.3000000e+01   5.9545822e-02
   7.4000000e+01   6.0478047e-02
   7.5000000e+01   6.1412536e-02
   7.6000000e+01   6.2349252e-02
   7.7000000e+01   6.3288160e-02
   7.8000000e+01   6.4229235e-02
   7.9000000e+01   6.5172419e-02
   8.0000000e+01   6.6117704e-02
   8.1000000e+01   6.7065045e-02
   8.2000000e+01   6.8014406e-02
   8.3000000e+01   6.8965755e-02
   8.4000000e+01   6.9919072e-02
   8.5000000e+01   7.0874311e-02
   8.6000000e+01   7.1831442e-02
   8.7000000e+01   7.2790444e-02
   8.8000000e+01   7.3751278e-02
   8.9000000e+01   7.4713916e-02
   9.0000000e+01   7.5678326e-02
   9.1000000e+01   7.6519459e-02
   9.2000000e+01   7.7359103e-02
   9.3000000e+01   7.8197166e-02
   9.4000000e+01   7.9033621e-02
   9.5000000e+01   7.9868376e-02
   9.6000000e+01   8.0701396e-02
   9.7000000e+01   8.1532612e-02
   9.8000000e+01   8.2361974e-02
   9.9000000e+01   8.3189420e-02
   1.0000000e+02   8.4014900e-02
   1.0100000e+02   8.4838361e-02
   1.0200000e+02   8.5659742e-02
   1.0300000e+02   8.6479001e-02
   1.0400000e+02   8.7296084e-02
   1.0500000e+02   8.8110939e-02
   1.0600000e+02   8.8923521e-02
   1.0700000e+02   8.9733772e-02
   1.0800000e+02   9.0541661e-02
   1.0900000e+02   9.1347128e-02
   1.1000000e+02   9.2150129e-02
   1.1100000e+02   9.2950620e-02
   1.1200000e+02   9.3748569e-02
   1.1300000e+02   9.4543919e-02
   1.1400000e+02   9.5336638e-02
   1.1500000e+02   9.6126676e-02
   1.1600000e+02   9.6914001e-02
   1.1700000e+02   9.7698569e-02
   1.1800000e+02   9.8480351e-02
   1.1900000e+02   9.9259302e-02
   1.2000000e+02   1.0003538e-01
   1.2100000e+02   1.0054578e-01
   1.2200000e+02   1.0105109e-01
   1.2300000e+02   1.0155135e-01
   1.2400000e+02   1.0204653e-01
   1.2500000e+02   1.0253668e-01
   1.2600000e+02   1.0302179e-01
   1.2700000e+02   1.0350187e-01
   1.2800000e+02   1.0397695e-01
   1.2900000e+02   1.0444703e-01
   1.3000000e+02   1.0491212e-01
   1.3100000e+02   1.0537223e-01
   1.3200000e+02   1.0582738e-01
   1.3300000e+02   1.0627759e-01
   1.3400000e+02   1.0672285e-01
   1.3500000e+02   1.0716319e-01
   1.3600000e+02   1.0759863e-01
   1.3700000e+02   1.0802916e-01
   1.3800000e+02   1.0845482e-01
   1.3900000e+02   1.0887561e-01
   1.4000000e+02   1.0929155e-01
   1.4100000e+02   1.0970265e-01
   1.4200000e+02   1.1010892e-01
   1.4300000e+02   1.1051039e-01
   1.4400000e+02   1.1090705e-01
   1.4500000e+02   1.1129895e-01
   1.4600000e+02   1.1168607e-01
   1.4700000e+02   1.1206844e-01
   1.4800000e+02   1.1244608e-01
   1.4900000e+02   1.1281900e-01
   1.5000000e+02   1.1318721e-01
   1.5100000e+02   1.1344275e-01
   1.5200000e+02   1.1369395e-01
   1.5300000e+02   1.1394083e-01
   1.5400000e+02   1.1418348e-01
   1.5500000e+02   1.1442190e-01
   1.5600000e+02   1.1465614e-01
   1.5700000e+02   1.1488624e-01
   1.5800000e+02   1.1511225e-01
   1.5900000e+02   1.1533420e-01
   1.6000000e+02   1.1555212e-01
   1.6100000e+02   1.1576606e-01
   1.6200000e+02   1.1597607e-01
   1.6300000e+02   1.1618215e-01
   1.6400000e+02   1.1638436e-01
   1.6500000e+02   1.1658274e-01
   1.6600000e+02   1.1677732e-01
   1.6700000e+02   1.1696815e-01
   1.6800000e+02   1.1715524e-01
   1.6900000e+02   1.1733864e-01
   1.7000000e+02   1.1751839e-01
   1.7100000e+02   1.1769450e-01
   1.7200000e+02   1.1786705e-01
   1.7300000e+02   1.1803602e-01
   1.7400000e+02   1.1820149e-01
   1.7500000e+02   1.1836346e-01
   1.7600000e+02   1.1852199e-01
   1.7700000e+02   1.1867708e-01
   1.7800000e+02   1.1882878e-01
   1.7900000e+02   1.1897714e-01
   1.8000000e+02   1.1912216e-01
   1.8100000e+02   1.1926941e-01
   1.8200000e+02   1.1941422e-01
   1.8300000e+02   1.1955663e-01
   1.8400000e+02   1.1969666e-01
   1.8500000e+02   1.1983433e-01
   1.8600000e+02   1.1996965e-01
   1.8700000e+02   1.2010266e-01
   1.8800000e+02   1.2023337e-01
   1.8900000e+02   1.2036182e-01
   1.9000000e+02   1.2048802e-01
   1.9100000e+02   1.2061199e-01
   1.9200000e+02   1.2073375e-01
   1.9300000e+02   1.2085333e-01
   1.9400000e+02   1.2097075e-01
   1.9500000e+02   1.2108601e-01
   1.9600000e+02   1.2119916e-01
   1.9700000e+02   1.2131020e-01
   1.9800000e+02   1.2141917e-01
   1.9900000e+02   1.2152607e-01
   2.0000000e+02   1.2163093e-01
   2.0100000e+02   1.2173375e-01
   2.0200000e+02   1.2183458e-01
   2.0300000e+02   1.2193342e-01
   2.0400000e+02   1.2203030e-01
   2.0500000e+02   1.2212523e-01
   2.0600000e+02   1.2221824e-01
   2.0700000e+02   1.2230936e-01
   2.0800000e+02   1.2239859e-01
   2.0900000e+02   1.2248595e-01
   2.1000000e+02   1.2257148e-01
   2.1100000e+02   1.2261197e-01
   2.1200000e+02   1.2265094e-01
   2.1300000e+02   1.2268843e-01
   2.1400000e+02   1.2272444e-01
   2.1500000e+02   1.2275901e-01
   2.1600000e+02   1.2279217e-01
   2.1700000e+02   1.2282393e-01
   2.1800000e+02   1.2285434e-01
   2.1900000e+02   1.2288339e-01
   2.2000000e+02   1.2291115e-01
   2.2100000e+02   1.2293760e-01
   2.2200000e+02   1.2296280e-01
   2.2300000e+02   1.2298674e-01
   2.2400000e+02   1.2300947e-01
   2.2500000e+02   1.2303099e-01
   2.2600000e+02   1.2305135e-01
   2.2700000e+02   1.2307055e-01
   2.2800000e+02   1.2308861e-01
   2.2900000e+02   1.2310557e-01
   2.3000000e+02   1.2312144e-01
   2.3100000e+02   1.2313624e-01
   2.3200000e+02   1.2315000e-01
   2.3300000e+02   1.2316272e-01
   2.3400000e+02   1.2317444e-01
   2.3500000e+02   1.2318519e-01
   2.3600000e+02   1.2319496e-01
   2.3700000e+02   1.2320378e-01
   2.3800000e+02   1.2321167e-01
   2.3900000e+02   1.2321866e-01
   2.4000000e+02   1.2322474e-01
   2.4100000e+02   1.2310820e-01
   2.4200000e+02   1.2299007e-01
   2.4300000e+02   1.2287039e-01
   2.4400000e+02   1.2274918e-01
   2.4500000e+02   1.2262647e-01
   2.4600000e+02   1.2250227e-01
   2.4700000e+02   1.2237664e-01
   2.4800000e+02   1.2224957e-01
   2.4900000e+02   1.2212111e-01
   2.5000000e+02   1.2199128e-01
   2.5100000e+02   1.2186010e-01
   2.5200000e+02   1.2172759e-01
   2.5300000e+02   1.2159380e-01
   2.5400000e+02   1.2145872e-01
   2.5500000e+02   1.2132239e-01
   2.5600000e+02   1.2118483e-01
   2.5700000e+02   1.2104608e-01
   2.5800000e+02   1.2090614e-01
   2.5900000e+02   1.2076505e-01
   2.6000000e+02   1.2062281e-01
   2.6100000e+02   1.2047947e-01
   2.6200000e+02   1.2033504e-01
   2.6300000e+02   1.2018953e-01
   2.6400000e+02   1.2004297e-01
   2.6500000e+02   1.1989539e-01
   2.6600000e+02   1.1974681e-01
   2.6700000e+02   1.1959723e-01
   2.6800000e+02   1.1944669e-01
   2.6900000e+02   1.1929521e-01
   2.7000000e+02   1.1914280e-01
   2.7100000e+02   1.1901638e-01
   2.7200000e+02   1.1888766e-01
   2.7300000e+02   1.1875665e-01
   2.7400000e+02   1.1862338e-01
   2.7500000e+02   1.1848783e-01
   2.7600000e+02   1.1835006e-01
   2.7700000e+02   1.1821005e-01
   2.7800000e+02   1.1806778e-01
   2.7900000e+02   1.1792328e-01
   2.8000000e+02   1.1777657e-01
   2.8100000e+02   1.1762767e-01
   2.8200000e+02   1.1747660e-01
   2.8300000e+02   1.1732338e-01
   2.8400000e+02   1.1716801e-01
   2.8500000e+02   1.1701052e-01
   2.8600000e+02   1.1685094e-01
   2.8700000e+02   1.1668928e-01
   2.8800000e+02   1.1652555e-01
   2.8900000e+02   1.1635978e-01
   2.9000000e+02   1.1619198e-01
   2.9100000e+02   1.1602217e-01
   2.9200000e+02   1.1585037e-01
   2.9300000e+02   1.1567659e-01
   2.9400000e+02   1.1550086e-01
   2.9500000e+02   1.1532318e-01
   2.9600000e+02   1.1514358e-01
   2.9700000e+02   1.1496208e-01
   2.9800000e+02   1.1477868e-01
   2.9900000e+02   1.1459341e-01
   3.0000000e+02   1.1440628e-01
   3.0100000e+02   1.1450090e-01
   3.0200000e+02   1.1459343e-01
   3.0300000e+02   1.1468389e-01
   3.0400000e+02   1.1477227e-01
   3.0500000e+02   1.1485858e-01
   3.0600000e+02   1.1494283e-01
   3.0700000e+02   1.1502501e-01
   3.0800000e+02   1.1510514e-01
   3.0900000e+02   1.1518323e-01
   3.1000000e+02   1.1525927e-01
   3.1100000e+02   1.1533326e-01
   3.1200000e+02   1.1540522e-01
   3.1300000e+02   1.1547514e-01
   3.1400000e+02   1.1554305e-01
   3.1500000e+02   1.1560892e-01
   3.1600000e+02   1.1567277e-01
   3.1700000e+02   1.1573461e-01
   3.1800000e+02   1.1579445e-01
   3.1900000e+02   1.1585228e-01
   3.2000000e+02   1.1590812e-01
   3.2100000e+02   1.1596201e-01
   3.2200000e+02   1.1601400e-01
   3.2300000e+02   1.1606408e-01
   3.2400000e+02   1.1611227e-01
   3.2500000e+02   1.1615858e-01
   3.2600000e+02   1.1620302e-01
   3.2700000e+02   1.1624561e-01
   3.2800000e+02   1.1628637e-01
   3.2900000e+02   1.1632529e-01
   3.3000000e+02   1.1636241e-01
   3.3100000e+02   1.1667750e-01
   3.3200000e+02   1.1699223e-01
   3.3300000e+02   1.1730659e-01
   3.3400000e+02   1.1762058e-01
   3.3500000e+02   1.1793419e-01
   3.3600000e+02   1.1824741e-01
   3.3700000e+02   1.1856023e-01
   3.3800000e+02   1.1887264e-01
   3.3900000e+02   1.1918465e-01
   3.4000000e+02   1.1949624e-01
   3.4100000e+02   1.1980739e-01
   3.4200000e+02   1.2011813e-01
   3.4300000e+02   1.2042841e-01
   3.4400000e+02   1.2073825e-01
   3.4500000e+02   1.2104765e-01
   3.4600000e+02   1.2135658e-01
   3.4700000e+02   1.2166504e-01
   3.4800000e+02   1.2197304e-01
   3.4900000e+02   1.2228055e-01
   3.5000000e+02   1.2258758e-01
   3.5100000e+02   1.2289412e-01
   3.5200000e+02   1.2320018e-01
   3.5300000e+02   1.2350573e-01
   3.5400000e+02   1.2381076e-01
   3.5500000e+02   1.2411529e-01
   3.5600000e+02   1.2441929e-01
   3.5700000e+02   1.2472279e-01
   3.5800000e+02   1.2502573e-01
   3.5900000e+02   1.2532817e-01
   2.6219766e-08   1.2563005e-01
