   0.0000000e+00   5.3222948e-03
   1.0000000e+00   2.5687594e-02
   2.0000000e+00   2.5709052e-02
   3.0000000e+00   2.5706396e-02
   4.0000000e+00   2.5703378e-02
   5.0000000e+00   2.5700038e-02
   6.0000000e+00   2.5696374e-02
   7.0000000e+00   2.5692392e-02
   8.0000000e+00   2.5688095e-02
   9.0000000e+00   2.5683485e-02
   1.0000000e+01   2.5678568e-02
   1.1000000e+01   2.5673341e-02
   1.2000000e+01   2.5667811e-02
   1.3000000e+01   2.5661983e-02
   1.4000000e+01   2.5655853e-02
   1.5000000e+01   2.5649430e-02
   1.6000000e+01   2.5642715e-02
   1.7000000e+01   2.5635712e-02
   1.8000000e+01   2.5628420e-02
   1.9000000e+01   2.5620846e-02
   2.0000000e+01   2.5612993e-02
   2.1000000e+01   2.5604859e-02
   2.2000000e+01   2.5596451e-02
   2.3000000e+01   2.5587771e-02
   2.4000000e+01   2.5578821e-02
   2.5000000e+01   2.5569605e-02
   2.6000000e+01   2.5560124e-02
   2.7000000e+01   2.5550380e-02
   2.8000000e+01   2.5540382e-02
   2.9000000e+01   2.5530126e-02
   3.0000000e+01   2.5519615e-02
   3.1000000e+01   2.5512908e-02
   3.2000000e+01   2.5505966e-02
   3.3000000e+01   2.5499588e-02
   3.4000000e+01   2.5494276e-02
   3.5000000e+01   2.5489639e-02
   3.6000000e+01   2.5485676e-02
   3.7000000e+01   2.5482373e-02
   3.8000000e+01   2.5479730e-02
   3.9000000e+01   2.5477737e-02
   4.0000000e+01   2.5476396e-02
   4.1000000e+01   2.5475696e-02
   4.2000000e+01   2.5475632e-02
   4.3000000e+01   2.5476201e-02
   4.4000000e+01   2.5477396e-02
   4.5000000e+01   2.5479142e-02
   4.6000000e+01   2.5481388e-02
   4.7000000e+01   2.5484275e-02
   4.8000000e+01   2.5487795e-02
   4.9000000e+01   2.5491947e-02
   5.0000000e+01   2.5496719e-02
   5.1000000e+01   2.5502112e-02
   5.2000000e+01   2.5508119e-02
   5.3000000e+01   2.5514731e-02
   5.4000000e+01   2.5521949e-02
   5.5000000e+01   2.5529765e-02
   5.6000000e+01   2.5538171e-02
   5.7000000e+01   2.5547167e-02
   5.8000000e+01   2.5556747e-02
   5.9000000e+01   2.5566902e-02
   6.0000000e+01   2.5577631e-02
   6.1000000e+01   2.5621459e-02
   6.2000000e+01   2.5665255e-02
   6.3000000e+01   2.5709018e-02
   6.4000000e+01   2.5752751e-02
   6.5000000e+01   2.5796454e-02
   6.6000000e+01   2.5840124e-02
   6.7000000e+01   2.5883764e-02
   6.8000000e+01   2.5927374e-02
   6.9000000e+01   2.5970954e-02
   7.0000000e+01   2.6014505e-02
   7.1000000e+01   2.6058026e-02
   7.2000000e+01   2.6101517e-02
   7.3000000e+01   2.6144980e-02
   7.4000000e+01   2.6188415e-02
   7.5000000e+01   2.6231822e-02
   7.6000000e+01   2.6275199e-02
   7.7000000e+01   2.6318625e-02
   7.8000000e+01   2.6362076e-02
   7.9000000e+01   2.6405510e-02
   8.0000000e+01   2.6448935e-02
   8.1000000e+01   2.6492344e-02
   8.2000000e+01   2.6535738e-02
   8.3000000e+01   2.6579121e-02
   8.4000000e+01   2.6622489e-02
   8.5000000e+01   2.6665846e-02
   8.6000000e+01   2.6709190e-02
   8.7000000e+01   2.6752522e-02
   8.8000000e+01   2.6795842e-02
   8.9000000e+01   2.6839148e-02
   9.0000000e+01   2.6882445e-02
   9.1000000e+01   2.6901392e-02
   9.2000000e+01   2.6919708e-02
   9.3000000e+01   2.6937390e-02
   9.4000000e+01   2.6954452e-02
   9.5000000e+01   2.6970893e-02
   9.6000000e+01   2.6986724e-02
   9.7000000e+01   2.7001949e-02
   9.8000000e+01   2.7016573e-02
   9.9000000e+01   2.7030600e-02
   1.0000000e+02   2.7044039e-02
   1.0100000e+02   2.7056895e-02
   1.0200000e+02   2.7069172e-02
   1.0300000e+02   2.7080879e-02
   1.0400000e+02   2.7092015e-02
   1.0500000e+02   2.7102593e-02
   1.0600000e+02   2.7112614e-02
   1.0700000e+02   2.7122088e-02
   1.0800000e+02   2.7131014e-02
   1.0900000e+02   2.7139403e-02
   1.1000000e+02   2.7147256e-02
   1.1100000e+02   2.7154582e-02
   1.1200000e+02   2.7161386e-02
   1.1300000e+02   2.7167672e-02
   1.1400000e+02   2.7173445e-02
   1.1500000e+02   2.7178712e-02
   1.1600000e+02   2.7183477e-02
   1.1700000e+02   2.7187748e-02
   1.1800000e+02   2.7191525e-02
   1.1900000e+02   2.7194818e-02
   1.2000000e+02   2.7197631e-02
   1.2100000e+02   2.7178066e-02
   1.2200000e+02   2.7158324e-02
   1.2300000e+02   2.7138408e-02
   1.2400000e+02   2.7118323e-02
   1.2500000e+02   2.7098071e-02
   1.2600000e+02   2.7077653e-02
   1.2700000e+02   2.7057074e-02
   1.2800000e+02   2.7036335e-02
   1.2900000e+02   2.7015438e-02
   1.3000000e+02   2.6994390e-02
   1.3100000e+02   2.6973188e-02
   1.3200000e+02   2.6951838e-02
   1.3300000e+02   2.6930341e-02
   1.3400000e+02   2.6908699e-02
   1.3500000e+02   2.6886920e-02
   1.3600000e+02   2.6864998e-02
   1.3700000e+02   2.6842942e-02
   1.3800000e+02   2.6820751e-02
   1.3900000e+02   2.6798429e-02
   1.4000000e+02   2.6775977e-02
   1.4100000e+02   2.6753398e-02
   1.4200000e+02   2.6730696e-02
   1.4300000e+02   2.6707871e-02
   1.4400000e+02   2.6684927e-02
   1.4500000e+02   2.6661865e-02
   1.4600000e+02   2.6638689e-02
   1.4700000e+02   2.6615398e-02
   1.4800000e+02   2.6591999e-02
   1.4900000e+02   2.6568491e-02
   1.5000000e+02   2.6544876e-02
   1.5100000e+02   2.6526423e-02
   1.5200000e+02   2.6508197e-02
   1.5300000e+02   2.6490193e-02
   1.5400000e+02   2.6472412e-02
   1.5500000e+02   2.6454851e-02
   1.5600000e+02   2.6437510e-02
   1.5700000e+02   2.6420385e-02
   1.5800000e+02   2.6403476e-02
   1.5900000e+02   2.6386779e-02
   1.6000000e+02   2.6370293e-02
   1.6100000e+02   2.6354019e-02
   1.6200000e+02   2.6337951e-02
   1.6300000e+02   2.6322091e-02
   1.6400000e+02   2.6306435e-02
   1.6500000e+02   2.6290981e-02
   1.6600000e+02   2.6275728e-02
   1.6700000e+02   2.6260676e-02
   1.6800000e+02   2.6245819e-02
   1.6900000e+02   2.6231162e-02
   1.7000000e+02   2.6216697e-02
   1.7100000e+02   2.6202425e-02
   1.7200000e+02   2.6188344e-02
   1.7300000e+02   2.6174454e-02
   1.7400000e+02   2.6160751e-02
   1.7500000e+02   2.6147233e-02
   1.7600000e+02   2.6133901e-02
   1.7700000e+02   2.6120752e-02
   1.7800000e+02   2.6107784e-02
   1.7900000e+02   2.6094997e-02
   1.8000000e+02   2.6082389e-02
   1.8100000e+02   2.6080767e-02
   1.8200000e+02   2.6079319e-02
   1.8300000e+02   2.6078049e-02
   1.8400000e+02   2.6076954e-02
   1.8500000e+02   2.6076030e-02
   1.8600000e+02   2.6075279e-02
   1.8700000e+02   2.6074694e-02
   1.8800000e+02   2.6074279e-02
   1.8900000e+02   2.6074030e-02
   1.9000000e+02   2.6073948e-02
   1.9100000e+02   2.6074026e-02
   1.9200000e+02   2.6074268e-02
   1.9300000e+02   2.6074668e-02
   1.9400000e+02   2.6075229e-02
   1.9500000e+02   2.6075946e-02
   1.9600000e+02   2.6076820e-02
   1.9700000e+02   2.6077850e-02
   1.9800000e+02   2.6078975e-02
   1.9900000e+02   2.6080128e-02
   2.0000000e+02   2.6081467e-02
   2.0100000e+02   2.6082989e-02
   2.0200000e+02   2.6084695e-02
   2.0300000e+02   2.6086578e-02
   2.0400000e+02   2.6088642e-02
   2.0500000e+02   2.6090883e-02
   2.0600000e+02   2.6093297e-02
   2.0700000e+02   2.6095886e-02
   2.0800000e+02   2.6098644e-02
   2.0900000e+02   2.6101572e-02
   2.1000000e+02   2.6104672e-02
   2.1100000e+02   2.6098104e-02
   2.1200000e+02   2.6091855e-02
   2.1300000e+02   2.6085919e-02
   2.1400000e+02   2.6080290e-02
   2.1500000e+02   2.6074966e-02
   2.1600000e+02   2.6069948e-02
   2.1700000e+02   2.6065229e-02
   2.1800000e+02   2.6060807e-02
   2.1900000e+02   2.6056681e-02
   2.2000000e+02   2.6052844e-02
   2.2100000e+02   2.6049299e-02
   2.2200000e+02   2.6046036e-02
   2.2300000e+02   2.6043059e-02
   2.2400000e+02   2.6040362e-02
   2.2500000e+02   2.6037941e-02
   2.2600000e+02   2.6035797e-02
   2.2700000e+02   2.6033925e-02
   2.2800000e+02   2.6032323e-02
   2.2900000e+02   2.6030988e-02
   2.3000000e+02   2.6029916e-02
   2.3100000e+02   2.6029108e-02
   2.3200000e+02   2.6028557e-02
   2.3300000e+02   2.6028264e-02
   2.3400000e+02   2.6028227e-02
   2.3500000e+02   2.6028439e-02
   2.3600000e+02   2.6028903e-02
   2.3700000e+02   2.6029611e-02
   2.3800000e+02   2.6030567e-02
   2.3900000e+02   2.6031762e-02
   2.4000000e+02   2.6033197e-02
   2.4100000e+02   2.5994740e-02
   2.4200000e+02   2.5956620e-02
   2.4300000e+02   2.5918830e-02
   2.4400000e+02   2.5881369e-02
   2.4500000e+02   2.5844235e-02
   2.4600000e+02   2.5807424e-02
   2.4700000e+02   2.5770932e-02
   2.4800000e+02   2.5734762e-02
   2.4900000e+02   2.5698906e-02
   2.5000000e+02   2.5663361e-02
   2.5100000e+02   2.5628129e-02
   2.5200000e+02   2.5593204e-02
   2.5300000e+02   2.5558583e-02
   2.5400000e+02   2.5524268e-02
   2.5500000e+02   2.5490250e-02
   2.5600000e+02   2.5456533e-02
   2.5700000e+02   2.5423110e-02
   2.5800000e+02   2.5389981e-02
   2.5900000e+02   2.5357140e-02
   2.6000000e+02   2.5324587e-02
   2.6100000e+02   2.5292322e-02
   2.6200000e+02   2.5260337e-02
   2.6300000e+02   2.5228636e-02
   2.6400000e+02   2.5197214e-02
   2.6500000e+02   2.5166065e-02
   2.6600000e+02   2.5135191e-02
   2.6700000e+02   2.5104592e-02
   2.6800000e+02   2.5074258e-02
   2.6900000e+02   2.5044193e-02
   2.7000000e+02   2.5014393e-02
   2.7100000e+02   2.4944244e-02
   2.7200000e+02   2.4874156e-02
   2.7300000e+02   2.4804126e-02
   2.7400000e+02   2.4734156e-02
   2.7500000e+02   2.4664244e-02
   2.7600000e+02   2.4594249e-02
   2.7700000e+02   2.4523525e-02
   2.7800000e+02   2.4452945e-02
   2.7900000e+02   2.4382506e-02
   2.8000000e+02   2.4312209e-02
   2.8100000e+02   2.4242053e-02
   2.8200000e+02   2.4172036e-02
   2.8300000e+02   2.4102159e-02
   2.8400000e+02   2.4032420e-02
   2.8500000e+02   2.3962816e-02
   2.8600000e+02   2.3893349e-02
   2.8700000e+02   2.3824016e-02
   2.8800000e+02   2.3754817e-02
   2.8900000e+02   2.3685750e-02
   2.9000000e+02   2.3616817e-02
   2.9100000e+02   2.3548014e-02
   2.9200000e+02   2.3479341e-02
   2.9300000e+02   2.3410797e-02
   2.9400000e+02   2.3342382e-02
   2.9500000e+02   2.3274094e-02
   2.9600000e+02   2.3205932e-02
   2.9700000e+02   2.3137895e-02
   2.9800000e+02   2.3069985e-02
   2.9900000e+02   2.3002198e-02
   3.0000000e+02   2.2934532e-02
   3.0100000e+02   2.2874037e-02
   3.0200000e+02   2.2813439e-02
   3.0300000e+02   2.2752741e-02
   3.0400000e+02   2.2691943e-02
   3.0500000e+02   2.2631045e-02
   3.0600000e+02   2.2570051e-02
   3.0700000e+02   2.2508958e-02
   3.0800000e+02   2.2447770e-02
   3.0900000e+02   2.2386486e-02
   3.1000000e+02   2.2325110e-02
   3.1100000e+02   2.2263639e-02
   3.1200000e+02   2.2202076e-02
   3.1300000e+02   2.2140421e-02
   3.1400000e+02   2.2078678e-02
   3.1500000e+02   2.2016844e-02
   3.1600000e+02   2.1954922e-02
   3.1700000e+02   2.1892911e-02
   3.1800000e+02   2.1830814e-02
   3.1900000e+02   2.1768661e-02
   3.2000000e+02   2.1707982e-02
   3.2100000e+02   2.1647368e-02
   3.2200000e+02   2.1586820e-02
   3.2300000e+02   2.1526335e-02
   3.2400000e+02   2.1465914e-02
   3.2500000e+02   2.1405557e-02
   3.2600000e+02   2.1345263e-02
   3.2700000e+02   2.1285033e-02
   3.2800000e+02   2.1224862e-02
   3.2900000e+02   2.1164754e-02
   3.3000000e+02   2.1104708e-02
   3.3100000e+02   2.1085951e-02
   3.3200000e+02   2.1067059e-02
   3.3300000e+02   2.1048028e-02
   3.3400000e+02   2.1028865e-02
   3.3500000e+02   2.1009568e-02
   3.3600000e+02   2.0990139e-02
   3.3700000e+02   2.0970579e-02
   3.3800000e+02   2.0950889e-02
   3.3900000e+02   2.0931073e-02
   3.4000000e+02   2.0911127e-02
   3.4100000e+02   2.0891055e-02
   3.4200000e+02   2.0870859e-02
   3.4300000e+02   2.0850539e-02
   3.4400000e+02   2.0830097e-02
   3.4500000e+02   2.0809533e-02
   3.4600000e+02   2.0788847e-02
   3.4700000e+02   2.0768043e-02
   3.4800000e+02   2.0747120e-02
   3.4900000e+02   2.0726079e-02
   3.5000000e+02   2.0704921e-02
   3.5100000e+02   2.0683650e-02
   3.5200000e+02   2.0662263e-02
   3.5300000e+02   2.0640764e-02
   3.5400000e+02   2.0619154e-02
   3.5500000e+02   2.0597430e-02
   3.5600000e+02   2.0575598e-02
   3.5700000e+02   2.0553658e-02
   3.5800000e+02   2.0531606e-02
   3.5900000e+02   2.0509448e-02
   2.6219766e-08   2.0487187e-02
