   0.0000000e+00   4.9028214e+01
   1.0000000e+00   2.7427420e+01
   2.0000000e+00   2.7209126e+01
   3.0000000e+00   2.6949591e+01
   4.0000000e+00   2.6678230e+01
   5.0000000e+00   2.6395126e+01
   6.0000000e+00   2.6100328e+01
   7.0000000e+00   2.5793903e+01
   8.0000000e+00   2.5475914e+01
   9.0000000e+00   2.5146461e+01
   1.0000000e+01   2.4805649e+01
   1.1000000e+01   2.4453592e+01
   1.2000000e+01   2.4090420e+01
   1.3000000e+01   2.3716284e+01
   1.4000000e+01   2.3331329e+01
   1.5000000e+01   2.2935747e+01
   1.6000000e+01   2.2529711e+01
   1.7000000e+01   2.2113401e+01
   1.8000000e+01   2.1687042e+01
   1.9000000e+01   2.1250835e+01
   2.0000000e+01   2.0805044e+01
   2.1000000e+01   2.0349926e+01
   2.2000000e+01   1.9885771e+01
   2.3000000e+01   1.9412859e+01
   2.4000000e+01   1.8931479e+01
   2.5000000e+01   1.8441931e+01
   2.6000000e+01   1.7944550e+01
   2.7000000e+01   1.7439671e+01
   2.8000000e+01   1.6927652e+01
   2.9000000e+01   1.6408842e+01
   3.0000000e+01   1.5883615e+01
   3.1000000e+01   1.5351743e+01
   3.2000000e+01   1.4813932e+01
   3.3000000e+01   1.4270586e+01
   3.4000000e+01   1.3722111e+01
   3.5000000e+01   1.3168924e+01
   3.6000000e+01   1.2611449e+01
   3.7000000e+01   1.2050115e+01
   3.8000000e+01   1.1485350e+01
   3.9000000e+01   1.0917591e+01
   4.0000000e+01   1.0347281e+01
   4.1000000e+01   9.7748623e+00
   4.2000000e+01   9.2007723e+00
   4.3000000e+01   8.6254435e+00
   4.4000000e+01   8.0493116e+00
   4.5000000e+01   7.4728079e+00
   4.6000000e+01   6.8963552e+00
   4.7000000e+01   6.3203707e+00
   4.8000000e+01   5.7452688e+00
   4.9000000e+01   5.1714501e+00
   5.0000000e+01   4.5993099e+00
   5.1000000e+01   4.0292363e+00
   5.2000000e+01   3.4616027e+00
   5.3000000e+01   2.8967721e+00
   5.4000000e+01   2.3350966e+00
   5.5000000e+01   1.7769157e+00
   5.6000000e+01   1.2225567e+00
   5.7000000e+01   6.7233336e-01
   5.8000000e+01   1.2654433e-01
   5.9000000e+01  -4.1452545e-01
   6.0000000e+01  -9.5060837e-01
   6.1000000e+01  -1.5064415e+00
   6.2000000e+01  -2.0571568e+00
   6.3000000e+01  -2.6024613e+00
   6.4000000e+01  -3.1420789e+00
   6.5000000e+01  -3.6760015e+00
   6.6000000e+01  -4.2046247e+00
   6.7000000e+01  -4.7272482e+00
   6.8000000e+01  -5.2436790e+00
   6.9000000e+01  -5.7537398e+00
   7.0000000e+01  -6.2572675e+00
   7.1000000e+01  -6.7541170e+00
   7.2000000e+01  -7.2441559e+00
   7.3000000e+01  -7.7272635e+00
   7.4000000e+01  -8.2033329e+00
   7.5000000e+01  -8.6722021e+00
   7.6000000e+01  -9.1338215e+00
   7.7000000e+01  -9.5881252e+00
   7.8000000e+01  -1.0035054e+01
   7.9000000e+01  -1.0474559e+01
   8.0000000e+01  -1.0906606e+01
   8.1000000e+01  -1.1331155e+01
   8.2000000e+01  -1.1748181e+01
   8.3000000e+01  -1.2157689e+01
   8.4000000e+01  -1.2559678e+01
   8.5000000e+01  -1.2954156e+01
   8.6000000e+01  -1.3341144e+01
   8.7000000e+01  -1.3720659e+01
   8.8000000e+01  -1.4092739e+01
   8.9000000e+01  -1.4457417e+01
   9.0000000e+01  -1.4814730e+01
   9.1000000e+01  -1.4865446e+01
   9.2000000e+01  -1.4909723e+01
   9.3000000e+01  -1.4947620e+01
   9.4000000e+01  -1.4979198e+01
   9.5000000e+01  -1.5004501e+01
   9.6000000e+01  -1.5023577e+01
   9.7000000e+01  -1.5036499e+01
   9.8000000e+01  -1.5043323e+01
   9.9000000e+01  -1.5043940e+01
   1.0000000e+02  -1.5038569e+01
   1.0100000e+02  -1.5026056e+01
   1.0200000e+02  -1.4999851e+01
   1.0300000e+02  -1.4966429e+01
   1.0400000e+02  -1.4926038e+01
   1.0500000e+02  -1.4878780e+01
   1.0600000e+02  -1.4824746e+01
   1.0700000e+02  -1.4764019e+01
   1.0800000e+02  -1.4696677e+01
   1.0900000e+02  -1.4622800e+01
   1.1000000e+02  -1.4542458e+01
   1.1100000e+02  -1.4455717e+01
   1.1200000e+02  -1.4362644e+01
   1.1300000e+02  -1.4263300e+01
   1.1400000e+02  -1.4157741e+01
   1.1500000e+02  -1.4046021e+01
   1.1600000e+02  -1.3928192e+01
   1.1700000e+02  -1.3804297e+01
   1.1800000e+02  -1.3674306e+01
   1.1900000e+02  -1.3538393e+01
   1.2000000e+02  -1.3396671e+01
   1.2100000e+02  -1.3240863e+01
   1.2200000e+02  -1.3082548e+01
   1.2300000e+02  -1.2921650e+01
   1.2400000e+02  -1.2758095e+01
   1.2500000e+02  -1.2591811e+01
   1.2600000e+02  -1.2422724e+01
   1.2700000e+02  -1.2250763e+01
   1.2800000e+02  -1.2075853e+01
   1.2900000e+02  -1.1897928e+01
   1.3000000e+02  -1.1716915e+01
   1.3100000e+02  -1.1532743e+01
   1.3200000e+02  -1.1345343e+01
   1.3300000e+02  -1.1154647e+01
   1.3400000e+02  -1.0960587e+01
   1.3500000e+02  -1.0763066e+01
   1.3600000e+02  -1.0562024e+01
   1.3700000e+02  -1.0357400e+01
   1.3800000e+02  -1.0149133e+01
   1.3900000e+02  -9.9371614e+00
   1.4000000e+02  -9.7214165e+00
   1.4100000e+02  -9.5018301e+00
   1.4200000e+02  -9.2783403e+00
   1.4300000e+02  -9.0508823e+00
   1.4400000e+02  -8.8193893e+00
   1.4500000e+02  -8.5837975e+00
   1.4600000e+02  -8.3440399e+00
   1.4700000e+02  -8.1000509e+00
   1.4800000e+02  -7.8517747e+00
   1.4900000e+02  -7.5991378e+00
   1.5000000e+02  -7.3420763e+00
   1.5100000e+02  -7.5141106e+00
   1.5200000e+02  -7.6794977e+00
   1.5300000e+02  -7.8383660e+00
   1.5400000e+02  -7.9908442e+00
   1.5500000e+02  -8.1370564e+00
   1.5600000e+02  -8.2771206e+00
   1.5700000e+02  -8.4111586e+00
   1.5800000e+02  -8.5392838e+00
   1.5900000e+02  -8.6616068e+00
   1.6000000e+02  -8.7782373e+00
   1.6100000e+02  -8.8892813e+00
   1.6200000e+02  -8.9948444e+00
   1.6300000e+02  -9.0950241e+00
   1.6400000e+02  -9.1899214e+00
   1.6500000e+02  -9.2796307e+00
   1.6600000e+02  -9.3642454e+00
   1.6700000e+02  -9.4438572e+00
   1.6800000e+02  -9.5185528e+00
   1.6900000e+02  -9.5884199e+00
   1.7000000e+02  -9.6535435e+00
   1.7100000e+02  -9.7140026e+00
   1.7200000e+02  -9.7698784e+00
   1.7300000e+02  -9.8212500e+00
   1.7400000e+02  -9.8681917e+00
   1.7500000e+02  -9.9107780e+00
   1.7600000e+02  -9.9490824e+00
   1.7700000e+02  -9.9831734e+00
   1.7800000e+02  -1.0013121e+01
   1.7900000e+02  -1.0038991e+01
   1.8000000e+02  -1.0060851e+01
   1.8100000e+02  -1.0162202e+01
   1.8200000e+02  -1.0259722e+01
   1.8300000e+02  -1.0353493e+01
   1.8400000e+02  -1.0443594e+01
   1.8500000e+02  -1.0530104e+01
   1.8600000e+02  -1.0613098e+01
   1.8700000e+02  -1.0692657e+01
   1.8800000e+02  -1.0768850e+01
   1.8900000e+02  -1.0841755e+01
   1.9000000e+02  -1.0911393e+01
   1.9100000e+02  -1.0977846e+01
   1.9200000e+02  -1.1041210e+01
   1.9300000e+02  -1.1101555e+01
   1.9400000e+02  -1.1158949e+01
   1.9500000e+02  -1.1213461e+01
   1.9600000e+02  -1.1265159e+01
   1.9700000e+02  -1.1314108e+01
   1.9800000e+02  -1.1360376e+01
   1.9900000e+02  -1.1404029e+01
   2.0000000e+02  -1.1445131e+01
   2.0100000e+02  -1.1483747e+01
   2.0200000e+02  -1.1519941e+01
   2.0300000e+02  -1.1553777e+01
   2.0400000e+02  -1.1585318e+01
   2.0500000e+02  -1.1614628e+01
   2.0600000e+02  -1.1641770e+01
   2.0700000e+02  -1.1666806e+01
   2.0800000e+02  -1.1689798e+01
   2.0900000e+02  -1.1710812e+01
   2.1000000e+02  -1.1729906e+01
   2.1100000e+02  -1.1555761e+01
   2.1200000e+02  -1.1379952e+01
   2.1300000e+02  -1.1202518e+01
   2.1400000e+02  -1.1023495e+01
   2.1500000e+02  -1.0842923e+01
   2.1600000e+02  -1.0660844e+01
   2.1700000e+02  -1.0477300e+01
   2.1800000e+02  -1.0292332e+01
   2.1900000e+02  -1.0105984e+01
   2.2000000e+02  -9.9183044e+00
   2.2100000e+02  -9.7293367e+00
   2.2200000e+02  -9.5391273e+00
   2.2300000e+02  -9.3477287e+00
   2.2400000e+02  -9.1502028e+00
   2.2500000e+02  -8.9481211e+00
   2.2600000e+02  -8.7437000e+00
   2.2700000e+02  -8.5369587e+00
   2.2800000e+02  -8.3279104e+00
   2.2900000e+02  -8.1165705e+00
   2.3000000e+02  -7.9029555e+00
   2.3100000e+02  -7.6870799e+00
   2.3200000e+02  -7.4689627e+00
   2.3300000e+02  -7.2486243e+00
   2.3400000e+02  -7.0260844e+00
   2.3500000e+02  -6.8013668e+00
   2.3600000e+02  -6.5744948e+00
   2.3700000e+02  -6.3454943e+00
   2.3800000e+02  -6.1143918e+00
   2.3900000e+02  -5.8812175e+00
   2.4000000e+02  -5.6460013e+00
   2.4100000e+02  -5.2134862e+00
   2.4200000e+02  -4.7757988e+00
   2.4300000e+02  -4.3329659e+00
   2.4400000e+02  -3.8850186e+00
   2.4500000e+02  -3.4319928e+00
   2.4600000e+02  -2.9739282e+00
   2.4700000e+02  -2.5108709e+00
   2.4800000e+02  -2.0428715e+00
   2.4900000e+02  -1.5699866e+00
   2.5000000e+02  -1.0922778e+00
   2.5100000e+02  -6.0981292e-01
   2.5200000e+02  -1.2266569e-01
   2.5300000e+02   3.6908409e-01
   2.5400000e+02   8.6535060e-01
   2.5500000e+02   1.3660412e+00
   2.5600000e+02   1.8710572e+00
   2.5700000e+02   2.3802927e+00
   2.5800000e+02   2.8936353e+00
   2.5900000e+02   3.4109657e+00
   2.6000000e+02   3.9321585e+00
   2.6100000e+02   4.4570804e+00
   2.6200000e+02   4.9855909e+00
   2.6300000e+02   5.5175438e+00
   2.6400000e+02   6.0527849e+00
   2.6500000e+02   6.5911531e+00
   2.6600000e+02   7.1324806e+00
   2.6700000e+02   7.6765928e+00
   2.6800000e+02   8.2233086e+00
   2.6900000e+02   8.7724400e+00
   2.7000000e+02   9.3237896e+00
   2.7100000e+02   9.7802534e+00
   2.7200000e+02   1.0238046e+01
   2.7300000e+02   1.0697007e+01
   2.7400000e+02   1.1156974e+01
   2.7500000e+02   1.1617776e+01
   2.7600000e+02   1.2079243e+01
   2.7700000e+02   1.2541194e+01
   2.7800000e+02   1.3003450e+01
   2.7900000e+02   1.3465824e+01
   2.8000000e+02   1.3928129e+01
   2.8100000e+02   1.4390168e+01
   2.8200000e+02   1.4851748e+01
   2.8300000e+02   1.5312665e+01
   2.8400000e+02   1.5772719e+01
   2.8500000e+02   1.6231703e+01
   2.8600000e+02   1.6689405e+01
   2.8700000e+02   1.7145618e+01
   2.8800000e+02   1.7600124e+01
   2.8900000e+02   1.8052711e+01
   2.9000000e+02   1.8503157e+01
   2.9100000e+02   1.8951244e+01
   2.9200000e+02   1.9396753e+01
   2.9300000e+02   1.9839458e+01
   2.9400000e+02   2.0279142e+01
   2.9500000e+02   2.0715574e+01
   2.9600000e+02   2.1148535e+01
   2.9700000e+02   2.1577799e+01
   2.9800000e+02   2.2003141e+01
   2.9900000e+02   2.2424339e+01
   3.0000000e+02   2.2841167e+01
   3.0100000e+02   2.3220463e+01
   3.0200000e+02   2.3594902e+01
   3.0300000e+02   2.3964272e+01
   3.0400000e+02   2.4328354e+01
   3.0500000e+02   2.4686943e+01
   3.0600000e+02   2.5039825e+01
   3.0700000e+02   2.5386787e+01
   3.0800000e+02   2.5727623e+01
   3.0900000e+02   2.6062124e+01
   3.1000000e+02   2.6390089e+01
   3.1100000e+02   2.6711308e+01
   3.1200000e+02   2.7025581e+01
   3.1300000e+02   2.7332708e+01
   3.1400000e+02   2.7632494e+01
   3.1500000e+02   2.7924740e+01
   3.1600000e+02   2.8209251e+01
   3.1700000e+02   2.8485840e+01
   3.1800000e+02   2.8754314e+01
   3.1900000e+02   2.9014488e+01
   3.2000000e+02   2.9266182e+01
   3.2100000e+02   2.9509211e+01
   3.2200000e+02   2.9743397e+01
   3.2300000e+02   2.9968563e+01
   3.2400000e+02   3.0184538e+01
   3.2500000e+02   3.0391148e+01
   3.2600000e+02   3.0588230e+01
   3.2700000e+02   3.0775618e+01
   3.2800000e+02   3.0953146e+01
   3.2900000e+02   3.1120659e+01
   3.3000000e+02   3.1278000e+01
   3.3100000e+02   3.1385492e+01
   3.3200000e+02   3.1482330e+01
   3.3300000e+02   3.1568359e+01
   3.3400000e+02   3.1643423e+01
   3.3500000e+02   3.1707367e+01
   3.3600000e+02   3.1760040e+01
   3.3700000e+02   3.1801294e+01
   3.3800000e+02   3.1830988e+01
   3.3900000e+02   3.1848976e+01
   3.4000000e+02   3.1855120e+01
   3.4100000e+02   3.1849287e+01
   3.4200000e+02   3.1831348e+01
   3.4300000e+02   3.1801170e+01
   3.4400000e+02   3.1758636e+01
   3.4500000e+02   3.1703625e+01
   3.4600000e+02   3.1636024e+01
   3.4700000e+02   3.1555725e+01
   3.4800000e+02   3.1462622e+01
   3.4900000e+02   3.1356617e+01
   3.5000000e+02   3.1237621e+01
   3.5100000e+02   3.1105549e+01
   3.5200000e+02   3.0960321e+01
   3.5300000e+02   3.0801868e+01
   3.5400000e+02   3.0630127e+01
   3.5500000e+02   3.0445044e+01
   3.5600000e+02   3.0246571e+01
   3.5700000e+02   3.0034672e+01
   3.5800000e+02   2.9809319e+01
   3.5900000e+02   2.9570499e+01
   7.1133672e-07   2.9318203e+01
   1.0000007e+00   2.9020670e+01
   2.0000007e+00   2.8709259e+01
   3.0000007e+00   2.8383993e+01
   4.0000010e+00   2.8044907e+01
   5.0000010e+00   2.7692053e+01
   6.0000010e+00   2.7325499e+01
   7.0000010e+00   2.6945328e+01
   8.0000010e+00   2.6551645e+01
   9.0000010e+00   2.6144567e+01
   1.0000001e+01   2.5724232e+01
   1.1000001e+01   2.5290800e+01
   1.2000001e+01   2.4844448e+01
   1.3000001e+01   2.4385370e+01
   1.4000001e+01   2.3913788e+01
   1.5000001e+01   2.3429939e+01
   1.6000000e+01   2.2934086e+01
   1.7000000e+01   2.2426508e+01
   1.8000000e+01   2.1907509e+01
   1.9000000e+01   2.1377413e+01
   2.0000000e+01   2.0836569e+01
   2.1000000e+01   2.0285339e+01
   2.2000000e+01   1.9724113e+01
   2.3000000e+01   1.9153301e+01
   2.4000000e+01   1.8573326e+01
   2.5000000e+01   1.7984636e+01
   2.6000000e+01   1.7387697e+01
   2.7000000e+01   1.6782990e+01
   2.8000000e+01   1.6171009e+01
   2.9000000e+01   1.5552266e+01
   3.0000000e+01   1.4927288e+01
   3.1000000e+01   1.4278311e+01
   3.2000000e+01   1.3623880e+01
   3.3000000e+01   1.2964570e+01
   3.4000000e+01   1.2300959e+01
   3.5000000e+01   1.1633636e+01
   3.6000000e+01   1.0963192e+01
   3.7000000e+01   1.0290222e+01
   3.8000000e+01   9.6153212e+00
   3.9000000e+01   8.9390821e+00
   4.0000000e+01   8.2620964e+00
   4.1000000e+01   7.5849490e+00
   4.2000000e+01   6.9082165e+00
   4.3000000e+01   6.2324686e+00
   4.4000000e+01   5.5582638e+00
   4.5000000e+01   4.8861475e+00
   4.6000000e+01   4.2166510e+00
   4.7000000e+01   3.5502918e+00
   4.8000000e+01   2.8875690e+00
   4.9000000e+01   2.2289646e+00
   5.0000000e+01   1.5749410e+00
   5.1000000e+01   9.2594135e-01
   5.2000000e+01   2.8238764e-01
   5.3000000e+01  -3.5531938e-01
   5.4000000e+01  -9.8680091e-01
   5.5000000e+01  -1.6117003e+00
   5.6000000e+01  -2.2296836e+00
   5.7000000e+01  -2.8404393e+00
   5.8000000e+01  -3.4436786e+00
   5.9000000e+01  -4.0391350e+00
   6.0000000e+01  -4.6265650e+00
   6.1000000e+01  -5.1480136e+00
   6.2000000e+01  -5.6618762e+00
   6.3000000e+01  -6.1679850e+00
   6.4000000e+01  -6.6661897e+00
   6.5000000e+01  -7.1563568e+00
   6.6000000e+01  -7.6383700e+00
   6.7000000e+01  -8.1121283e+00
   6.8000000e+01  -8.5775480e+00
   6.9000000e+01  -9.0345554e+00
   7.0000000e+01  -9.4830961e+00
   7.1000000e+01  -9.9231272e+00
   7.2000000e+01  -1.0354619e+01
   7.3000000e+01  -1.0777551e+01
   7.4000000e+01  -1.1191917e+01
   7.5000000e+01  -1.1597722e+01
   7.6000000e+01  -1.1994979e+01
   7.7000000e+01  -1.2383711e+01
   7.8000000e+01  -1.2763949e+01
   7.9000000e+01  -1.3135734e+01
   8.0000000e+01  -1.3499112e+01
   8.1000000e+01  -1.3854138e+01
   8.2000000e+01  -1.4200872e+01
   8.3000000e+01  -1.4539381e+01
   8.4000000e+01  -1.4869734e+01
   8.5000000e+01  -1.5192009e+01
   8.6000000e+01  -1.5506285e+01
   8.7000000e+01  -1.5812646e+01
   8.8000000e+01  -1.6111179e+01
   8.9000000e+01  -1.6401974e+01
   9.0000000e+01  -1.6685125e+01
   9.1000000e+01  -1.6574348e+01
   9.2000000e+01  -1.6461578e+01
   9.3000000e+01  -1.6346773e+01
   9.4000000e+01  -1.6229889e+01
   9.5000000e+01  -1.6110882e+01
   9.6000000e+01  -1.5989712e+01
   9.7000000e+01  -1.5866340e+01
   9.8000000e+01  -1.5740722e+01
   9.9000000e+01  -1.5612819e+01
   1.0000000e+02  -1.5482594e+01
   1.0100000e+02  -1.5350008e+01
   1.0200000e+02  -1.5215022e+01
   1.0300000e+02  -1.5077599e+01
   1.0400000e+02  -1.4937701e+01
   1.0500000e+02  -1.4795293e+01
   1.0600000e+02  -1.4650337e+01
   1.0700000e+02  -1.4502798e+01
   1.0800000e+02  -1.4352640e+01
   1.0900000e+02  -1.4199828e+01
   1.1000000e+02  -1.4044328e+01
   1.1100000e+02  -1.3886101e+01
   1.1200000e+02  -1.3725116e+01
   1.1300000e+02  -1.3561337e+01
   1.1400000e+02  -1.3394731e+01
   1.1500000e+02  -1.3225261e+01
   1.1600000e+02  -1.3052896e+01
   1.1700000e+02  -1.2877599e+01
   1.1800000e+02  -1.2699339e+01
   1.1900000e+02  -1.2518079e+01
   1.2000000e+02  -1.2333787e+01
   1.2100000e+02  -1.2223293e+01
   1.2200000e+02  -1.2108871e+01
   1.2300000e+02  -1.1990493e+01
   1.2400000e+02  -1.1868131e+01
   1.2500000e+02  -1.1741757e+01
   1.2600000e+02  -1.1611344e+01
   1.2700000e+02  -1.1476862e+01
   1.2800000e+02  -1.1338281e+01
   1.2900000e+02  -1.1195570e+01
   1.3000000e+02  -1.1048700e+01
   1.3100000e+02  -1.0897640e+01
   1.3200000e+02  -1.0742357e+01
   1.3300000e+02  -1.0582820e+01
   1.3400000e+02  -1.0418993e+01
   1.3500000e+02  -1.0250847e+01
   1.3600000e+02  -1.0078343e+01
   1.3700000e+02  -9.9014502e+00
   1.3800000e+02  -9.7201300e+00
   1.3900000e+02  -9.5343475e+00
   1.4000000e+02  -9.3440657e+00
   1.4100000e+02  -9.1492481e+00
   1.4200000e+02  -8.9498539e+00
   1.4300000e+02  -8.7458467e+00
   1.4400000e+02  -8.5371857e+00
   1.4500000e+02  -8.3238316e+00
   1.4600000e+02  -8.1057425e+00
   1.4700000e+02  -7.8828778e+00
   1.4800000e+02  -7.6551952e+00
   1.4900000e+02  -7.4226518e+00
   1.5000000e+02  -7.1852055e+00
   1.5100000e+02  -7.3591480e+00
   1.5200000e+02  -7.5264311e+00
   1.5300000e+02  -7.6871796e+00
   1.5400000e+02  -7.8415151e+00
   1.5500000e+02  -7.9895568e+00
   1.5600000e+02  -8.1314201e+00
   1.5700000e+02  -8.2672195e+00
   1.5800000e+02  -8.3970642e+00
   1.5900000e+02  -8.5210638e+00
   1.6000000e+02  -8.6393232e+00
   1.6100000e+02  -8.7519445e+00
   1.6200000e+02  -8.8590298e+00
   1.6300000e+02  -8.9606752e+00
   1.6400000e+02  -9.0569782e+00
   1.6500000e+02  -9.1480293e+00
   1.6600000e+02  -9.2339220e+00
   1.6700000e+02  -9.3147449e+00
   1.6800000e+02  -9.3905830e+00
   1.6900000e+02  -9.4615202e+00
   1.7000000e+02  -9.5276423e+00
   1.7100000e+02  -9.5890255e+00
   1.7200000e+02  -9.6457491e+00
   1.7300000e+02  -9.6978922e+00
   1.7400000e+02  -9.7455263e+00
   1.7500000e+02  -9.7887259e+00
   1.7600000e+02  -9.8275614e+00
   1.7700000e+02  -9.8621016e+00
   1.7800000e+02  -9.8924160e+00
   1.7900000e+02  -9.9185686e+00
   1.8000000e+02  -9.9406261e+00
   1.8100000e+02  -1.0058550e+01
   1.8200000e+02  -1.0172433e+01
   1.8300000e+02  -1.0282362e+01
   1.8400000e+02  -1.0388416e+01
   1.8500000e+02  -1.0490678e+01
   1.8600000e+02  -1.0589229e+01
   1.8700000e+02  -1.0684146e+01
   1.8800000e+02  -1.0775509e+01
   1.8900000e+02  -1.0863393e+01
   1.9000000e+02  -1.0947875e+01
   1.9100000e+02  -1.1029031e+01
   1.9200000e+02  -1.1106935e+01
   1.9300000e+02  -1.1181660e+01
   1.9400000e+02  -1.1253279e+01
   1.9500000e+02  -1.1321865e+01
   1.9600000e+02  -1.1387488e+01
   1.9700000e+02  -1.1450220e+01
   1.9800000e+02  -1.1510131e+01
   1.9900000e+02  -1.1567289e+01
   2.0000000e+02  -1.1621767e+01
   2.0100000e+02  -1.1673629e+01
   2.0200000e+02  -1.1722947e+01
   2.0300000e+02  -1.1769788e+01
   2.0400000e+02  -1.1814218e+01
   2.0500000e+02  -1.1856305e+01
   2.0600000e+02  -1.1896118e+01
   2.0700000e+02  -1.1933722e+01
   2.0800000e+02  -1.1969187e+01
   2.0900000e+02  -1.2002575e+01
   2.1000000e+02  -1.2033957e+01
   2.1100000e+02  -1.1897966e+01
   2.1200000e+02  -1.1759096e+01
   2.1300000e+02  -1.1617358e+01
   2.1400000e+02  -1.1472765e+01
   2.1500000e+02  -1.1325325e+01
   2.1600000e+02  -1.1175052e+01
   2.1700000e+02  -1.1021956e+01
   2.1800000e+02  -1.0866052e+01
   2.1900000e+02  -1.0707351e+01
   2.2000000e+02  -1.0545864e+01
   2.2100000e+02  -1.0381607e+01
   2.2200000e+02  -1.0214594e+01
   2.2300000e+02  -1.0044837e+01
   2.2400000e+02  -9.8723555e+00
   2.2500000e+02  -9.6971607e+00
   2.2600000e+02  -9.5192719e+00
   2.2700000e+02  -9.3387051e+00
   2.2800000e+02  -9.1554804e+00
   2.2900000e+02  -8.9696150e+00
   2.3000000e+02  -8.7811298e+00
   2.3100000e+02  -8.5900459e+00
   2.3200000e+02  -8.3963861e+00
   2.3300000e+02  -8.2001724e+00
   2.3400000e+02  -8.0014305e+00
   2.3500000e+02  -7.8001862e+00
   2.3600000e+02  -7.5964665e+00
   2.3700000e+02  -7.3903003e+00
   2.3800000e+02  -7.1817174e+00
   2.3900000e+02  -6.9707499e+00
   2.4000000e+02  -6.7574315e+00
   2.4100000e+02  -6.2918444e+00
   2.4200000e+02  -5.8214188e+00
   2.4300000e+02  -5.3461809e+00
   2.4400000e+02  -4.8661618e+00
   2.4500000e+02  -4.3813977e+00
   2.4600000e+02  -3.8919291e+00
   2.4700000e+02  -3.3978047e+00
   2.4800000e+02  -2.8990769e+00
   2.4900000e+02  -2.3958042e+00
   2.5000000e+02  -1.8880515e+00
   2.5100000e+02  -1.3758900e+00
   2.5200000e+02  -8.5939723e-01
   2.5300000e+02  -3.3865720e-01
   2.5400000e+02   1.8623957e-01
   2.5500000e+02   7.1519566e-01
   2.5600000e+02   1.2481066e+00
   2.5700000e+02   1.7848614e+00
   2.5800000e+02   2.3253417e+00
   2.5900000e+02   2.8694220e+00
   2.6000000e+02   3.4169698e+00
   2.6100000e+02   3.9678454e+00
   2.6200000e+02   4.5219021e+00
   2.6300000e+02   5.0789857e+00
   2.6400000e+02   5.6389351e+00
   2.6500000e+02   6.2015829e+00
   2.6600000e+02   6.7667522e+00
   2.6700000e+02   7.3342628e+00
   2.6800000e+02   7.9039245e+00
   2.6900000e+02   8.4755430e+00
   2.7000000e+02   9.0489159e+00
   2.7100000e+02   9.5194416e+00
   2.7200000e+02   9.9912853e+00
   2.7300000e+02   1.0464282e+01
   2.7400000e+02   1.0938261e+01
   2.7500000e+02   1.1413049e+01
   2.7600000e+02   1.1888464e+01
   2.7700000e+02   1.2364324e+01
   2.7800000e+02   1.2840439e+01
   2.7900000e+02   1.3316618e+01
   2.8000000e+02   1.3792664e+01
   2.8100000e+02   1.4268375e+01
   2.8200000e+02   1.4743549e+01
   2.8300000e+02   1.5217980e+01
   2.8400000e+02   1.5691454e+01
   2.8500000e+02   1.6163759e+01
   2.8600000e+02   1.6634680e+01
   2.8700000e+02   1.7103994e+01
   2.8800000e+02   1.7571486e+01
   2.8900000e+02   1.8036928e+01
   2.9000000e+02   1.8500093e+01
   2.9100000e+02   1.8960760e+01
   2.9200000e+02   1.9418701e+01
   2.9300000e+02   1.9873682e+01
   2.9400000e+02   2.0325476e+01
   2.9500000e+02   2.0773855e+01
   2.9600000e+02   2.1218586e+01
   2.9700000e+02   2.1659437e+01
   2.9800000e+02   2.2096184e+01
   2.9900000e+02   2.2528589e+01
   3.0000000e+02   2.2956432e+01
   3.0100000e+02   2.3344854e+01
   3.0200000e+02   2.3728277e+01
   3.0300000e+02   2.4106478e+01
   3.0400000e+02   2.4479239e+01
   3.0500000e+02   2.4846342e+01
   3.0600000e+02   2.5207575e+01
   3.0700000e+02   2.5562717e+01
   3.0800000e+02   2.5911562e+01
   3.0900000e+02   2.6253895e+01
   3.1000000e+02   2.6589506e+01
   3.1100000e+02   2.6918190e+01
   3.1200000e+02   2.7239738e+01
   3.1300000e+02   2.7553951e+01
   3.1400000e+02   2.7860624e+01
   3.1500000e+02   2.8159561e+01
   3.1600000e+02   2.8450565e+01
   3.1700000e+02   2.8733440e+01
   3.1800000e+02   2.9007999e+01
   3.1900000e+02   2.9274050e+01
   3.2000000e+02   2.9531406e+01
   3.2100000e+02   2.9779888e+01
   3.2200000e+02   3.0019312e+01
   3.2300000e+02   3.0249502e+01
   3.2400000e+02   3.0470282e+01
   3.2500000e+02   3.0681482e+01
   3.2600000e+02   3.0882931e+01
   3.2700000e+02   3.1074465e+01
   3.2800000e+02   3.1255917e+01
   3.2900000e+02   3.1427132e+01
   3.3000000e+02   3.1587948e+01
   3.3100000e+02   3.1697289e+01
   3.3200000e+02   3.1795771e+01
   3.3300000e+02   3.1883234e+01
   3.3400000e+02   3.1959517e+01
   3.3500000e+02   3.2024464e+01
   3.3600000e+02   3.2077915e+01
   3.3700000e+02   3.2119724e+01
   3.3800000e+02   3.2149738e+01
   3.3900000e+02   3.2167816e+01
   3.4000000e+02   3.2173813e+01
   3.4100000e+02   3.2167591e+01
   3.4200000e+02   3.2149010e+01
   3.4300000e+02   3.2117947e+01
   3.4400000e+02   3.2074272e+01
   3.4500000e+02   3.2017857e+01
   3.4600000e+02   3.1948587e+01
   3.4700000e+02   3.1866354e+01
   3.4800000e+02   3.1771046e+01
   3.4900000e+02   3.1662561e+01
   3.5000000e+02   3.1540804e+01
   3.5100000e+02   3.1405689e+01
   3.5200000e+02   3.1257132e+01
   3.5300000e+02   3.1095057e+01
   3.5400000e+02   3.0919399e+01
   3.5500000e+02   3.0730099e+01
   3.5600000e+02   3.0527107e+01
   3.5700000e+02   3.0310387e+01
   3.5800000e+02   3.0079906e+01
   3.5900000e+02   2.9835646e+01
   1.4226848e-06   2.9577600e+01
