   0.0000000e+00   1.2160223e+04
   1.0000000e+00   1.1985036e+04
   2.0000000e+00   1.1951060e+04
   3.0000000e+00   1.1918929e+04
   4.0000000e+00   1.1887706e+04
   5.0000000e+00   1.1857437e+04
   6.0000000e+00   1.1828157e+04
   7.0000000e+00   1.1799912e+04
   8.0000000e+00   1.1772741e+04
   9.0000000e+00   1.1746678e+04
   1.0000000e+01   1.1721757e+04
   1.1000000e+01   1.1698015e+04
   1.2000000e+01   1.1675488e+04
   1.3000000e+01   1.1654221e+04
   1.4000000e+01   1.1634249e+04
   1.5000000e+01   1.1615625e+04
   1.6000000e+01   1.1598396e+04
   1.7000000e+01   1.1582605e+04
   1.8000000e+01   1.1568298e+04
   1.9000000e+01   1.1555540e+04
   2.0000000e+01   1.1544356e+04
   2.1000000e+01   1.1534783e+04
   2.2000000e+01   1.1526854e+04
   2.3000000e+01   1.1520611e+04
   2.4000000e+01   1.1516104e+04
   2.5000000e+01   1.1513372e+04
   2.6000000e+01   1.1512450e+04
   2.7000000e+01   1.1513376e+04
   2.8000000e+01   1.1516182e+04
   2.9000000e+01   1.1520903e+04
   3.0000000e+01   1.1527574e+04
   3.1000000e+01   1.1535664e+04
   3.2000000e+01   1.1545744e+04
   3.3000000e+01   1.1557846e+04
   3.4000000e+01   1.1571995e+04
   3.5000000e+01   1.1588217e+04
   3.6000000e+01   1.1606534e+04
   3.7000000e+01   1.1626965e+04
   3.8000000e+01   1.1649528e+04
   3.9000000e+01   1.1674243e+04
   4.0000000e+01   1.1701122e+04
   4.1000000e+01   1.1730176e+04
   4.2000000e+01   1.1761416e+04
   4.3000000e+01   1.1794849e+04
   4.4000000e+01   1.1830478e+04
   4.5000000e+01   1.1868304e+04
   4.6000000e+01   1.1908323e+04
   4.7000000e+01   1.1950532e+04
   4.8000000e+01   1.1994925e+04
   4.9000000e+01   1.2041490e+04
   5.0000000e+01   1.2090216e+04
   5.1000000e+01   1.2141087e+04
   5.2000000e+01   1.2194089e+04
   5.3000000e+01   1.2249199e+04
   5.4000000e+01   1.2306398e+04
   5.5000000e+01   1.2365660e+04
   5.6000000e+01   1.2426960e+04
   5.7000000e+01   1.2490270e+04
   5.8000000e+01   1.2555558e+04
   5.9000000e+01   1.2622794e+04
   6.0000000e+01   1.2691941e+04
   6.1000000e+01   1.2757084e+04
   6.2000000e+01   1.2824108e+04
   6.3000000e+01   1.2892971e+04
   6.4000000e+01   1.2963633e+04
   6.5000000e+01   1.3036096e+04
   6.6000000e+01   1.3110438e+04
   6.7000000e+01   1.3186521e+04
   6.8000000e+01   1.3264295e+04
   6.9000000e+01   1.3343712e+04
   7.0000000e+01   1.3424722e+04
   7.1000000e+01   1.3507276e+04
   7.2000000e+01   1.3591320e+04
   7.3000000e+01   1.3676802e+04
   7.4000000e+01   1.3763668e+04
   7.5000000e+01   1.3851847e+04
   7.6000000e+01   1.3941294e+04
   7.7000000e+01   1.4031956e+04
   7.8000000e+01   1.4123775e+04
   7.9000000e+01   1.4216694e+04
   8.0000000e+01   1.4310653e+04
   8.1000000e+01   1.4405590e+04
   8.2000000e+01   1.4501448e+04
   8.3000000e+01   1.4598174e+04
   8.4000000e+01   1.4695707e+04
   8.5000000e+01   1.4793989e+04
   8.6000000e+01   1.4892963e+04
   8.7000000e+01   1.4992566e+04
   8.8000000e+01   1.5092744e+04
   8.9000000e+01   1.5193435e+04
   9.0000000e+01   1.5294580e+04
   9.1000000e+01   1.5370313e+04
   9.2000000e+01   1.5445763e+04
   9.3000000e+01   1.5520899e+04
   9.4000000e+01   1.5595692e+04
   9.5000000e+01   1.5670121e+04
   9.6000000e+01   1.5744167e+04
   9.7000000e+01   1.5817778e+04
   9.8000000e+01   1.5890925e+04
   9.9000000e+01   1.5963521e+04
   1.0000000e+02   1.6035600e+04
   1.0100000e+02   1.6106702e+04
   1.0200000e+02   1.6174412e+04
   1.0300000e+02   1.6241032e+04
   1.0400000e+02   1.6306617e+04
   1.0500000e+02   1.6371170e+04
   1.0600000e+02   1.6434686e+04
   1.0700000e+02   1.6497166e+04
   1.0800000e+02   1.6558605e+04
   1.0900000e+02   1.6619006e+04
   1.1000000e+02   1.6678367e+04
   1.1100000e+02   1.6736682e+04
   1.1200000e+02   1.6793955e+04
   1.1300000e+02   1.6850184e+04
   1.1400000e+02   1.6905365e+04
   1.1500000e+02   1.6959502e+04
   1.1600000e+02   1.7012592e+04
   1.1700000e+02   1.7064639e+04
   1.1800000e+02   1.7115613e+04
   1.1900000e+02   1.7165561e+04
   1.2000000e+02   1.7214510e+04
   1.2100000e+02   1.7235480e+04
   1.2200000e+02   1.7256299e+04
   1.2300000e+02   1.7276922e+04
   1.2400000e+02   1.7297305e+04
   1.2500000e+02   1.7317404e+04
   1.2600000e+02   1.7337182e+04
   1.2700000e+02   1.7356598e+04
   1.2800000e+02   1.7375609e+04
   1.2900000e+02   1.7394186e+04
   1.3000000e+02   1.7412289e+04
   1.3100000e+02   1.7429889e+04
   1.3200000e+02   1.7446947e+04
   1.3300000e+02   1.7463438e+04
   1.3400000e+02   1.7479330e+04
   1.3500000e+02   1.7494584e+04
   1.3600000e+02   1.7509174e+04
   1.3700000e+02   1.7523076e+04
   1.3800000e+02   1.7536275e+04
   1.3900000e+02   1.7548750e+04
   1.4000000e+02   1.7560480e+04
   1.4100000e+02   1.7571457e+04
   1.4200000e+02   1.7581646e+04
   1.4300000e+02   1.7591037e+04
   1.4400000e+02   1.7599611e+04
   1.4500000e+02   1.7607355e+04
   1.4600000e+02   1.7614258e+04
   1.4700000e+02   1.7620303e+04
   1.4800000e+02   1.7625473e+04
   1.4900000e+02   1.7629766e+04
   1.5000000e+02   1.7633178e+04
   1.5100000e+02   1.7710117e+04
   1.5200000e+02   1.7785564e+04
   1.5300000e+02   1.7859496e+04
   1.5400000e+02   1.7931881e+04
   1.5500000e+02   1.8002693e+04
   1.5600000e+02   1.8071910e+04
   1.5700000e+02   1.8139508e+04
   1.5800000e+02   1.8205465e+04
   1.5900000e+02   1.8269760e+04
   1.6000000e+02   1.8332373e+04
   1.6100000e+02   1.8393285e+04
   1.6200000e+02   1.8452480e+04
   1.6300000e+02   1.8509943e+04
   1.6400000e+02   1.8565652e+04
   1.6500000e+02   1.8619604e+04
   1.6600000e+02   1.8671773e+04
   1.6700000e+02   1.8722156e+04
   1.6800000e+02   1.8770740e+04
   1.6900000e+02   1.8817514e+04
   1.7000000e+02   1.8862467e+04
   1.7100000e+02   1.8905594e+04
   1.7200000e+02   1.8946891e+04
   1.7300000e+02   1.8986344e+04
   1.7400000e+02   1.9023953e+04
   1.7500000e+02   1.9059715e+04
   1.7600000e+02   1.9093621e+04
   1.7700000e+02   1.9125674e+04
   1.7800000e+02   1.9155873e+04
   1.7900000e+02   1.9184213e+04
   1.8000000e+02   1.9210697e+04
   1.8100000e+02   1.9232039e+04
   1.8200000e+02   1.9251498e+04
   1.8300000e+02   1.9269076e+04
   1.8400000e+02   1.9284768e+04
   1.8500000e+02   1.9298580e+04
   1.8600000e+02   1.9310508e+04
   1.8700000e+02   1.9320561e+04
   1.8800000e+02   1.9328738e+04
   1.8900000e+02   1.9335045e+04
   1.9000000e+02   1.9339471e+04
   1.9100000e+02   1.9342021e+04
   1.9200000e+02   1.9342715e+04
   1.9300000e+02   1.9341559e+04
   1.9400000e+02   1.9338564e+04
   1.9500000e+02   1.9333734e+04
   1.9600000e+02   1.9327082e+04
   1.9700000e+02   1.9318619e+04
   1.9800000e+02   1.9308355e+04
   1.9900000e+02   1.9296305e+04
   2.0000000e+02   1.9282477e+04
   2.0100000e+02   1.9266889e+04
   2.0200000e+02   1.9249551e+04
   2.0300000e+02   1.9230479e+04
   2.0400000e+02   1.9209688e+04
   2.0500000e+02   1.9187195e+04
   2.0600000e+02   1.9163016e+04
   2.0700000e+02   1.9137166e+04
   2.0800000e+02   1.9109668e+04
   2.0900000e+02   1.9080535e+04
   2.1000000e+02   1.9049787e+04
   2.1100000e+02   1.8992773e+04
   2.1200000e+02   1.8934758e+04
   2.1300000e+02   1.8875760e+04
   2.1400000e+02   1.8815795e+04
   2.1500000e+02   1.8754881e+04
   2.1600000e+02   1.8693037e+04
   2.1700000e+02   1.8630277e+04
   2.1800000e+02   1.8566623e+04
   2.1900000e+02   1.8502088e+04
   2.2000000e+02   1.8436691e+04
   2.2100000e+02   1.8370451e+04
   2.2200000e+02   1.8303387e+04
   2.2300000e+02   1.8235512e+04
   2.2400000e+02   1.8165201e+04
   2.2500000e+02   1.8093064e+04
   2.2600000e+02   1.8019879e+04
   2.2700000e+02   1.7945682e+04
   2.2800000e+02   1.7870504e+04
   2.2900000e+02   1.7794373e+04
   2.3000000e+02   1.7717318e+04
   2.3100000e+02   1.7639371e+04
   2.3200000e+02   1.7560564e+04
   2.3300000e+02   1.7480924e+04
   2.3400000e+02   1.7400486e+04
   2.3500000e+02   1.7319275e+04
   2.3600000e+02   1.7237328e+04
   2.3700000e+02   1.7154674e+04
   2.3800000e+02   1.7071340e+04
   2.3900000e+02   1.6987359e+04
   2.4000000e+02   1.6902762e+04
   2.4100000e+02   1.6809250e+04
   2.4200000e+02   1.6716123e+04
   2.4300000e+02   1.6623426e+04
   2.4400000e+02   1.6531197e+04
   2.4500000e+02   1.6439482e+04
   2.4600000e+02   1.6348320e+04
   2.4700000e+02   1.6257752e+04
   2.4800000e+02   1.6167819e+04
   2.4900000e+02   1.6078562e+04
   2.5000000e+02   1.5990020e+04
   2.5100000e+02   1.5902230e+04
   2.5200000e+02   1.5815234e+04
   2.5300000e+02   1.5729066e+04
   2.5400000e+02   1.5643766e+04
   2.5500000e+02   1.5559366e+04
   2.5600000e+02   1.5475907e+04
   2.5700000e+02   1.5393419e+04
   2.5800000e+02   1.5311938e+04
   2.5900000e+02   1.5231495e+04
   2.6000000e+02   1.5152122e+04
   2.6100000e+02   1.5073850e+04
   2.6200000e+02   1.4996708e+04
   2.6300000e+02   1.4920724e+04
   2.6400000e+02   1.4845924e+04
   2.6500000e+02   1.4772335e+04
   2.6600000e+02   1.4699980e+04
   2.6700000e+02   1.4628884e+04
   2.6800000e+02   1.4559067e+04
   2.6900000e+02   1.4490550e+04
   2.7000000e+02   1.4423351e+04
   2.7100000e+02   1.4349999e+04
   2.7200000e+02   1.4277470e+04
   2.7300000e+02   1.4205776e+04
   2.7400000e+02   1.4134936e+04
   2.7500000e+02   1.4064957e+04
   2.7600000e+02   1.3995855e+04
   2.7700000e+02   1.3927640e+04
   2.7800000e+02   1.3860319e+04
   2.7900000e+02   1.3793903e+04
   2.8000000e+02   1.3728398e+04
   2.8100000e+02   1.3663811e+04
   2.8200000e+02   1.3600146e+04
   2.8300000e+02   1.3537405e+04
   2.8400000e+02   1.3475593e+04
   2.8500000e+02   1.3414710e+04
   2.8600000e+02   1.3354757e+04
   2.8700000e+02   1.3295731e+04
   2.8800000e+02   1.3237633e+04
   2.8900000e+02   1.3180457e+04
   2.9000000e+02   1.3124200e+04
   2.9100000e+02   1.3068856e+04
   2.9200000e+02   1.3014421e+04
   2.9300000e+02   1.2960884e+04
   2.9400000e+02   1.2908238e+04
   2.9500000e+02   1.2856474e+04
   2.9600000e+02   1.2805581e+04
   2.9700000e+02   1.2755550e+04
   2.9800000e+02   1.2706366e+04
   2.9900000e+02   1.2658020e+04
   3.0000000e+02   1.2610493e+04
   3.0100000e+02   1.2560295e+04
   3.0200000e+02   1.2510781e+04
   3.0300000e+02   1.2461941e+04
   3.0400000e+02   1.2413761e+04
   3.0500000e+02   1.2366224e+04
   3.0600000e+02   1.2319320e+04
   3.0700000e+02   1.2273030e+04
   3.0800000e+02   1.2227344e+04
   3.0900000e+02   1.2182242e+04
   3.1000000e+02   1.2137712e+04
   3.1100000e+02   1.2093736e+04
   3.1200000e+02   1.2050301e+04
   3.1300000e+02   1.2007390e+04
   3.1400000e+02   1.1964987e+04
   3.1500000e+02   1.1923078e+04
   3.1600000e+02   1.1881646e+04
   3.1700000e+02   1.1840679e+04
   3.1800000e+02   1.1800159e+04
   3.1900000e+02   1.1760073e+04
   3.2000000e+02   1.1720406e+04
   3.2100000e+02   1.1681146e+04
   3.2200000e+02   1.1642277e+04
   3.2300000e+02   1.1603789e+04
   3.2400000e+02   1.1565667e+04
   3.2500000e+02   1.1527902e+04
   3.2600000e+02   1.1490483e+04
   3.2700000e+02   1.1453399e+04
   3.2800000e+02   1.1416641e+04
   3.2900000e+02   1.1380198e+04
   3.3000000e+02   1.1344065e+04
   3.3100000e+02   1.1303488e+04
   3.3200000e+02   1.1263166e+04
   3.3300000e+02   1.1223101e+04
   3.3400000e+02   1.1183290e+04
   3.3500000e+02   1.1143738e+04
   3.3600000e+02   1.1104447e+04
   3.3700000e+02   1.1065421e+04
   3.3800000e+02   1.1026664e+04
   3.3900000e+02   1.0988186e+04
   3.4000000e+02   1.0949991e+04
   3.4100000e+02   1.0912092e+04
   3.4200000e+02   1.0874496e+04
   3.4300000e+02   1.0837218e+04
   3.4400000e+02   1.0800269e+04
   3.4500000e+02   1.0763665e+04
   3.4600000e+02   1.0727422e+04
   3.4700000e+02   1.0691557e+04
   3.4800000e+02   1.0656090e+04
   3.4900000e+02   1.0621042e+04
   3.5000000e+02   1.0586435e+04
   3.5100000e+02   1.0552290e+04
   3.5200000e+02   1.0518634e+04
   3.5300000e+02   1.0485493e+04
   3.5400000e+02   1.0452895e+04
   3.5500000e+02   1.0420868e+04
   3.5600000e+02   1.0389445e+04
   3.5700000e+02   1.0358657e+04
   3.5800000e+02   1.0328536e+04
   3.5900000e+02   1.0299119e+04
   7.1133672e-07   1.0270441e+04
   1.0000007e+00   1.0238541e+04
   2.0000007e+00   1.0207505e+04
   3.0000007e+00   1.0177381e+04
   4.0000010e+00   1.0148215e+04
   5.0000010e+00   1.0120052e+04
   6.0000010e+00   1.0092939e+04
   7.0000010e+00   1.0066926e+04
   8.0000010e+00   1.0042061e+04
   9.0000010e+00   1.0018396e+04
   1.0000001e+01   9.9959795e+03
   1.1000001e+01   9.9748643e+03
   1.2000001e+01   9.9551006e+03
   1.3000001e+01   9.9367422e+03
   1.4000001e+01   9.9198418e+03
   1.5000001e+01   9.9044482e+03
   1.6000000e+01   9.8906172e+03
   1.7000000e+01   9.8783984e+03
   1.8000000e+01   9.8678438e+03
   1.9000000e+01   9.8590049e+03
   2.0000000e+01   9.8519316e+03
   2.1000000e+01   9.8466738e+03
   2.2000000e+01   9.8432793e+03
   2.3000000e+01   9.8417949e+03
   2.4000000e+01   9.8422686e+03
   2.5000000e+01   9.8447432e+03
   2.6000000e+01   9.8492607e+03
   2.7000000e+01   9.8558652e+03
   2.8000000e+01   9.8645928e+03
   2.9000000e+01   9.8754814e+03
   3.0000000e+01   9.8885664e+03
   3.1000000e+01   9.9013047e+03
   3.2000000e+01   9.9163691e+03
   3.3000000e+01   9.9337881e+03
   3.4000000e+01   9.9535889e+03
   3.5000000e+01   9.9757930e+03
   3.6000000e+01   1.0000424e+04
   3.7000000e+01   1.0027497e+04
   3.8000000e+01   1.0057028e+04
   3.9000000e+01   1.0089027e+04
   4.0000000e+01   1.0123504e+04
   4.1000000e+01   1.0160461e+04
   4.2000000e+01   1.0199900e+04
   4.3000000e+01   1.0241820e+04
   4.4000000e+01   1.0286216e+04
   4.5000000e+01   1.0333077e+04
   4.6000000e+01   1.0382395e+04
   4.7000000e+01   1.0434152e+04
   4.8000000e+01   1.0488331e+04
   4.9000000e+01   1.0544912e+04
   5.0000000e+01   1.0603869e+04
   5.1000000e+01   1.0665179e+04
   5.2000000e+01   1.0728809e+04
   5.3000000e+01   1.0794727e+04
   5.4000000e+01   1.0862897e+04
   5.5000000e+01   1.0933286e+04
   5.6000000e+01   1.1005852e+04
   5.7000000e+01   1.1080552e+04
   5.8000000e+01   1.1157344e+04
   5.9000000e+01   1.1236182e+04
   6.0000000e+01   1.1317017e+04
   6.1000000e+01   1.1397307e+04
   6.2000000e+01   1.1479320e+04
   6.3000000e+01   1.1563011e+04
   6.4000000e+01   1.1648327e+04
   6.5000000e+01   1.1735220e+04
   6.6000000e+01   1.1823638e+04
   6.7000000e+01   1.1913526e+04
   6.8000000e+01   1.2004832e+04
   6.9000000e+01   1.2097503e+04
   7.0000000e+01   1.2191482e+04
   7.1000000e+01   1.2286715e+04
   7.2000000e+01   1.2383146e+04
   7.3000000e+01   1.2480718e+04
   7.4000000e+01   1.2579375e+04
   7.5000000e+01   1.2679060e+04
   7.6000000e+01   1.2779717e+04
   7.7000000e+01   1.2881287e+04
   7.8000000e+01   1.2983713e+04
   7.9000000e+01   1.3086939e+04
   8.0000000e+01   1.3190907e+04
   8.1000000e+01   1.3295560e+04
   8.2000000e+01   1.3400841e+04
   8.3000000e+01   1.3506691e+04
   8.4000000e+01   1.3613059e+04
   8.5000000e+01   1.3719882e+04
   8.6000000e+01   1.3827108e+04
   8.7000000e+01   1.3934680e+04
   8.8000000e+01   1.4042543e+04
   8.9000000e+01   1.4150642e+04
   9.0000000e+01   1.4258921e+04
   9.1000000e+01   1.4344791e+04
   9.2000000e+01   1.4430459e+04
   9.3000000e+01   1.4515897e+04
   9.4000000e+01   1.4601074e+04
   9.5000000e+01   1.4685962e+04
   9.6000000e+01   1.4770531e+04
   9.7000000e+01   1.4854752e+04
   9.8000000e+01   1.4938599e+04
   9.9000000e+01   1.5022042e+04
   1.0000000e+02   1.5105054e+04
   1.0100000e+02   1.5187608e+04
   1.0200000e+02   1.5269678e+04
   1.0300000e+02   1.5351237e+04
   1.0400000e+02   1.5432259e+04
   1.0500000e+02   1.5512720e+04
   1.0600000e+02   1.5592593e+04
   1.0700000e+02   1.5671856e+04
   1.0800000e+02   1.5750484e+04
   1.0900000e+02   1.5828454e+04
   1.1000000e+02   1.5905743e+04
   1.1100000e+02   1.5982329e+04
   1.1200000e+02   1.6058190e+04
   1.1300000e+02   1.6133306e+04
   1.1400000e+02   1.6207654e+04
   1.1500000e+02   1.6281216e+04
   1.1600000e+02   1.6353973e+04
   1.1700000e+02   1.6425904e+04
   1.1800000e+02   1.6496994e+04
   1.1900000e+02   1.6567223e+04
   1.2000000e+02   1.6636576e+04
   1.2100000e+02   1.6683719e+04
   1.2200000e+02   1.6729838e+04
   1.2300000e+02   1.6774918e+04
   1.2400000e+02   1.6818938e+04
   1.2500000e+02   1.6861883e+04
   1.2600000e+02   1.6903740e+04
   1.2700000e+02   1.6944484e+04
   1.2800000e+02   1.6984109e+04
   1.2900000e+02   1.7022600e+04
   1.3000000e+02   1.7059938e+04
   1.3100000e+02   1.7096115e+04
   1.3200000e+02   1.7131115e+04
   1.3300000e+02   1.7164934e+04
   1.3400000e+02   1.7197555e+04
   1.3500000e+02   1.7228971e+04
   1.3600000e+02   1.7259176e+04
   1.3700000e+02   1.7288160e+04
   1.3800000e+02   1.7315916e+04
   1.3900000e+02   1.7342438e+04
   1.4000000e+02   1.7367723e+04
   1.4100000e+02   1.7391766e+04
   1.4200000e+02   1.7414563e+04
   1.4300000e+02   1.7436113e+04
   1.4400000e+02   1.7456414e+04
   1.4500000e+02   1.7475469e+04
   1.4600000e+02   1.7493273e+04
   1.4700000e+02   1.7509830e+04
   1.4800000e+02   1.7525145e+04
   1.4900000e+02   1.7539219e+04
   1.5000000e+02   1.7552057e+04
   1.5100000e+02   1.7623457e+04
   1.5200000e+02   1.7693430e+04
   1.5300000e+02   1.7761945e+04
   1.5400000e+02   1.7828977e+04
   1.5500000e+02   1.7894496e+04
   1.5600000e+02   1.7958480e+04
   1.5700000e+02   1.8020904e+04
   1.5800000e+02   1.8081744e+04
   1.5900000e+02   1.8140980e+04
   1.6000000e+02   1.8198592e+04
   1.6100000e+02   1.8254559e+04
   1.6200000e+02   1.8308863e+04
   1.6300000e+02   1.8361490e+04
   1.6400000e+02   1.8412424e+04
   1.6500000e+02   1.8461643e+04
   1.6600000e+02   1.8509143e+04
   1.6700000e+02   1.8554904e+04
   1.6800000e+02   1.8598918e+04
   1.6900000e+02   1.8641174e+04
   1.7000000e+02   1.8681662e+04
   1.7100000e+02   1.8720373e+04
   1.7200000e+02   1.8757301e+04
   1.7300000e+02   1.8792438e+04
   1.7400000e+02   1.8825777e+04
   1.7500000e+02   1.8857318e+04
   1.7600000e+02   1.8887051e+04
   1.7700000e+02   1.8914980e+04
   1.7800000e+02   1.8941098e+04
   1.7900000e+02   1.8965402e+04
   1.8000000e+02   1.8987898e+04
   1.8100000e+02   1.9001904e+04
   1.8200000e+02   1.9014184e+04
   1.8300000e+02   1.9024732e+04
   1.8400000e+02   1.9033547e+04
   1.8500000e+02   1.9040625e+04
   1.8600000e+02   1.9045965e+04
   1.8700000e+02   1.9049564e+04
   1.8800000e+02   1.9051426e+04
   1.8900000e+02   1.9051551e+04
   1.9000000e+02   1.9049938e+04
   1.9100000e+02   1.9046594e+04
   1.9200000e+02   1.9041520e+04
   1.9300000e+02   1.9034721e+04
   1.9400000e+02   1.9026203e+04
   1.9500000e+02   1.9015975e+04
   1.9600000e+02   1.9004039e+04
   1.9700000e+02   1.8990404e+04
   1.9800000e+02   1.8975084e+04
   1.9900000e+02   1.8958082e+04
   2.0000000e+02   1.8939410e+04
   2.0100000e+02   1.8919080e+04
   2.0200000e+02   1.8897104e+04
   2.0300000e+02   1.8873490e+04
   2.0400000e+02   1.8848258e+04
   2.0500000e+02   1.8821416e+04
   2.0600000e+02   1.8792980e+04
   2.0700000e+02   1.8762965e+04
   2.0800000e+02   1.8731387e+04
   2.0900000e+02   1.8698262e+04
   2.1000000e+02   1.8663607e+04
   2.1100000e+02   1.8602357e+04
   2.1200000e+02   1.8539711e+04
   2.1300000e+02   1.8475695e+04
   2.1400000e+02   1.8410330e+04
   2.1500000e+02   1.8343648e+04
   2.1600000e+02   1.8275670e+04
   2.1700000e+02   1.8206428e+04
   2.1800000e+02   1.8135943e+04
   2.1900000e+02   1.8064246e+04
   2.2000000e+02   1.7991365e+04
   2.2100000e+02   1.7917324e+04
   2.2200000e+02   1.7842158e+04
   2.2300000e+02   1.7765891e+04
   2.2400000e+02   1.7688551e+04
   2.2500000e+02   1.7610170e+04
   2.2600000e+02   1.7530773e+04
   2.2700000e+02   1.7450395e+04
   2.2800000e+02   1.7369063e+04
   2.2900000e+02   1.7286805e+04
   2.3000000e+02   1.7203654e+04
   2.3100000e+02   1.7119641e+04
   2.3200000e+02   1.7034791e+04
   2.3300000e+02   1.6949141e+04
   2.3400000e+02   1.6862719e+04
   2.3500000e+02   1.6775551e+04
   2.3600000e+02   1.6687674e+04
   2.3700000e+02   1.6599117e+04
   2.3800000e+02   1.6509908e+04
   2.3900000e+02   1.6420082e+04
   2.4000000e+02   1.6329668e+04
   2.4100000e+02   1.6244464e+04
   2.4200000e+02   1.6159600e+04
   2.4300000e+02   1.6075120e+04
   2.4400000e+02   1.5991067e+04
   2.4500000e+02   1.5907483e+04
   2.4600000e+02   1.5824411e+04
   2.4700000e+02   1.5741893e+04
   2.4800000e+02   1.5659969e+04
   2.4900000e+02   1.5578681e+04
   2.5000000e+02   1.5498066e+04
   2.5100000e+02   1.5418169e+04
   2.5200000e+02   1.5339024e+04
   2.5300000e+02   1.5260672e+04
   2.5400000e+02   1.5183147e+04
   2.5500000e+02   1.5106489e+04
   2.5600000e+02   1.5030731e+04
   2.5700000e+02   1.4955909e+04
   2.5800000e+02   1.4882057e+04
   2.5900000e+02   1.4809205e+04
   2.6000000e+02   1.4737385e+04
   2.6100000e+02   1.4666630e+04
   2.6200000e+02   1.4596966e+04
   2.6300000e+02   1.4528423e+04
   2.6400000e+02   1.4461026e+04
   2.6500000e+02   1.4394802e+04
   2.6600000e+02   1.4329773e+04
   2.6700000e+02   1.4265963e+04
   2.6800000e+02   1.4203392e+04
   2.6900000e+02   1.4142080e+04
   2.7000000e+02   1.4082046e+04
   2.7100000e+02   1.4010888e+04
   2.7200000e+02   1.3940566e+04
   2.7300000e+02   1.3871098e+04
   2.7400000e+02   1.3802496e+04
   2.7500000e+02   1.3734772e+04
   2.7600000e+02   1.3667940e+04
   2.7700000e+02   1.3602009e+04
   2.7800000e+02   1.3536988e+04
   2.7900000e+02   1.3472885e+04
   2.8000000e+02   1.3409707e+04
   2.8100000e+02   1.3347460e+04
   2.8200000e+02   1.3286147e+04
   2.8300000e+02   1.3225773e+04
   2.8400000e+02   1.3166339e+04
   2.8500000e+02   1.3107846e+04
   2.8600000e+02   1.3050291e+04
   2.8700000e+02   1.2993677e+04
   2.8800000e+02   1.2937998e+04
   2.8900000e+02   1.2883250e+04
   2.9000000e+02   1.2829431e+04
   2.9100000e+02   1.2776530e+04
   2.9200000e+02   1.2724545e+04
   2.9300000e+02   1.2673463e+04
   2.9400000e+02   1.2623279e+04
   2.9500000e+02   1.2573979e+04
   2.9600000e+02   1.2525557e+04
   2.9700000e+02   1.2477996e+04
   2.9800000e+02   1.2431284e+04
   2.9900000e+02   1.2385409e+04
   3.0000000e+02   1.2340356e+04
   3.0100000e+02   1.2291871e+04
   3.0200000e+02   1.2244072e+04
   3.0300000e+02   1.2196944e+04
   3.0400000e+02   1.2150473e+04
   3.0500000e+02   1.2104645e+04
   3.0600000e+02   1.2059442e+04
   3.0700000e+02   1.2014853e+04
   3.0800000e+02   1.1970858e+04
   3.0900000e+02   1.1927445e+04
   3.1000000e+02   1.1884596e+04
   3.1100000e+02   1.1842295e+04
   3.1200000e+02   1.1800524e+04
   3.1300000e+02   1.1759271e+04
   3.1400000e+02   1.1718515e+04
   3.1500000e+02   1.1678243e+04
   3.1600000e+02   1.1638438e+04
   3.1700000e+02   1.1599084e+04
   3.1800000e+02   1.1560165e+04
   3.1900000e+02   1.1521669e+04
   3.2000000e+02   1.1483578e+04
   3.2100000e+02   1.1445879e+04
   3.2200000e+02   1.1408556e+04
   3.2300000e+02   1.1371599e+04
   3.2400000e+02   1.1334993e+04
   3.2500000e+02   1.1298728e+04
   3.2600000e+02   1.1262789e+04
   3.2700000e+02   1.1227169e+04
   3.2800000e+02   1.1191856e+04
   3.2900000e+02   1.1156843e+04
   3.3000000e+02   1.1122119e+04
   3.3100000e+02   1.1082105e+04
   3.3200000e+02   1.1042333e+04
   3.3300000e+02   1.1002802e+04
   3.3400000e+02   1.0963511e+04
   3.3500000e+02   1.0924464e+04
   3.3600000e+02   1.0885663e+04
   3.3700000e+02   1.0847112e+04
   3.3800000e+02   1.0808815e+04
   3.3900000e+02   1.0770781e+04
   3.4000000e+02   1.0733017e+04
   3.4100000e+02   1.0695530e+04
   3.4200000e+02   1.0658334e+04
   3.4300000e+02   1.0621439e+04
   3.4400000e+02   1.0584859e+04
   3.4500000e+02   1.0548608e+04
   3.4600000e+02   1.0512704e+04
   3.4700000e+02   1.0477164e+04
   3.4800000e+02   1.0442007e+04
   3.4900000e+02   1.0407255e+04
   3.5000000e+02   1.0372928e+04
   3.5100000e+02   1.0339052e+04
   3.5200000e+02   1.0305651e+04
   3.5300000e+02   1.0272754e+04
   3.5400000e+02   1.0240388e+04
   3.5500000e+02   1.0208582e+04
   3.5600000e+02   1.0177367e+04
   3.5700000e+02   1.0146778e+04
   3.5800000e+02   1.0116848e+04
   3.5900000e+02   1.0087612e+04
   1.4226848e-06   1.0059108e+04
