   0.0000000e+00   1.0851644e+00
   1.0000000e+00   9.8523355e-01
   2.0000000e+00   9.8470062e-01
   3.0000000e+00   9.8544341e-01
   4.0000000e+00   9.8620057e-01
   5.0000000e+00   9.8697042e-01
   6.0000000e+00   9.8775297e-01
   7.0000000e+00   9.8854810e-01
   8.0000000e+00   9.8935562e-01
   9.0000000e+00   9.9017477e-01
   1.0000000e+01   9.9100524e-01
   1.1000000e+01   9.9184620e-01
   1.2000000e+01   9.9269718e-01
   1.3000000e+01   9.9355739e-01
   1.4000000e+01   9.9442691e-01
   1.5000000e+01   9.9530494e-01
   1.6000000e+01   9.9619198e-01
   1.7000000e+01   9.9708802e-01
   1.8000000e+01   9.9799258e-01
   1.9000000e+01   9.9890590e-01
   2.0000000e+01   9.9982816e-01
   2.1000000e+01   1.0007590e+00
   2.2000000e+01   1.0016983e+00
   2.3000000e+01   1.0026456e+00
   2.4000000e+01   1.0036008e+00
   2.5000000e+01   1.0045642e+00
   2.6000000e+01   1.0055351e+00
   2.7000000e+01   1.0065137e+00
   2.8000000e+01   1.0074997e+00
   2.9000000e+01   1.0084933e+00
   3.0000000e+01   1.0094939e+00
   3.1000000e+01   1.0104799e+00
   3.2000000e+01   1.0114801e+00
   3.3000000e+01   1.0124944e+00
   3.4000000e+01   1.0135225e+00
   3.5000000e+01   1.0145642e+00
   3.6000000e+01   1.0156193e+00
   3.7000000e+01   1.0166875e+00
   3.8000000e+01   1.0177686e+00
   3.9000000e+01   1.0188625e+00
   4.0000000e+01   1.0199689e+00
   4.1000000e+01   1.0210876e+00
   4.2000000e+01   1.0222188e+00
   4.3000000e+01   1.0233623e+00
   4.4000000e+01   1.0245179e+00
   4.5000000e+01   1.0256853e+00
   4.6000000e+01   1.0268645e+00
   4.7000000e+01   1.0280553e+00
   4.8000000e+01   1.0292575e+00
   4.9000000e+01   1.0304711e+00
   5.0000000e+01   1.0316957e+00
   5.1000000e+01   1.0329314e+00
   5.2000000e+01   1.0341780e+00
   5.3000000e+01   1.0354353e+00
   5.4000000e+01   1.0367032e+00
   5.5000000e+01   1.0379816e+00
   5.6000000e+01   1.0392703e+00
   5.7000000e+01   1.0405693e+00
   5.8000000e+01   1.0418786e+00
   5.9000000e+01   1.0431978e+00
   6.0000000e+01   1.0445271e+00
   6.1000000e+01   1.0458980e+00
   6.2000000e+01   1.0472753e+00
   6.3000000e+01   1.0486568e+00
   6.4000000e+01   1.0500413e+00
   6.5000000e+01   1.0514426e+00
   6.6000000e+01   1.0528982e+00
   6.7000000e+01   1.0543774e+00
   6.8000000e+01   1.0558796e+00
   6.9000000e+01   1.0574045e+00
   7.0000000e+01   1.0589520e+00
   7.1000000e+01   1.0605216e+00
   7.2000000e+01   1.0621130e+00
   7.3000000e+01   1.0637259e+00
   7.4000000e+01   1.0653602e+00
   7.5000000e+01   1.0670114e+00
   7.6000000e+01   1.0686815e+00
   7.7000000e+01   1.0703709e+00
   7.8000000e+01   1.0720791e+00
   7.9000000e+01   1.0738057e+00
   8.0000000e+01   1.0755503e+00
   8.1000000e+01   1.0773121e+00
   8.2000000e+01   1.0790902e+00
   8.3000000e+01   1.0808854e+00
   8.4000000e+01   1.0826972e+00
   8.5000000e+01   1.0845255e+00
   8.6000000e+01   1.0863703e+00
   8.7000000e+01   1.0882308e+00
   8.8000000e+01   1.0901074e+00
   8.9000000e+01   1.0919994e+00
   9.0000000e+01   1.0939065e+00
   9.1000000e+01   1.0823731e+00
   9.2000000e+01   1.0707413e+00
   9.3000000e+01   1.0590129e+00
   9.4000000e+01   1.0471900e+00
   9.5000000e+01   1.0352745e+00
   9.6000000e+01   1.0232685e+00
   9.7000000e+01   1.0111735e+00
   9.8000000e+01   9.9899143e-01
   9.9000000e+01   9.8670965e-01
   1.0000000e+02   9.7434545e-01
   1.0100000e+02   9.6178949e-01
   1.0200000e+02   9.4843179e-01
   1.0300000e+02   9.3486822e-01
   1.0400000e+02   9.2111939e-01
   1.0500000e+02   9.0719289e-01
   1.0600000e+02   8.9309520e-01
   1.0700000e+02   8.7883246e-01
   1.0800000e+02   8.6441094e-01
   1.0900000e+02   8.4983653e-01
   1.1000000e+02   8.3511484e-01
   1.1100000e+02   8.2025158e-01
   1.1200000e+02   8.0525202e-01
   1.1300000e+02   7.9012144e-01
   1.1400000e+02   7.7486497e-01
   1.1500000e+02   7.5948751e-01
   1.1600000e+02   7.4399382e-01
   1.1700000e+02   7.2838849e-01
   1.1800000e+02   7.1266848e-01
   1.1900000e+02   6.9685090e-01
   1.2000000e+02   6.8094665e-01
   1.2100000e+02   6.6028410e-01
   1.2200000e+02   6.3981229e-01
   1.2300000e+02   6.1952555e-01
   1.2400000e+02   5.9941822e-01
   1.2500000e+02   5.7948488e-01
   1.2600000e+02   5.5972028e-01
   1.2700000e+02   5.4011917e-01
   1.2800000e+02   5.2067667e-01
   1.2900000e+02   5.0138783e-01
   1.3000000e+02   4.8224789e-01
   1.3100000e+02   4.6325228e-01
   1.3200000e+02   4.4439647e-01
   1.3300000e+02   4.2567617e-01
   1.3400000e+02   4.0708715e-01
   1.3500000e+02   3.8862267e-01
   1.3600000e+02   3.7027922e-01
   1.3700000e+02   3.5205379e-01
   1.3800000e+02   3.3394322e-01
   1.3900000e+02   3.1594425e-01
   1.4000000e+02   2.9805344e-01
   1.4100000e+02   2.8026730e-01
   1.4200000e+02   2.6258251e-01
   1.4300000e+02   2.4499585e-01
   1.4400000e+02   2.2750413e-01
   1.4500000e+02   2.1010433e-01
   1.4600000e+02   1.9279347e-01
   1.4700000e+02   1.7556871e-01
   1.4800000e+02   1.5842725e-01
   1.4900000e+02   1.4136638e-01
   1.5000000e+02   1.2438349e-01
   1.5100000e+02   1.3667600e-01
   1.5200000e+02   1.4895968e-01
   1.5300000e+02   1.6123456e-01
   1.5400000e+02   1.7350067e-01
   1.5500000e+02   1.8575807e-01
   1.5600000e+02   1.9800678e-01
   1.5700000e+02   2.1024685e-01
   1.5800000e+02   2.2247832e-01
   1.5900000e+02   2.3470120e-01
   1.6000000e+02   2.4691558e-01
   1.6100000e+02   2.5912148e-01
   1.6200000e+02   2.7131894e-01
   1.6300000e+02   2.8350797e-01
   1.6400000e+02   2.9568869e-01
   1.6500000e+02   3.0786109e-01
   1.6600000e+02   3.2002521e-01
   1.6700000e+02   3.3218116e-01
   1.6800000e+02   3.4432888e-01
   1.6900000e+02   3.5646850e-01
   1.7000000e+02   3.6860001e-01
   1.7100000e+02   3.8072351e-01
   1.7200000e+02   3.9283901e-01
   1.7300000e+02   4.0494657e-01
   1.7400000e+02   4.1704625e-01
   1.7500000e+02   4.2913806e-01
   1.7600000e+02   4.4122210e-01
   1.7700000e+02   4.5329839e-01
   1.7800000e+02   4.6536699e-01
   1.7900000e+02   4.7742793e-01
   1.8000000e+02   4.8948130e-01
   1.8100000e+02   5.0462741e-01
   1.8200000e+02   5.1976299e-01
   1.8300000e+02   5.3488821e-01
   1.8400000e+02   5.5000323e-01
   1.8500000e+02   5.6510830e-01
   1.8600000e+02   5.8020353e-01
   1.8700000e+02   5.9528899e-01
   1.8800000e+02   6.1036497e-01
   1.8900000e+02   6.2543166e-01
   1.9000000e+02   6.4048427e-01
   1.9100000e+02   6.5552378e-01
   1.9200000e+02   6.7055309e-01
   1.9300000e+02   6.8557221e-01
   1.9400000e+02   7.0058131e-01
   1.9500000e+02   7.1558076e-01
   1.9600000e+02   7.3057050e-01
   1.9700000e+02   7.4555081e-01
   1.9800000e+02   7.6052183e-01
   1.9900000e+02   7.7548385e-01
   2.0000000e+02   7.9043680e-01
   2.0100000e+02   8.0538094e-01
   2.0200000e+02   8.2031649e-01
   2.0300000e+02   8.3524346e-01
   2.0400000e+02   8.5016215e-01
   2.0500000e+02   8.6507261e-01
   2.0600000e+02   8.7997508e-01
   2.0700000e+02   8.9486951e-01
   2.0800000e+02   9.0975630e-01
   2.0900000e+02   9.2463535e-01
   2.1000000e+02   9.3950695e-01
   2.1100000e+02   9.4258523e-01
   2.1200000e+02   9.4577050e-01
   2.1300000e+02   9.4906235e-01
   2.1400000e+02   9.5246047e-01
   2.1500000e+02   9.5596433e-01
   2.1600000e+02   9.5957351e-01
   2.1700000e+02   9.6328747e-01
   2.1800000e+02   9.6710569e-01
   2.1900000e+02   9.7102761e-01
   2.2000000e+02   9.7505265e-01
   2.2100000e+02   9.7918028e-01
   2.2200000e+02   9.8340970e-01
   2.2300000e+02   9.8774046e-01
   2.2400000e+02   9.9171054e-01
   2.2500000e+02   9.9547565e-01
   2.2600000e+02   9.9924397e-01
   2.2700000e+02   1.0030162e+00
   2.2800000e+02   1.0067922e+00
   2.2900000e+02   1.0105717e+00
   2.3000000e+02   1.0143549e+00
   2.3100000e+02   1.0181415e+00
   2.3200000e+02   1.0219315e+00
   2.3300000e+02   1.0257246e+00
   2.3400000e+02   1.0295211e+00
   2.3500000e+02   1.0333204e+00
   2.3600000e+02   1.0371228e+00
   2.3700000e+02   1.0409281e+00
   2.3800000e+02   1.0447363e+00
   2.3900000e+02   1.0485469e+00
   2.4000000e+02   1.0523604e+00
   2.4100000e+02   1.0469221e+00
   2.4200000e+02   1.0414927e+00
   2.4300000e+02   1.0360720e+00
   2.4400000e+02   1.0306600e+00
   2.4500000e+02   1.0252568e+00
   2.4600000e+02   1.0198621e+00
   2.4700000e+02   1.0144757e+00
   2.4800000e+02   1.0090978e+00
   2.4900000e+02   1.0037284e+00
   2.5000000e+02   9.9836719e-01
   2.5100000e+02   9.9301416e-01
   2.5200000e+02   9.8766929e-01
   2.5300000e+02   9.8233235e-01
   2.5400000e+02   9.7700346e-01
   2.5500000e+02   9.7168243e-01
   2.5600000e+02   9.6636927e-01
   2.5700000e+02   9.6106380e-01
   2.5800000e+02   9.5576602e-01
   2.5900000e+02   9.5047581e-01
   2.6000000e+02   9.4519311e-01
   2.6100000e+02   9.3991780e-01
   2.6200000e+02   9.3464994e-01
   2.6300000e+02   9.2938936e-01
   2.6400000e+02   9.2413592e-01
   2.6500000e+02   9.1888964e-01
   2.6600000e+02   9.1365051e-01
   2.6700000e+02   9.0841830e-01
   2.6800000e+02   9.0319306e-01
   2.6900000e+02   8.9797461e-01
   2.7000000e+02   8.9276296e-01
   2.7100000e+02   8.9099866e-01
   2.7200000e+02   8.8923502e-01
   2.7300000e+02   8.8747203e-01
   2.7400000e+02   8.8570970e-01
   2.7500000e+02   8.8394803e-01
   2.7600000e+02   8.8218695e-01
   2.7700000e+02   8.8042653e-01
   2.7800000e+02   8.7866676e-01
   2.7900000e+02   8.7690753e-01
   2.8000000e+02   8.7514895e-01
   2.8100000e+02   8.7339103e-01
   2.8200000e+02   8.7163371e-01
   2.8300000e+02   8.6987698e-01
   2.8400000e+02   8.6812085e-01
   2.8500000e+02   8.6636525e-01
   2.8600000e+02   8.6461037e-01
   2.8700000e+02   8.6285603e-01
   2.8800000e+02   8.6110228e-01
   2.8900000e+02   8.5934913e-01
   2.9000000e+02   8.5759652e-01
   2.9100000e+02   8.5584456e-01
   2.9200000e+02   8.5409307e-01
   2.9300000e+02   8.5234225e-01
   2.9400000e+02   8.5059196e-01
   2.9500000e+02   8.4884226e-01
   2.9600000e+02   8.4709311e-01
   2.9700000e+02   8.4534454e-01
   2.9800000e+02   8.4359646e-01
   2.9900000e+02   8.4184903e-01
   3.0000000e+02   8.4010208e-01
   3.0100000e+02   8.3953506e-01
   3.0200000e+02   8.3896858e-01
   3.0300000e+02   8.3840257e-01
   3.0400000e+02   8.3783704e-01
   3.0500000e+02   8.3727199e-01
   3.0600000e+02   8.3670747e-01
   3.0700000e+02   8.3614337e-01
   3.0800000e+02   8.3557975e-01
   3.0900000e+02   8.3501667e-01
   3.1000000e+02   8.3445400e-01
   3.1100000e+02   8.3389181e-01
   3.1200000e+02   8.3333009e-01
   3.1300000e+02   8.3276886e-01
   3.1400000e+02   8.3220810e-01
   3.1500000e+02   8.3164775e-01
   3.1600000e+02   8.3108789e-01
   3.1700000e+02   8.3052838e-01
   3.1800000e+02   8.2996947e-01
   3.1900000e+02   8.2941097e-01
   3.2000000e+02   8.2885283e-01
   3.2100000e+02   8.2829529e-01
   3.2200000e+02   8.2773805e-01
   3.2300000e+02   8.2718134e-01
   3.2400000e+02   8.2662505e-01
   3.2500000e+02   8.2606918e-01
   3.2600000e+02   8.2551378e-01
   3.2700000e+02   8.2495880e-01
   3.2800000e+02   8.2440418e-01
   3.2900000e+02   8.2385004e-01
   3.3000000e+02   8.2329637e-01
   3.3100000e+02   8.2413596e-01
   3.3200000e+02   8.2497603e-01
   3.3300000e+02   8.2581663e-01
   3.3400000e+02   8.2665771e-01
   3.3500000e+02   8.2749927e-01
   3.3600000e+02   8.2834136e-01
   3.3700000e+02   8.2918388e-01
   3.3800000e+02   8.3002687e-01
   3.3900000e+02   8.3087039e-01
   3.4000000e+02   8.3171433e-01
   3.4100000e+02   8.3255875e-01
   3.4200000e+02   8.3340365e-01
   3.4300000e+02   8.3424896e-01
   3.4400000e+02   8.3509475e-01
   3.4500000e+02   8.3594096e-01
   3.4600000e+02   8.3678770e-01
   3.4700000e+02   8.3763486e-01
   3.4800000e+02   8.3848244e-01
   3.4900000e+02   8.3933055e-01
   3.5000000e+02   8.4017903e-01
   3.5100000e+02   8.4102792e-01
   3.5200000e+02   8.4187728e-01
   3.5300000e+02   8.4272707e-01
   3.5400000e+02   8.4357733e-01
   3.5500000e+02   8.4442794e-01
   3.5600000e+02   8.4527904e-01
   3.5700000e+02   8.4613055e-01
   3.5800000e+02   8.4698248e-01
   3.5900000e+02   8.4783477e-01
   7.1133672e-07   8.4868753e-01
   1.0000007e+00   8.5049671e-01
   2.0000007e+00   8.5230660e-01
   3.0000007e+00   8.5411721e-01
   4.0000010e+00   8.5592854e-01
   5.0000010e+00   8.5774046e-01
   6.0000010e+00   8.5955310e-01
   7.0000010e+00   8.6136639e-01
   8.0000010e+00   8.6318040e-01
   9.0000010e+00   8.6499500e-01
   1.0000001e+01   8.6681032e-01
   1.1000001e+01   8.6862624e-01
   1.2000001e+01   8.7044281e-01
   1.3000001e+01   8.7226003e-01
   1.4000001e+01   8.7407792e-01
   1.5000001e+01   8.7589633e-01
   1.6000000e+01   8.7771547e-01
   1.7000000e+01   8.7953520e-01
   1.8000000e+01   8.8135552e-01
   1.9000000e+01   8.8317645e-01
   2.0000000e+01   8.8499796e-01
   2.1000000e+01   8.8682014e-01
   2.2000000e+01   8.8864291e-01
   2.3000000e+01   8.9046621e-01
   2.4000000e+01   8.9229012e-01
   2.5000000e+01   8.9411467e-01
   2.6000000e+01   8.9593971e-01
   2.7000000e+01   8.9776534e-01
   2.8000000e+01   8.9959157e-01
   2.9000000e+01   9.0141833e-01
   3.0000000e+01   9.0324569e-01
   3.1000000e+01   9.0542233e-01
   3.2000000e+01   9.0759999e-01
   3.3000000e+01   9.0977859e-01
   3.4000000e+01   9.1195822e-01
   3.5000000e+01   9.1413873e-01
   3.6000000e+01   9.1632026e-01
   3.7000000e+01   9.1850269e-01
   3.8000000e+01   9.2068607e-01
   3.9000000e+01   9.2287040e-01
   4.0000000e+01   9.2505562e-01
   4.1000000e+01   9.2724180e-01
   4.2000000e+01   9.2942882e-01
   4.3000000e+01   9.3161678e-01
   4.4000000e+01   9.3380558e-01
   4.5000000e+01   9.3599528e-01
   4.6000000e+01   9.3818593e-01
   4.7000000e+01   9.4037747e-01
   4.8000000e+01   9.4256979e-01
   4.9000000e+01   9.4476295e-01
   5.0000000e+01   9.4695699e-01
   5.1000000e+01   9.4915187e-01
   5.2000000e+01   9.5134765e-01
   5.3000000e+01   9.5354420e-01
   5.4000000e+01   9.5574158e-01
   5.5000000e+01   9.5793980e-01
   5.6000000e+01   9.6013880e-01
   5.7000000e+01   9.6233863e-01
   5.8000000e+01   9.6453923e-01
   5.9000000e+01   9.6674067e-01
   6.0000000e+01   9.6894282e-01
   6.1000000e+01   9.6913183e-01
   6.2000000e+01   9.6932095e-01
   6.3000000e+01   9.6951020e-01
   6.4000000e+01   9.6969950e-01
   6.5000000e+01   9.6988899e-01
   6.6000000e+01   9.7007859e-01
   6.7000000e+01   9.7026831e-01
   6.8000000e+01   9.7045815e-01
   6.9000000e+01   9.7064811e-01
   7.0000000e+01   9.7083819e-01
   7.1000000e+01   9.7102839e-01
   7.2000000e+01   9.7121871e-01
   7.3000000e+01   9.7140914e-01
   7.4000000e+01   9.7159964e-01
   7.5000000e+01   9.7179025e-01
   7.6000000e+01   9.7198099e-01
   7.7000000e+01   9.7217172e-01
   7.8000000e+01   9.7236264e-01
   7.9000000e+01   9.7255361e-01
   8.0000000e+01   9.7274464e-01
   8.1000000e+01   9.7293568e-01
   8.2000000e+01   9.7312689e-01
   8.3000000e+01   9.7331810e-01
   8.4000000e+01   9.7350931e-01
   8.5000000e+01   9.7370064e-01
   8.6000000e+01   9.7389197e-01
   8.7000000e+01   9.7408330e-01
   8.8000000e+01   9.7427469e-01
   8.9000000e+01   9.7446609e-01
   9.0000000e+01   9.7465742e-01
   9.1000000e+01   9.6050423e-01
   9.2000000e+01   9.4635040e-01
   9.3000000e+01   9.3219584e-01
   9.4000000e+01   9.1804075e-01
   9.5000000e+01   9.0388495e-01
   9.6000000e+01   8.8972849e-01
   9.7000000e+01   8.7557131e-01
   9.8000000e+01   8.6141348e-01
   9.9000000e+01   8.4725493e-01
   1.0000000e+02   8.3309567e-01
   1.0100000e+02   8.1893569e-01
   1.0200000e+02   8.0477494e-01
   1.0300000e+02   7.9061353e-01
   1.0400000e+02   7.7645123e-01
   1.0500000e+02   7.6228833e-01
   1.0600000e+02   7.4812460e-01
   1.0700000e+02   7.3396009e-01
   1.0800000e+02   7.1979475e-01
   1.0900000e+02   7.0562875e-01
   1.1000000e+02   6.9146186e-01
   1.1100000e+02   6.7729419e-01
   1.1200000e+02   6.6312575e-01
   1.1300000e+02   6.4895648e-01
   1.1400000e+02   6.3478637e-01
   1.1500000e+02   6.2061548e-01
   1.1600000e+02   6.0644370e-01
   1.1700000e+02   5.9227109e-01
   1.1800000e+02   5.7809770e-01
   1.1900000e+02   5.6392342e-01
   1.2000000e+02   5.4974824e-01
   1.2100000e+02   5.3490335e-01
   1.2200000e+02   5.2006173e-01
   1.2300000e+02   5.0522345e-01
   1.2400000e+02   4.9038845e-01
   1.2500000e+02   4.7555673e-01
   1.2600000e+02   4.6072829e-01
   1.2700000e+02   4.4590315e-01
   1.2800000e+02   4.3108130e-01
   1.2900000e+02   4.1626272e-01
   1.3000000e+02   4.0144742e-01
   1.3100000e+02   3.8663536e-01
   1.3200000e+02   3.7182656e-01
   1.3300000e+02   3.5702106e-01
   1.3400000e+02   3.4221882e-01
   1.3500000e+02   3.2741985e-01
   1.3600000e+02   3.1262413e-01
   1.3700000e+02   2.9783162e-01
   1.3800000e+02   2.8304240e-01
   1.3900000e+02   2.6825640e-01
   1.4000000e+02   2.5347364e-01
   1.4100000e+02   2.3869412e-01
   1.4200000e+02   2.2391783e-01
   1.4300000e+02   2.0914477e-01
   1.4400000e+02   1.9437495e-01
   1.4500000e+02   1.7960833e-01
   1.4600000e+02   1.6484493e-01
   1.4700000e+02   1.5008476e-01
   1.4800000e+02   1.3532780e-01
   1.4900000e+02   1.2057405e-01
   1.5000000e+02   1.0582352e-01
   1.5100000e+02   1.1733625e-01
   1.5200000e+02   1.2884565e-01
   1.5300000e+02   1.4035174e-01
   1.5400000e+02   1.5185456e-01
   1.5500000e+02   1.6335411e-01
   1.5600000e+02   1.7485048e-01
   1.5700000e+02   1.8634364e-01
   1.5800000e+02   1.9783364e-01
   1.5900000e+02   2.0932049e-01
   1.6000000e+02   2.2080423e-01
   1.6100000e+02   2.3228490e-01
   1.6200000e+02   2.4376251e-01
   1.6300000e+02   2.5523707e-01
   1.6400000e+02   2.6670864e-01
   1.6500000e+02   2.7817720e-01
   1.6600000e+02   2.8964281e-01
   1.6700000e+02   3.0110547e-01
   1.6800000e+02   3.1256524e-01
   1.6900000e+02   3.2402211e-01
   1.7000000e+02   3.3547610e-01
   1.7100000e+02   3.4692726e-01
   1.7200000e+02   3.5837555e-01
   1.7300000e+02   3.6982107e-01
   1.7400000e+02   3.8126379e-01
   1.7500000e+02   3.9270377e-01
   1.7600000e+02   4.0414098e-01
   1.7700000e+02   4.1557547e-01
   1.7800000e+02   4.2700729e-01
   1.7900000e+02   4.3843639e-01
   1.8000000e+02   4.4986284e-01
   1.8100000e+02   4.6454990e-01
   1.8200000e+02   4.7923726e-01
   1.8300000e+02   4.9392492e-01
   1.8400000e+02   5.0861287e-01
   1.8500000e+02   5.2330112e-01
   1.8600000e+02   5.3798962e-01
   1.8700000e+02   5.5267847e-01
   1.8800000e+02   5.6736743e-01
   1.8900000e+02   5.8205676e-01
   1.9000000e+02   5.9674633e-01
   1.9100000e+02   6.1143607e-01
   1.9200000e+02   6.2612605e-01
   1.9300000e+02   6.4081621e-01
   1.9400000e+02   6.5550661e-01
   1.9500000e+02   6.7019719e-01
   1.9600000e+02   6.8488801e-01
   1.9700000e+02   6.9957894e-01
   1.9800000e+02   7.1427006e-01
   1.9900000e+02   7.2896135e-01
   2.0000000e+02   7.4365276e-01
   2.0100000e+02   7.5834429e-01
   2.0200000e+02   7.7303606e-01
   2.0300000e+02   7.8772795e-01
   2.0400000e+02   8.0241996e-01
   2.0500000e+02   8.1711203e-01
   2.0600000e+02   8.3180428e-01
   2.0700000e+02   8.4649658e-01
   2.0800000e+02   8.6118895e-01
   2.0900000e+02   8.7588149e-01
   2.1000000e+02   8.9057416e-01
   2.1100000e+02   8.9465982e-01
   2.1200000e+02   8.9874619e-01
   2.1300000e+02   9.0283322e-01
   2.1400000e+02   9.0692091e-01
   2.1500000e+02   9.1100925e-01
   2.1600000e+02   9.1509831e-01
   2.1700000e+02   9.1918802e-01
   2.1800000e+02   9.2327839e-01
   2.1900000e+02   9.2736948e-01
   2.2000000e+02   9.3146116e-01
   2.2100000e+02   9.3555361e-01
   2.2200000e+02   9.3964666e-01
   2.2300000e+02   9.4374037e-01
   2.2400000e+02   9.4783485e-01
   2.2500000e+02   9.5192999e-01
   2.2600000e+02   9.5602572e-01
   2.2700000e+02   9.6012223e-01
   2.2800000e+02   9.6421945e-01
   2.2900000e+02   9.6831727e-01
   2.3000000e+02   9.7241580e-01
   2.3100000e+02   9.7651500e-01
   2.3200000e+02   9.8061496e-01
   2.3300000e+02   9.8471552e-01
   2.3400000e+02   9.8881680e-01
   2.3500000e+02   9.9291885e-01
   2.3600000e+02   9.9702150e-01
   2.3700000e+02   1.0011249e+00
   2.3800000e+02   1.0052289e+00
   2.3900000e+02   1.0093337e+00
   2.4000000e+02   1.0134391e+00
   2.4100000e+02   1.0086221e+00
   2.4200000e+02   1.0038056e+00
   2.4300000e+02   9.9898958e-01
   2.4400000e+02   9.9417400e-01
   2.4500000e+02   9.8935890e-01
   2.4600000e+02   9.8454428e-01
   2.4700000e+02   9.7973013e-01
   2.4800000e+02   9.7491646e-01
   2.4900000e+02   9.7010320e-01
   2.5000000e+02   9.6529037e-01
   2.5100000e+02   9.6047807e-01
   2.5200000e+02   9.5566624e-01
   2.5300000e+02   9.5085478e-01
   2.5400000e+02   9.4604373e-01
   2.5500000e+02   9.4123316e-01
   2.5600000e+02   9.3642306e-01
   2.5700000e+02   9.3161345e-01
   2.5800000e+02   9.2680413e-01
   2.5900000e+02   9.2199534e-01
   2.6000000e+02   9.1718692e-01
   2.6100000e+02   9.1237897e-01
   2.6200000e+02   9.0757143e-01
   2.6300000e+02   9.0276426e-01
   2.6400000e+02   8.9795756e-01
   2.6500000e+02   8.9315122e-01
   2.6600000e+02   8.8834536e-01
   2.6700000e+02   8.8353986e-01
   2.6800000e+02   8.7873477e-01
   2.6900000e+02   8.7393016e-01
   2.7000000e+02   8.6912584e-01
   2.7100000e+02   8.6745727e-01
   2.7200000e+02   8.6578882e-01
   2.7300000e+02   8.6412030e-01
   2.7400000e+02   8.6245179e-01
   2.7500000e+02   8.6078334e-01
   2.7600000e+02   8.5911489e-01
   2.7700000e+02   8.5744649e-01
   2.7800000e+02   8.5577810e-01
   2.7900000e+02   8.5410970e-01
   2.8000000e+02   8.5244137e-01
   2.8100000e+02   8.5077304e-01
   2.8200000e+02   8.4910476e-01
   2.8300000e+02   8.4743649e-01
   2.8400000e+02   8.4576815e-01
   2.8500000e+02   8.4409994e-01
   2.8600000e+02   8.4243172e-01
   2.8700000e+02   8.4076351e-01
   2.8800000e+02   8.3909529e-01
   2.8900000e+02   8.3742714e-01
   2.9000000e+02   8.3575898e-01
   2.9100000e+02   8.3409089e-01
   2.9200000e+02   8.3242273e-01
   2.9300000e+02   8.3075464e-01
   2.9400000e+02   8.2908654e-01
   2.9500000e+02   8.2741845e-01
   2.9600000e+02   8.2575047e-01
   2.9700000e+02   8.2408237e-01
   2.9800000e+02   8.2241440e-01
   2.9900000e+02   8.2074636e-01
   3.0000000e+02   8.1907839e-01
   3.0100000e+02   8.1858802e-01
   3.0200000e+02   8.1809777e-01
   3.0300000e+02   8.1760746e-01
   3.0400000e+02   8.1711715e-01
   3.0500000e+02   8.1662685e-01
   3.0600000e+02   8.1613660e-01
   3.0700000e+02   8.1564629e-01
   3.0800000e+02   8.1515604e-01
   3.0900000e+02   8.1466579e-01
   3.1000000e+02   8.1417555e-01
   3.1100000e+02   8.1368530e-01
   3.1200000e+02   8.1319499e-01
   3.1300000e+02   8.1270480e-01
   3.1400000e+02   8.1221455e-01
   3.1500000e+02   8.1172431e-01
   3.1600000e+02   8.1123418e-01
   3.1700000e+02   8.1074393e-01
   3.1800000e+02   8.1025368e-01
   3.1900000e+02   8.0976355e-01
   3.2000000e+02   8.0927330e-01
   3.2100000e+02   8.0878311e-01
   3.2200000e+02   8.0829293e-01
   3.2300000e+02   8.0780274e-01
   3.2400000e+02   8.0731255e-01
   3.2500000e+02   8.0682236e-01
   3.2600000e+02   8.0633217e-01
   3.2700000e+02   8.0584198e-01
   3.2800000e+02   8.0535179e-01
   3.2900000e+02   8.0486166e-01
   3.3000000e+02   8.0437148e-01
   3.3100000e+02   8.0527991e-01
   3.3200000e+02   8.0618834e-01
   3.3300000e+02   8.0709678e-01
   3.3400000e+02   8.0800527e-01
   3.3500000e+02   8.0891377e-01
   3.3600000e+02   8.0982220e-01
   3.3700000e+02   8.1073076e-01
   3.3800000e+02   8.1163931e-01
   3.3900000e+02   8.1254780e-01
   3.4000000e+02   8.1345642e-01
   3.4100000e+02   8.1436497e-01
   3.4200000e+02   8.1527358e-01
   3.4300000e+02   8.1618214e-01
   3.4400000e+02   8.1709075e-01
   3.4500000e+02   8.1799942e-01
   3.4600000e+02   8.1890804e-01
   3.4700000e+02   8.1981671e-01
   3.4800000e+02   8.2072532e-01
   3.4900000e+02   8.2163399e-01
   3.5000000e+02   8.2254267e-01
   3.5100000e+02   8.2345140e-01
   3.5200000e+02   8.2436013e-01
   3.5300000e+02   8.2526881e-01
   3.5400000e+02   8.2617754e-01
   3.5500000e+02   8.2708633e-01
   3.5600000e+02   8.2799506e-01
   3.5700000e+02   8.2890385e-01
   3.5800000e+02   8.2981259e-01
   3.5900000e+02   8.3072138e-01
   1.4226848e-06   8.3163017e-01
