   0.0000000e+00   6.5677688e-02
   1.0000000e+00   7.3114507e-02
   2.0000000e+00   7.3504977e-02
   3.0000000e+00   7.3915124e-02
   4.0000000e+00   7.4324727e-02
   5.0000000e+00   7.4733883e-02
   6.0000000e+00   7.5142600e-02
   7.0000000e+00   7.5550899e-02
   8.0000000e+00   7.5958773e-02
   9.0000000e+00   7.6366208e-02
   1.0000000e+01   7.6773219e-02
   1.1000000e+01   7.7179760e-02
   1.2000000e+01   7.7585846e-02
   1.3000000e+01   7.7991433e-02
   1.4000000e+01   7.8396536e-02
   1.5000000e+01   7.8801133e-02
   1.6000000e+01   7.9205267e-02
   1.7000000e+01   7.9608954e-02
   1.8000000e+01   8.0012180e-02
   1.9000000e+01   8.0414973e-02
   2.0000000e+01   8.0817349e-02
   2.1000000e+01   8.1219308e-02
   2.2000000e+01   8.1620842e-02
   2.3000000e+01   8.2021967e-02
   2.4000000e+01   8.2422674e-02
   2.5000000e+01   8.2822978e-02
   2.6000000e+01   8.3222881e-02
   2.7000000e+01   8.3622381e-02
   2.8000000e+01   8.4021494e-02
   2.9000000e+01   8.4420212e-02
   3.0000000e+01   8.4818542e-02
   3.1000000e+01   8.5594349e-02
   3.2000000e+01   8.6369939e-02
   3.3000000e+01   8.7145329e-02
   3.4000000e+01   8.7920517e-02
   3.5000000e+01   8.8695526e-02
   3.6000000e+01   8.9470416e-02
   3.7000000e+01   9.0245269e-02
   3.8000000e+01   9.1019988e-02
   3.9000000e+01   9.1794558e-02
   4.0000000e+01   9.2568986e-02
   4.1000000e+01   9.3343325e-02
   4.2000000e+01   9.4117768e-02
   4.3000000e+01   9.4892144e-02
   4.4000000e+01   9.5666453e-02
   4.5000000e+01   9.6440703e-02
   4.6000000e+01   9.7214893e-02
   4.7000000e+01   9.7989030e-02
   4.8000000e+01   9.8763116e-02
   4.9000000e+01   9.9537157e-02
   5.0000000e+01   1.0031115e-01
   5.1000000e+01   1.0108510e-01
   5.2000000e+01   1.0185903e-01
   5.3000000e+01   1.0263292e-01
   5.4000000e+01   1.0340678e-01
   5.5000000e+01   1.0418061e-01
   5.6000000e+01   1.0495444e-01
   5.7000000e+01   1.0572824e-01
   5.8000000e+01   1.0650203e-01
   5.9000000e+01   1.0727582e-01
   6.0000000e+01   1.0804961e-01
   6.1000000e+01   1.0901000e-01
   6.2000000e+01   1.0997272e-01
   6.3000000e+01   1.1093775e-01
   6.4000000e+01   1.1190508e-01
   6.5000000e+01   1.1287468e-01
   6.6000000e+01   1.1384655e-01
   6.7000000e+01   1.1482065e-01
   6.8000000e+01   1.1579698e-01
   6.9000000e+01   1.1677550e-01
   7.0000000e+01   1.1775622e-01
   7.1000000e+01   1.1873910e-01
   7.2000000e+01   1.1972414e-01
   7.3000000e+01   1.2071131e-01
   7.4000000e+01   1.2170060e-01
   7.5000000e+01   1.2269199e-01
   7.6000000e+01   1.2368587e-01
   7.7000000e+01   1.2468317e-01
   7.8000000e+01   1.2568270e-01
   7.9000000e+01   1.2668446e-01
   8.0000000e+01   1.2768842e-01
   8.1000000e+01   1.2869456e-01
   8.2000000e+01   1.2970290e-01
   8.3000000e+01   1.3071342e-01
   8.4000000e+01   1.3172613e-01
   8.5000000e+01   1.3274091e-01
   8.6000000e+01   1.3375777e-01
   8.7000000e+01   1.3477665e-01
   8.8000000e+01   1.3579756e-01
   8.9000000e+01   1.3682048e-01
   9.0000000e+01   1.3784708e-01
   9.1000000e+01   1.3774185e-01
   9.2000000e+01   1.3762374e-01
   9.3000000e+01   1.3749231e-01
   9.4000000e+01   1.3734715e-01
   9.5000000e+01   1.3718776e-01
   9.6000000e+01   1.3701370e-01
   9.7000000e+01   1.3682452e-01
   9.8000000e+01   1.3661970e-01
   9.9000000e+01   1.3639881e-01
   1.0000000e+02   1.3616131e-01
   1.0100000e+02   1.3590674e-01
   1.0200000e+02   1.3563457e-01
   1.0300000e+02   1.3534430e-01
   1.0400000e+02   1.3503540e-01
   1.0500000e+02   1.3470733e-01
   1.0600000e+02   1.3435958e-01
   1.0700000e+02   1.3399155e-01
   1.0800000e+02   1.3360274e-01
   1.0900000e+02   1.3319255e-01
   1.1000000e+02   1.3276042e-01
   1.1100000e+02   1.3230574e-01
   1.1200000e+02   1.3182791e-01
   1.1300000e+02   1.3132654e-01
   1.1400000e+02   1.3080116e-01
   1.1500000e+02   1.3025059e-01
   1.1600000e+02   1.2967420e-01
   1.1700000e+02   1.2907131e-01
   1.1800000e+02   1.2844129e-01
   1.1900000e+02   1.2778345e-01
   1.2000000e+02   1.2709709e-01
   1.2100000e+02   1.2091132e-01
   1.2200000e+02   1.1517794e-01
   1.2300000e+02   1.0984818e-01
   1.2400000e+02   1.0488116e-01
   1.2500000e+02   1.0088240e-01
   1.2600000e+02   9.8090351e-02
   1.2700000e+02   9.5785648e-02
   1.2800000e+02   9.3923286e-02
   1.2900000e+02   9.2445806e-02
   1.3000000e+02   9.1304928e-02
   1.3100000e+02   9.0460099e-02
   1.3200000e+02   9.0198189e-02
   1.3300000e+02   9.0610020e-02
   1.3400000e+02   9.1216668e-02
   1.3500000e+02   9.1978014e-02
   1.3600000e+02   9.2872955e-02
   1.3700000e+02   9.3884192e-02
   1.3800000e+02   9.4997212e-02
   1.3900000e+02   9.6199788e-02
   1.4000000e+02   9.7481653e-02
   1.4100000e+02   9.9013157e-02
   1.4200000e+02   1.0116469e-01
   1.4300000e+02   1.0332614e-01
   1.4400000e+02   1.0547373e-01
   1.4500000e+02   1.0760816e-01
   1.4600000e+02   1.0973132e-01
   1.4700000e+02   1.1184523e-01
   1.4800000e+02   1.1395203e-01
   1.4900000e+02   1.1605397e-01
   1.5000000e+02   1.1815335e-01
   1.5100000e+02   1.1976257e-01
   1.5200000e+02   1.2122438e-01
   1.5300000e+02   1.2255490e-01
   1.5400000e+02   1.2376814e-01
   1.5500000e+02   1.2487642e-01
   1.5600000e+02   1.2586358e-01
   1.5700000e+02   1.2670945e-01
   1.5800000e+02   1.2748832e-01
   1.5900000e+02   1.2820856e-01
   1.6000000e+02   1.2887539e-01
   1.6100000e+02   1.2949340e-01
   1.6200000e+02   1.3006677e-01
   1.6300000e+02   1.3059920e-01
   1.6400000e+02   1.3109405e-01
   1.6500000e+02   1.3155439e-01
   1.6600000e+02   1.3198294e-01
   1.6700000e+02   1.3238220e-01
   1.6800000e+02   1.3275443e-01
   1.6900000e+02   1.3310169e-01
   1.7000000e+02   1.3342586e-01
   1.7100000e+02   1.3372862e-01
   1.7200000e+02   1.3401154e-01
   1.7300000e+02   1.3427603e-01
   1.7400000e+02   1.3452341e-01
   1.7500000e+02   1.3475484e-01
   1.7600000e+02   1.3497142e-01
   1.7700000e+02   1.3517416e-01
   1.7800000e+02   1.3536397e-01
   1.7900000e+02   1.3554169e-01
   1.8000000e+02   1.3570812e-01
   1.8100000e+02   1.3233806e-01
   1.8200000e+02   1.2892061e-01
   1.8300000e+02   1.2545238e-01
   1.8400000e+02   1.2192985e-01
   1.8500000e+02   1.1834945e-01
   1.8600000e+02   1.1470748e-01
   1.8700000e+02   1.1100020e-01
   1.8800000e+02   1.0722373e-01
   1.8900000e+02   1.0337409e-01
   1.9000000e+02   9.9715345e-02
   1.9100000e+02   9.6231289e-02
   1.9200000e+02   9.2714019e-02
   1.9300000e+02   8.9147337e-02
   1.9400000e+02   8.5520528e-02
   1.9500000e+02   8.1823580e-02
   1.9600000e+02   7.8046933e-02
   1.9700000e+02   7.4181400e-02
   1.9800000e+02   7.0218116e-02
   1.9900000e+02   6.6148423e-02
   2.0000000e+02   6.3432537e-02
   2.0100000e+02   6.1034400e-02
   2.0200000e+02   5.8703020e-02
   2.0300000e+02   5.6433640e-02
   2.0400000e+02   5.4222774e-02
   2.0500000e+02   5.2067202e-02
   2.0600000e+02   5.0066274e-02
   2.0700000e+02   4.8651662e-02
   2.0800000e+02   4.7273904e-02
   2.0900000e+02   4.5910157e-02
   2.1000000e+02   4.4558611e-02
   2.1100000e+02   4.9689952e-02
   2.1200000e+02   5.4603152e-02
   2.1300000e+02   5.9315369e-02
   2.1400000e+02   6.3841939e-02
   2.1500000e+02   6.8196617e-02
   2.1600000e+02   7.2391726e-02
   2.1700000e+02   7.6438412e-02
   2.1800000e+02   8.0346704e-02
   2.1900000e+02   8.4125713e-02
   2.2000000e+02   8.7783724e-02
   2.2100000e+02   9.1328233e-02
   2.2200000e+02   9.4875120e-02
   2.2300000e+02   9.8326631e-02
   2.2400000e+02   1.0166622e-01
   2.2500000e+02   1.0489976e-01
   2.2600000e+02   1.0803276e-01
   2.2700000e+02   1.1107033e-01
   2.2800000e+02   1.1401720e-01
   2.2900000e+02   1.1687779e-01
   2.3000000e+02   1.1965619e-01
   2.3100000e+02   1.2235621e-01
   2.3200000e+02   1.2498140e-01
   2.3300000e+02   1.2753509e-01
   2.3400000e+02   1.3002041e-01
   2.3500000e+02   1.3267137e-01
   2.3600000e+02   1.3517621e-01
   2.3700000e+02   1.3751514e-01
   2.3800000e+02   1.3969965e-01
   2.3900000e+02   1.4174062e-01
   2.4000000e+02   1.4364807e-01
   2.4100000e+02   1.4267088e-01
   2.4200000e+02   1.4169723e-01
   2.4300000e+02   1.4072712e-01
   2.4400000e+02   1.3976048e-01
   2.4500000e+02   1.3879731e-01
   2.4600000e+02   1.3783756e-01
   2.4700000e+02   1.3688119e-01
   2.4800000e+02   1.3592817e-01
   2.4900000e+02   1.3497849e-01
   2.5000000e+02   1.3403207e-01
   2.5100000e+02   1.3308892e-01
   2.5200000e+02   1.3214898e-01
   2.5300000e+02   1.3121222e-01
   2.5400000e+02   1.3027863e-01
   2.5500000e+02   1.2934816e-01
   2.5600000e+02   1.2842077e-01
   2.5700000e+02   1.2749644e-01
   2.5800000e+02   1.2657514e-01
   2.5900000e+02   1.2565683e-01
   2.6000000e+02   1.2474147e-01
   2.6100000e+02   1.2382906e-01
   2.6200000e+02   1.2291954e-01
   2.6300000e+02   1.2201288e-01
   2.6400000e+02   1.2110908e-01
   2.6500000e+02   1.2020807e-01
   2.6600000e+02   1.1930984e-01
   2.6700000e+02   1.1841437e-01
   2.6800000e+02   1.1752162e-01
   2.6900000e+02   1.1663155e-01
   2.7000000e+02   1.1574416e-01
   2.7100000e+02   1.1474727e-01
   2.7200000e+02   1.1375023e-01
   2.7300000e+02   1.1275303e-01
   2.7400000e+02   1.1175570e-01
   2.7500000e+02   1.1075822e-01
   2.7600000e+02   1.0976059e-01
   2.7700000e+02   1.0876282e-01
   2.7800000e+02   1.0776490e-01
   2.7900000e+02   1.0676684e-01
   2.8000000e+02   1.0576864e-01
   2.8100000e+02   1.0477031e-01
   2.8200000e+02   1.0377184e-01
   2.8300000e+02   1.0277322e-01
   2.8400000e+02   1.0177448e-01
   2.8500000e+02   1.0077559e-01
   2.8600000e+02   9.9776573e-02
   2.8700000e+02   9.8777421e-02
   2.8800000e+02   9.7778141e-02
   2.8900000e+02   9.6778728e-02
   2.9000000e+02   9.5779188e-02
   2.9100000e+02   9.4779514e-02
   2.9200000e+02   9.3779765e-02
   2.9300000e+02   9.2779897e-02
   2.9400000e+02   9.1779910e-02
   2.9500000e+02   9.0779804e-02
   2.9600000e+02   8.9779578e-02
   2.9700000e+02   8.8779233e-02
   2.9800000e+02   8.7778769e-02
   2.9900000e+02   8.6778194e-02
   3.0000000e+02   8.5777499e-02
   3.0100000e+02   8.5208222e-02
   3.0200000e+02   8.4639013e-02
   3.0300000e+02   8.4069856e-02
   3.0400000e+02   8.3500765e-02
   3.0500000e+02   8.2931735e-02
   3.0600000e+02   8.2362764e-02
   3.0700000e+02   8.1793852e-02
   3.0800000e+02   8.1225000e-02
   3.0900000e+02   8.0656208e-02
   3.1000000e+02   8.0087468e-02
   3.1100000e+02   7.9518795e-02
   3.1200000e+02   7.8950182e-02
   3.1300000e+02   7.8381613e-02
   3.1400000e+02   7.7813111e-02
   3.1500000e+02   7.7244662e-02
   3.1600000e+02   7.6676272e-02
   3.1700000e+02   7.6107934e-02
   3.1800000e+02   7.5539656e-02
   3.1900000e+02   7.4971423e-02
   3.2000000e+02   7.4403256e-02
   3.2100000e+02   7.3835142e-02
   3.2200000e+02   7.3267072e-02
   3.2300000e+02   7.2699070e-02
   3.2400000e+02   7.2131112e-02
   3.2500000e+02   7.1563207e-02
   3.2600000e+02   7.0995353e-02
   3.2700000e+02   7.0427559e-02
   3.2800000e+02   6.9859810e-02
   3.2900000e+02   6.9292113e-02
   3.3000000e+02   6.8724468e-02
   3.3100000e+02   6.8647869e-02
   3.3200000e+02   6.8571277e-02
   3.3300000e+02   6.8494707e-02
   3.3400000e+02   6.8418145e-02
   3.3500000e+02   6.8341590e-02
   3.3600000e+02   6.8265066e-02
   3.3700000e+02   6.8188548e-02
   3.3800000e+02   6.8112038e-02
   3.3900000e+02   6.8035543e-02
   3.4000000e+02   6.7959070e-02
   3.4100000e+02   6.7882605e-02
   3.4200000e+02   6.7806154e-02
   3.4300000e+02   6.7729719e-02
   3.4400000e+02   6.7653298e-02
   3.4500000e+02   6.7576885e-02
   3.4600000e+02   6.7500494e-02
   3.4700000e+02   6.7424111e-02
   3.4800000e+02   6.7347743e-02
   3.4900000e+02   6.7271389e-02
   3.5000000e+02   6.7195043e-02
   3.5100000e+02   6.7118719e-02
   3.5200000e+02   6.7042403e-02
   3.5300000e+02   6.6966102e-02
   3.5400000e+02   6.6889815e-02
   3.5500000e+02   6.6813536e-02
   3.5600000e+02   6.6737272e-02
   3.5700000e+02   6.6661023e-02
   3.5800000e+02   6.6584788e-02
   3.5900000e+02   6.6508561e-02
   7.1133672e-07   6.6432349e-02
   1.0000007e+00   6.6832580e-02
   2.0000007e+00   6.7232765e-02
   3.0000007e+00   6.7632921e-02
   4.0000010e+00   6.8033040e-02
   5.0000010e+00   6.8433128e-02
   6.0000010e+00   6.8833187e-02
   7.0000010e+00   6.9233201e-02
   8.0000010e+00   6.9633193e-02
   9.0000010e+00   7.0033148e-02
   1.0000001e+01   7.0433073e-02
   1.1000001e+01   7.0832960e-02
   1.2000001e+01   7.1232818e-02
   1.3000001e+01   7.1632646e-02
   1.4000001e+01   7.2032444e-02
   1.5000001e+01   7.2432213e-02
   1.6000000e+01   7.2831951e-02
   1.7000000e+01   7.3231660e-02
   1.8000000e+01   7.3631331e-02
   1.9000000e+01   7.4030980e-02
   2.0000000e+01   7.4430592e-02
   2.1000000e+01   7.4830182e-02
   2.2000000e+01   7.5229734e-02
   2.3000000e+01   7.5629272e-02
   2.4000000e+01   7.6028779e-02
   2.5000000e+01   7.6428249e-02
   2.6000000e+01   7.6827697e-02
   2.7000000e+01   7.7227116e-02
   2.8000000e+01   7.7626504e-02
   2.9000000e+01   7.8025870e-02
   3.0000000e+01   7.8425206e-02
   3.1000000e+01   7.9232134e-02
   3.2000000e+01   8.0039114e-02
   3.3000000e+01   8.0846138e-02
   3.4000000e+01   8.1653222e-02
   3.5000000e+01   8.2460351e-02
   3.6000000e+01   8.3267525e-02
   3.7000000e+01   8.4074751e-02
   3.8000000e+01   8.4882021e-02
   3.9000000e+01   8.5689336e-02
   4.0000000e+01   8.6496711e-02
   4.1000000e+01   8.7304123e-02
   4.2000000e+01   8.8111587e-02
   4.3000000e+01   8.8919088e-02
   4.4000000e+01   8.9726649e-02
   4.5000000e+01   9.0534247e-02
   4.6000000e+01   9.1341890e-02
   4.7000000e+01   9.2149585e-02
   4.8000000e+01   9.2957318e-02
   4.9000000e+01   9.3765102e-02
   5.0000000e+01   9.4572924e-02
   5.1000000e+01   9.5380791e-02
   5.2000000e+01   9.6188702e-02
   5.3000000e+01   9.6996658e-02
   5.4000000e+01   9.7804658e-02
   5.5000000e+01   9.8612703e-02
   5.6000000e+01   9.9420786e-02
   5.7000000e+01   1.0022891e-01
   5.8000000e+01   1.0103708e-01
   5.9000000e+01   1.0184529e-01
   6.0000000e+01   1.0265354e-01
   6.1000000e+01   1.0400070e-01
   6.2000000e+01   1.0534569e-01
   6.3000000e+01   1.0668857e-01
   6.4000000e+01   1.0802937e-01
   6.5000000e+01   1.0936812e-01
   6.6000000e+01   1.1070487e-01
   6.7000000e+01   1.1203965e-01
   6.8000000e+01   1.1337250e-01
   6.9000000e+01   1.1470345e-01
   7.0000000e+01   1.1603255e-01
   7.1000000e+01   1.1735982e-01
   7.2000000e+01   1.1868531e-01
   7.3000000e+01   1.2000903e-01
   7.4000000e+01   1.2133104e-01
   7.5000000e+01   1.2265134e-01
   7.6000000e+01   1.2397000e-01
   7.7000000e+01   1.2528703e-01
   7.8000000e+01   1.2660244e-01
   7.9000000e+01   1.2791631e-01
   8.0000000e+01   1.2922862e-01
   8.1000000e+01   1.3053945e-01
   8.2000000e+01   1.3184878e-01
   8.3000000e+01   1.3315667e-01
   8.4000000e+01   1.3446312e-01
   8.5000000e+01   1.3576819e-01
   8.6000000e+01   1.3707188e-01
   8.7000000e+01   1.3837424e-01
   8.8000000e+01   1.3967527e-01
   8.9000000e+01   1.4097503e-01
   9.0000000e+01   1.4227349e-01
   9.1000000e+01   1.4243892e-01
   9.2000000e+01   1.4260690e-01
   9.3000000e+01   1.4277741e-01
   9.4000000e+01   1.4295042e-01
   9.5000000e+01   1.4312589e-01
   9.6000000e+01   1.4330378e-01
   9.7000000e+01   1.4348407e-01
   9.8000000e+01   1.4366673e-01
   9.9000000e+01   1.4385173e-01
   1.0000000e+02   1.4403902e-01
   1.0100000e+02   1.4422858e-01
   1.0200000e+02   1.4442039e-01
   1.0300000e+02   1.4461440e-01
   1.0400000e+02   1.4481060e-01
   1.0500000e+02   1.4500895e-01
   1.0600000e+02   1.4520945e-01
   1.0700000e+02   1.4541203e-01
   1.0800000e+02   1.4561670e-01
   1.0900000e+02   1.4582339e-01
   1.1000000e+02   1.4603212e-01
   1.1100000e+02   1.4624286e-01
   1.1200000e+02   1.4645554e-01
   1.1300000e+02   1.4667018e-01
   1.1400000e+02   1.4688675e-01
   1.1500000e+02   1.4710520e-01
   1.1600000e+02   1.4732553e-01
   1.1700000e+02   1.4754771e-01
   1.1800000e+02   1.4777173e-01
   1.1900000e+02   1.4799754e-01
   1.2000000e+02   1.4822514e-01
   1.2100000e+02   1.4825508e-01
   1.2200000e+02   1.4828485e-01
   1.2300000e+02   1.4831448e-01
   1.2400000e+02   1.4834392e-01
   1.2500000e+02   1.4837322e-01
   1.2600000e+02   1.4840235e-01
   1.2700000e+02   1.4843132e-01
   1.2800000e+02   1.4846011e-01
   1.2900000e+02   1.4848875e-01
   1.3000000e+02   1.4851724e-01
   1.3100000e+02   1.4854555e-01
   1.3200000e+02   1.4857371e-01
   1.3300000e+02   1.4860173e-01
   1.3400000e+02   1.4862956e-01
   1.3500000e+02   1.4865723e-01
   1.3600000e+02   1.4868477e-01
   1.3700000e+02   1.4871213e-01
   1.3800000e+02   1.4873934e-01
   1.3900000e+02   1.4876640e-01
   1.4000000e+02   1.4879330e-01
   1.4100000e+02   1.4882003e-01
   1.4200000e+02   1.4884661e-01
   1.4300000e+02   1.4887305e-01
   1.4400000e+02   1.4889933e-01
   1.4500000e+02   1.4892545e-01
   1.4600000e+02   1.4895141e-01
   1.4700000e+02   1.4897723e-01
   1.4800000e+02   1.4900289e-01
   1.4900000e+02   1.4902841e-01
   1.5000000e+02   1.4905375e-01
   1.5100000e+02   1.4900327e-01
   1.5200000e+02   1.4895299e-01
   1.5300000e+02   1.4890291e-01
   1.5400000e+02   1.4885302e-01
   1.5500000e+02   1.4880334e-01
   1.5600000e+02   1.4875385e-01
   1.5700000e+02   1.4870457e-01
   1.5800000e+02   1.4865549e-01
   1.5900000e+02   1.4860660e-01
   1.6000000e+02   1.4855793e-01
   1.6100000e+02   1.4850944e-01
   1.6200000e+02   1.4846115e-01
   1.6300000e+02   1.4841306e-01
   1.6400000e+02   1.4836517e-01
   1.6500000e+02   1.4831749e-01
   1.6600000e+02   1.4826998e-01
   1.6700000e+02   1.4822268e-01
   1.6800000e+02   1.4817558e-01
   1.6900000e+02   1.4812867e-01
   1.7000000e+02   1.4808196e-01
   1.7100000e+02   1.4803544e-01
   1.7200000e+02   1.4798911e-01
   1.7300000e+02   1.4794298e-01
   1.7400000e+02   1.4789703e-01
   1.7500000e+02   1.4785129e-01
   1.7600000e+02   1.4780574e-01
   1.7700000e+02   1.4776038e-01
   1.7800000e+02   1.4771521e-01
   1.7900000e+02   1.4767024e-01
   1.8000000e+02   1.4762546e-01
   1.8100000e+02   1.4741462e-01
   1.8200000e+02   1.4720443e-01
   1.8300000e+02   1.4699487e-01
   1.8400000e+02   1.4678593e-01
   1.8500000e+02   1.4657763e-01
   1.8600000e+02   1.4636995e-01
   1.8700000e+02   1.4616290e-01
   1.8800000e+02   1.4595647e-01
   1.8900000e+02   1.4575066e-01
   1.9000000e+02   1.4554547e-01
   1.9100000e+02   1.4534090e-01
   1.9200000e+02   1.4513697e-01
   1.9300000e+02   1.4493363e-01
   1.9400000e+02   1.4473093e-01
   1.9500000e+02   1.4452882e-01
   1.9600000e+02   1.4432734e-01
   1.9700000e+02   1.4412646e-01
   1.9800000e+02   1.4392620e-01
   1.9900000e+02   1.4372654e-01
   2.0000000e+02   1.4352749e-01
   2.0100000e+02   1.4332905e-01
   2.0200000e+02   1.4313123e-01
   2.0300000e+02   1.4293399e-01
   2.0400000e+02   1.4273737e-01
   2.0500000e+02   1.4254135e-01
   2.0600000e+02   1.4234592e-01
   2.0700000e+02   1.4215109e-01
   2.0800000e+02   1.4195687e-01
   2.0900000e+02   1.4176323e-01
   2.1000000e+02   1.4157020e-01
   2.1100000e+02   1.4156303e-01
   2.1200000e+02   1.4155482e-01
   2.1300000e+02   1.4154558e-01
   2.1400000e+02   1.4153527e-01
   2.1500000e+02   1.4152394e-01
   2.1600000e+02   1.4151157e-01
   2.1700000e+02   1.4149816e-01
   2.1800000e+02   1.4148372e-01
   2.1900000e+02   1.4146826e-01
   2.2000000e+02   1.4145176e-01
   2.2100000e+02   1.4143425e-01
   2.2200000e+02   1.4141572e-01
   2.2300000e+02   1.4139616e-01
   2.2400000e+02   1.4137560e-01
   2.2500000e+02   1.4135402e-01
   2.2600000e+02   1.4133145e-01
   2.2700000e+02   1.4130785e-01
   2.2800000e+02   1.4128326e-01
   2.2900000e+02   1.4125767e-01
   2.3000000e+02   1.4123107e-01
   2.3100000e+02   1.4120349e-01
   2.3200000e+02   1.4117491e-01
   2.3300000e+02   1.4114533e-01
   2.3400000e+02   1.4111479e-01
   2.3500000e+02   1.4108326e-01
   2.3600000e+02   1.4105073e-01
   2.3700000e+02   1.4101723e-01
   2.3800000e+02   1.4098276e-01
   2.3900000e+02   1.4094731e-01
   2.4000000e+02   1.4091089e-01
   2.4100000e+02   1.4004540e-01
   2.4200000e+02   1.3917978e-01
   2.4300000e+02   1.3831404e-01
   2.4400000e+02   1.3744815e-01
   2.4500000e+02   1.3658212e-01
   2.4600000e+02   1.3571598e-01
   2.4700000e+02   1.3484968e-01
   2.4800000e+02   1.3398327e-01
   2.4900000e+02   1.3311671e-01
   2.5000000e+02   1.3225003e-01
   2.5100000e+02   1.3138323e-01
   2.5200000e+02   1.3051628e-01
   2.5300000e+02   1.2964921e-01
   2.5400000e+02   1.2878200e-01
   2.5500000e+02   1.2791468e-01
   2.5600000e+02   1.2704723e-01
   2.5700000e+02   1.2617964e-01
   2.5800000e+02   1.2531193e-01
   2.5900000e+02   1.2444409e-01
   2.6000000e+02   1.2357613e-01
   2.6100000e+02   1.2270805e-01
   2.6200000e+02   1.2183984e-01
   2.6300000e+02   1.2097152e-01
   2.6400000e+02   1.2010305e-01
   2.6500000e+02   1.1923448e-01
   2.6600000e+02   1.1836579e-01
   2.6700000e+02   1.1749697e-01
   2.6800000e+02   1.1662804e-01
   2.6900000e+02   1.1575899e-01
   2.7000000e+02   1.1488981e-01
   2.7100000e+02   1.1387950e-01
   2.7200000e+02   1.1286914e-01
   2.7300000e+02   1.1185873e-01
   2.7400000e+02   1.1084826e-01
   2.7500000e+02   1.0983773e-01
   2.7600000e+02   1.0882715e-01
   2.7700000e+02   1.0781651e-01
   2.7800000e+02   1.0680582e-01
   2.7900000e+02   1.0579506e-01
   2.8000000e+02   1.0478426e-01
   2.8100000e+02   1.0377339e-01
   2.8200000e+02   1.0276248e-01
   2.8300000e+02   1.0175151e-01
   2.8400000e+02   1.0074048e-01
   2.8500000e+02   9.9729404e-02
   2.8600000e+02   9.8718271e-02
   2.8700000e+02   9.7707085e-02
   2.8800000e+02   9.6695840e-02
   2.8900000e+02   9.5684543e-02
   2.9000000e+02   9.4673194e-02
   2.9100000e+02   9.3661785e-02
   2.9200000e+02   9.2650332e-02
   2.9300000e+02   9.1638818e-02
   2.9400000e+02   9.0627261e-02
   2.9500000e+02   8.9615643e-02
   2.9600000e+02   8.8603973e-02
   2.9700000e+02   8.7592244e-02
   2.9800000e+02   8.6580470e-02
   2.9900000e+02   8.5568644e-02
   3.0000000e+02   8.4556766e-02
   3.0100000e+02   8.3994918e-02
   3.0200000e+02   8.3433077e-02
   3.0300000e+02   8.2871243e-02
   3.0400000e+02   8.2309425e-02
   3.0500000e+02   8.1747621e-02
   3.0600000e+02   8.1185825e-02
   3.0700000e+02   8.0624036e-02
   3.0800000e+02   8.0062255e-02
   3.0900000e+02   7.9500489e-02
   3.1000000e+02   7.8938730e-02
   3.1100000e+02   7.8376986e-02
   3.1200000e+02   7.7815257e-02
   3.1300000e+02   7.7253528e-02
   3.1400000e+02   7.6691806e-02
   3.1500000e+02   7.6130107e-02
   3.1600000e+02   7.5568408e-02
   3.1700000e+02   7.5006723e-02
   3.1800000e+02   7.4445054e-02
   3.1900000e+02   7.3883384e-02
   3.2000000e+02   7.3321730e-02
   3.2100000e+02   7.2760090e-02
   3.2200000e+02   7.2198451e-02
   3.2300000e+02   7.1636826e-02
   3.2400000e+02   7.1075208e-02
   3.2500000e+02   7.0513599e-02
   3.2600000e+02   6.9952011e-02
   3.2700000e+02   6.9390416e-02
   3.2800000e+02   6.8828844e-02
   3.2900000e+02   6.8267271e-02
   3.3000000e+02   6.7705721e-02
   3.3100000e+02   6.7631900e-02
   3.3200000e+02   6.7558095e-02
   3.3300000e+02   6.7484282e-02
   3.3400000e+02   6.7410469e-02
   3.3500000e+02   6.7336656e-02
   3.3600000e+02   6.7262843e-02
   3.3700000e+02   6.7189030e-02
   3.3800000e+02   6.7115210e-02
   3.3900000e+02   6.7041405e-02
   3.4000000e+02   6.6967592e-02
   3.4100000e+02   6.6893771e-02
   3.4200000e+02   6.6819958e-02
   3.4300000e+02   6.6746145e-02
   3.4400000e+02   6.6672333e-02
   3.4500000e+02   6.6598512e-02
   3.4600000e+02   6.6524699e-02
   3.4700000e+02   6.6450879e-02
   3.4800000e+02   6.6377066e-02
   3.4900000e+02   6.6303246e-02
   3.5000000e+02   6.6229425e-02
   3.5100000e+02   6.6155612e-02
   3.5200000e+02   6.6081792e-02
   3.5300000e+02   6.6007972e-02
   3.5400000e+02   6.5934159e-02
   3.5500000e+02   6.5860339e-02
   3.5600000e+02   6.5786518e-02
   3.5700000e+02   6.5712698e-02
   3.5800000e+02   6.5638877e-02
   3.5900000e+02   6.5565057e-02
   1.4226848e-06   6.5491237e-02
