   0.0000000e+00  -8.0123444e-19
   1.0000000e+00   6.7640003e-04
   2.0000000e+00   6.6417595e-03
   3.0000000e+00   1.2646927e-02
   4.0000000e+00   1.8694881e-02
   5.0000000e+00   2.4784716e-02
   6.0000000e+00   3.0917013e-02
   7.0000000e+00   3.7092119e-02
   8.0000000e+00   4.3315578e-02
   9.0000000e+00   4.9588718e-02
   1.0000000e+01   5.5915330e-02
   1.1000000e+01   6.2299665e-02
   1.2000000e+01   6.8744525e-02
   1.3000000e+01   7.5249955e-02
   1.4000000e+01   8.1818774e-02
   1.5000000e+01   8.8448159e-02
   1.6000000e+01   9.5137104e-02
   1.7000000e+01   1.0188744e-01
   1.8000000e+01   1.0869887e-01
   1.9000000e+01   1.1557642e-01
   2.0000000e+01   1.2252181e-01
   2.1000000e+01   1.2953648e-01
   2.2000000e+01   1.3662131e-01
   2.3000000e+01   1.4377685e-01
   2.4000000e+01   1.5100333e-01
   2.5000000e+01   1.5830186e-01
   2.6000000e+01   1.6567260e-01
   2.7000000e+01   1.7311873e-01
   2.8000000e+01   1.8064837e-01
   2.9000000e+01   1.8826334e-01
   3.0000000e+01   1.9596501e-01
   3.1000000e+01   2.0700203e-01
   3.2000000e+01   2.1836400e-01
   3.3000000e+01   2.3000626e-01
   3.4000000e+01   2.4187645e-01
   3.5000000e+01   2.5391498e-01
   3.6000000e+01   2.6607364e-01
   3.7000000e+01   2.7828830e-01
   3.8000000e+01   2.9050481e-01
   3.9000000e+01   3.0267933e-01
   4.0000000e+01   3.1478432e-01
   4.1000000e+01   3.2679939e-01
   4.2000000e+01   3.3869824e-01
   4.3000000e+01   3.5045680e-01
   4.4000000e+01   3.6206439e-01
   4.5000000e+01   3.7355241e-01
   4.6000000e+01   3.8490918e-01
   4.7000000e+01   3.9613882e-01
   4.8000000e+01   4.0724152e-01
   4.9000000e+01   4.1819960e-01
   5.0000000e+01   4.2901611e-01
   5.1000000e+01   4.3970251e-01
   5.2000000e+01   4.5023826e-01
   5.3000000e+01   4.6060085e-01
   5.4000000e+01   4.7078630e-01
   5.5000000e+01   4.8079053e-01
   5.6000000e+01   4.9060985e-01
   5.7000000e+01   5.0025904e-01
   5.8000000e+01   5.0977129e-01
   5.9000000e+01   5.1914692e-01
   6.0000000e+01   5.2838635e-01
   6.1000000e+01   5.3693438e-01
   6.2000000e+01   5.4531175e-01
   6.3000000e+01   5.5351067e-01
   6.4000000e+01   5.6152451e-01
   6.5000000e+01   5.6935209e-01
   6.6000000e+01   5.7699418e-01
   6.7000000e+01   5.8444500e-01
   6.8000000e+01   5.9169960e-01
   6.9000000e+01   5.9875399e-01
   7.0000000e+01   6.0560459e-01
   7.1000000e+01   6.1224782e-01
   7.2000000e+01   6.1868066e-01
   7.3000000e+01   6.2488753e-01
   7.4000000e+01   6.3082767e-01
   7.5000000e+01   6.3650995e-01
   7.6000000e+01   6.4194387e-01
   7.7000000e+01   6.4713842e-01
   7.8000000e+01   6.5210247e-01
   7.9000000e+01   6.5684450e-01
   8.0000000e+01   6.6137272e-01
   8.1000000e+01   6.6569549e-01
   8.2000000e+01   6.6981596e-01
   8.3000000e+01   6.7373693e-01
   8.4000000e+01   6.7747116e-01
   8.5000000e+01   6.8103081e-01
   8.6000000e+01   6.8442732e-01
   8.7000000e+01   6.8767136e-01
   8.8000000e+01   6.9077283e-01
   8.9000000e+01   6.9374096e-01
   9.0000000e+01   6.9658494e-01
   9.1000000e+01   6.9760215e-01
   9.2000000e+01   6.9860977e-01
   9.3000000e+01   6.9960886e-01
   9.4000000e+01   7.0059961e-01
   9.5000000e+01   7.0158273e-01
   9.6000000e+01   7.0255882e-01
   9.7000000e+01   7.0352829e-01
   9.8000000e+01   7.0449173e-01
   9.9000000e+01   7.0544970e-01
   1.0000000e+02   7.0640248e-01
   1.0100000e+02   7.0735025e-01
   1.0200000e+02   7.0829362e-01
   1.0300000e+02   7.0923293e-01
   1.0400000e+02   7.1016860e-01
   1.0500000e+02   7.1110082e-01
   1.0600000e+02   7.1202999e-01
   1.0700000e+02   7.1295649e-01
   1.0800000e+02   7.1388060e-01
   1.0900000e+02   7.1480232e-01
   1.1000000e+02   7.1572191e-01
   1.1100000e+02   7.1663946e-01
   1.1200000e+02   7.1755528e-01
   1.1300000e+02   7.1846974e-01
   1.1400000e+02   7.1938276e-01
   1.1500000e+02   7.2029477e-01
   1.1600000e+02   7.2120577e-01
   1.1700000e+02   7.2211576e-01
   1.1800000e+02   7.2302461e-01
   1.1900000e+02   7.2393268e-01
   1.2000000e+02   7.2484040e-01
   1.2100000e+02   7.2490120e-01
   1.2200000e+02   7.2496277e-01
   1.2300000e+02   7.2502536e-01
   1.2400000e+02   7.2508895e-01
   1.2500000e+02   7.2515368e-01
   1.2600000e+02   7.2521949e-01
   1.2700000e+02   7.2528636e-01
   1.2800000e+02   7.2535443e-01
   1.2900000e+02   7.2542340e-01
   1.3000000e+02   7.2549331e-01
   1.3100000e+02   7.2556406e-01
   1.3200000e+02   7.2563571e-01
   1.3300000e+02   7.2570813e-01
   1.3400000e+02   7.2578120e-01
   1.3500000e+02   7.2585487e-01
   1.3600000e+02   7.2592914e-01
   1.3700000e+02   7.2600406e-01
   1.3800000e+02   7.2607988e-01
   1.3900000e+02   7.2615659e-01
   1.4000000e+02   7.2623426e-01
   1.4100000e+02   7.2631282e-01
   1.4200000e+02   7.2639215e-01
   1.4300000e+02   7.2647214e-01
   1.4400000e+02   7.2655278e-01
   1.4500000e+02   7.2663403e-01
   1.4600000e+02   7.2671604e-01
   1.4700000e+02   7.2679883e-01
   1.4800000e+02   7.2688246e-01
   1.4900000e+02   7.2696698e-01
   1.5000000e+02   7.2705245e-01
   1.5100000e+02   7.2622591e-01
   1.5200000e+02   7.2540092e-01
   1.5300000e+02   7.2457749e-01
   1.5400000e+02   7.2375560e-01
   1.5500000e+02   7.2293526e-01
   1.5600000e+02   7.2211629e-01
   1.5700000e+02   7.2129875e-01
   1.5800000e+02   7.2048247e-01
   1.5900000e+02   7.1966749e-01
   1.6000000e+02   7.1885377e-01
   1.6100000e+02   7.1804124e-01
   1.6200000e+02   7.1722984e-01
   1.6300000e+02   7.1641958e-01
   1.6400000e+02   7.1561050e-01
   1.6500000e+02   7.1480250e-01
   1.6600000e+02   7.1399558e-01
   1.6700000e+02   7.1318972e-01
   1.6800000e+02   7.1238488e-01
   1.6900000e+02   7.1158105e-01
   1.7000000e+02   7.1077830e-01
   1.7100000e+02   7.0997655e-01
   1.7200000e+02   7.0917583e-01
   1.7300000e+02   7.0837617e-01
   1.7400000e+02   7.0757747e-01
   1.7500000e+02   7.0677984e-01
   1.7600000e+02   7.0598310e-01
   1.7700000e+02   7.0518738e-01
   1.7800000e+02   7.0439261e-01
   1.7900000e+02   7.0359880e-01
   1.8000000e+02   7.0280588e-01
   1.8100000e+02   7.0126760e-01
   1.8200000e+02   6.9973034e-01
   1.8300000e+02   6.9819403e-01
   1.8400000e+02   6.9665867e-01
   1.8500000e+02   6.9512427e-01
   1.8600000e+02   6.9359076e-01
   1.8700000e+02   6.9205821e-01
   1.8800000e+02   6.9052649e-01
   1.8900000e+02   6.8899566e-01
   1.9000000e+02   6.8746567e-01
   1.9100000e+02   6.8593651e-01
   1.9200000e+02   6.8440819e-01
   1.9300000e+02   6.8288070e-01
   1.9400000e+02   6.8135399e-01
   1.9500000e+02   6.7982805e-01
   1.9600000e+02   6.7830288e-01
   1.9700000e+02   6.7677838e-01
   1.9800000e+02   6.7525458e-01
   1.9900000e+02   6.7373145e-01
   2.0000000e+02   6.7220896e-01
   2.0100000e+02   6.7068714e-01
   2.0200000e+02   6.6916591e-01
   2.0300000e+02   6.6764522e-01
   2.0400000e+02   6.6612506e-01
   2.0500000e+02   6.6460532e-01
   2.0600000e+02   6.6308600e-01
   2.0700000e+02   6.6156709e-01
   2.0800000e+02   6.6004848e-01
   2.0900000e+02   6.5853024e-01
   2.1000000e+02   6.5701228e-01
   2.1100000e+02   6.5503407e-01
   2.1200000e+02   6.5305740e-01
   2.1300000e+02   6.5108228e-01
   2.1400000e+02   6.4910859e-01
   2.1500000e+02   6.4713633e-01
   2.1600000e+02   6.4516544e-01
   2.1700000e+02   6.4319575e-01
   2.1800000e+02   6.4122736e-01
   2.1900000e+02   6.3926023e-01
   2.2000000e+02   6.3729429e-01
   2.2100000e+02   6.3532948e-01
   2.2200000e+02   6.3336581e-01
   2.2300000e+02   6.3140327e-01
   2.2400000e+02   6.2944174e-01
   2.2500000e+02   6.2748128e-01
   2.2600000e+02   6.2552184e-01
   2.2700000e+02   6.2356329e-01
   2.2800000e+02   6.2160575e-01
   2.2900000e+02   6.1964905e-01
   2.3000000e+02   6.1769325e-01
   2.3100000e+02   6.1573827e-01
   2.3200000e+02   6.1378407e-01
   2.3300000e+02   6.1183071e-01
   2.3400000e+02   6.0987806e-01
   2.3500000e+02   6.0792613e-01
   2.3600000e+02   6.0597497e-01
   2.3700000e+02   6.0402453e-01
   2.3800000e+02   6.0207486e-01
   2.3900000e+02   6.0012585e-01
   2.4000000e+02   5.9817761e-01
   2.4100000e+02   5.9320790e-01
   2.4200000e+02   5.8824456e-01
   2.4300000e+02   5.8328754e-01
   2.4400000e+02   5.7833678e-01
   2.4500000e+02   5.7339227e-01
   2.4600000e+02   5.6845403e-01
   2.4700000e+02   5.6352210e-01
   2.4800000e+02   5.5859649e-01
   2.4900000e+02   5.5367714e-01
   2.5000000e+02   5.4876399e-01
   2.5100000e+02   5.4385710e-01
   2.5200000e+02   5.3895634e-01
   2.5300000e+02   5.3406179e-01
   2.5400000e+02   5.2917343e-01
   2.5500000e+02   5.2429122e-01
   2.5600000e+02   5.1941514e-01
   2.5700000e+02   5.1454526e-01
   2.5800000e+02   5.0968164e-01
   2.5900000e+02   5.0482416e-01
   2.6000000e+02   4.9997294e-01
   2.6100000e+02   4.9512786e-01
   2.6200000e+02   4.9028888e-01
   2.6300000e+02   4.8545602e-01
   2.6400000e+02   4.8062921e-01
   2.6500000e+02   4.7580850e-01
   2.6600000e+02   4.7099397e-01
   2.6700000e+02   4.6618560e-01
   2.6800000e+02   4.6138340e-01
   2.6900000e+02   4.5658731e-01
   2.7000000e+02   4.5179731e-01
   2.7100000e+02   4.5058271e-01
   2.7200000e+02   4.4936129e-01
   2.7300000e+02   4.4813299e-01
   2.7400000e+02   4.4689783e-01
   2.7500000e+02   4.4565585e-01
   2.7600000e+02   4.4440702e-01
   2.7700000e+02   4.4315165e-01
   2.7800000e+02   4.4188973e-01
   2.7900000e+02   4.4062132e-01
   2.8000000e+02   4.3934634e-01
   2.8100000e+02   4.3806484e-01
   2.8200000e+02   4.3677682e-01
   2.8300000e+02   4.3548223e-01
   2.8400000e+02   4.3418112e-01
   2.8500000e+02   4.3287343e-01
   2.8600000e+02   4.3155915e-01
   2.8700000e+02   4.3023825e-01
   2.8800000e+02   4.2891076e-01
   2.8900000e+02   4.2757672e-01
   2.9000000e+02   4.2623609e-01
   2.9100000e+02   4.2488894e-01
   2.9200000e+02   4.2353523e-01
   2.9300000e+02   4.2217487e-01
   2.9400000e+02   4.2080793e-01
   2.9500000e+02   4.1943437e-01
   2.9600000e+02   4.1805416e-01
   2.9700000e+02   4.1666731e-01
   2.9800000e+02   4.1527382e-01
   2.9900000e+02   4.1387364e-01
   3.0000000e+02   4.1246679e-01
   3.0100000e+02   4.1243055e-01
   3.0200000e+02   4.1239697e-01
   3.0300000e+02   4.1236606e-01
   3.0400000e+02   4.1233775e-01
   3.0500000e+02   4.1231203e-01
   3.0600000e+02   4.1228881e-01
   3.0700000e+02   4.1226807e-01
   3.0800000e+02   4.1224974e-01
   3.0900000e+02   4.1223383e-01
   3.1000000e+02   4.1222021e-01
   3.1100000e+02   4.1220894e-01
   3.1200000e+02   4.1219997e-01
   3.1300000e+02   4.1219324e-01
   3.1400000e+02   4.1218874e-01
   3.1500000e+02   4.1218641e-01
   3.1600000e+02   4.1218626e-01
   3.1700000e+02   4.1218826e-01
   3.1800000e+02   4.1219231e-01
   3.1900000e+02   4.1219845e-01
   3.2000000e+02   4.1220662e-01
   3.2100000e+02   4.1221681e-01
   3.2200000e+02   4.1222900e-01
   3.2300000e+02   4.1224316e-01
   3.2400000e+02   4.1225928e-01
   3.2500000e+02   4.1227734e-01
   3.2600000e+02   4.1229737e-01
   3.2700000e+02   4.1231927e-01
   3.2800000e+02   4.1234311e-01
   3.2900000e+02   4.1236880e-01
   3.3000000e+02   4.1239610e-01
   3.3100000e+02   4.1359773e-01
   3.3200000e+02   4.1479677e-01
   3.3300000e+02   4.1599333e-01
   3.3400000e+02   4.1718754e-01
   3.3500000e+02   4.1837949e-01
   3.3600000e+02   4.1956928e-01
   3.3700000e+02   4.2075697e-01
   3.3800000e+02   4.2194271e-01
   3.3900000e+02   4.2312655e-01
   3.4000000e+02   4.2430857e-01
   3.4100000e+02   4.2548886e-01
   3.4200000e+02   4.2666748e-01
   3.4300000e+02   4.2784452e-01
   3.4400000e+02   4.2902005e-01
   3.4500000e+02   4.3019411e-01
   3.4600000e+02   4.3136677e-01
   3.4700000e+02   4.3253812e-01
   3.4800000e+02   4.3370819e-01
   3.4900000e+02   4.3487704e-01
   3.5000000e+02   4.3604472e-01
   3.5100000e+02   4.3721130e-01
   3.5200000e+02   4.3837684e-01
   3.5300000e+02   4.3954131e-01
   3.5400000e+02   4.4070482e-01
   3.5500000e+02   4.4186741e-01
   3.5600000e+02   4.4302905e-01
   3.5700000e+02   4.4418985e-01
   3.5800000e+02   4.4534978e-01
   3.5900000e+02   4.4650891e-01
   7.1133672e-07   4.4766730e-01
   1.0000007e+00   4.4965249e-01
   2.0000007e+00   4.5163885e-01
   3.0000007e+00   4.5362633e-01
   4.0000010e+00   4.5561501e-01
   5.0000010e+00   4.5760483e-01
   6.0000010e+00   4.5959577e-01
   7.0000010e+00   4.6158791e-01
   8.0000010e+00   4.6358120e-01
   9.0000010e+00   4.6557567e-01
   1.0000001e+01   4.6757132e-01
   1.1000001e+01   4.6956813e-01
   1.2000001e+01   4.7156611e-01
   1.3000001e+01   4.7356528e-01
   1.4000001e+01   4.7556561e-01
   1.5000001e+01   4.7756711e-01
   1.6000000e+01   4.7956979e-01
   1.7000000e+01   4.8157361e-01
   1.8000000e+01   4.8357859e-01
   1.9000000e+01   4.8558474e-01
   2.0000000e+01   4.8759204e-01
   2.1000000e+01   4.8960051e-01
   2.2000000e+01   4.9161014e-01
   2.3000000e+01   4.9362093e-01
   2.4000000e+01   4.9563289e-01
   2.5000000e+01   4.9764603e-01
   2.6000000e+01   4.9966034e-01
   2.7000000e+01   5.0167584e-01
   2.8000000e+01   5.0369245e-01
   2.9000000e+01   5.0571030e-01
   3.0000000e+01   5.0772935e-01
   3.1000000e+01   5.1299912e-01
   3.2000000e+01   5.1826686e-01
   3.3000000e+01   5.2353245e-01
   3.4000000e+01   5.2879590e-01
   3.5000000e+01   5.3405726e-01
   3.6000000e+01   5.3931653e-01
   3.7000000e+01   5.4457372e-01
   3.8000000e+01   5.4982883e-01
   3.9000000e+01   5.5508184e-01
   4.0000000e+01   5.6033278e-01
   4.1000000e+01   5.6558162e-01
   4.2000000e+01   5.7082838e-01
   4.3000000e+01   5.7607305e-01
   4.4000000e+01   5.8131564e-01
   4.5000000e+01   5.8655620e-01
   4.6000000e+01   5.9179461e-01
   4.7000000e+01   5.9703100e-01
   4.8000000e+01   6.0226530e-01
   4.9000000e+01   6.0749757e-01
   5.0000000e+01   6.1272776e-01
   5.1000000e+01   6.1795586e-01
   5.2000000e+01   6.2318194e-01
   5.3000000e+01   6.2840599e-01
   5.4000000e+01   6.3362795e-01
   5.5000000e+01   6.3884789e-01
   5.6000000e+01   6.4406574e-01
   5.7000000e+01   6.4928162e-01
   5.8000000e+01   6.5449542e-01
   5.9000000e+01   6.5970719e-01
   6.0000000e+01   6.6491687e-01
   6.1000000e+01   6.6655022e-01
   6.2000000e+01   6.6818315e-01
   6.3000000e+01   6.6981578e-01
   6.4000000e+01   6.7144799e-01
   6.5000000e+01   6.7307985e-01
   6.6000000e+01   6.7471129e-01
   6.7000000e+01   6.7634231e-01
   6.8000000e+01   6.7797297e-01
   6.9000000e+01   6.7960328e-01
   7.0000000e+01   6.8123311e-01
   7.1000000e+01   6.8286264e-01
   7.2000000e+01   6.8449175e-01
   7.3000000e+01   6.8612045e-01
   7.4000000e+01   6.8774879e-01
   7.5000000e+01   6.8937671e-01
   7.6000000e+01   6.9100434e-01
   7.7000000e+01   6.9263154e-01
   7.8000000e+01   6.9425839e-01
   7.9000000e+01   6.9588488e-01
   8.0000000e+01   6.9751108e-01
   8.1000000e+01   6.9913679e-01
   8.2000000e+01   7.0076221e-01
   8.3000000e+01   7.0238727e-01
   8.4000000e+01   7.0401198e-01
   8.5000000e+01   7.0563632e-01
   8.6000000e+01   7.0726025e-01
   8.7000000e+01   7.0888388e-01
   8.8000000e+01   7.1050709e-01
   8.9000000e+01   7.1212995e-01
   9.0000000e+01   7.1375251e-01
   9.1000000e+01   7.1470517e-01
   9.2000000e+01   7.1565789e-01
   9.3000000e+01   7.1661049e-01
   9.4000000e+01   7.1756315e-01
   9.5000000e+01   7.1851575e-01
   9.6000000e+01   7.1946830e-01
   9.7000000e+01   7.2042084e-01
   9.8000000e+01   7.2137338e-01
   9.9000000e+01   7.2232586e-01
   1.0000000e+02   7.2327828e-01
   1.0100000e+02   7.2423077e-01
   1.0200000e+02   7.2518319e-01
   1.0300000e+02   7.2613555e-01
   1.0400000e+02   7.2708786e-01
   1.0500000e+02   7.2804022e-01
   1.0600000e+02   7.2899246e-01
   1.0700000e+02   7.2994471e-01
   1.0800000e+02   7.3089689e-01
   1.0900000e+02   7.3184907e-01
   1.1000000e+02   7.3280126e-01
   1.1100000e+02   7.3375332e-01
   1.1200000e+02   7.3470539e-01
   1.1300000e+02   7.3565745e-01
   1.1400000e+02   7.3660946e-01
   1.1500000e+02   7.3756140e-01
   1.1600000e+02   7.3851329e-01
   1.1700000e+02   7.3946518e-01
   1.1800000e+02   7.4041706e-01
   1.1900000e+02   7.4136889e-01
   1.2000000e+02   7.4232066e-01
   1.2100000e+02   7.4244457e-01
   1.2200000e+02   7.4256855e-01
   1.2300000e+02   7.4269265e-01
   1.2400000e+02   7.4281675e-01
   1.2500000e+02   7.4294096e-01
   1.2600000e+02   7.4306524e-01
   1.2700000e+02   7.4318963e-01
   1.2800000e+02   7.4331409e-01
   1.2900000e+02   7.4343860e-01
   1.3000000e+02   7.4356323e-01
   1.3100000e+02   7.4368793e-01
   1.3200000e+02   7.4381268e-01
   1.3300000e+02   7.4393755e-01
   1.3400000e+02   7.4406248e-01
   1.3500000e+02   7.4418753e-01
   1.3600000e+02   7.4431270e-01
   1.3700000e+02   7.4443793e-01
   1.3800000e+02   7.4456328e-01
   1.3900000e+02   7.4468869e-01
   1.4000000e+02   7.4481422e-01
   1.4100000e+02   7.4493986e-01
   1.4200000e+02   7.4506557e-01
   1.4300000e+02   7.4519140e-01
   1.4400000e+02   7.4531734e-01
   1.4500000e+02   7.4544340e-01
   1.4600000e+02   7.4556953e-01
   1.4700000e+02   7.4569577e-01
   1.4800000e+02   7.4582213e-01
   1.4900000e+02   7.4594855e-01
   1.5000000e+02   7.4607515e-01
   1.5100000e+02   7.4530935e-01
   1.5200000e+02   7.4454361e-01
   1.5300000e+02   7.4377793e-01
   1.5400000e+02   7.4301225e-01
   1.5500000e+02   7.4224663e-01
   1.5600000e+02   7.4148107e-01
   1.5700000e+02   7.4071556e-01
   1.5800000e+02   7.3995006e-01
   1.5900000e+02   7.3918462e-01
   1.6000000e+02   7.3841923e-01
   1.6100000e+02   7.3765391e-01
   1.6200000e+02   7.3688859e-01
   1.6300000e+02   7.3612332e-01
   1.6400000e+02   7.3535812e-01
   1.6500000e+02   7.3459291e-01
   1.6600000e+02   7.3382777e-01
   1.6700000e+02   7.3306268e-01
   1.6800000e+02   7.3229760e-01
   1.6900000e+02   7.3153251e-01
   1.7000000e+02   7.3076755e-01
   1.7100000e+02   7.3000258e-01
   1.7200000e+02   7.2923762e-01
   1.7300000e+02   7.2847277e-01
   1.7400000e+02   7.2770786e-01
   1.7500000e+02   7.2694308e-01
   1.7600000e+02   7.2617829e-01
   1.7700000e+02   7.2541356e-01
   1.7800000e+02   7.2464883e-01
   1.7900000e+02   7.2388417e-01
   1.8000000e+02   7.2311950e-01
   1.8100000e+02   7.2160500e-01
   1.8200000e+02   7.2009069e-01
   1.8300000e+02   7.1857649e-01
   1.8400000e+02   7.1706247e-01
   1.8500000e+02   7.1554863e-01
   1.8600000e+02   7.1403491e-01
   1.8700000e+02   7.1252137e-01
   1.8800000e+02   7.1100795e-01
   1.8900000e+02   7.0949471e-01
   1.9000000e+02   7.0798159e-01
   1.9100000e+02   7.0646870e-01
   1.9200000e+02   7.0495594e-01
   1.9300000e+02   7.0344329e-01
   1.9400000e+02   7.0193082e-01
   1.9500000e+02   7.0041847e-01
   1.9600000e+02   6.9890636e-01
   1.9700000e+02   6.9739431e-01
   1.9800000e+02   6.9588244e-01
   1.9900000e+02   6.9437075e-01
   2.0000000e+02   6.9285917e-01
   2.0100000e+02   6.9134778e-01
   2.0200000e+02   6.8983656e-01
   2.0300000e+02   6.8832541e-01
   2.0400000e+02   6.8681449e-01
   2.0500000e+02   6.8530363e-01
   2.0600000e+02   6.8379301e-01
   2.0700000e+02   6.8228245e-01
   2.0800000e+02   6.8077207e-01
   2.0900000e+02   6.7926180e-01
   2.1000000e+02   6.7775166e-01
   2.1100000e+02   6.7589211e-01
   2.1200000e+02   6.7403293e-01
   2.1300000e+02   6.7217416e-01
   2.1400000e+02   6.7031580e-01
   2.1500000e+02   6.6845787e-01
   2.1600000e+02   6.6660035e-01
   2.1700000e+02   6.6474319e-01
   2.1800000e+02   6.6288644e-01
   2.1900000e+02   6.6103011e-01
   2.2000000e+02   6.5917414e-01
   2.2100000e+02   6.5731859e-01
   2.2200000e+02   6.5546346e-01
   2.2300000e+02   6.5360868e-01
   2.2400000e+02   6.5175426e-01
   2.2500000e+02   6.4990026e-01
   2.2600000e+02   6.4804661e-01
   2.2700000e+02   6.4619333e-01
   2.2800000e+02   6.4434046e-01
   2.2900000e+02   6.4248794e-01
   2.3000000e+02   6.4063585e-01
   2.3100000e+02   6.3878405e-01
   2.3200000e+02   6.3693267e-01
   2.3300000e+02   6.3508165e-01
   2.3400000e+02   6.3323098e-01
   2.3500000e+02   6.3138068e-01
   2.3600000e+02   6.2953079e-01
   2.3700000e+02   6.2768120e-01
   2.3800000e+02   6.2583196e-01
   2.3900000e+02   6.2398314e-01
   2.4000000e+02   6.2213451e-01
   2.4100000e+02   6.1884528e-01
   2.4200000e+02   6.1557132e-01
   2.4300000e+02   6.1231267e-01
   2.4400000e+02   6.0906941e-01
   2.4500000e+02   6.0584158e-01
   2.4600000e+02   6.0262918e-01
   2.4700000e+02   5.9943241e-01
   2.4800000e+02   5.9625119e-01
   2.4900000e+02   5.9308565e-01
   2.5000000e+02   5.8993584e-01
   2.5100000e+02   5.8680177e-01
   2.5200000e+02   5.8368355e-01
   2.5300000e+02   5.8058119e-01
   2.5400000e+02   5.7749474e-01
   2.5500000e+02   5.7442421e-01
   2.5600000e+02   5.7136971e-01
   2.5700000e+02   5.6833124e-01
   2.5800000e+02   5.6530887e-01
   2.5900000e+02   5.6230265e-01
   2.6000000e+02   5.5931252e-01
   2.6100000e+02   5.5633867e-01
   2.6200000e+02   5.5338103e-01
   2.6300000e+02   5.5043960e-01
   2.6400000e+02   5.4751456e-01
   2.6500000e+02   5.4460585e-01
   2.6600000e+02   5.4171360e-01
   2.6700000e+02   5.3883773e-01
   2.6800000e+02   5.3597838e-01
   2.6900000e+02   5.3313553e-01
   2.7000000e+02   5.3030753e-01
   2.7100000e+02   5.2729630e-01
   2.7200000e+02   5.2426469e-01
   2.7300000e+02   5.2121335e-01
   2.7400000e+02   5.1814276e-01
   2.7500000e+02   5.1505363e-01
   2.7600000e+02   5.1194644e-01
   2.7700000e+02   5.0882173e-01
   2.7800000e+02   5.0568002e-01
   2.7900000e+02   5.0252187e-01
   2.8000000e+02   4.9934772e-01
   2.8100000e+02   4.9615800e-01
   2.8200000e+02   4.9295324e-01
   2.8300000e+02   4.8973384e-01
   2.8400000e+02   4.8650020e-01
   2.8500000e+02   4.8325273e-01
   2.8600000e+02   4.7999185e-01
   2.8700000e+02   4.7671792e-01
   2.8800000e+02   4.7343132e-01
   2.8900000e+02   4.7013238e-01
   2.9000000e+02   4.6682146e-01
   2.9100000e+02   4.6349886e-01
   2.9200000e+02   4.6016490e-01
   2.9300000e+02   4.5681992e-01
   2.9400000e+02   4.5346421e-01
   2.9500000e+02   4.5009804e-01
   2.9600000e+02   4.4672164e-01
   2.9700000e+02   4.4333535e-01
   2.9800000e+02   4.3993941e-01
   2.9900000e+02   4.3653402e-01
   3.0000000e+02   4.3311945e-01
   3.0100000e+02   4.3321565e-01
   3.0200000e+02   4.3331212e-01
   3.0300000e+02   4.3340892e-01
   3.0400000e+02   4.3350595e-01
   3.0500000e+02   4.3360332e-01
   3.0600000e+02   4.3370095e-01
   3.0700000e+02   4.3379888e-01
   3.0800000e+02   4.3389708e-01
   3.0900000e+02   4.3399560e-01
   3.1000000e+02   4.3409440e-01
   3.1100000e+02   4.3419352e-01
   3.1200000e+02   4.3429291e-01
   3.1300000e+02   4.3439260e-01
   3.1400000e+02   4.3449256e-01
   3.1500000e+02   4.3459281e-01
   3.1600000e+02   4.3469337e-01
   3.1700000e+02   4.3479419e-01
   3.1800000e+02   4.3489528e-01
   3.1900000e+02   4.3499666e-01
   3.2000000e+02   4.3509832e-01
   3.2100000e+02   4.3520024e-01
   3.2200000e+02   4.3530247e-01
   3.2300000e+02   4.3540496e-01
   3.2400000e+02   4.3550771e-01
   3.2500000e+02   4.3561074e-01
   3.2600000e+02   4.3571404e-01
   3.2700000e+02   4.3581760e-01
   3.2800000e+02   4.3592146e-01
   3.2900000e+02   4.3602559e-01
   3.3000000e+02   4.3613002e-01
   3.3100000e+02   4.3716711e-01
   3.3200000e+02   4.3820342e-01
   3.3300000e+02   4.3923903e-01
   3.3400000e+02   4.4027388e-01
   3.3500000e+02   4.4130799e-01
   3.3600000e+02   4.4234136e-01
   3.3700000e+02   4.4337398e-01
   3.3800000e+02   4.4440585e-01
   3.3900000e+02   4.4543698e-01
   3.4000000e+02   4.4646734e-01
   3.4100000e+02   4.4749698e-01
   3.4200000e+02   4.4852588e-01
   3.4300000e+02   4.4955400e-01
   3.4400000e+02   4.5058140e-01
   3.4500000e+02   4.5160803e-01
   3.4600000e+02   4.5263392e-01
   3.4700000e+02   4.5365906e-01
   3.4800000e+02   4.5468345e-01
   3.4900000e+02   4.5570707e-01
   3.5000000e+02   4.5672998e-01
   3.5100000e+02   4.5775211e-01
   3.5200000e+02   4.5877349e-01
   3.5300000e+02   4.5979410e-01
   3.5400000e+02   4.6081400e-01
   3.5500000e+02   4.6183312e-01
   3.5600000e+02   4.6285149e-01
   3.5700000e+02   4.6386912e-01
   3.5800000e+02   4.6488598e-01
   3.5900000e+02   4.6590209e-01
   1.4226848e-06   4.6691746e-01
