   0.0000000e+00   1.5087195e+04
   1.0000000e+00   4.0520691e+04
   2.0000000e+00   4.0497414e+04
   3.0000000e+00   4.0470020e+04
   4.0000000e+00   4.0443277e+04
   5.0000000e+00   4.0419691e+04
   6.0000000e+00   4.0397895e+04
   7.0000000e+00   4.0382832e+04
   8.0000000e+00   4.0370617e+04
   9.0000000e+00   4.0363816e+04
   1.0000000e+01   4.0360590e+04
   1.1000000e+01   4.0359391e+04
   1.2000000e+01   4.0360074e+04
   1.3000000e+01   4.0361371e+04
   1.4000000e+01   4.0363305e+04
   1.5000000e+01   4.0366543e+04
   1.6000000e+01   4.0370883e+04
   1.7000000e+01   4.0376270e+04
   1.8000000e+01   4.0383445e+04
   1.9000000e+01   4.0392902e+04
   2.0000000e+01   4.0404191e+04
   2.1000000e+01   4.0417949e+04
   2.2000000e+01   4.0433668e+04
   2.3000000e+01   4.0451387e+04
   2.4000000e+01   4.0471727e+04
   2.5000000e+01   4.0493191e+04
   2.6000000e+01   4.0515863e+04
   2.7000000e+01   4.0539230e+04
   2.8000000e+01   4.0563965e+04
   2.9000000e+01   4.0590219e+04
   3.0000000e+01   4.0617516e+04
   3.1000000e+01   4.0576426e+04
   3.2000000e+01   4.0545098e+04
   3.3000000e+01   4.0525996e+04
   3.4000000e+01   4.0520891e+04
   3.5000000e+01   4.0525629e+04
   3.6000000e+01   4.0546133e+04
   3.7000000e+01   4.0577180e+04
   3.8000000e+01   4.0615160e+04
   3.9000000e+01   4.0656605e+04
   4.0000000e+01   4.0700602e+04
   4.1000000e+01   4.0749586e+04
   4.2000000e+01   4.0803270e+04
   4.3000000e+01   4.0858934e+04
   4.4000000e+01   4.0908102e+04
   4.5000000e+01   4.0961070e+04
   4.6000000e+01   4.1014934e+04
   4.7000000e+01   4.1069879e+04
   4.8000000e+01   4.1129023e+04
   4.9000000e+01   4.1188289e+04
   5.0000000e+01   4.1246277e+04
   5.1000000e+01   4.1310125e+04
   5.2000000e+01   4.1381105e+04
   5.3000000e+01   4.1455523e+04
   5.4000000e+01   4.1533336e+04
   5.5000000e+01   4.1614523e+04
   5.6000000e+01   4.1695246e+04
   5.7000000e+01   4.1771629e+04
   5.8000000e+01   4.1850480e+04
   5.9000000e+01   4.1931680e+04
   6.0000000e+01   4.2015219e+04
   6.1000000e+01   4.2101648e+04
   6.2000000e+01   4.2191754e+04
   6.3000000e+01   4.2285195e+04
   6.4000000e+01   4.2380805e+04
   6.5000000e+01   4.2477914e+04
   6.6000000e+01   4.2578016e+04
   6.7000000e+01   4.2681016e+04
   6.8000000e+01   4.2786762e+04
   6.9000000e+01   4.2895172e+04
   7.0000000e+01   4.3006203e+04
   7.1000000e+01   4.3119941e+04
   7.2000000e+01   4.3239699e+04
   7.3000000e+01   4.3372695e+04
   7.4000000e+01   4.3506469e+04
   7.5000000e+01   4.3640820e+04
   7.6000000e+01   4.3775695e+04
   7.7000000e+01   4.3911043e+04
   7.8000000e+01   4.4046813e+04
   7.9000000e+01   4.4182957e+04
   8.0000000e+01   4.4319426e+04
   8.1000000e+01   4.4457555e+04
   8.2000000e+01   4.4597672e+04
   8.3000000e+01   4.4737063e+04
   8.4000000e+01   4.4875719e+04
   8.5000000e+01   4.5013684e+04
   8.6000000e+01   4.5151004e+04
   8.7000000e+01   4.5287711e+04
   8.8000000e+01   4.5423828e+04
   8.9000000e+01   4.5559375e+04
   9.0000000e+01   4.5694316e+04
   9.1000000e+01   4.5820148e+04
   9.2000000e+01   4.5945902e+04
   9.3000000e+01   4.6071547e+04
   9.4000000e+01   4.6196996e+04
   9.5000000e+01   4.6322230e+04
   9.6000000e+01   4.6447188e+04
   9.7000000e+01   4.6571836e+04
   9.8000000e+01   4.6696152e+04
   9.9000000e+01   4.6820113e+04
   1.0000000e+02   4.6943664e+04
   1.0100000e+02   4.7066766e+04
   1.0200000e+02   4.7189371e+04
   1.0300000e+02   4.7311520e+04
   1.0400000e+02   4.7433109e+04
   1.0500000e+02   4.7554090e+04
   1.0600000e+02   4.7674461e+04
   1.0700000e+02   4.7794176e+04
   1.0800000e+02   4.7913195e+04
   1.0900000e+02   4.8031488e+04
   1.1000000e+02   4.8149012e+04
   1.1100000e+02   4.8265730e+04
   1.1200000e+02   4.8381613e+04
   1.1300000e+02   4.8496621e+04
   1.1400000e+02   4.8610723e+04
   1.1500000e+02   4.8723879e+04
   1.1600000e+02   4.8836059e+04
   1.1700000e+02   4.8947223e+04
   1.1800000e+02   4.9057336e+04
   1.1900000e+02   4.9166367e+04
   1.2000000e+02   4.9274273e+04
   1.2100000e+02   4.9374316e+04
   1.2200000e+02   4.9473195e+04
   1.2300000e+02   4.9570914e+04
   1.2400000e+02   4.9667406e+04
   1.2500000e+02   4.9762652e+04
   1.2600000e+02   4.9856613e+04
   1.2700000e+02   4.9949246e+04
   1.2800000e+02   5.0040516e+04
   1.2900000e+02   5.0130398e+04
   1.3000000e+02   5.0218914e+04
   1.3100000e+02   5.0305988e+04
   1.3200000e+02   5.0391578e+04
   1.3300000e+02   5.0475648e+04
   1.3400000e+02   5.0558168e+04
   1.3500000e+02   5.0639113e+04
   1.3600000e+02   5.0718445e+04
   1.3700000e+02   5.0796141e+04
   1.3800000e+02   5.0872172e+04
   1.3900000e+02   5.0946516e+04
   1.4000000e+02   5.1019145e+04
   1.4100000e+02   5.1090035e+04
   1.4200000e+02   5.1159160e+04
   1.4300000e+02   5.1226492e+04
   1.4400000e+02   5.1292004e+04
   1.4500000e+02   5.1355676e+04
   1.4600000e+02   5.1417477e+04
   1.4700000e+02   5.1477395e+04
   1.4800000e+02   5.1535406e+04
   1.4900000e+02   5.1591496e+04
   1.5000000e+02   5.1645637e+04
   1.5100000e+02   5.1687066e+04
   1.5200000e+02   5.1726543e+04
   1.5300000e+02   5.1764051e+04
   1.5400000e+02   5.1799570e+04
   1.5500000e+02   5.1833082e+04
   1.5600000e+02   5.1864570e+04
   1.5700000e+02   5.1894016e+04
   1.5800000e+02   5.1921398e+04
   1.5900000e+02   5.1946707e+04
   1.6000000e+02   5.1969922e+04
   1.6100000e+02   5.1991031e+04
   1.6200000e+02   5.2010016e+04
   1.6300000e+02   5.2026871e+04
   1.6400000e+02   5.2041621e+04
   1.6500000e+02   5.2054219e+04
   1.6600000e+02   5.2064648e+04
   1.6700000e+02   5.2072895e+04
   1.6800000e+02   5.2078949e+04
   1.6900000e+02   5.2082805e+04
   1.7000000e+02   5.2084453e+04
   1.7100000e+02   5.2083887e+04
   1.7200000e+02   5.2081098e+04
   1.7300000e+02   5.2076082e+04
   1.7400000e+02   5.2068832e+04
   1.7500000e+02   5.2059344e+04
   1.7600000e+02   5.2047613e+04
   1.7700000e+02   5.2033645e+04
   1.7800000e+02   5.2017426e+04
   1.7900000e+02   5.1998957e+04
   1.8000000e+02   5.1978238e+04
   1.8100000e+02   5.1942961e+04
   1.8200000e+02   5.1905496e+04
   1.8300000e+02   5.1865844e+04
   1.8400000e+02   5.1824008e+04
   1.8500000e+02   5.1779984e+04
   1.8600000e+02   5.1733789e+04
   1.8700000e+02   5.1685414e+04
   1.8800000e+02   5.1634863e+04
   1.8900000e+02   5.1582141e+04
   1.9000000e+02   5.1527250e+04
   1.9100000e+02   5.1470203e+04
   1.9200000e+02   5.1411004e+04
   1.9300000e+02   5.1349660e+04
   1.9400000e+02   5.1286176e+04
   1.9500000e+02   5.1220563e+04
   1.9600000e+02   5.1152832e+04
   1.9700000e+02   5.1082996e+04
   1.9800000e+02   5.1011063e+04
   1.9900000e+02   5.0937043e+04
   2.0000000e+02   5.0860945e+04
   2.0100000e+02   5.0782785e+04
   2.0200000e+02   5.0702578e+04
   2.0300000e+02   5.0620336e+04
   2.0400000e+02   5.0536070e+04
   2.0500000e+02   5.0449801e+04
   2.0600000e+02   5.0361535e+04
   2.0700000e+02   5.0271289e+04
   2.0800000e+02   5.0179086e+04
   2.0900000e+02   5.0084941e+04
   2.1000000e+02   4.9988871e+04
   2.1100000e+02   4.9894559e+04
   2.1200000e+02   4.9798375e+04
   2.1300000e+02   4.9700340e+04
   2.1400000e+02   4.9600469e+04
   2.1500000e+02   4.9498789e+04
   2.1600000e+02   4.9395313e+04
   2.1700000e+02   4.9290066e+04
   2.1800000e+02   4.9183070e+04
   2.1900000e+02   4.9074352e+04
   2.2000000e+02   4.8963926e+04
   2.2100000e+02   4.8851828e+04
   2.2200000e+02   4.8738074e+04
   2.2300000e+02   4.8622695e+04
   2.2400000e+02   4.8505715e+04
   2.2500000e+02   4.8387164e+04
   2.2600000e+02   4.8267063e+04
   2.2700000e+02   4.8145445e+04
   2.2800000e+02   4.8022336e+04
   2.2900000e+02   4.7897766e+04
   2.3000000e+02   4.7771762e+04
   2.3100000e+02   4.7644352e+04
   2.3200000e+02   4.7515574e+04
   2.3300000e+02   4.7385449e+04
   2.3400000e+02   4.7254016e+04
   2.3500000e+02   4.7121305e+04
   2.3600000e+02   4.6987344e+04
   2.3700000e+02   4.6852168e+04
   2.3800000e+02   4.6715816e+04
   2.3900000e+02   4.6578320e+04
   2.4000000e+02   4.6439711e+04
   2.4100000e+02   4.6399445e+04
   2.4200000e+02   4.6357922e+04
   2.4300000e+02   4.6315184e+04
   2.4400000e+02   4.6271266e+04
   2.4500000e+02   4.6226207e+04
   2.4600000e+02   4.6180047e+04
   2.4700000e+02   4.6132824e+04
   2.4800000e+02   4.6084582e+04
   2.4900000e+02   4.6035359e+04
   2.5000000e+02   4.5985199e+04
   2.5100000e+02   4.5934133e+04
   2.5200000e+02   4.5882211e+04
   2.5300000e+02   4.5829461e+04
   2.5400000e+02   4.5775938e+04
   2.5500000e+02   4.5721672e+04
   2.5600000e+02   4.5666707e+04
   2.5700000e+02   4.5611086e+04
   2.5800000e+02   4.5554848e+04
   2.5900000e+02   4.5498035e+04
   2.6000000e+02   4.5440691e+04
   2.6100000e+02   4.5382852e+04
   2.6200000e+02   4.5324559e+04
   2.6300000e+02   4.5265855e+04
   2.6400000e+02   4.5206781e+04
   2.6500000e+02   4.5147371e+04
   2.6600000e+02   4.5087676e+04
   2.6700000e+02   4.5027727e+04
   2.6800000e+02   4.4967570e+04
   2.6900000e+02   4.4907246e+04
   2.7000000e+02   4.4846793e+04
   2.7100000e+02   4.4748457e+04
   2.7200000e+02   4.4650242e+04
   2.7300000e+02   4.4552191e+04
   2.7400000e+02   4.4454340e+04
   2.7500000e+02   4.4356730e+04
   2.7600000e+02   4.4259402e+04
   2.7700000e+02   4.4162395e+04
   2.7800000e+02   4.4065750e+04
   2.7900000e+02   4.3969504e+04
   2.8000000e+02   4.3873695e+04
   2.8100000e+02   4.3778367e+04
   2.8200000e+02   4.3683563e+04
   2.8300000e+02   4.3589313e+04
   2.8400000e+02   4.3495656e+04
   2.8500000e+02   4.3402641e+04
   2.8600000e+02   4.3310297e+04
   2.8700000e+02   4.3218668e+04
   2.8800000e+02   4.3127789e+04
   2.8900000e+02   4.3037695e+04
   2.9000000e+02   4.2948434e+04
   2.9100000e+02   4.2860031e+04
   2.9200000e+02   4.2772531e+04
   2.9300000e+02   4.2685969e+04
   2.9400000e+02   4.2600383e+04
   2.9500000e+02   4.2515805e+04
   2.9600000e+02   4.2432277e+04
   2.9700000e+02   4.2349828e+04
   2.9800000e+02   4.2268496e+04
   2.9900000e+02   4.2188320e+04
   3.0000000e+02   4.2109328e+04
   3.0100000e+02   4.2013656e+04
   3.0200000e+02   4.1919121e+04
   3.0300000e+02   4.1825750e+04
   3.0400000e+02   4.1733578e+04
   3.0500000e+02   4.1642645e+04
   3.0600000e+02   4.1552977e+04
   3.0700000e+02   4.1464605e+04
   3.0800000e+02   4.1377563e+04
   3.0900000e+02   4.1291883e+04
   3.1000000e+02   4.1207598e+04
   3.1100000e+02   4.1124730e+04
   3.1200000e+02   4.1043316e+04
   3.1300000e+02   4.0963387e+04
   3.1400000e+02   4.0884965e+04
   3.1500000e+02   4.0808082e+04
   3.1600000e+02   4.0732766e+04
   3.1700000e+02   4.0659047e+04
   3.1800000e+02   4.0586949e+04
   3.1900000e+02   4.0516500e+04
   3.2000000e+02   4.0447723e+04
   3.2100000e+02   4.0380648e+04
   3.2200000e+02   4.0315297e+04
   3.2300000e+02   4.0251695e+04
   3.2400000e+02   4.0189863e+04
   3.2500000e+02   4.0129832e+04
   3.2600000e+02   4.0071621e+04
   3.2700000e+02   4.0015250e+04
   3.2800000e+02   3.9960742e+04
   3.2900000e+02   3.9908188e+04
   3.3000000e+02   3.9857648e+04
   3.3100000e+02   3.9797348e+04
   3.3200000e+02   3.9739020e+04
   3.3300000e+02   3.9682680e+04
   3.3400000e+02   3.9628348e+04
   3.3500000e+02   3.9576043e+04
   3.3600000e+02   3.9525781e+04
   3.3700000e+02   3.9477578e+04
   3.3800000e+02   3.9431449e+04
   3.3900000e+02   3.9387418e+04
   3.4000000e+02   3.9345488e+04
   3.4100000e+02   3.9305684e+04
   3.4200000e+02   3.9268012e+04
   3.4300000e+02   3.9232488e+04
   3.4400000e+02   3.9199125e+04
   3.4500000e+02   3.9167934e+04
   3.4600000e+02   3.9138922e+04
   3.4700000e+02   3.9112109e+04
   3.4800000e+02   3.9087496e+04
   3.4900000e+02   3.9065098e+04
   3.5000000e+02   3.9044922e+04
   3.5100000e+02   3.9026973e+04
   3.5200000e+02   3.9011258e+04
   3.5300000e+02   3.8997785e+04
   3.5400000e+02   3.8986563e+04
   3.5500000e+02   3.8977590e+04
   3.5600000e+02   3.8970879e+04
   3.5700000e+02   3.8966426e+04
   3.5800000e+02   3.8964238e+04
   3.5900000e+02   3.8964316e+04
   7.1133672e-07   3.8966660e+04
   1.0000007e+00   3.8964688e+04
   2.0000007e+00   3.8965000e+04
   3.0000007e+00   3.8967590e+04
   4.0000010e+00   3.8972461e+04
   5.0000010e+00   3.8979613e+04
   6.0000010e+00   3.8989043e+04
   7.0000010e+00   3.9000746e+04
   8.0000010e+00   3.9014723e+04
   9.0000010e+00   3.9030965e+04
   1.0000001e+01   3.9049469e+04
   1.1000001e+01   3.9070227e+04
   1.2000001e+01   3.9093234e+04
   1.3000001e+01   3.9118484e+04
   1.4000001e+01   3.9145969e+04
   1.5000001e+01   3.9175684e+04
   1.6000000e+01   3.9207617e+04
   1.7000000e+01   3.9241758e+04
   1.8000000e+01   3.9278098e+04
   1.9000000e+01   3.9316621e+04
   2.0000000e+01   3.9357324e+04
   2.1000000e+01   3.9400191e+04
   2.2000000e+01   3.9445207e+04
   2.3000000e+01   3.9492363e+04
   2.4000000e+01   3.9541637e+04
   2.5000000e+01   3.9593023e+04
   2.6000000e+01   3.9646496e+04
   2.7000000e+01   3.9702051e+04
   2.8000000e+01   3.9759660e+04
   2.9000000e+01   3.9819313e+04
   3.0000000e+01   3.9880984e+04
   3.1000000e+01   3.9929891e+04
   3.2000000e+01   3.9980930e+04
   3.3000000e+01   4.0034078e+04
   3.4000000e+01   4.0089320e+04
   3.5000000e+01   4.0146637e+04
   3.6000000e+01   4.0206000e+04
   3.7000000e+01   4.0267391e+04
   3.8000000e+01   4.0330785e+04
   3.9000000e+01   4.0396160e+04
   4.0000000e+01   4.0463492e+04
   4.1000000e+01   4.0532754e+04
   4.2000000e+01   4.0603926e+04
   4.3000000e+01   4.0676973e+04
   4.4000000e+01   4.0751875e+04
   4.5000000e+01   4.0828605e+04
   4.6000000e+01   4.0907129e+04
   4.7000000e+01   4.0987426e+04
   4.8000000e+01   4.1069465e+04
   4.9000000e+01   4.1153211e+04
   5.0000000e+01   4.1238645e+04
   5.1000000e+01   4.1325723e+04
   5.2000000e+01   4.1414422e+04
   5.3000000e+01   4.1504711e+04
   5.4000000e+01   4.1596559e+04
   5.5000000e+01   4.1689926e+04
   5.6000000e+01   4.1784785e+04
   5.7000000e+01   4.1881102e+04
   5.8000000e+01   4.1978840e+04
   5.9000000e+01   4.2077969e+04
   6.0000000e+01   4.2178453e+04
   6.1000000e+01   4.2289594e+04
   6.2000000e+01   4.2401883e+04
   6.3000000e+01   4.2515277e+04
   6.4000000e+01   4.2629754e+04
   6.5000000e+01   4.2745266e+04
   6.6000000e+01   4.2861781e+04
   6.7000000e+01   4.2979262e+04
   6.8000000e+01   4.3097672e+04
   6.9000000e+01   4.3216973e+04
   7.0000000e+01   4.3337133e+04
   7.1000000e+01   4.3458105e+04
   7.2000000e+01   4.3579859e+04
   7.3000000e+01   4.3702355e+04
   7.4000000e+01   4.3825551e+04
   7.5000000e+01   4.3949414e+04
   7.6000000e+01   4.4073898e+04
   7.7000000e+01   4.4198973e+04
   7.8000000e+01   4.4324594e+04
   7.9000000e+01   4.4450723e+04
   8.0000000e+01   4.4577320e+04
   8.1000000e+01   4.4704344e+04
   8.2000000e+01   4.4831758e+04
   8.3000000e+01   4.4959520e+04
   8.4000000e+01   4.5087590e+04
   8.5000000e+01   4.5215930e+04
   8.6000000e+01   4.5344496e+04
   8.7000000e+01   4.5473250e+04
   8.8000000e+01   4.5602156e+04
   8.9000000e+01   4.5731164e+04
   9.0000000e+01   4.5860242e+04
   9.1000000e+01   4.5986563e+04
   9.2000000e+01   4.6112863e+04
   9.3000000e+01   4.6239102e+04
   9.4000000e+01   4.6365238e+04
   9.5000000e+01   4.6491238e+04
   9.6000000e+01   4.6617055e+04
   9.7000000e+01   4.6742648e+04
   9.8000000e+01   4.6867980e+04
   9.9000000e+01   4.6993008e+04
   1.0000000e+02   4.7117699e+04
   1.0100000e+02   4.7242004e+04
   1.0200000e+02   4.7365891e+04
   1.0300000e+02   4.7489316e+04
   1.0400000e+02   4.7612242e+04
   1.0500000e+02   4.7734629e+04
   1.0600000e+02   4.7856434e+04
   1.0700000e+02   4.7977625e+04
   1.0800000e+02   4.8098156e+04
   1.0900000e+02   4.8217992e+04
   1.1000000e+02   4.8337098e+04
   1.1100000e+02   4.8455430e+04
   1.1200000e+02   4.8572957e+04
   1.1300000e+02   4.8689633e+04
   1.1400000e+02   4.8805426e+04
   1.1500000e+02   4.8920297e+04
   1.1600000e+02   4.9034211e+04
   1.1700000e+02   4.9147129e+04
   1.1800000e+02   4.9259016e+04
   1.1900000e+02   4.9369836e+04
   1.2000000e+02   4.9479559e+04
   1.2100000e+02   4.9583379e+04
   1.2200000e+02   4.9686027e+04
   1.2300000e+02   4.9787469e+04
   1.2400000e+02   4.9887672e+04
   1.2500000e+02   4.9986602e+04
   1.2600000e+02   5.0084223e+04
   1.2700000e+02   5.0180504e+04
   1.2800000e+02   5.0275414e+04
   1.2900000e+02   5.0368918e+04
   1.3000000e+02   5.0460988e+04
   1.3100000e+02   5.0551590e+04
   1.3200000e+02   5.0640691e+04
   1.3300000e+02   5.0728270e+04
   1.3400000e+02   5.0814285e+04
   1.3500000e+02   5.0898715e+04
   1.3600000e+02   5.0981527e+04
   1.3700000e+02   5.1062695e+04
   1.3800000e+02   5.1142191e+04
   1.3900000e+02   5.1219988e+04
   1.4000000e+02   5.1296059e+04
   1.4100000e+02   5.1370379e+04
   1.4200000e+02   5.1442918e+04
   1.4300000e+02   5.1513656e+04
   1.4400000e+02   5.1582566e+04
   1.4500000e+02   5.1649625e+04
   1.4600000e+02   5.1714809e+04
   1.4700000e+02   5.1778094e+04
   1.4800000e+02   5.1839457e+04
   1.4900000e+02   5.1898883e+04
   1.5000000e+02   5.1956340e+04
   1.5100000e+02   5.2004168e+04
   1.5200000e+02   5.2050008e+04
   1.5300000e+02   5.2093832e+04
   1.5400000e+02   5.2135633e+04
   1.5500000e+02   5.2175383e+04
   1.5600000e+02   5.2213070e+04
   1.5700000e+02   5.2248672e+04
   1.5800000e+02   5.2282180e+04
   1.5900000e+02   5.2313574e+04
   1.6000000e+02   5.2342844e+04
   1.6100000e+02   5.2369969e+04
   1.6200000e+02   5.2394941e+04
   1.6300000e+02   5.2417746e+04
   1.6400000e+02   5.2438371e+04
   1.6500000e+02   5.2456805e+04
   1.6600000e+02   5.2473035e+04
   1.6700000e+02   5.2487055e+04
   1.6800000e+02   5.2498855e+04
   1.6900000e+02   5.2508422e+04
   1.7000000e+02   5.2515754e+04
   1.7100000e+02   5.2520840e+04
   1.7200000e+02   5.2523672e+04
   1.7300000e+02   5.2524250e+04
   1.7400000e+02   5.2522563e+04
   1.7500000e+02   5.2518609e+04
   1.7600000e+02   5.2512383e+04
   1.7700000e+02   5.2503883e+04
   1.7800000e+02   5.2493105e+04
   1.7900000e+02   5.2480051e+04
   1.8000000e+02   5.2464715e+04
   1.8100000e+02   5.2438680e+04
   1.8200000e+02   5.2410383e+04
   1.8300000e+02   5.2379824e+04
   1.8400000e+02   5.2347008e+04
   1.8500000e+02   5.2311938e+04
   1.8600000e+02   5.2274617e+04
   1.8700000e+02   5.2235047e+04
   1.8800000e+02   5.2193230e+04
   1.8900000e+02   5.2149180e+04
   1.9000000e+02   5.2102895e+04
   1.9100000e+02   5.2054387e+04
   1.9200000e+02   5.2003660e+04
   1.9300000e+02   5.1950727e+04
   1.9400000e+02   5.1895590e+04
   1.9500000e+02   5.1838266e+04
   1.9600000e+02   5.1778758e+04
   1.9700000e+02   5.1717082e+04
   1.9800000e+02   5.1653246e+04
   1.9900000e+02   5.1587266e+04
   2.0000000e+02   5.1519152e+04
   2.0100000e+02   5.1448918e+04
   2.0200000e+02   5.1376582e+04
   2.0300000e+02   5.1302152e+04
   2.0400000e+02   5.1225652e+04
   2.0500000e+02   5.1147094e+04
   2.0600000e+02   5.1066492e+04
   2.0700000e+02   5.0983867e+04
   2.0800000e+02   5.0899234e+04
   2.0900000e+02   5.0812617e+04
   2.1000000e+02   5.0724035e+04
   2.1100000e+02   5.0635484e+04
   2.1200000e+02   5.0545008e+04
   2.1300000e+02   5.0452621e+04
   2.1400000e+02   5.0358355e+04
   2.1500000e+02   5.0262227e+04
   2.1600000e+02   5.0164258e+04
   2.1700000e+02   5.0064473e+04
   2.1800000e+02   4.9962898e+04
   2.1900000e+02   4.9859559e+04
   2.2000000e+02   4.9754477e+04
   2.2100000e+02   4.9647684e+04
   2.2200000e+02   4.9539199e+04
   2.2300000e+02   4.9429051e+04
   2.2400000e+02   4.9317273e+04
   2.2500000e+02   4.9203887e+04
   2.2600000e+02   4.9088922e+04
   2.2700000e+02   4.8972410e+04
   2.2800000e+02   4.8854383e+04
   2.2900000e+02   4.8734863e+04
   2.3000000e+02   4.8613883e+04
   2.3100000e+02   4.8491480e+04
   2.3200000e+02   4.8367676e+04
   2.3300000e+02   4.8242512e+04
   2.3400000e+02   4.8116016e+04
   2.3500000e+02   4.7988215e+04
   2.3600000e+02   4.7859152e+04
   2.3700000e+02   4.7728855e+04
   2.3800000e+02   4.7597363e+04
   2.3900000e+02   4.7464840e+04
   2.4000000e+02   4.7331227e+04
   2.4100000e+02   4.7242250e+04
   2.4200000e+02   4.7151863e+04
   2.4300000e+02   4.7060090e+04
   2.4400000e+02   4.6966977e+04
   2.4500000e+02   4.6872555e+04
   2.4600000e+02   4.6776863e+04
   2.4700000e+02   4.6679938e+04
   2.4800000e+02   4.6581816e+04
   2.4900000e+02   4.6482535e+04
   2.5000000e+02   4.6382129e+04
   2.5100000e+02   4.6280645e+04
   2.5200000e+02   4.6178109e+04
   2.5300000e+02   4.6074570e+04
   2.5400000e+02   4.5970063e+04
   2.5500000e+02   4.5864621e+04
   2.5600000e+02   4.5758289e+04
   2.5700000e+02   4.5651105e+04
   2.5800000e+02   4.5543105e+04
   2.5900000e+02   4.5434332e+04
   2.6000000e+02   4.5324820e+04
   2.6100000e+02   4.5214613e+04
   2.6200000e+02   4.5103746e+04
   2.6300000e+02   4.4992262e+04
   2.6400000e+02   4.4880203e+04
   2.6500000e+02   4.4767602e+04
   2.6600000e+02   4.4654500e+04
   2.6700000e+02   4.4540941e+04
   2.6800000e+02   4.4426961e+04
   2.6900000e+02   4.4314016e+04
   2.7000000e+02   4.4204121e+04
   2.7100000e+02   4.4134234e+04
   2.7200000e+02   4.4064371e+04
   2.7300000e+02   4.3994578e+04
   2.7400000e+02   4.3924898e+04
   2.7500000e+02   4.3855375e+04
   2.7600000e+02   4.3786047e+04
   2.7700000e+02   4.3716961e+04
   2.7800000e+02   4.3648160e+04
   2.7900000e+02   4.3579688e+04
   2.8000000e+02   4.3511582e+04
   2.8100000e+02   4.3443887e+04
   2.8200000e+02   4.3376648e+04
   2.8300000e+02   4.3309898e+04
   2.8400000e+02   4.3243688e+04
   2.8500000e+02   4.3178051e+04
   2.8600000e+02   4.3113031e+04
   2.8700000e+02   4.3048672e+04
   2.8800000e+02   4.2985008e+04
   2.8900000e+02   4.2922082e+04
   2.9000000e+02   4.2859934e+04
   2.9100000e+02   4.2798598e+04
   2.9200000e+02   4.2738121e+04
   2.9300000e+02   4.2678535e+04
   2.9400000e+02   4.2619883e+04
   2.9500000e+02   4.2562195e+04
   2.9600000e+02   4.2505520e+04
   2.9700000e+02   4.2449883e+04
   2.9800000e+02   4.2395328e+04
   2.9900000e+02   4.2341891e+04
   3.0000000e+02   4.2289602e+04
   3.0100000e+02   4.2189133e+04
   3.0200000e+02   4.2089824e+04
   3.0300000e+02   4.1991711e+04
   3.0400000e+02   4.1894824e+04
   3.0500000e+02   4.1799203e+04
   3.0600000e+02   4.1704871e+04
   3.0700000e+02   4.1611867e+04
   3.0800000e+02   4.1520223e+04
   3.0900000e+02   4.1429965e+04
   3.1000000e+02   4.1341129e+04
   3.1100000e+02   4.1253742e+04
   3.1200000e+02   4.1167836e+04
   3.1300000e+02   4.1083441e+04
   3.1400000e+02   4.1000582e+04
   3.1500000e+02   4.0919293e+04
   3.1600000e+02   4.0839598e+04
   3.1700000e+02   4.0761523e+04
   3.1800000e+02   4.0685102e+04
   3.1900000e+02   4.0610355e+04
   3.2000000e+02   4.0537313e+04
   3.2100000e+02   4.0466000e+04
   3.2200000e+02   4.0396438e+04
   3.2300000e+02   4.0328652e+04
   3.2400000e+02   4.0262672e+04
   3.2500000e+02   4.0198516e+04
   3.2600000e+02   4.0136207e+04
   3.2700000e+02   4.0075766e+04
   3.2800000e+02   4.0017219e+04
   3.2900000e+02   3.9960586e+04
   3.3000000e+02   3.9905883e+04
   3.3100000e+02   3.9844563e+04
   3.3200000e+02   3.9785227e+04
   3.3300000e+02   3.9727891e+04
   3.3400000e+02   3.9672578e+04
   3.3500000e+02   3.9619301e+04
   3.3600000e+02   3.9568082e+04
   3.3700000e+02   3.9518934e+04
   3.3800000e+02   3.9471875e+04
   3.3900000e+02   3.9426918e+04
   3.4000000e+02   3.9384082e+04
   3.4100000e+02   3.9343375e+04
   3.4200000e+02   3.9304816e+04
   3.4300000e+02   3.9268418e+04
   3.4400000e+02   3.9234188e+04
   3.4500000e+02   3.9202141e+04
   3.4600000e+02   3.9172289e+04
   3.4700000e+02   3.9144637e+04
   3.4800000e+02   3.9119199e+04
   3.4900000e+02   3.9095984e+04
   3.5000000e+02   3.9075000e+04
   3.5100000e+02   3.9056254e+04
   3.5200000e+02   3.9039754e+04
   3.5300000e+02   3.9025504e+04
   3.5400000e+02   3.9013508e+04
   3.5500000e+02   3.9003773e+04
   3.5600000e+02   3.8996309e+04
   3.5700000e+02   3.8991109e+04
   3.5800000e+02   3.8988184e+04
   3.5900000e+02   3.8987535e+04
   1.4226848e-06   3.8989160e+04
