   0.0000000e+00   4.0908880e-03
   1.0000000e+00   2.7216818e-02
   2.0000000e+00   2.7194832e-02
   3.0000000e+00   2.7168218e-02
   4.0000000e+00   2.7137998e-02
   5.0000000e+00   2.7104085e-02
   6.0000000e+00   2.7066402e-02
   7.0000000e+00   2.7024569e-02
   8.0000000e+00   2.6978724e-02
   9.0000000e+00   2.6927864e-02
   1.0000000e+01   2.6869344e-02
   1.1000000e+01   2.6805535e-02
   1.2000000e+01   2.6736295e-02
   1.3000000e+01   2.6661500e-02
   1.4000000e+01   2.6581034e-02
   1.5000000e+01   2.6494769e-02
   1.6000000e+01   2.6402608e-02
   1.7000000e+01   2.6303133e-02
   1.8000000e+01   2.6187111e-02
   1.9000000e+01   2.6062964e-02
   2.0000000e+01   2.5930565e-02
   2.1000000e+01   2.5789727e-02
   2.2000000e+01   2.5640262e-02
   2.3000000e+01   2.5481988e-02
   2.4000000e+01   2.5314724e-02
   2.5000000e+01   2.5138298e-02
   2.6000000e+01   2.4946766e-02
   2.7000000e+01   2.4726775e-02
   2.8000000e+01   2.4493977e-02
   2.9000000e+01   2.4247853e-02
   3.0000000e+01   2.3988046e-02
   3.1000000e+01   2.2371585e-02
   3.2000000e+01   2.0942193e-02
   3.3000000e+01   1.9752452e-02
   3.4000000e+01   1.8840855e-02
   3.5000000e+01   1.8110238e-02
   3.6000000e+01   1.7685870e-02
   3.7000000e+01   1.7450947e-02
   3.8000000e+01   1.7321128e-02
   3.9000000e+01   1.7211290e-02
   4.0000000e+01   1.7102210e-02
   4.1000000e+01   1.7044343e-02
   4.2000000e+01   1.7032050e-02
   4.3000000e+01   1.7006120e-02
   4.4000000e+01   1.6776908e-02
   4.5000000e+01   1.6576624e-02
   4.6000000e+01   1.6341738e-02
   4.7000000e+01   1.6077308e-02
   4.8000000e+01   1.5853312e-02
   4.9000000e+01   1.5579307e-02
   5.0000000e+01   1.5225660e-02
   5.1000000e+01   1.4952442e-02
   5.2000000e+01   1.4786227e-02
   5.3000000e+01   1.4643948e-02
   5.4000000e+01   1.4527407e-02
   5.5000000e+01   1.4437306e-02
   5.6000000e+01   1.4289357e-02
   5.7000000e+01   1.3999635e-02
   5.8000000e+01   1.3721590e-02
   5.9000000e+01   1.3453564e-02
   6.0000000e+01   1.3196237e-02
   6.1000000e+01   1.2938827e-02
   6.2000000e+01   1.2720868e-02
   6.3000000e+01   1.2538875e-02
   6.4000000e+01   1.2368003e-02
   6.5000000e+01   1.2194631e-02
   6.6000000e+01   1.2052840e-02
   6.7000000e+01   1.1940533e-02
   6.8000000e+01   1.1856542e-02
   6.9000000e+01   1.1799922e-02
   7.0000000e+01   1.1769956e-02
   7.1000000e+01   1.1766120e-02
   7.2000000e+01   1.1866477e-02
   7.3000000e+01   1.2230095e-02
   7.4000000e+01   1.2582840e-02
   7.5000000e+01   1.2922354e-02
   7.6000000e+01   1.3248995e-02
   7.7000000e+01   1.3563185e-02
   7.8000000e+01   1.3865336e-02
   7.9000000e+01   1.4155891e-02
   8.0000000e+01   1.4435217e-02
   8.1000000e+01   1.4732512e-02
   8.2000000e+01   1.5055305e-02
   8.3000000e+01   1.5347653e-02
   8.4000000e+01   1.5610879e-02
   8.5000000e+01   1.5847480e-02
   8.6000000e+01   1.6059726e-02
   8.7000000e+01   1.6249694e-02
   8.8000000e+01   1.6419264e-02
   8.9000000e+01   1.6570071e-02
   9.0000000e+01   1.6703662e-02
   9.1000000e+01   1.6589520e-02
   9.2000000e+01   1.6472971e-02
   9.3000000e+01   1.6354382e-02
   9.4000000e+01   1.6233986e-02
   9.5000000e+01   1.6111828e-02
   9.6000000e+01   1.5988078e-02
   9.7000000e+01   1.5862860e-02
   9.8000000e+01   1.5736265e-02
   9.9000000e+01   1.5608441e-02
   1.0000000e+02   1.5479500e-02
   1.0100000e+02   1.5349500e-02
   1.0200000e+02   1.5218480e-02
   1.0300000e+02   1.5086561e-02
   1.0400000e+02   1.4953828e-02
   1.0500000e+02   1.4820381e-02
   1.0600000e+02   1.4686241e-02
   1.0700000e+02   1.4551502e-02
   1.0800000e+02   1.4416252e-02
   1.0900000e+02   1.4280570e-02
   1.1000000e+02   1.4144413e-02
   1.1100000e+02   1.4007862e-02
   1.1200000e+02   1.3870930e-02
   1.1300000e+02   1.3733682e-02
   1.1400000e+02   1.3596190e-02
   1.1500000e+02   1.3458466e-02
   1.1600000e+02   1.3320587e-02
   1.1700000e+02   1.3182567e-02
   1.1800000e+02   1.3044368e-02
   1.1900000e+02   1.2905985e-02
   1.2000000e+02   1.2767499e-02
   1.2100000e+02   1.2462618e-02
   1.2200000e+02   1.2158294e-02
   1.2300000e+02   1.1854589e-02
   1.2400000e+02   1.1551534e-02
   1.2500000e+02   1.1249152e-02
   1.2600000e+02   1.0947483e-02
   1.2700000e+02   1.0646491e-02
   1.2800000e+02   1.0346196e-02
   1.2900000e+02   1.0046611e-02
   1.3000000e+02   9.7476859e-03
   1.3100000e+02   9.4494075e-03
   1.3200000e+02   9.1517502e-03
   1.3300000e+02   8.8547291e-03
   1.3400000e+02   8.5583199e-03
   1.3500000e+02   8.2624657e-03
   1.3600000e+02   7.9671480e-03
   1.3700000e+02   7.6723746e-03
   1.3800000e+02   7.3781749e-03
   1.3900000e+02   7.0845885e-03
   1.4000000e+02   6.7916517e-03
   1.4100000e+02   6.4993668e-03
   1.4200000e+02   6.2077343e-03
   1.4300000e+02   5.9166923e-03
   1.4400000e+02   5.6262068e-03
   1.4500000e+02   5.3362763e-03
   1.4600000e+02   5.0468934e-03
   1.4700000e+02   4.7580870e-03
   1.4800000e+02   4.4698878e-03
   1.4900000e+02   4.1823145e-03
   1.5000000e+02   3.8953940e-03
   1.5100000e+02   3.3532658e-03
   1.5200000e+02   2.8126589e-03
   1.5300000e+02   2.2735544e-03
   1.5400000e+02   1.7359434e-03
   1.5500000e+02   1.1998178e-03
   1.5600000e+02   6.6515856e-04
   1.5700000e+02   1.3193331e-04
   1.5800000e+02  -3.9989356e-04
   1.5900000e+02  -9.3034725e-04
   1.6000000e+02  -1.4594427e-03
   1.6100000e+02  -1.9871881e-03
   1.6200000e+02  -2.5136182e-03
   1.6300000e+02  -3.0387444e-03
   1.6400000e+02  -3.5625708e-03
   1.6500000e+02  -4.0851063e-03
   1.6600000e+02  -4.6063648e-03
   1.6700000e+02  -5.1263627e-03
   1.6800000e+02  -5.6451112e-03
   1.6900000e+02  -6.1626253e-03
   1.7000000e+02  -6.6789067e-03
   1.7100000e+02  -7.1939537e-03
   1.7200000e+02  -7.7077667e-03
   1.7300000e+02  -8.2203522e-03
   1.7400000e+02  -8.7317200e-03
   1.7500000e+02  -9.2418753e-03
   1.7600000e+02  -9.7508235e-03
   1.7700000e+02  -1.0258575e-02
   1.7800000e+02  -1.0765135e-02
   1.7900000e+02  -1.1270515e-02
   1.8000000e+02  -1.1774722e-02
   1.8100000e+02  -1.2566418e-02
   1.8200000e+02  -1.3355681e-02
   1.8300000e+02  -1.4142542e-02
   1.8400000e+02  -1.4927028e-02
   1.8500000e+02  -1.5709164e-02
   1.8600000e+02  -1.6488971e-02
   1.8700000e+02  -1.7266471e-02
   1.8800000e+02  -1.8041676e-02
   1.8900000e+02  -1.8814608e-02
   1.9000000e+02  -1.9585304e-02
   1.9100000e+02  -2.0353783e-02
   1.9200000e+02  -2.1120058e-02
   1.9300000e+02  -2.1884136e-02
   1.9400000e+02  -2.2646029e-02
   1.9500000e+02  -2.3405770e-02
   1.9600000e+02  -2.4163386e-02
   1.9700000e+02  -2.4918918e-02
   1.9800000e+02  -2.5672408e-02
   1.9900000e+02  -2.6423877e-02
   2.0000000e+02  -2.7173344e-02
   2.0100000e+02  -2.7920820e-02
   2.0200000e+02  -2.8666314e-02
   2.0300000e+02  -2.9409861e-02
   2.0400000e+02  -3.0151527e-02
   2.0500000e+02  -3.0891376e-02
   2.0600000e+02  -3.1629451e-02
   2.0700000e+02  -3.2365795e-02
   2.0800000e+02  -3.3100445e-02
   2.0900000e+02  -3.3833407e-02
   2.1000000e+02  -3.4564741e-02
   2.1100000e+02  -3.5225373e-02
   2.1200000e+02  -3.5884220e-02
   2.1300000e+02  -3.6541358e-02
   2.1400000e+02  -3.7196834e-02
   2.1500000e+02  -3.7850708e-02
   2.1600000e+02  -3.8503047e-02
   2.1700000e+02  -3.9153904e-02
   2.1800000e+02  -3.9803341e-02
   2.1900000e+02  -4.0451411e-02
   2.2000000e+02  -4.1098095e-02
   2.2100000e+02  -4.1743435e-02
   2.2200000e+02  -4.2387500e-02
   2.2300000e+02  -4.3030351e-02
   2.2400000e+02  -4.3671966e-02
   2.2500000e+02  -4.4312388e-02
   2.2600000e+02  -4.4951659e-02
   2.2700000e+02  -4.5589816e-02
   2.2800000e+02  -4.6226896e-02
   2.2900000e+02  -4.6862938e-02
   2.3000000e+02  -4.7497969e-02
   2.3100000e+02  -4.8132017e-02
   2.3200000e+02  -4.8765115e-02
   2.3300000e+02  -4.9397286e-02
   2.3400000e+02  -5.0028570e-02
   2.3500000e+02  -5.0659001e-02
   2.3600000e+02  -5.1288605e-02
   2.3700000e+02  -5.1917341e-02
   2.3800000e+02  -5.2545227e-02
   2.3900000e+02  -5.3172275e-02
   2.4000000e+02  -5.3798500e-02
   2.4100000e+02  -5.2315995e-02
   2.4200000e+02  -5.0838817e-02
   2.4300000e+02  -4.9366914e-02
   2.4400000e+02  -4.7900222e-02
   2.4500000e+02  -4.6438683e-02
   2.4600000e+02  -4.4982251e-02
   2.4700000e+02  -4.3530870e-02
   2.4800000e+02  -4.2084448e-02
   2.4900000e+02  -4.0642943e-02
   2.5000000e+02  -3.9206311e-02
   2.5100000e+02  -3.7774526e-02
   2.5200000e+02  -3.6347553e-02
   2.5300000e+02  -3.4925345e-02
   2.5400000e+02  -3.3507839e-02
   2.5500000e+02  -3.2095011e-02
   2.5600000e+02  -3.0686829e-02
   2.5700000e+02  -2.9283246e-02
   2.5800000e+02  -2.7884196e-02
   2.5900000e+02  -2.6489638e-02
   2.6000000e+02  -2.5099564e-02
   2.6100000e+02  -2.3713956e-02
   2.6200000e+02  -2.2332797e-02
   2.6300000e+02  -2.0956075e-02
   2.6400000e+02  -1.9583778e-02
   2.6500000e+02  -1.8215895e-02
   2.6600000e+02  -1.6852392e-02
   2.6700000e+02  -1.5493259e-02
   2.6800000e+02  -1.4138489e-02
   2.6900000e+02  -1.2788084e-02
   2.7000000e+02  -1.1442046e-02
   2.7100000e+02  -1.0776096e-02
   2.7200000e+02  -1.0109126e-02
   2.7300000e+02  -9.4411401e-03
   2.7400000e+02  -8.7721413e-03
   2.7500000e+02  -8.1021339e-03
   2.7600000e+02  -7.4311225e-03
   2.7700000e+02  -6.7591108e-03
   2.7800000e+02  -6.0860813e-03
   2.7900000e+02  -5.4120328e-03
   2.8000000e+02  -4.7369627e-03
   2.8100000e+02  -4.0608724e-03
   2.8200000e+02  -3.3837582e-03
   2.8300000e+02  -2.7056227e-03
   2.8400000e+02  -2.0264643e-03
   2.8500000e+02  -1.3462828e-03
   2.8600000e+02  -6.6508126e-04
   2.8700000e+02   1.7135992e-05
   2.8800000e+02   7.0036430e-04
   2.8900000e+02   1.3846055e-03
   2.9000000e+02   2.0698647e-03
   2.9100000e+02   2.7561435e-03
   2.9200000e+02   3.4434418e-03
   2.9300000e+02   4.1317549e-03
   2.9400000e+02   4.8210775e-03
   2.9500000e+02   5.5114068e-03
   2.9600000e+02   6.2027369e-03
   2.9700000e+02   6.8950662e-03
   2.9800000e+02   7.5883884e-03
   2.9900000e+02   8.2826978e-03
   3.0000000e+02   8.9779878e-03
   3.0100000e+02   9.3469657e-03
   3.0200000e+02   9.7151157e-03
   3.0300000e+02   1.0082443e-02
   3.0400000e+02   1.0448954e-02
   3.0500000e+02   1.0814647e-02
   3.0600000e+02   1.1179524e-02
   3.0700000e+02   1.1543581e-02
   3.0800000e+02   1.1906818e-02
   3.0900000e+02   1.2269230e-02
   3.1000000e+02   1.2630814e-02
   3.1100000e+02   1.2991574e-02
   3.1200000e+02   1.3351507e-02
   3.1300000e+02   1.3710621e-02
   3.1400000e+02   1.4068911e-02
   3.1500000e+02   1.4426377e-02
   3.1600000e+02   1.4783017e-02
   3.1700000e+02   1.5138834e-02
   3.1800000e+02   1.5493826e-02
   3.1900000e+02   1.5847992e-02
   3.2000000e+02   1.6201332e-02
   3.2100000e+02   1.6553851e-02
   3.2200000e+02   1.6905544e-02
   3.2300000e+02   1.7256416e-02
   3.2400000e+02   1.7606471e-02
   3.2500000e+02   1.7955707e-02
   3.2600000e+02   1.8304134e-02
   3.2700000e+02   1.8651746e-02
   3.2800000e+02   1.8998548e-02
   3.2900000e+02   1.9346099e-02
   3.3000000e+02   1.9695180e-02
   3.3100000e+02   1.9847671e-02
   3.3200000e+02   1.9999698e-02
   3.3300000e+02   2.0151274e-02
   3.3400000e+02   2.0302411e-02
   3.3500000e+02   2.0453120e-02
   3.3600000e+02   2.0603411e-02
   3.3700000e+02   2.0753294e-02
   3.3800000e+02   2.0902781e-02
   3.3900000e+02   2.1051878e-02
   3.4000000e+02   2.1200597e-02
   3.4100000e+02   2.1348948e-02
   3.4200000e+02   2.1496935e-02
   3.4300000e+02   2.1644570e-02
   3.4400000e+02   2.1791857e-02
   3.4500000e+02   2.1938806e-02
   3.4600000e+02   2.2085423e-02
   3.4700000e+02   2.2231713e-02
   3.4800000e+02   2.2377683e-02
   3.4900000e+02   2.2523342e-02
   3.5000000e+02   2.2668693e-02
   3.5100000e+02   2.2813743e-02
   3.5200000e+02   2.2958498e-02
   3.5300000e+02   2.3102961e-02
   3.5400000e+02   2.3247140e-02
   3.5500000e+02   2.3391034e-02
   3.5600000e+02   2.3534652e-02
   3.5700000e+02   2.3677994e-02
   3.5800000e+02   2.3821067e-02
   3.5900000e+02   2.3963874e-02
   7.1133672e-07   2.4106419e-02
   1.0000007e+00   2.4145901e-02
   2.0000007e+00   2.4185261e-02
   3.0000007e+00   2.4224497e-02
   4.0000010e+00   2.4263613e-02
   5.0000010e+00   2.4302609e-02
   6.0000010e+00   2.4341483e-02
   7.0000010e+00   2.4380237e-02
   8.0000010e+00   2.4418872e-02
   9.0000010e+00   2.4457386e-02
   1.0000001e+01   2.4495782e-02
   1.1000001e+01   2.4534060e-02
   1.2000001e+01   2.4572218e-02
   1.3000001e+01   2.4610261e-02
   1.4000001e+01   2.4648184e-02
   1.5000001e+01   2.4685992e-02
   1.6000000e+01   2.4723681e-02
   1.7000000e+01   2.4761254e-02
   1.8000000e+01   2.4798710e-02
   1.9000000e+01   2.4836050e-02
   2.0000000e+01   2.4873275e-02
   2.1000000e+01   2.4910385e-02
   2.2000000e+01   2.4947379e-02
   2.3000000e+01   2.4984257e-02
   2.4000000e+01   2.5021022e-02
   2.5000000e+01   2.5057673e-02
   2.6000000e+01   2.5094209e-02
   2.7000000e+01   2.5130633e-02
   2.8000000e+01   2.5166944e-02
   2.9000000e+01   2.5203142e-02
   3.0000000e+01   2.5239229e-02
   3.1000000e+01   2.5097320e-02
   3.2000000e+01   2.4955777e-02
   3.3000000e+01   2.4814602e-02
   3.4000000e+01   2.4673792e-02
   3.5000000e+01   2.4533346e-02
   3.6000000e+01   2.4393266e-02
   3.7000000e+01   2.4253553e-02
   3.8000000e+01   2.4114203e-02
   3.9000000e+01   2.3975218e-02
   4.0000000e+01   2.3836596e-02
   4.1000000e+01   2.3698337e-02
   4.2000000e+01   2.3560442e-02
   4.3000000e+01   2.3422910e-02
   4.4000000e+01   2.3285737e-02
   4.5000000e+01   2.3148928e-02
   4.6000000e+01   2.3012478e-02
   4.7000000e+01   2.2876389e-02
   4.8000000e+01   2.2740658e-02
   4.9000000e+01   2.2605289e-02
   5.0000000e+01   2.2470277e-02
   5.1000000e+01   2.2335624e-02
   5.2000000e+01   2.2201329e-02
   5.3000000e+01   2.2067394e-02
   5.4000000e+01   2.1933815e-02
   5.5000000e+01   2.1800593e-02
   5.6000000e+01   2.1667726e-02
   5.7000000e+01   2.1535216e-02
   5.8000000e+01   2.1403063e-02
   5.9000000e+01   2.1271264e-02
   6.0000000e+01   2.1139821e-02
   6.1000000e+01   2.1109872e-02
   6.2000000e+01   2.1080000e-02
   6.3000000e+01   2.1050209e-02
   6.4000000e+01   2.1020494e-02
   6.5000000e+01   2.0990860e-02
   6.6000000e+01   2.0961300e-02
   6.7000000e+01   2.0931816e-02
   6.8000000e+01   2.0902405e-02
   6.9000000e+01   2.0873068e-02
   7.0000000e+01   2.0843806e-02
   7.1000000e+01   2.0814618e-02
   7.2000000e+01   2.0785503e-02
   7.3000000e+01   2.0756461e-02
   7.4000000e+01   2.0727493e-02
   7.5000000e+01   2.0698600e-02
   7.6000000e+01   2.0669783e-02
   7.7000000e+01   2.0641042e-02
   7.8000000e+01   2.0612376e-02
   7.9000000e+01   2.0583788e-02
   8.0000000e+01   2.0555276e-02
   8.1000000e+01   2.0526841e-02
   8.2000000e+01   2.0498483e-02
   8.3000000e+01   2.0470200e-02
   8.4000000e+01   2.0441992e-02
   8.5000000e+01   2.0413861e-02
   8.6000000e+01   2.0385806e-02
   8.7000000e+01   2.0357827e-02
   8.8000000e+01   2.0329922e-02
   8.9000000e+01   2.0302093e-02
   9.0000000e+01   2.0274339e-02
   9.1000000e+01   2.0169394e-02
   9.2000000e+01   2.0064630e-02
   9.3000000e+01   1.9960042e-02
   9.4000000e+01   1.9855632e-02
   9.5000000e+01   1.9751400e-02
   9.6000000e+01   1.9647347e-02
   9.7000000e+01   1.9543469e-02
   9.8000000e+01   1.9439770e-02
   9.9000000e+01   1.9336246e-02
   1.0000000e+02   1.9232901e-02
   1.0100000e+02   1.9129731e-02
   1.0200000e+02   1.9026738e-02
   1.0300000e+02   1.8923918e-02
   1.0400000e+02   1.8821273e-02
   1.0500000e+02   1.8718801e-02
   1.0600000e+02   1.8616505e-02
   1.0700000e+02   1.8514380e-02
   1.0800000e+02   1.8412426e-02
   1.0900000e+02   1.8310646e-02
   1.1000000e+02   1.8209038e-02
   1.1100000e+02   1.8107602e-02
   1.1200000e+02   1.8006336e-02
   1.1300000e+02   1.7905241e-02
   1.1400000e+02   1.7804315e-02
   1.1500000e+02   1.7703559e-02
   1.1600000e+02   1.7602973e-02
   1.1700000e+02   1.7502554e-02
   1.1800000e+02   1.7402306e-02
   1.1900000e+02   1.7302226e-02
   1.2000000e+02   1.7202316e-02
   1.2100000e+02   1.6981103e-02
   1.2200000e+02   1.6760217e-02
   1.2300000e+02   1.6539652e-02
   1.2400000e+02   1.6319403e-02
   1.2500000e+02   1.6099472e-02
   1.2600000e+02   1.5879856e-02
   1.2700000e+02   1.5660560e-02
   1.2800000e+02   1.5441577e-02
   1.2900000e+02   1.5222910e-02
   1.3000000e+02   1.5004559e-02
   1.3100000e+02   1.4786525e-02
   1.3200000e+02   1.4568803e-02
   1.3300000e+02   1.4351395e-02
   1.3400000e+02   1.4134300e-02
   1.3500000e+02   1.3917518e-02
   1.3600000e+02   1.3701049e-02
   1.3700000e+02   1.3484893e-02
   1.3800000e+02   1.3269050e-02
   1.3900000e+02   1.3053521e-02
   1.4000000e+02   1.2838303e-02
   1.4100000e+02   1.2623399e-02
   1.4200000e+02   1.2408807e-02
   1.4300000e+02   1.2194525e-02
   1.4400000e+02   1.1980553e-02
   1.4500000e+02   1.1766891e-02
   1.4600000e+02   1.1553538e-02
   1.4700000e+02   1.1340494e-02
   1.4800000e+02   1.1127761e-02
   1.4900000e+02   1.0915334e-02
   1.5000000e+02   1.0703216e-02
   1.5100000e+02   1.0305801e-02
   1.5200000e+02   9.9089509e-03
   1.5300000e+02   9.5126620e-03
   1.5400000e+02   9.1169355e-03
   1.5500000e+02   8.7217689e-03
   1.5600000e+02   8.3271628e-03
   1.5700000e+02   7.9331156e-03
   1.5800000e+02   7.5396271e-03
   1.5900000e+02   7.1466952e-03
   1.6000000e+02   6.7543196e-03
   1.6100000e+02   6.3624992e-03
   1.6200000e+02   5.9712320e-03
   1.6300000e+02   5.5805165e-03
   1.6400000e+02   5.1903520e-03
   1.6500000e+02   4.8007355e-03
   1.6600000e+02   4.4116657e-03
   1.6700000e+02   4.0231417e-03
   1.6800000e+02   3.6351627e-03
   1.6900000e+02   3.2477274e-03
   1.7000000e+02   2.8608348e-03
   1.7100000e+02   2.4744840e-03
   1.7200000e+02   2.0886736e-03
   1.7300000e+02   1.7034026e-03
   1.7400000e+02   1.3186699e-03
   1.7500000e+02   9.3447452e-04
   1.7600000e+02   5.5081531e-04
   1.7700000e+02   1.6769129e-04
   1.7800000e+02  -2.1489873e-04
   1.7900000e+02  -5.9695583e-04
   1.8000000e+02  -9.7848137e-04
   1.8100000e+02  -1.5608616e-03
   1.8200000e+02  -2.1424589e-03
   1.8300000e+02  -2.7232731e-03
   1.8400000e+02  -3.3033038e-03
   1.8500000e+02  -3.8825511e-03
   1.8600000e+02  -4.4610156e-03
   1.8700000e+02  -5.0386977e-03
   1.8800000e+02  -5.6155995e-03
   1.8900000e+02  -6.1917212e-03
   1.9000000e+02  -6.7670648e-03
   1.9100000e+02  -7.3416322e-03
   1.9200000e+02  -7.9154251e-03
   1.9300000e+02  -8.4884465e-03
   1.9400000e+02  -9.0606967e-03
   1.9500000e+02  -9.6321795e-03
   1.9600000e+02  -1.0202898e-02
   1.9700000e+02  -1.0772849e-02
   1.9800000e+02  -1.1342038e-02
   1.9900000e+02  -1.1910466e-02
   2.0000000e+02  -1.2478136e-02
   2.0100000e+02  -1.3045046e-02
   2.0200000e+02  -1.3611199e-02
   2.0300000e+02  -1.4176598e-02
   2.0400000e+02  -1.4741245e-02
   2.0500000e+02  -1.5305142e-02
   2.0600000e+02  -1.5868291e-02
   2.0700000e+02  -1.6430696e-02
   2.0800000e+02  -1.6992360e-02
   2.0900000e+02  -1.7553288e-02
   2.1000000e+02  -1.8113483e-02
   2.1100000e+02  -1.8637553e-02
   2.1200000e+02  -1.9161019e-02
   2.1300000e+02  -1.9683884e-02
   2.1400000e+02  -2.0206152e-02
   2.1500000e+02  -2.0727823e-02
   2.1600000e+02  -2.1248899e-02
   2.1700000e+02  -2.1769386e-02
   2.1800000e+02  -2.2289282e-02
   2.1900000e+02  -2.2808593e-02
   2.2000000e+02  -2.3327319e-02
   2.2100000e+02  -2.3845466e-02
   2.2200000e+02  -2.4363033e-02
   2.2300000e+02  -2.4880026e-02
   2.2400000e+02  -2.5396444e-02
   2.2500000e+02  -2.5912292e-02
   2.2600000e+02  -2.6427573e-02
   2.2700000e+02  -2.6942289e-02
   2.2800000e+02  -2.7456440e-02
   2.2900000e+02  -2.7970033e-02
   2.3000000e+02  -2.8483067e-02
   2.3100000e+02  -2.8995544e-02
   2.3200000e+02  -2.9507468e-02
   2.3300000e+02  -3.0018840e-02
   2.3400000e+02  -3.0529663e-02
   2.3500000e+02  -3.1039940e-02
   2.3600000e+02  -3.1549674e-02
   2.3700000e+02  -3.2058861e-02
   2.3800000e+02  -3.2567509e-02
   2.3900000e+02  -3.3072591e-02
   2.4000000e+02  -3.3576272e-02
   2.4100000e+02  -3.3108596e-02
   2.4200000e+02  -3.2648459e-02
   2.4300000e+02  -3.2195840e-02
   2.4400000e+02  -3.1750731e-02
   2.4500000e+02  -3.1313121e-02
   2.4600000e+02  -3.0882994e-02
   2.4700000e+02  -3.0460341e-02
   2.4800000e+02  -3.0045155e-02
   2.4900000e+02  -2.9637428e-02
   2.5000000e+02  -2.9237155e-02
   2.5100000e+02  -2.8844329e-02
   2.5200000e+02  -2.8458949e-02
   2.5300000e+02  -2.8081007e-02
   2.5400000e+02  -2.7710505e-02
   2.5500000e+02  -2.7347440e-02
   2.5600000e+02  -2.6991807e-02
   2.5700000e+02  -2.6643610e-02
   2.5800000e+02  -2.6302848e-02
   2.5900000e+02  -2.5969520e-02
   2.6000000e+02  -2.5643632e-02
   2.6100000e+02  -2.5325177e-02
   2.6200000e+02  -2.5014162e-02
   2.6300000e+02  -2.4710586e-02
   2.6400000e+02  -2.4414452e-02
   2.6500000e+02  -2.4125762e-02
   2.6600000e+02  -2.3844520e-02
   2.6700000e+02  -2.3570731e-02
   2.6800000e+02  -2.3304401e-02
   2.6900000e+02  -2.3014039e-02
   2.7000000e+02  -2.2655819e-02
   2.7100000e+02  -2.1414511e-02
   2.7200000e+02  -2.0175610e-02
   2.7300000e+02  -1.8939033e-02
   2.7400000e+02  -1.7704705e-02
   2.7500000e+02  -1.6472546e-02
   2.7600000e+02  -1.5242484e-02
   2.7700000e+02  -1.4014447e-02
   2.7800000e+02  -1.2788367e-02
   2.7900000e+02  -1.1564177e-02
   2.8000000e+02  -1.0341816e-02
   2.8100000e+02  -9.1212196e-03
   2.8200000e+02  -7.9023307e-03
   2.8300000e+02  -6.6850921e-03
   2.8400000e+02  -5.4694484e-03
   2.8500000e+02  -4.2553474e-03
   2.8600000e+02  -3.0427382e-03
   2.8700000e+02  -1.8315715e-03
   2.8800000e+02  -6.2180002e-04
   2.8900000e+02   5.8662181e-04
   2.9000000e+02   1.7937378e-03
   2.9100000e+02   2.9995902e-03
   2.9200000e+02   4.2042201e-03
   2.9300000e+02   5.4076668e-03
   2.9400000e+02   6.6099674e-03
   2.9500000e+02   7.8111594e-03
   2.9600000e+02   9.0112789e-03
   2.9700000e+02   1.0210358e-02
   2.9800000e+02   1.1408431e-02
   2.9900000e+02   1.2605526e-02
   3.0000000e+02   1.3801676e-02
   3.0100000e+02   1.4073084e-02
   3.0200000e+02   1.4344153e-02
   3.0300000e+02   1.4614882e-02
   3.0400000e+02   1.4885274e-02
   3.0500000e+02   1.5155330e-02
   3.0600000e+02   1.5425050e-02
   3.0700000e+02   1.5694434e-02
   3.0800000e+02   1.5963484e-02
   3.0900000e+02   1.6232200e-02
   3.1000000e+02   1.6500585e-02
   3.1100000e+02   1.6768636e-02
   3.1200000e+02   1.7036358e-02
   3.1300000e+02   1.7303746e-02
   3.1400000e+02   1.7570805e-02
   3.1500000e+02   1.7837532e-02
   3.1600000e+02   1.8103927e-02
   3.1700000e+02   1.8369991e-02
   3.1800000e+02   1.8635727e-02
   3.1900000e+02   1.8901132e-02
   3.2000000e+02   1.9166209e-02
   3.2100000e+02   1.9430954e-02
   3.2200000e+02   1.9695373e-02
   3.2300000e+02   1.9959463e-02
   3.2400000e+02   2.0223225e-02
   3.2500000e+02   2.0486660e-02
   3.2600000e+02   2.0749768e-02
   3.2700000e+02   2.1012548e-02
   3.2800000e+02   2.1275004e-02
   3.2900000e+02   2.1537136e-02
   3.3000000e+02   2.1798944e-02
   3.3100000e+02   2.1918871e-02
   3.3200000e+02   2.2038683e-02
   3.3300000e+02   2.2158379e-02
   3.3400000e+02   2.2277961e-02
   3.3500000e+02   2.2397427e-02
   3.3600000e+02   2.2516778e-02
   3.3700000e+02   2.2636013e-02
   3.3800000e+02   2.2755135e-02
   3.3900000e+02   2.2874139e-02
   3.4000000e+02   2.2993028e-02
   3.4100000e+02   2.3111803e-02
   3.4200000e+02   2.3230463e-02
   3.4300000e+02   2.3349008e-02
   3.4400000e+02   2.3467438e-02
   3.4500000e+02   2.3585754e-02
   3.4600000e+02   2.3703951e-02
   3.4700000e+02   2.3822038e-02
   3.4800000e+02   2.3940006e-02
   3.4900000e+02   2.4057861e-02
   3.5000000e+02   2.4175601e-02
   3.5100000e+02   2.4293227e-02
   3.5200000e+02   2.4410736e-02
   3.5300000e+02   2.4528133e-02
   3.5400000e+02   2.4645414e-02
   3.5500000e+02   2.4762580e-02
   3.5600000e+02   2.4879633e-02
   3.5700000e+02   2.4996569e-02
   3.5800000e+02   2.5113393e-02
   3.5900000e+02   2.5230100e-02
   1.4226848e-06   2.5346695e-02
