   0.0000000e+00   1.0593785e-18
   1.0000000e+00   2.2204114e-04
   2.0000000e+00   8.7770663e-04
   3.0000000e+00   1.5432310e-03
   4.0000000e+00   2.2189363e-03
   5.0000000e+00   2.9047150e-03
   6.0000000e+00   3.6004588e-03
   7.0000000e+00   4.3060593e-03
   8.0000000e+00   5.0214105e-03
   9.0000000e+00   5.7464056e-03
   1.0000000e+01   6.4809402e-03
   1.1000000e+01   7.2249165e-03
   1.2000000e+01   7.9782326e-03
   1.3000000e+01   8.7407874e-03
   1.4000000e+01   9.5124794e-03
   1.5000000e+01   1.0293208e-02
   1.6000000e+01   1.1082876e-02
   1.7000000e+01   1.1881383e-02
   1.8000000e+01   1.2688638e-02
   1.9000000e+01   1.3504542e-02
   2.0000000e+01   1.4328999e-02
   2.1000000e+01   1.5161914e-02
   2.2000000e+01   1.6003193e-02
   2.3000000e+01   1.6852744e-02
   2.4000000e+01   1.7710472e-02
   2.5000000e+01   1.8576285e-02
   2.6000000e+01   1.9450091e-02
   2.7000000e+01   2.0331800e-02
   2.8000000e+01   2.1221323e-02
   2.9000000e+01   2.2118570e-02
   3.0000000e+01   2.3023453e-02
   3.1000000e+01   2.4053732e-02
   3.2000000e+01   2.5096325e-02
   3.3000000e+01   2.6150871e-02
   3.4000000e+01   2.7217012e-02
   3.5000000e+01   2.8294392e-02
   3.6000000e+01   2.9382667e-02
   3.7000000e+01   3.0481489e-02
   3.8000000e+01   3.1590529e-02
   3.9000000e+01   3.2709450e-02
   4.0000000e+01   3.3837933e-02
   4.1000000e+01   3.4975648e-02
   4.2000000e+01   3.6122281e-02
   4.3000000e+01   3.7277512e-02
   4.4000000e+01   3.8441032e-02
   4.5000000e+01   3.9612532e-02
   4.6000000e+01   4.0791702e-02
   4.7000000e+01   4.1978221e-02
   4.8000000e+01   4.3171793e-02
   4.9000000e+01   4.4372149e-02
   5.0000000e+01   4.5578998e-02
   5.1000000e+01   4.6792082e-02
   5.2000000e+01   4.8011132e-02
   5.3000000e+01   4.9235877e-02
   5.4000000e+01   5.0466068e-02
   5.5000000e+01   5.1701441e-02
   5.6000000e+01   5.2941751e-02
   5.7000000e+01   5.4186743e-02
   5.8000000e+01   5.5436172e-02
   5.9000000e+01   5.6689788e-02
   6.0000000e+01   5.7947356e-02
   6.1000000e+01   5.8803994e-02
   6.2000000e+01   5.9658479e-02
   6.3000000e+01   6.0510904e-02
   6.4000000e+01   6.1361365e-02
   6.5000000e+01   6.2209945e-02
   6.6000000e+01   6.3056730e-02
   6.7000000e+01   6.3901804e-02
   6.8000000e+01   6.4745262e-02
   6.9000000e+01   6.5587170e-02
   7.0000000e+01   6.6427618e-02
   7.1000000e+01   6.7266680e-02
   7.2000000e+01   6.8104438e-02
   7.3000000e+01   6.8940960e-02
   7.4000000e+01   6.9776334e-02
   7.5000000e+01   7.0610628e-02
   7.6000000e+01   7.1443908e-02
   7.7000000e+01   7.2276250e-02
   7.8000000e+01   7.3107742e-02
   7.9000000e+01   7.3938459e-02
   8.0000000e+01   7.4768491e-02
   8.1000000e+01   7.5597897e-02
   8.2000000e+01   7.6426752e-02
   8.3000000e+01   7.7255115e-02
   8.4000000e+01   7.8083061e-02
   8.5000000e+01   7.8910649e-02
   8.6000000e+01   7.9737946e-02
   8.7000000e+01   8.0565020e-02
   8.8000000e+01   8.1391923e-02
   8.9000000e+01   8.2218722e-02
   9.0000000e+01   8.3045475e-02
   9.1000000e+01   8.3878256e-02
   9.2000000e+01   8.4707029e-02
   9.3000000e+01   8.5531682e-02
   9.4000000e+01   8.6352095e-02
   9.5000000e+01   8.7168157e-02
   9.6000000e+01   8.7979756e-02
   9.7000000e+01   8.8786781e-02
   9.8000000e+01   8.9589141e-02
   9.9000000e+01   9.0386719e-02
   1.0000000e+02   9.1179423e-02
   1.0100000e+02   9.1967158e-02
   1.0200000e+02   9.2749819e-02
   1.0300000e+02   9.3527317e-02
   1.0400000e+02   9.4299562e-02
   1.0500000e+02   9.5066443e-02
   1.0600000e+02   9.5827825e-02
   1.0700000e+02   9.6583650e-02
   1.0800000e+02   9.7333841e-02
   1.0900000e+02   9.8078340e-02
   1.1000000e+02   9.8817080e-02
   1.1100000e+02   9.9550001e-02
   1.1200000e+02   1.0027704e-01
   1.1300000e+02   1.0099816e-01
   1.1400000e+02   1.0171327e-01
   1.1500000e+02   1.0242234e-01
   1.1600000e+02   1.0312532e-01
   1.1700000e+02   1.0382215e-01
   1.1800000e+02   1.0451278e-01
   1.1900000e+02   1.0519717e-01
   1.2000000e+02   1.0587527e-01
   1.2100000e+02   1.0619420e-01
   1.2200000e+02   1.0650495e-01
   1.2300000e+02   1.0680757e-01
   1.2400000e+02   1.0710213e-01
   1.2500000e+02   1.0738873e-01
   1.2600000e+02   1.0766741e-01
   1.2700000e+02   1.0793825e-01
   1.2800000e+02   1.0820132e-01
   1.2900000e+02   1.0845669e-01
   1.3000000e+02   1.0870442e-01
   1.3100000e+02   1.0894457e-01
   1.3200000e+02   1.0917722e-01
   1.3300000e+02   1.0940243e-01
   1.3400000e+02   1.0962027e-01
   1.3500000e+02   1.0983078e-01
   1.3600000e+02   1.1003406e-01
   1.3700000e+02   1.1023015e-01
   1.3800000e+02   1.1041911e-01
   1.3900000e+02   1.1060101e-01
   1.4000000e+02   1.1077591e-01
   1.4100000e+02   1.1094387e-01
   1.4200000e+02   1.1110495e-01
   1.4300000e+02   1.1125921e-01
   1.4400000e+02   1.1140671e-01
   1.4500000e+02   1.1154750e-01
   1.4600000e+02   1.1168165e-01
   1.4700000e+02   1.1180921e-01
   1.4800000e+02   1.1193024e-01
   1.4900000e+02   1.1204479e-01
   1.5000000e+02   1.1215292e-01
   1.5100000e+02   1.1234481e-01
   1.5200000e+02   1.1253255e-01
   1.5300000e+02   1.1271618e-01
   1.5400000e+02   1.1289574e-01
   1.5500000e+02   1.1307129e-01
   1.5600000e+02   1.1324284e-01
   1.5700000e+02   1.1341046e-01
   1.5800000e+02   1.1357418e-01
   1.5900000e+02   1.1373404e-01
   1.6000000e+02   1.1389007e-01
   1.6100000e+02   1.1404216e-01
   1.6200000e+02   1.1419030e-01
   1.6300000e+02   1.1433451e-01
   1.6400000e+02   1.1447478e-01
   1.6500000e+02   1.1461111e-01
   1.6600000e+02   1.1474350e-01
   1.6700000e+02   1.1487196e-01
   1.6800000e+02   1.1499649e-01
   1.6900000e+02   1.1511709e-01
   1.7000000e+02   1.1523377e-01
   1.7100000e+02   1.1534653e-01
   1.7200000e+02   1.1545538e-01
   1.7300000e+02   1.1556032e-01
   1.7400000e+02   1.1566137e-01
   1.7500000e+02   1.1575851e-01
   1.7600000e+02   1.1585177e-01
   1.7700000e+02   1.1594114e-01
   1.7800000e+02   1.1602664e-01
   1.7900000e+02   1.1610827e-01
   1.8000000e+02   1.1618605e-01
   1.8100000e+02   1.1648513e-01
   1.8200000e+02   1.1678294e-01
   1.8300000e+02   1.1707953e-01
   1.8400000e+02   1.1737496e-01
   1.8500000e+02   1.1766925e-01
   1.8600000e+02   1.1796248e-01
   1.8700000e+02   1.1825467e-01
   1.8800000e+02   1.1854586e-01
   1.8900000e+02   1.1883611e-01
   1.9000000e+02   1.1912546e-01
   1.9100000e+02   1.1941393e-01
   1.9200000e+02   1.1970158e-01
   1.9300000e+02   1.1998844e-01
   1.9400000e+02   1.2027456e-01
   1.9500000e+02   1.2055996e-01
   1.9600000e+02   1.2084468e-01
   1.9700000e+02   1.2112878e-01
   1.9800000e+02   1.2141225e-01
   1.9900000e+02   1.2169515e-01
   2.0000000e+02   1.2197747e-01
   2.0100000e+02   1.2225927e-01
   2.0200000e+02   1.2254058e-01
   2.0300000e+02   1.2282144e-01
   2.0400000e+02   1.2310190e-01
   2.0500000e+02   1.2338202e-01
   2.0600000e+02   1.2366180e-01
   2.0700000e+02   1.2394131e-01
   2.0800000e+02   1.2422058e-01
   2.0900000e+02   1.2449964e-01
   2.1000000e+02   1.2477853e-01
   2.1100000e+02   1.2509045e-01
   2.1200000e+02   1.2540305e-01
   2.1300000e+02   1.2571636e-01
   2.1400000e+02   1.2603036e-01
   2.1500000e+02   1.2634505e-01
   2.1600000e+02   1.2666044e-01
   2.1700000e+02   1.2697650e-01
   2.1800000e+02   1.2729327e-01
   2.1900000e+02   1.2761071e-01
   2.2000000e+02   1.2792884e-01
   2.2100000e+02   1.2824765e-01
   2.2200000e+02   1.2856714e-01
   2.2300000e+02   1.2888731e-01
   2.2400000e+02   1.2920815e-01
   2.2500000e+02   1.2952967e-01
   2.2600000e+02   1.2985185e-01
   2.2700000e+02   1.3017471e-01
   2.2800000e+02   1.3049822e-01
   2.2900000e+02   1.3082241e-01
   2.3000000e+02   1.3114725e-01
   2.3100000e+02   1.3147274e-01
   2.3200000e+02   1.3179889e-01
   2.3300000e+02   1.3212571e-01
   2.3400000e+02   1.3245317e-01
   2.3500000e+02   1.3278128e-01
   2.3600000e+02   1.3311003e-01
   2.3700000e+02   1.3343944e-01
   2.3800000e+02   1.3376947e-01
   2.3900000e+02   1.3410014e-01
   2.4000000e+02   1.3443147e-01
   2.4100000e+02   1.3440019e-01
   2.4200000e+02   1.3436855e-01
   2.4300000e+02   1.3433664e-01
   2.4400000e+02   1.3430442e-01
   2.4500000e+02   1.3427198e-01
   2.4600000e+02   1.3423933e-01
   2.4700000e+02   1.3420653e-01
   2.4800000e+02   1.3417359e-01
   2.4900000e+02   1.3414057e-01
   2.5000000e+02   1.3410749e-01
   2.5100000e+02   1.3407439e-01
   2.5200000e+02   1.3404129e-01
   2.5300000e+02   1.3400824e-01
   2.5400000e+02   1.3397525e-01
   2.5500000e+02   1.3394237e-01
   2.5600000e+02   1.3390958e-01
   2.5700000e+02   1.3387693e-01
   2.5800000e+02   1.3384447e-01
   2.5900000e+02   1.3381217e-01
   2.6000000e+02   1.3378012e-01
   2.6100000e+02   1.3374829e-01
   2.6200000e+02   1.3371675e-01
   2.6300000e+02   1.3368550e-01
   2.6400000e+02   1.3365456e-01
   2.6500000e+02   1.3362396e-01
   2.6600000e+02   1.3359374e-01
   2.6700000e+02   1.3356389e-01
   2.6800000e+02   1.3353446e-01
   2.6900000e+02   1.3350546e-01
   2.7000000e+02   1.3347691e-01
   2.7100000e+02   1.3352741e-01
   2.7200000e+02   1.3357487e-01
   2.7300000e+02   1.3361931e-01
   2.7400000e+02   1.3366072e-01
   2.7500000e+02   1.3369913e-01
   2.7600000e+02   1.3373452e-01
   2.7700000e+02   1.3376695e-01
   2.7800000e+02   1.3379638e-01
   2.7900000e+02   1.3382286e-01
   2.8000000e+02   1.3384637e-01
   2.8100000e+02   1.3386694e-01
   2.8200000e+02   1.3388456e-01
   2.8300000e+02   1.3389927e-01
   2.8400000e+02   1.3391106e-01
   2.8500000e+02   1.3391994e-01
   2.8600000e+02   1.3392593e-01
   2.8700000e+02   1.3392903e-01
   2.8800000e+02   1.3392925e-01
   2.8900000e+02   1.3392662e-01
   2.9000000e+02   1.3392112e-01
   2.9100000e+02   1.3391279e-01
   2.9200000e+02   1.3390161e-01
   2.9300000e+02   1.3388763e-01
   2.9400000e+02   1.3387083e-01
   2.9500000e+02   1.3385122e-01
   2.9600000e+02   1.3382883e-01
   2.9700000e+02   1.3380365e-01
   2.9800000e+02   1.3377571e-01
   2.9900000e+02   1.3374501e-01
   3.0000000e+02   1.3371156e-01
   3.0100000e+02   1.3357739e-01
   3.0200000e+02   1.3344495e-01
   3.0300000e+02   1.3331425e-01
   3.0400000e+02   1.3318531e-01
   3.0500000e+02   1.3305813e-01
   3.0600000e+02   1.3293272e-01
   3.0700000e+02   1.3280910e-01
   3.0800000e+02   1.3268727e-01
   3.0900000e+02   1.3256726e-01
   3.1000000e+02   1.3244906e-01
   3.1100000e+02   1.3233270e-01
   3.1200000e+02   1.3221817e-01
   3.1300000e+02   1.3210548e-01
   3.1400000e+02   1.3199465e-01
   3.1500000e+02   1.3188569e-01
   3.1600000e+02   1.3177861e-01
   3.1700000e+02   1.3167341e-01
   3.1800000e+02   1.3157012e-01
   3.1900000e+02   1.3146871e-01
   3.2000000e+02   1.3136922e-01
   3.2100000e+02   1.3127165e-01
   3.2200000e+02   1.3117599e-01
   3.2300000e+02   1.3108230e-01
   3.2400000e+02   1.3099052e-01
   3.2500000e+02   1.3090070e-01
   3.2600000e+02   1.3081284e-01
   3.2700000e+02   1.3072693e-01
   3.2800000e+02   1.3064300e-01
   3.2900000e+02   1.3056105e-01
   3.3000000e+02   1.3048106e-01
   3.3100000e+02   1.3060778e-01
   3.3200000e+02   1.3073388e-01
   3.3300000e+02   1.3085936e-01
   3.3400000e+02   1.3098423e-01
   3.3500000e+02   1.3110851e-01
   3.3600000e+02   1.3123217e-01
   3.3700000e+02   1.3135527e-01
   3.3800000e+02   1.3147777e-01
   3.3900000e+02   1.3159969e-01
   3.4000000e+02   1.3172105e-01
   3.4100000e+02   1.3184182e-01
   3.4200000e+02   1.3196203e-01
   3.4300000e+02   1.3208169e-01
   3.4400000e+02   1.3220081e-01
   3.4500000e+02   1.3231936e-01
   3.4600000e+02   1.3243738e-01
   3.4700000e+02   1.3255486e-01
   3.4800000e+02   1.3267179e-01
   3.4900000e+02   1.3278818e-01
   3.5000000e+02   1.3290401e-01
   3.5100000e+02   1.3301928e-01
   3.5200000e+02   1.3313401e-01
   3.5300000e+02   1.3324818e-01
   3.5400000e+02   1.3336179e-01
   3.5500000e+02   1.3347480e-01
   3.5600000e+02   1.3358724e-01
   3.5700000e+02   1.3369919e-01
   3.5800000e+02   1.3381062e-01
   3.5900000e+02   1.3392159e-01
   2.6219766e-08   1.3403210e-01
