   0.0000000e+00   3.2080929e+01
   1.0000000e+00   1.4666986e+01
   2.0000000e+00   1.4510335e+01
   3.0000000e+00   1.4333967e+01
   4.0000000e+00   1.4151120e+01
   5.0000000e+00   1.3961900e+01
   6.0000000e+00   1.3766369e+01
   7.0000000e+00   1.3564593e+01
   8.0000000e+00   1.3356643e+01
   9.0000000e+00   1.3142584e+01
   1.0000000e+01   1.2922504e+01
   1.1000000e+01   1.2696497e+01
   1.2000000e+01   1.2464644e+01
   1.3000000e+01   1.2227038e+01
   1.4000000e+01   1.1983785e+01
   1.5000000e+01   1.1734986e+01
   1.6000000e+01   1.1480716e+01
   1.7000000e+01   1.1221107e+01
   1.8000000e+01   1.0956271e+01
   1.9000000e+01   1.0686337e+01
   2.0000000e+01   1.0411404e+01
   2.1000000e+01   1.0131597e+01
   2.2000000e+01   9.8470526e+00
   2.3000000e+01   9.5579109e+00
   2.4000000e+01   9.2643108e+00
   2.5000000e+01   8.9663944e+00
   2.6000000e+01   8.6643076e+00
   2.7000000e+01   8.3582134e+00
   2.8000000e+01   8.0482664e+00
   2.9000000e+01   7.7346172e+00
   3.0000000e+01   7.4174232e+00
   3.1000000e+01   7.0759583e+00
   3.2000000e+01   6.7300997e+00
   3.3000000e+01   6.3800402e+00
   3.4000000e+01   6.0259705e+00
   3.5000000e+01   5.6680932e+00
   3.6000000e+01   5.3066087e+00
   3.7000000e+01   4.9417205e+00
   3.8000000e+01   4.5736351e+00
   3.9000000e+01   4.2025642e+00
   4.0000000e+01   3.8287106e+00
   4.1000000e+01   3.4522793e+00
   4.2000000e+01   3.0734780e+00
   4.3000000e+01   2.6925151e+00
   4.4000000e+01   2.3095961e+00
   4.5000000e+01   1.9249307e+00
   4.6000000e+01   1.5387303e+00
   4.7000000e+01   1.1511981e+00
   4.8000000e+01   7.6253057e-01
   4.9000000e+01   3.7292930e-01
   5.0000000e+01  -1.7404169e-02
   5.1000000e+01  -4.0827438e-01
   5.2000000e+01  -7.9948545e-01
   5.3000000e+01  -1.1908388e+00
   5.4000000e+01  -1.5821420e+00
   5.5000000e+01  -1.9732063e+00
   5.6000000e+01  -2.3638470e+00
   5.7000000e+01  -2.7538850e+00
   5.8000000e+01  -3.1431408e+00
   5.9000000e+01  -3.5314391e+00
   6.0000000e+01  -3.9186103e+00
   6.1000000e+01  -4.2829757e+00
   6.2000000e+01  -4.6476779e+00
   6.3000000e+01  -5.0124574e+00
   6.4000000e+01  -5.3770647e+00
   6.5000000e+01  -5.7412591e+00
   6.6000000e+01  -6.1048093e+00
   6.7000000e+01  -6.4674897e+00
   6.8000000e+01  -6.8290815e+00
   6.9000000e+01  -7.1893744e+00
   7.0000000e+01  -7.5481663e+00
   7.1000000e+01  -7.9052634e+00
   7.2000000e+01  -8.2604828e+00
   7.3000000e+01  -8.6136513e+00
   7.4000000e+01  -8.9645967e+00
   7.5000000e+01  -9.3131590e+00
   7.6000000e+01  -9.6591873e+00
   7.7000000e+01  -1.0002561e+01
   7.8000000e+01  -1.0343113e+01
   7.9000000e+01  -1.0680717e+01
   8.0000000e+01  -1.1015245e+01
   8.1000000e+01  -1.1346584e+01
   8.2000000e+01  -1.1674622e+01
   8.3000000e+01  -1.1999253e+01
   8.4000000e+01  -1.2320379e+01
   8.5000000e+01  -1.2637908e+01
   8.6000000e+01  -1.2951785e+01
   8.7000000e+01  -1.3262004e+01
   8.8000000e+01  -1.3568279e+01
   8.9000000e+01  -1.3870539e+01
   9.0000000e+01  -1.4168715e+01
   9.1000000e+01  -1.4326933e+01
   9.2000000e+01  -1.4479264e+01
   9.3000000e+01  -1.4625791e+01
   9.4000000e+01  -1.4766588e+01
   9.5000000e+01  -1.4901736e+01
   9.6000000e+01  -1.5031311e+01
   9.7000000e+01  -1.5155388e+01
   9.8000000e+01  -1.5274039e+01
   9.9000000e+01  -1.5387336e+01
   1.0000000e+02  -1.5495348e+01
   1.0100000e+02  -1.5598143e+01
   1.0200000e+02  -1.5695786e+01
   1.0300000e+02  -1.5788340e+01
   1.0400000e+02  -1.5875867e+01
   1.0500000e+02  -1.5958429e+01
   1.0600000e+02  -1.6036083e+01
   1.0700000e+02  -1.6108889e+01
   1.0800000e+02  -1.6176903e+01
   1.0900000e+02  -1.6240192e+01
   1.1000000e+02  -1.6298796e+01
   1.1100000e+02  -1.6352762e+01
   1.1200000e+02  -1.6402143e+01
   1.1300000e+02  -1.6446985e+01
   1.1400000e+02  -1.6487335e+01
   1.1500000e+02  -1.6523237e+01
   1.1600000e+02  -1.6554733e+01
   1.1700000e+02  -1.6581865e+01
   1.1800000e+02  -1.6604677e+01
   1.1900000e+02  -1.6623211e+01
   1.2000000e+02  -1.6637503e+01
   1.2100000e+02  -1.6633377e+01
   1.2200000e+02  -1.6624205e+01
   1.2300000e+02  -1.6610054e+01
   1.2400000e+02  -1.6590988e+01
   1.2500000e+02  -1.6567062e+01
   1.2600000e+02  -1.6538330e+01
   1.2700000e+02  -1.6504860e+01
   1.2800000e+02  -1.6466707e+01
   1.2900000e+02  -1.6423922e+01
   1.3000000e+02  -1.6376553e+01
   1.3100000e+02  -1.6324644e+01
   1.3200000e+02  -1.6268242e+01
   1.3300000e+02  -1.6207390e+01
   1.3400000e+02  -1.6142126e+01
   1.3500000e+02  -1.6072489e+01
   1.3600000e+02  -1.5998517e+01
   1.3700000e+02  -1.5920243e+01
   1.3800000e+02  -1.5837700e+01
   1.3900000e+02  -1.5750918e+01
   1.4000000e+02  -1.5659928e+01
   1.4100000e+02  -1.5564758e+01
   1.4200000e+02  -1.5465433e+01
   1.4300000e+02  -1.5361978e+01
   1.4400000e+02  -1.5254416e+01
   1.4500000e+02  -1.5142771e+01
   1.4600000e+02  -1.5027061e+01
   1.4700000e+02  -1.4907306e+01
   1.4800000e+02  -1.4783525e+01
   1.4900000e+02  -1.4655734e+01
   1.5000000e+02  -1.4523950e+01
   1.5100000e+02  -1.4578502e+01
   1.5200000e+02  -1.4630488e+01
   1.5300000e+02  -1.4679905e+01
   1.5400000e+02  -1.4726745e+01
   1.5500000e+02  -1.4771005e+01
   1.5600000e+02  -1.4812681e+01
   1.5700000e+02  -1.4851773e+01
   1.5800000e+02  -1.4888280e+01
   1.5900000e+02  -1.4922201e+01
   1.6000000e+02  -1.4953539e+01
   1.6100000e+02  -1.4982295e+01
   1.6200000e+02  -1.5008473e+01
   1.6300000e+02  -1.5032079e+01
   1.6400000e+02  -1.5053115e+01
   1.6500000e+02  -1.5071588e+01
   1.6600000e+02  -1.5087503e+01
   1.6700000e+02  -1.5100870e+01
   1.6800000e+02  -1.5111693e+01
   1.6900000e+02  -1.5119983e+01
   1.7000000e+02  -1.5125747e+01
   1.7100000e+02  -1.5128995e+01
   1.7200000e+02  -1.5129736e+01
   1.7300000e+02  -1.5127980e+01
   1.7400000e+02  -1.5123739e+01
   1.7500000e+02  -1.5117023e+01
   1.7600000e+02  -1.5107843e+01
   1.7700000e+02  -1.5096211e+01
   1.7800000e+02  -1.5082141e+01
   1.7900000e+02  -1.5065643e+01
   1.8000000e+02  -1.5046731e+01
   1.8100000e+02  -1.5030370e+01
   1.8200000e+02  -1.5011715e+01
   1.8300000e+02  -1.4990783e+01
   1.8400000e+02  -1.4967590e+01
   1.8500000e+02  -1.4942155e+01
   1.8600000e+02  -1.4914493e+01
   1.8700000e+02  -1.4884622e+01
   1.8800000e+02  -1.4852559e+01
   1.8900000e+02  -1.4818323e+01
   1.9000000e+02  -1.4781932e+01
   1.9100000e+02  -1.4743402e+01
   1.9200000e+02  -1.4702752e+01
   1.9300000e+02  -1.4660000e+01
   1.9400000e+02  -1.4615166e+01
   1.9500000e+02  -1.4568267e+01
   1.9600000e+02  -1.4519323e+01
   1.9700000e+02  -1.4468354e+01
   1.9800000e+02  -1.4415378e+01
   1.9900000e+02  -1.4360415e+01
   2.0000000e+02  -1.4303484e+01
   2.0100000e+02  -1.4244608e+01
   2.0200000e+02  -1.4183805e+01
   2.0300000e+02  -1.4121098e+01
   2.0400000e+02  -1.4056336e+01
   2.0500000e+02  -1.3989616e+01
   2.0600000e+02  -1.3921174e+01
   2.0700000e+02  -1.3851034e+01
   2.0800000e+02  -1.3779217e+01
   2.0900000e+02  -1.3705745e+01
   2.1000000e+02  -1.3630641e+01
   2.1100000e+02  -1.3489130e+01
   2.1200000e+02  -1.3345401e+01
   2.1300000e+02  -1.3199467e+01
   2.1400000e+02  -1.3051345e+01
   2.1500000e+02  -1.2901052e+01
   2.1600000e+02  -1.2748602e+01
   2.1700000e+02  -1.2594013e+01
   2.1800000e+02  -1.2437304e+01
   2.1900000e+02  -1.2278493e+01
   2.2000000e+02  -1.2117599e+01
   2.2100000e+02  -1.1954642e+01
   2.2200000e+02  -1.1789642e+01
   2.2300000e+02  -1.1622622e+01
   2.2400000e+02  -1.1453603e+01
   2.2500000e+02  -1.1282608e+01
   2.2600000e+02  -1.1109662e+01
   2.2700000e+02  -1.0934790e+01
   2.2800000e+02  -1.0758017e+01
   2.2900000e+02  -1.0579370e+01
   2.3000000e+02  -1.0398878e+01
   2.3100000e+02  -1.0216570e+01
   2.3200000e+02  -1.0032474e+01
   2.3300000e+02  -9.8466225e+00
   2.3400000e+02  -9.6590490e+00
   2.3500000e+02  -9.4697847e+00
   2.3600000e+02  -9.2788668e+00
   2.3700000e+02  -9.0863304e+00
   2.3800000e+02  -8.8922119e+00
   2.3900000e+02  -8.6965513e+00
   2.4000000e+02  -8.4993877e+00
   2.4100000e+02  -8.1344376e+00
   2.4200000e+02  -7.7671413e+00
   2.4300000e+02  -7.3975554e+00
   2.4400000e+02  -7.0257382e+00
   2.4500000e+02  -6.6517506e+00
   2.4600000e+02  -6.2756577e+00
   2.4700000e+02  -5.8975248e+00
   2.4800000e+02  -5.5174217e+00
   2.4900000e+02  -5.1354203e+00
   2.5000000e+02  -4.7515960e+00
   2.5100000e+02  -4.3660254e+00
   2.5200000e+02  -3.9787891e+00
   2.5300000e+02  -3.5899696e+00
   2.5400000e+02  -3.1996529e+00
   2.5500000e+02  -2.8079269e+00
   2.5600000e+02  -2.4148829e+00
   2.5700000e+02  -2.0206141e+00
   2.5800000e+02  -1.6252168e+00
   2.5900000e+02  -1.2287898e+00
   2.6000000e+02  -8.3143437e-01
   2.6100000e+02  -4.3325406e-01
   2.6200000e+02  -3.4355119e-02
   2.6300000e+02   3.6515388e-01
   2.6400000e+02   7.6516211e-01
   2.6500000e+02   1.1655567e+00
   2.6600000e+02   1.5662225e+00
   2.6700000e+02   1.9670422e+00
   2.6800000e+02   2.3678968e+00
   2.6900000e+02   2.7686656e+00
   2.7000000e+02   3.1692252e+00
   2.7100000e+02   3.4972365e+00
   2.7200000e+02   3.8251066e+00
   2.7300000e+02   4.1527276e+00
   2.7400000e+02   4.4799886e+00
   2.7500000e+02   4.8067780e+00
   2.7600000e+02   5.1329823e+00
   2.7700000e+02   5.4584870e+00
   2.7800000e+02   5.7831759e+00
   2.7900000e+02   6.1069317e+00
   2.8000000e+02   6.4296350e+00
   2.8100000e+02   6.7511673e+00
   2.8200000e+02   7.0714064e+00
   2.8300000e+02   7.3902321e+00
   2.8400000e+02   7.7075205e+00
   2.8500000e+02   8.0231485e+00
   2.8600000e+02   8.3369932e+00
   2.8700000e+02   8.6489286e+00
   2.8800000e+02   8.9588318e+00
   2.8900000e+02   9.2665749e+00
   2.9000000e+02   9.5720339e+00
   2.9100000e+02   9.8750820e+00
   2.9200000e+02   1.0175594e+01
   2.9300000e+02   1.0473446e+01
   2.9400000e+02   1.0768510e+01
   2.9500000e+02   1.1060661e+01
   2.9600000e+02   1.1349776e+01
   2.9700000e+02   1.1635729e+01
   2.9800000e+02   1.1918397e+01
   2.9900000e+02   1.2197656e+01
   3.0000000e+02   1.2473384e+01
   3.0100000e+02   1.2697883e+01
   3.0200000e+02   1.2918537e+01
   3.0300000e+02   1.3135232e+01
   3.0400000e+02   1.3347851e+01
   3.0500000e+02   1.3556281e+01
   3.0600000e+02   1.3760407e+01
   3.0700000e+02   1.3960117e+01
   3.0800000e+02   1.4155301e+01
   3.0900000e+02   1.4345846e+01
   3.1000000e+02   1.4531646e+01
   3.1100000e+02   1.4712590e+01
   3.1200000e+02   1.4888574e+01
   3.1300000e+02   1.5059492e+01
   3.1400000e+02   1.5225242e+01
   3.1500000e+02   1.5385720e+01
   3.1600000e+02   1.5540829e+01
   3.1700000e+02   1.5690469e+01
   3.1800000e+02   1.5834544e+01
   3.1900000e+02   1.5972960e+01
   3.2000000e+02   1.6105625e+01
   3.2100000e+02   1.6232447e+01
   3.2200000e+02   1.6353338e+01
   3.2300000e+02   1.6468214e+01
   3.2400000e+02   1.6576990e+01
   3.2500000e+02   1.6679583e+01
   3.2600000e+02   1.6775917e+01
   3.2700000e+02   1.6865913e+01
   3.2800000e+02   1.6949499e+01
   3.2900000e+02   1.7026602e+01
   3.3000000e+02   1.7097153e+01
   3.3100000e+02   1.7133261e+01
   3.3200000e+02   1.7162584e+01
   3.3300000e+02   1.7185061e+01
   3.3400000e+02   1.7200626e+01
   3.3500000e+02   1.7209229e+01
   3.3600000e+02   1.7210812e+01
   3.3700000e+02   1.7205324e+01
   3.3800000e+02   1.7192719e+01
   3.3900000e+02   1.7172951e+01
   3.4000000e+02   1.7145981e+01
   3.4100000e+02   1.7111771e+01
   3.4200000e+02   1.7070288e+01
   3.4300000e+02   1.7021502e+01
   3.4400000e+02   1.6965387e+01
   3.4500000e+02   1.6901922e+01
   3.4600000e+02   1.6831087e+01
   3.4700000e+02   1.6752871e+01
   3.4800000e+02   1.6667263e+01
   3.4900000e+02   1.6574257e+01
   3.5000000e+02   1.6473854e+01
   3.5100000e+02   1.6366058e+01
   3.5200000e+02   1.6250877e+01
   3.5300000e+02   1.6128325e+01
   3.5400000e+02   1.5998419e+01
   3.5500000e+02   1.5861182e+01
   3.5600000e+02   1.5716644e+01
   3.5700000e+02   1.5564837e+01
   3.5800000e+02   1.5405799e+01
   3.5900000e+02   1.5239574e+01
   7.1133672e-07   1.5066213e+01
   1.0000007e+00   1.4859478e+01
   2.0000007e+00   1.4645550e+01
   3.0000007e+00   1.4424492e+01
   4.0000010e+00   1.4196378e+01
   5.0000010e+00   1.3961284e+01
   6.0000010e+00   1.3719294e+01
   7.0000010e+00   1.3470498e+01
   8.0000010e+00   1.3214992e+01
   9.0000010e+00   1.2952876e+01
   1.0000001e+01   1.2684261e+01
   1.1000001e+01   1.2409260e+01
   1.2000001e+01   1.2127993e+01
   1.3000001e+01   1.1840586e+01
   1.4000001e+01   1.1547172e+01
   1.5000001e+01   1.1247889e+01
   1.6000000e+01   1.0942880e+01
   1.7000000e+01   1.0632296e+01
   1.8000000e+01   1.0316291e+01
   1.9000000e+01   9.9950256e+00
   2.0000000e+01   9.6686659e+00
   2.1000000e+01   9.3373833e+00
   2.2000000e+01   9.0013514e+00
   2.3000000e+01   8.6607523e+00
   2.4000000e+01   8.3157701e+00
   2.5000000e+01   7.9665933e+00
   2.6000000e+01   7.6134152e+00
   2.7000000e+01   7.2564316e+00
   2.8000000e+01   6.8958430e+00
   2.9000000e+01   6.5318513e+00
   3.0000000e+01   6.1646628e+00
   3.1000000e+01   5.7156301e+00
   3.2000000e+01   5.2632880e+00
   3.3000000e+01   4.8078823e+00
   3.4000000e+01   4.3496623e+00
   3.5000000e+01   3.8888795e+00
   3.6000000e+01   3.4257874e+00
   3.7000000e+01   2.9606407e+00
   3.8000000e+01   2.4936957e+00
   3.9000000e+01   2.0252090e+00
   4.0000000e+01   1.5554368e+00
   4.1000000e+01   1.0846357e+00
   4.2000000e+01   6.1306089e-01
   4.3000000e+01   1.4096600e-01
   4.4000000e+01  -3.3139703e-01
   4.5000000e+01  -8.0377865e-01
   4.6000000e+01  -1.2759322e+00
   4.7000000e+01  -1.7476141e+00
   4.8000000e+01  -2.2185848e+00
   4.9000000e+01  -2.6886084e+00
   5.0000000e+01  -3.1574540e+00
   5.1000000e+01  -3.6248951e+00
   5.2000000e+01  -4.0907106e+00
   5.3000000e+01  -4.5546846e+00
   5.4000000e+01  -5.0166073e+00
   5.5000000e+01  -5.4762754e+00
   5.6000000e+01  -5.9334912e+00
   5.7000000e+01  -6.3880634e+00
   5.8000000e+01  -6.8398080e+00
   5.9000000e+01  -7.2885480e+00
   6.0000000e+01  -7.7341127e+00
   6.1000000e+01  -8.1026325e+00
   6.2000000e+01  -8.4681044e+00
   6.3000000e+01  -8.8303995e+00
   6.4000000e+01  -9.1893978e+00
   6.5000000e+01  -9.5449858e+00
   6.6000000e+01  -9.8970518e+00
   6.7000000e+01  -1.0245495e+01
   6.8000000e+01  -1.0590216e+01
   6.9000000e+01  -1.0931124e+01
   7.0000000e+01  -1.1268133e+01
   7.1000000e+01  -1.1601162e+01
   7.2000000e+01  -1.1930137e+01
   7.3000000e+01  -1.2254986e+01
   7.4000000e+01  -1.2575647e+01
   7.5000000e+01  -1.2892059e+01
   7.6000000e+01  -1.3204170e+01
   7.7000000e+01  -1.3511929e+01
   7.8000000e+01  -1.3815291e+01
   7.9000000e+01  -1.4114218e+01
   8.0000000e+01  -1.4408672e+01
   8.1000000e+01  -1.4698624e+01
   8.2000000e+01  -1.4984046e+01
   8.3000000e+01  -1.5264915e+01
   8.4000000e+01  -1.5541212e+01
   8.5000000e+01  -1.5812922e+01
   8.6000000e+01  -1.6080032e+01
   8.7000000e+01  -1.6342535e+01
   8.8000000e+01  -1.6600426e+01
   8.9000000e+01  -1.6853701e+01
   9.0000000e+01  -1.7102362e+01
   9.1000000e+01  -1.7141104e+01
   9.2000000e+01  -1.7177055e+01
   9.3000000e+01  -1.7210203e+01
   9.4000000e+01  -1.7240538e+01
   9.5000000e+01  -1.7268047e+01
   9.6000000e+01  -1.7292725e+01
   9.7000000e+01  -1.7314560e+01
   9.8000000e+01  -1.7333546e+01
   9.9000000e+01  -1.7349676e+01
   1.0000000e+02  -1.7362946e+01
   1.0100000e+02  -1.7373346e+01
   1.0200000e+02  -1.7380873e+01
   1.0300000e+02  -1.7385523e+01
   1.0400000e+02  -1.7387291e+01
   1.0500000e+02  -1.7386173e+01
   1.0600000e+02  -1.7382166e+01
   1.0700000e+02  -1.7375265e+01
   1.0800000e+02  -1.7365471e+01
   1.0900000e+02  -1.7352777e+01
   1.1000000e+02  -1.7337185e+01
   1.1100000e+02  -1.7318691e+01
   1.1200000e+02  -1.7297293e+01
   1.1300000e+02  -1.7272991e+01
   1.1400000e+02  -1.7245781e+01
   1.1500000e+02  -1.7215664e+01
   1.1600000e+02  -1.7182636e+01
   1.1700000e+02  -1.7146698e+01
   1.1800000e+02  -1.7107849e+01
   1.1900000e+02  -1.7066088e+01
   1.2000000e+02  -1.7021414e+01
   1.2100000e+02  -1.6955853e+01
   1.2200000e+02  -1.6887472e+01
   1.2300000e+02  -1.6816263e+01
   1.2400000e+02  -1.6742216e+01
   1.2500000e+02  -1.6665321e+01
   1.2600000e+02  -1.6585569e+01
   1.2700000e+02  -1.6502949e+01
   1.2800000e+02  -1.6417452e+01
   1.2900000e+02  -1.6329067e+01
   1.3000000e+02  -1.6237785e+01
   1.3100000e+02  -1.6143599e+01
   1.3200000e+02  -1.6046494e+01
   1.3300000e+02  -1.5946463e+01
   1.3400000e+02  -1.5843494e+01
   1.3500000e+02  -1.5737580e+01
   1.3600000e+02  -1.5628710e+01
   1.3700000e+02  -1.5516871e+01
   1.3800000e+02  -1.5402056e+01
   1.3900000e+02  -1.5284253e+01
   1.4000000e+02  -1.5163451e+01
   1.4100000e+02  -1.5039640e+01
   1.4200000e+02  -1.4912810e+01
   1.4300000e+02  -1.4782949e+01
   1.4400000e+02  -1.4650047e+01
   1.4500000e+02  -1.4514092e+01
   1.4600000e+02  -1.4375074e+01
   1.4700000e+02  -1.4232982e+01
   1.4800000e+02  -1.4087803e+01
   1.4900000e+02  -1.3939527e+01
   1.5000000e+02  -1.3788142e+01
   1.5100000e+02  -1.3871173e+01
   1.5200000e+02  -1.3950459e+01
   1.5300000e+02  -1.4026035e+01
   1.5400000e+02  -1.4097940e+01
   1.5500000e+02  -1.4166210e+01
   1.5600000e+02  -1.4230883e+01
   1.5700000e+02  -1.4291991e+01
   1.5800000e+02  -1.4349572e+01
   1.5900000e+02  -1.4403661e+01
   1.6000000e+02  -1.4454292e+01
   1.6100000e+02  -1.4501499e+01
   1.6200000e+02  -1.4545316e+01
   1.6300000e+02  -1.4585776e+01
   1.6400000e+02  -1.4622912e+01
   1.6500000e+02  -1.4656757e+01
   1.6600000e+02  -1.4687343e+01
   1.6700000e+02  -1.4714701e+01
   1.6800000e+02  -1.4738861e+01
   1.6900000e+02  -1.4759856e+01
   1.7000000e+02  -1.4777717e+01
   1.7100000e+02  -1.4792471e+01
   1.7200000e+02  -1.4804151e+01
   1.7300000e+02  -1.4812784e+01
   1.7400000e+02  -1.4818400e+01
   1.7500000e+02  -1.4821028e+01
   1.7600000e+02  -1.4820696e+01
   1.7700000e+02  -1.4817432e+01
   1.7800000e+02  -1.4811264e+01
   1.7900000e+02  -1.4802219e+01
   1.8000000e+02  -1.4790324e+01
   1.8100000e+02  -1.4805393e+01
   1.8200000e+02  -1.4817731e+01
   1.8300000e+02  -1.4827369e+01
   1.8400000e+02  -1.4834336e+01
   1.8500000e+02  -1.4838662e+01
   1.8600000e+02  -1.4840378e+01
   1.8700000e+02  -1.4839512e+01
   1.8800000e+02  -1.4836094e+01
   1.8900000e+02  -1.4830153e+01
   1.9000000e+02  -1.4821717e+01
   1.9100000e+02  -1.4810818e+01
   1.9200000e+02  -1.4797483e+01
   1.9300000e+02  -1.4781741e+01
   1.9400000e+02  -1.4763622e+01
   1.9500000e+02  -1.4743155e+01
   1.9600000e+02  -1.4720368e+01
   1.9700000e+02  -1.4695291e+01
   1.9800000e+02  -1.4667952e+01
   1.9900000e+02  -1.4638380e+01
   2.0000000e+02  -1.4606606e+01
   2.0100000e+02  -1.4572658e+01
   2.0200000e+02  -1.4536566e+01
   2.0300000e+02  -1.4498359e+01
   2.0400000e+02  -1.4458067e+01
   2.0500000e+02  -1.4415721e+01
   2.0600000e+02  -1.4371350e+01
   2.0700000e+02  -1.4324986e+01
   2.0800000e+02  -1.4276658e+01
   2.0900000e+02  -1.4226398e+01
   2.1000000e+02  -1.4174237e+01
   2.1100000e+02  -1.4039012e+01
   2.1200000e+02  -1.3901466e+01
   2.1300000e+02  -1.3761618e+01
   2.1400000e+02  -1.3619482e+01
   2.1500000e+02  -1.3475077e+01
   2.1600000e+02  -1.3328419e+01
   2.1700000e+02  -1.3179527e+01
   2.1800000e+02  -1.3028419e+01
   2.1900000e+02  -1.2875116e+01
   2.2000000e+02  -1.2719637e+01
   2.2100000e+02  -1.2562001e+01
   2.2200000e+02  -1.2402232e+01
   2.2300000e+02  -1.2240352e+01
   2.2400000e+02  -1.2076381e+01
   2.2500000e+02  -1.1910345e+01
   2.2600000e+02  -1.1742270e+01
   2.2700000e+02  -1.1572178e+01
   2.2800000e+02  -1.1400097e+01
   2.2900000e+02  -1.1226055e+01
   2.3000000e+02  -1.1050079e+01
   2.3100000e+02  -1.0872201e+01
   2.3200000e+02  -1.0692448e+01
   2.3300000e+02  -1.0510854e+01
   2.3400000e+02  -1.0327450e+01
   2.3500000e+02  -1.0142271e+01
   2.3600000e+02  -9.9553518e+00
   2.3700000e+02  -9.7667294e+00
   2.3800000e+02  -9.5764399e+00
   2.3900000e+02  -9.3845234e+00
   2.4000000e+02  -9.1910191e+00
   2.4100000e+02  -8.8123083e+00
   2.4200000e+02  -8.4312725e+00
   2.4300000e+02  -8.0479660e+00
   2.4400000e+02  -7.6624460e+00
   2.4500000e+02  -7.2747717e+00
   2.4600000e+02  -6.8850069e+00
   2.4700000e+02  -6.4932170e+00
   2.4800000e+02  -6.0994711e+00
   2.4900000e+02  -5.7038403e+00
   2.5000000e+02  -5.3063993e+00
   2.5100000e+02  -4.9072261e+00
   2.5200000e+02  -4.5064011e+00
   2.5300000e+02  -4.1040068e+00
   2.5400000e+02  -3.7001302e+00
   2.5500000e+02  -3.2948606e+00
   2.5600000e+02  -2.8882897e+00
   2.5700000e+02  -2.4805126e+00
   2.5800000e+02  -2.0716269e+00
   2.5900000e+02  -1.6617333e+00
   2.6000000e+02  -1.2509347e+00
   2.6100000e+02  -8.3933711e-01
   2.6200000e+02  -4.2704892e-01
   2.6300000e+02  -1.4181107e-02
   2.6400000e+02   3.9915287e-01
   2.6500000e+02   8.1283724e-01
   2.6600000e+02   1.2267540e+00
   2.6700000e+02   1.6407826e+00
   2.6800000e+02   2.0548010e+00
   2.6900000e+02   2.4686844e+00
   2.7000000e+02   2.8823066e+00
   2.7100000e+02   3.2226059e+00
   2.7200000e+02   3.5626755e+00
   2.7300000e+02   3.9024038e+00
   2.7400000e+02   4.2416778e+00
   2.7500000e+02   4.5803819e+00
   2.7600000e+02   4.9183998e+00
   2.7700000e+02   5.2556143e+00
   2.7800000e+02   5.5919056e+00
   2.7900000e+02   5.9271531e+00
   2.8000000e+02   6.2612352e+00
   2.8100000e+02   6.5940289e+00
   2.8200000e+02   6.9254103e+00
   2.8300000e+02   7.2552547e+00
   2.8400000e+02   7.5834360e+00
   2.8500000e+02   7.9098287e+00
   2.8600000e+02   8.2343054e+00
   2.8700000e+02   8.5567389e+00
   2.8800000e+02   8.8770008e+00
   2.8900000e+02   9.1949635e+00
   2.9000000e+02   9.5104990e+00
   2.9100000e+02   9.8234777e+00
   2.9200000e+02   1.0133773e+01
   2.9300000e+02   1.0441255e+01
   2.9400000e+02   1.0745796e+01
   2.9500000e+02   1.1047270e+01
   2.9600000e+02   1.1345549e+01
   2.9700000e+02   1.1640506e+01
   2.9800000e+02   1.1932015e+01
   2.9900000e+02   1.2219952e+01
   3.0000000e+02   1.2504191e+01
   3.0100000e+02   1.2734109e+01
   3.0200000e+02   1.2960069e+01
   3.0300000e+02   1.3181952e+01
   3.0400000e+02   1.3399645e+01
   3.0500000e+02   1.3613027e+01
   3.0600000e+02   1.3821983e+01
   3.0700000e+02   1.4026402e+01
   3.0800000e+02   1.4226167e+01
   3.0900000e+02   1.4421167e+01
   3.1000000e+02   1.4611292e+01
   3.1100000e+02   1.4796432e+01
   3.1200000e+02   1.4976480e+01
   3.1300000e+02   1.5151330e+01
   3.1400000e+02   1.5320875e+01
   3.1500000e+02   1.5485014e+01
   3.1600000e+02   1.5643645e+01
   3.1700000e+02   1.5796670e+01
   3.1800000e+02   1.5943990e+01
   3.1900000e+02   1.6085510e+01
   3.2000000e+02   1.6221136e+01
   3.2100000e+02   1.6350779e+01
   3.2200000e+02   1.6474346e+01
   3.2300000e+02   1.6591753e+01
   3.2400000e+02   1.6702915e+01
   3.2500000e+02   1.6807751e+01
   3.2600000e+02   1.6906179e+01
   3.2700000e+02   1.6998125e+01
   3.2800000e+02   1.7083513e+01
   3.2900000e+02   1.7162270e+01
   3.3000000e+02   1.7234327e+01
   3.3100000e+02   1.7270523e+01
   3.3200000e+02   1.7299793e+01
   3.3300000e+02   1.7322073e+01
   3.3400000e+02   1.7337303e+01
   3.3500000e+02   1.7345423e+01
   3.3600000e+02   1.7346378e+01
   3.3700000e+02   1.7340120e+01
   3.3800000e+02   1.7326597e+01
   3.3900000e+02   1.7305765e+01
   3.4000000e+02   1.7277584e+01
   3.4100000e+02   1.7242016e+01
   3.4200000e+02   1.7199028e+01
   3.4300000e+02   1.7148586e+01
   3.4400000e+02   1.7090670e+01
   3.4500000e+02   1.7025253e+01
   3.4600000e+02   1.6952320e+01
   3.4700000e+02   1.6871857e+01
   3.4800000e+02   1.6783855e+01
   3.4900000e+02   1.6688307e+01
   3.5000000e+02   1.6585217e+01
   3.5100000e+02   1.6474585e+01
   3.5200000e+02   1.6356424e+01
   3.5300000e+02   1.6230747e+01
   3.5400000e+02   1.6097572e+01
   3.5500000e+02   1.5956925e+01
   3.5600000e+02   1.5808836e+01
   3.5700000e+02   1.5653338e+01
   3.5800000e+02   1.5490473e+01
   3.5900000e+02   1.5320284e+01
   1.4226848e-06   1.5142824e+01
