   0.0000000e+00   1.3313273e+04
   1.0000000e+00   1.3871792e+04
   2.0000000e+00   1.3847096e+04
   3.0000000e+00   1.3824210e+04
   4.0000000e+00   1.3802107e+04
   5.0000000e+00   1.3780801e+04
   6.0000000e+00   1.3760308e+04
   7.0000000e+00   1.3740646e+04
   8.0000000e+00   1.3721836e+04
   9.0000000e+00   1.3703896e+04
   1.0000000e+01   1.3686849e+04
   1.1000000e+01   1.3670719e+04
   1.2000000e+01   1.3655530e+04
   1.3000000e+01   1.3641306e+04
   1.4000000e+01   1.3628066e+04
   1.5000000e+01   1.3615836e+04
   1.6000000e+01   1.3604627e+04
   1.7000000e+01   1.3594443e+04
   1.8000000e+01   1.3585297e+04
   1.9000000e+01   1.3577202e+04
   2.0000000e+01   1.3570164e+04
   2.1000000e+01   1.3564184e+04
   2.2000000e+01   1.3559271e+04
   2.3000000e+01   1.3555438e+04
   2.4000000e+01   1.3552699e+04
   2.5000000e+01   1.3551063e+04
   2.6000000e+01   1.3550543e+04
   2.7000000e+01   1.3551151e+04
   2.8000000e+01   1.3552904e+04
   2.9000000e+01   1.3555813e+04
   3.0000000e+01   1.3559886e+04
   3.1000000e+01   1.3563229e+04
   3.2000000e+01   1.3567699e+04
   3.3000000e+01   1.3573308e+04
   3.4000000e+01   1.3580063e+04
   3.5000000e+01   1.3587979e+04
   3.6000000e+01   1.3597065e+04
   3.7000000e+01   1.3607331e+04
   3.8000000e+01   1.3618787e+04
   3.9000000e+01   1.3631444e+04
   4.0000000e+01   1.3645310e+04
   4.1000000e+01   1.3660388e+04
   4.2000000e+01   1.3676685e+04
   4.3000000e+01   1.3694202e+04
   4.4000000e+01   1.3712943e+04
   4.5000000e+01   1.3732910e+04
   4.6000000e+01   1.3754107e+04
   4.7000000e+01   1.3776531e+04
   4.8000000e+01   1.3800180e+04
   4.9000000e+01   1.3825047e+04
   5.0000000e+01   1.3851127e+04
   5.1000000e+01   1.3878422e+04
   5.2000000e+01   1.3906921e+04
   5.3000000e+01   1.3936619e+04
   5.4000000e+01   1.3967509e+04
   5.5000000e+01   1.3999577e+04
   5.6000000e+01   1.4032815e+04
   5.7000000e+01   1.4067209e+04
   5.8000000e+01   1.4102746e+04
   5.9000000e+01   1.4139413e+04
   6.0000000e+01   1.4177195e+04
   6.1000000e+01   1.4204186e+04
   6.2000000e+01   1.4232363e+04
   6.3000000e+01   1.4261709e+04
   6.4000000e+01   1.4292202e+04
   6.5000000e+01   1.4323821e+04
   6.6000000e+01   1.4356542e+04
   6.7000000e+01   1.4390343e+04
   6.8000000e+01   1.4425199e+04
   6.9000000e+01   1.4461090e+04
   7.0000000e+01   1.4497986e+04
   7.1000000e+01   1.4535864e+04
   7.2000000e+01   1.4574695e+04
   7.3000000e+01   1.4614451e+04
   7.4000000e+01   1.4655104e+04
   7.5000000e+01   1.4696623e+04
   7.6000000e+01   1.4738984e+04
   7.7000000e+01   1.4782159e+04
   7.8000000e+01   1.4826108e+04
   7.9000000e+01   1.4870800e+04
   8.0000000e+01   1.4916201e+04
   8.1000000e+01   1.4962280e+04
   8.2000000e+01   1.5009005e+04
   8.3000000e+01   1.5056342e+04
   8.4000000e+01   1.5104258e+04
   8.5000000e+01   1.5152721e+04
   8.6000000e+01   1.5201703e+04
   8.7000000e+01   1.5251197e+04
   8.8000000e+01   1.5301124e+04
   8.9000000e+01   1.5351448e+04
   9.0000000e+01   1.5402135e+04
   9.1000000e+01   1.5467845e+04
   9.2000000e+01   1.5533438e+04
   9.3000000e+01   1.5598887e+04
   9.4000000e+01   1.5664168e+04
   9.5000000e+01   1.5729258e+04
   9.6000000e+01   1.5794132e+04
   9.7000000e+01   1.5858768e+04
   9.8000000e+01   1.5923140e+04
   9.9000000e+01   1.5987227e+04
   1.0000000e+02   1.6051003e+04
   1.0100000e+02   1.6114448e+04
   1.0200000e+02   1.6177538e+04
   1.0300000e+02   1.6240251e+04
   1.0400000e+02   1.6302564e+04
   1.0500000e+02   1.6364456e+04
   1.0600000e+02   1.6425906e+04
   1.0700000e+02   1.6486891e+04
   1.0800000e+02   1.6547391e+04
   1.0900000e+02   1.6607391e+04
   1.1000000e+02   1.6666861e+04
   1.1100000e+02   1.6725785e+04
   1.1200000e+02   1.6784141e+04
   1.1300000e+02   1.6841910e+04
   1.1400000e+02   1.6899072e+04
   1.1500000e+02   1.6955609e+04
   1.1600000e+02   1.7011504e+04
   1.1700000e+02   1.7066744e+04
   1.1800000e+02   1.7121305e+04
   1.1900000e+02   1.7175170e+04
   1.2000000e+02   1.7228320e+04
   1.2100000e+02   1.7268957e+04
   1.2200000e+02   1.7308516e+04
   1.2300000e+02   1.7347000e+04
   1.2400000e+02   1.7384414e+04
   1.2500000e+02   1.7420762e+04
   1.2600000e+02   1.7456045e+04
   1.2700000e+02   1.7490273e+04
   1.2800000e+02   1.7523453e+04
   1.2900000e+02   1.7555584e+04
   1.3000000e+02   1.7586676e+04
   1.3100000e+02   1.7616730e+04
   1.3200000e+02   1.7645750e+04
   1.3300000e+02   1.7673740e+04
   1.3400000e+02   1.7700707e+04
   1.3500000e+02   1.7726650e+04
   1.3600000e+02   1.7751578e+04
   1.3700000e+02   1.7775492e+04
   1.3800000e+02   1.7798396e+04
   1.3900000e+02   1.7820297e+04
   1.4000000e+02   1.7841197e+04
   1.4100000e+02   1.7861102e+04
   1.4200000e+02   1.7880016e+04
   1.4300000e+02   1.7897941e+04
   1.4400000e+02   1.7914887e+04
   1.4500000e+02   1.7930854e+04
   1.4600000e+02   1.7945850e+04
   1.4700000e+02   1.7959879e+04
   1.4800000e+02   1.7972945e+04
   1.4900000e+02   1.7985057e+04
   1.5000000e+02   1.7996219e+04
   1.5100000e+02   1.8027160e+04
   1.5200000e+02   1.8057156e+04
   1.5300000e+02   1.8086189e+04
   1.5400000e+02   1.8114238e+04
   1.5500000e+02   1.8141283e+04
   1.5600000e+02   1.8167307e+04
   1.5700000e+02   1.8192293e+04
   1.5800000e+02   1.8216223e+04
   1.5900000e+02   1.8239080e+04
   1.6000000e+02   1.8260854e+04
   1.6100000e+02   1.8281525e+04
   1.6200000e+02   1.8301084e+04
   1.6300000e+02   1.8319518e+04
   1.6400000e+02   1.8336813e+04
   1.6500000e+02   1.8352961e+04
   1.6600000e+02   1.8367949e+04
   1.6700000e+02   1.8381768e+04
   1.6800000e+02   1.8394410e+04
   1.6900000e+02   1.8405869e+04
   1.7000000e+02   1.8416135e+04
   1.7100000e+02   1.8425203e+04
   1.7200000e+02   1.8433066e+04
   1.7300000e+02   1.8439721e+04
   1.7400000e+02   1.8445162e+04
   1.7500000e+02   1.8449385e+04
   1.7600000e+02   1.8452389e+04
   1.7700000e+02   1.8454168e+04
   1.7800000e+02   1.8454725e+04
   1.7900000e+02   1.8454057e+04
   1.8000000e+02   1.8452162e+04
   1.8100000e+02   1.8440363e+04
   1.8200000e+02   1.8427396e+04
   1.8300000e+02   1.8413264e+04
   1.8400000e+02   1.8397971e+04
   1.8500000e+02   1.8381516e+04
   1.8600000e+02   1.8363908e+04
   1.8700000e+02   1.8345148e+04
   1.8800000e+02   1.8325240e+04
   1.8900000e+02   1.8304193e+04
   1.9000000e+02   1.8282008e+04
   1.9100000e+02   1.8258693e+04
   1.9200000e+02   1.8234256e+04
   1.9300000e+02   1.8208699e+04
   1.9400000e+02   1.8182035e+04
   1.9500000e+02   1.8154270e+04
   1.9600000e+02   1.8125408e+04
   1.9700000e+02   1.8095465e+04
   1.9800000e+02   1.8064443e+04
   1.9900000e+02   1.8032355e+04
   2.0000000e+02   1.7999209e+04
   2.0100000e+02   1.7965018e+04
   2.0200000e+02   1.7929789e+04
   2.0300000e+02   1.7893535e+04
   2.0400000e+02   1.7856213e+04
   2.0500000e+02   1.7817857e+04
   2.0600000e+02   1.7778551e+04
   2.0700000e+02   1.7738305e+04
   2.0800000e+02   1.7697131e+04
   2.0900000e+02   1.7655039e+04
   2.1000000e+02   1.7612041e+04
   2.1100000e+02   1.7565787e+04
   2.1200000e+02   1.7518705e+04
   2.1300000e+02   1.7470813e+04
   2.1400000e+02   1.7422127e+04
   2.1500000e+02   1.7372664e+04
   2.1600000e+02   1.7322441e+04
   2.1700000e+02   1.7271479e+04
   2.1800000e+02   1.7219791e+04
   2.1900000e+02   1.7167398e+04
   2.2000000e+02   1.7114316e+04
   2.2100000e+02   1.7060566e+04
   2.2200000e+02   1.7006164e+04
   2.2300000e+02   1.6951131e+04
   2.2400000e+02   1.6895484e+04
   2.2500000e+02   1.6839244e+04
   2.2600000e+02   1.6782428e+04
   2.2700000e+02   1.6725055e+04
   2.2800000e+02   1.6667145e+04
   2.2900000e+02   1.6608717e+04
   2.3000000e+02   1.6549791e+04
   2.3100000e+02   1.6490387e+04
   2.3200000e+02   1.6430521e+04
   2.3300000e+02   1.6370218e+04
   2.3400000e+02   1.6309492e+04
   2.3500000e+02   1.6248366e+04
   2.3600000e+02   1.6186859e+04
   2.3700000e+02   1.6124990e+04
   2.3800000e+02   1.6062778e+04
   2.3900000e+02   1.6000243e+04
   2.4000000e+02   1.5937405e+04
   2.4100000e+02   1.5887856e+04
   2.4200000e+02   1.5838522e+04
   2.4300000e+02   1.5789427e+04
   2.4400000e+02   1.5740592e+04
   2.4500000e+02   1.5692040e+04
   2.4600000e+02   1.5643795e+04
   2.4700000e+02   1.5595877e+04
   2.4800000e+02   1.5548309e+04
   2.4900000e+02   1.5501110e+04
   2.5000000e+02   1.5454304e+04
   2.5100000e+02   1.5407909e+04
   2.5200000e+02   1.5361945e+04
   2.5300000e+02   1.5316432e+04
   2.5400000e+02   1.5271389e+04
   2.5500000e+02   1.5226833e+04
   2.5600000e+02   1.5182783e+04
   2.5700000e+02   1.5139257e+04
   2.5800000e+02   1.5096270e+04
   2.5900000e+02   1.5053839e+04
   2.6000000e+02   1.5011980e+04
   2.6100000e+02   1.4970708e+04
   2.6200000e+02   1.4930036e+04
   2.6300000e+02   1.4889979e+04
   2.6400000e+02   1.4850550e+04
   2.6500000e+02   1.4811761e+04
   2.6600000e+02   1.4773623e+04
   2.6700000e+02   1.4736148e+04
   2.6800000e+02   1.4699348e+04
   2.6900000e+02   1.4663230e+04
   2.7000000e+02   1.4627806e+04
   2.7100000e+02   1.4578529e+04
   2.7200000e+02   1.4529740e+04
   2.7300000e+02   1.4481449e+04
   2.7400000e+02   1.4433663e+04
   2.7500000e+02   1.4386392e+04
   2.7600000e+02   1.4339641e+04
   2.7700000e+02   1.4293419e+04
   2.7800000e+02   1.4247732e+04
   2.7900000e+02   1.4202588e+04
   2.8000000e+02   1.4157990e+04
   2.8100000e+02   1.4113945e+04
   2.8200000e+02   1.4070456e+04
   2.8300000e+02   1.4027528e+04
   2.8400000e+02   1.3985164e+04
   2.8500000e+02   1.3943367e+04
   2.8600000e+02   1.3902141e+04
   2.8700000e+02   1.3861485e+04
   2.8800000e+02   1.3821403e+04
   2.8900000e+02   1.3781896e+04
   2.9000000e+02   1.3742963e+04
   2.9100000e+02   1.3704606e+04
   2.9200000e+02   1.3666824e+04
   2.9300000e+02   1.3629616e+04
   2.9400000e+02   1.3592982e+04
   2.9500000e+02   1.3556920e+04
   2.9600000e+02   1.3521428e+04
   2.9700000e+02   1.3486504e+04
   2.9800000e+02   1.3452146e+04
   2.9900000e+02   1.3418351e+04
   3.0000000e+02   1.3385115e+04
   3.0100000e+02   1.3346981e+04
   3.0200000e+02   1.3309296e+04
   3.0300000e+02   1.3272057e+04
   3.0400000e+02   1.3235262e+04
   3.0500000e+02   1.3198911e+04
   3.0600000e+02   1.3163003e+04
   3.0700000e+02   1.3127535e+04
   3.0800000e+02   1.3092507e+04
   3.0900000e+02   1.3057915e+04
   3.1000000e+02   1.3023759e+04
   3.1100000e+02   1.2990036e+04
   3.1200000e+02   1.2956746e+04
   3.1300000e+02   1.2923886e+04
   3.1400000e+02   1.2891455e+04
   3.1500000e+02   1.2859451e+04
   3.1600000e+02   1.2827873e+04
   3.1700000e+02   1.2796719e+04
   3.1800000e+02   1.2765988e+04
   3.1900000e+02   1.2735681e+04
   3.2000000e+02   1.2705793e+04
   3.2100000e+02   1.2676327e+04
   3.2200000e+02   1.2647280e+04
   3.2300000e+02   1.2618654e+04
   3.2400000e+02   1.2590448e+04
   3.2500000e+02   1.2562661e+04
   3.2600000e+02   1.2535296e+04
   3.2700000e+02   1.2508352e+04
   3.2800000e+02   1.2481830e+04
   3.2900000e+02   1.2455732e+04
   3.3000000e+02   1.2430061e+04
   3.3100000e+02   1.2401668e+04
   3.3200000e+02   1.2373691e+04
   3.3300000e+02   1.2346137e+04
   3.3400000e+02   1.2319007e+04
   3.3500000e+02   1.2292311e+04
   3.3600000e+02   1.2266052e+04
   3.3700000e+02   1.2240238e+04
   3.3800000e+02   1.2214878e+04
   3.3900000e+02   1.2189977e+04
   3.4000000e+02   1.2165543e+04
   3.4100000e+02   1.2141585e+04
   3.4200000e+02   1.2118112e+04
   3.4300000e+02   1.2095134e+04
   3.4400000e+02   1.2072659e+04
   3.4500000e+02   1.2050699e+04
   3.4600000e+02   1.2029263e+04
   3.4700000e+02   1.2008362e+04
   3.4800000e+02   1.1988009e+04
   3.4900000e+02   1.1968215e+04
   3.5000000e+02   1.1948991e+04
   3.5100000e+02   1.1930352e+04
   3.5200000e+02   1.1912308e+04
   3.5300000e+02   1.1894875e+04
   3.5400000e+02   1.1878065e+04
   3.5500000e+02   1.1861894e+04
   3.5600000e+02   1.1846374e+04
   3.5700000e+02   1.1831521e+04
   3.5800000e+02   1.1817351e+04
   3.5900000e+02   1.1803877e+04
   7.1133672e-07   1.1791115e+04
   1.0000007e+00   1.1776029e+04
   2.0000007e+00   1.1761721e+04
   3.0000007e+00   1.1748209e+04
   4.0000010e+00   1.1735512e+04
   5.0000010e+00   1.1723647e+04
   6.0000010e+00   1.1712635e+04
   7.0000010e+00   1.1702493e+04
   8.0000010e+00   1.1693239e+04
   9.0000010e+00   1.1684893e+04
   1.0000001e+01   1.1677472e+04
   1.1000001e+01   1.1670995e+04
   1.2000001e+01   1.1665479e+04
   1.3000001e+01   1.1660945e+04
   1.4000001e+01   1.1657408e+04
   1.5000001e+01   1.1654887e+04
   1.6000000e+01   1.1653398e+04
   1.7000000e+01   1.1652959e+04
   1.8000000e+01   1.1653585e+04
   1.9000000e+01   1.1655294e+04
   2.0000000e+01   1.1658100e+04
   2.1000000e+01   1.1662019e+04
   2.2000000e+01   1.1667063e+04
   2.3000000e+01   1.1673250e+04
   2.4000000e+01   1.1680591e+04
   2.5000000e+01   1.1689099e+04
   2.6000000e+01   1.1698786e+04
   2.7000000e+01   1.1709663e+04
   2.8000000e+01   1.1721740e+04
   2.9000000e+01   1.1735028e+04
   3.0000000e+01   1.1749535e+04
   3.1000000e+01   1.1756063e+04
   3.2000000e+01   1.1764050e+04
   3.3000000e+01   1.1773502e+04
   3.4000000e+01   1.1784432e+04
   3.5000000e+01   1.1796845e+04
   3.6000000e+01   1.1810750e+04
   3.7000000e+01   1.1826150e+04
   3.8000000e+01   1.1843052e+04
   3.9000000e+01   1.1861456e+04
   4.0000000e+01   1.1881365e+04
   4.1000000e+01   1.1902779e+04
   4.2000000e+01   1.1925696e+04
   4.3000000e+01   1.1950114e+04
   4.4000000e+01   1.1976029e+04
   4.5000000e+01   1.2003436e+04
   4.6000000e+01   1.2032326e+04
   4.7000000e+01   1.2062694e+04
   4.8000000e+01   1.2094529e+04
   4.9000000e+01   1.2127820e+04
   5.0000000e+01   1.2162556e+04
   5.1000000e+01   1.2198723e+04
   5.2000000e+01   1.2236305e+04
   5.3000000e+01   1.2275288e+04
   5.4000000e+01   1.2315653e+04
   5.5000000e+01   1.2357384e+04
   5.6000000e+01   1.2400459e+04
   5.7000000e+01   1.2444859e+04
   5.8000000e+01   1.2490561e+04
   5.9000000e+01   1.2537542e+04
   6.0000000e+01   1.2585778e+04
   6.1000000e+01   1.2635051e+04
   6.2000000e+01   1.2685333e+04
   6.3000000e+01   1.2736599e+04
   6.4000000e+01   1.2788823e+04
   6.5000000e+01   1.2841979e+04
   6.6000000e+01   1.2896041e+04
   6.7000000e+01   1.2950980e+04
   6.8000000e+01   1.3006768e+04
   6.9000000e+01   1.3063376e+04
   7.0000000e+01   1.3120776e+04
   7.1000000e+01   1.3178937e+04
   7.2000000e+01   1.3237829e+04
   7.3000000e+01   1.3297422e+04
   7.4000000e+01   1.3357684e+04
   7.5000000e+01   1.3418584e+04
   7.6000000e+01   1.3480090e+04
   7.7000000e+01   1.3542171e+04
   7.8000000e+01   1.3604794e+04
   7.9000000e+01   1.3667927e+04
   8.0000000e+01   1.3731535e+04
   8.1000000e+01   1.3795589e+04
   8.2000000e+01   1.3860053e+04
   8.3000000e+01   1.3924895e+04
   8.4000000e+01   1.3990080e+04
   8.5000000e+01   1.4055577e+04
   8.6000000e+01   1.4121353e+04
   8.7000000e+01   1.4187371e+04
   8.8000000e+01   1.4253601e+04
   8.9000000e+01   1.4320007e+04
   9.0000000e+01   1.4386558e+04
   9.1000000e+01   1.4461482e+04
   9.2000000e+01   1.4536226e+04
   9.3000000e+01   1.4610765e+04
   9.4000000e+01   1.4685077e+04
   9.5000000e+01   1.4759140e+04
   9.6000000e+01   1.4832931e+04
   9.7000000e+01   1.4906427e+04
   9.8000000e+01   1.4979605e+04
   9.9000000e+01   1.5052445e+04
   1.0000000e+02   1.5124924e+04
   1.0100000e+02   1.5197021e+04
   1.0200000e+02   1.5268713e+04
   1.0300000e+02   1.5339980e+04
   1.0400000e+02   1.5410801e+04
   1.0500000e+02   1.5481155e+04
   1.0600000e+02   1.5551022e+04
   1.0700000e+02   1.5620382e+04
   1.0800000e+02   1.5689214e+04
   1.0900000e+02   1.5757499e+04
   1.1000000e+02   1.5825217e+04
   1.1100000e+02   1.5892351e+04
   1.1200000e+02   1.5958880e+04
   1.1300000e+02   1.6024787e+04
   1.1400000e+02   1.6090054e+04
   1.1500000e+02   1.6154663e+04
   1.1600000e+02   1.6218596e+04
   1.1700000e+02   1.6281837e+04
   1.1800000e+02   1.6344368e+04
   1.1900000e+02   1.6406176e+04
   1.2000000e+02   1.6467240e+04
   1.2100000e+02   1.6517910e+04
   1.2200000e+02   1.6567818e+04
   1.2300000e+02   1.6616953e+04
   1.2400000e+02   1.6665299e+04
   1.2500000e+02   1.6712844e+04
   1.2600000e+02   1.6759574e+04
   1.2700000e+02   1.6805480e+04
   1.2800000e+02   1.6850547e+04
   1.2900000e+02   1.6894764e+04
   1.3000000e+02   1.6938119e+04
   1.3100000e+02   1.6980605e+04
   1.3200000e+02   1.7022209e+04
   1.3300000e+02   1.7062922e+04
   1.3400000e+02   1.7102734e+04
   1.3500000e+02   1.7141639e+04
   1.3600000e+02   1.7179627e+04
   1.3700000e+02   1.7216689e+04
   1.3800000e+02   1.7252822e+04
   1.3900000e+02   1.7288014e+04
   1.4000000e+02   1.7322262e+04
   1.4100000e+02   1.7355561e+04
   1.4200000e+02   1.7387902e+04
   1.4300000e+02   1.7419283e+04
   1.4400000e+02   1.7449701e+04
   1.4500000e+02   1.7479150e+04
   1.4600000e+02   1.7507629e+04
   1.4700000e+02   1.7535133e+04
   1.4800000e+02   1.7561660e+04
   1.4900000e+02   1.7587211e+04
   1.5000000e+02   1.7611783e+04
   1.5100000e+02   1.7642279e+04
   1.5200000e+02   1.7671686e+04
   1.5300000e+02   1.7699992e+04
   1.5400000e+02   1.7727188e+04
   1.5500000e+02   1.7753256e+04
   1.5600000e+02   1.7778191e+04
   1.5700000e+02   1.7801982e+04
   1.5800000e+02   1.7824619e+04
   1.5900000e+02   1.7846094e+04
   1.6000000e+02   1.7866396e+04
   1.6100000e+02   1.7885520e+04
   1.6200000e+02   1.7903455e+04
   1.6300000e+02   1.7920199e+04
   1.6400000e+02   1.7935744e+04
   1.6500000e+02   1.7950086e+04
   1.6600000e+02   1.7963217e+04
   1.6700000e+02   1.7975135e+04
   1.6800000e+02   1.7985834e+04
   1.6900000e+02   1.7995314e+04
   1.7000000e+02   1.8003570e+04
   1.7100000e+02   1.8010600e+04
   1.7200000e+02   1.8016402e+04
   1.7300000e+02   1.8020977e+04
   1.7400000e+02   1.8024322e+04
   1.7500000e+02   1.8026438e+04
   1.7600000e+02   1.8027326e+04
   1.7700000e+02   1.8026986e+04
   1.7800000e+02   1.8025420e+04
   1.7900000e+02   1.8022631e+04
   1.8000000e+02   1.8018619e+04
   1.8100000e+02   1.8008365e+04
   1.8200000e+02   1.7996891e+04
   1.8300000e+02   1.7984197e+04
   1.8400000e+02   1.7970291e+04
   1.8500000e+02   1.7955172e+04
   1.8600000e+02   1.7938848e+04
   1.8700000e+02   1.7921320e+04
   1.8800000e+02   1.7902596e+04
   1.8900000e+02   1.7882680e+04
   1.9000000e+02   1.7861580e+04
   1.9100000e+02   1.7839299e+04
   1.9200000e+02   1.7815848e+04
   1.9300000e+02   1.7791230e+04
   1.9400000e+02   1.7765457e+04
   1.9500000e+02   1.7738535e+04
   1.9600000e+02   1.7710475e+04
   1.9700000e+02   1.7681281e+04
   1.9800000e+02   1.7650969e+04
   1.9900000e+02   1.7619543e+04
   2.0000000e+02   1.7587018e+04
   2.0100000e+02   1.7553400e+04
   2.0200000e+02   1.7518705e+04
   2.0300000e+02   1.7482941e+04
   2.0400000e+02   1.7446121e+04
   2.0500000e+02   1.7408256e+04
   2.0600000e+02   1.7369361e+04
   2.0700000e+02   1.7329445e+04
   2.0800000e+02   1.7288525e+04
   2.0900000e+02   1.7246613e+04
   2.1000000e+02   1.7203723e+04
   2.1100000e+02   1.7158381e+04
   2.1200000e+02   1.7112176e+04
   2.1300000e+02   1.7065123e+04
   2.1400000e+02   1.7017242e+04
   2.1500000e+02   1.6968549e+04
   2.1600000e+02   1.6919061e+04
   2.1700000e+02   1.6868799e+04
   2.1800000e+02   1.6817779e+04
   2.1900000e+02   1.6766021e+04
   2.2000000e+02   1.6713543e+04
   2.2100000e+02   1.6660365e+04
   2.2200000e+02   1.6606506e+04
   2.2300000e+02   1.6551982e+04
   2.2400000e+02   1.6496816e+04
   2.2500000e+02   1.6441027e+04
   2.2600000e+02   1.6384635e+04
   2.2700000e+02   1.6327656e+04
   2.2800000e+02   1.6270114e+04
   2.2900000e+02   1.6212027e+04
   2.3000000e+02   1.6153416e+04
   2.3100000e+02   1.6094300e+04
   2.3200000e+02   1.6034699e+04
   2.3300000e+02   1.5974634e+04
   2.3400000e+02   1.5914124e+04
   2.3500000e+02   1.5853189e+04
   2.3600000e+02   1.5791852e+04
   2.3700000e+02   1.5730129e+04
   2.3800000e+02   1.5668043e+04
   2.3900000e+02   1.5605612e+04
   2.4000000e+02   1.5542858e+04
   2.4100000e+02   1.5494006e+04
   2.4200000e+02   1.5445373e+04
   2.4300000e+02   1.5396982e+04
   2.4400000e+02   1.5348858e+04
   2.4500000e+02   1.5301023e+04
   2.4600000e+02   1.5253501e+04
   2.4700000e+02   1.5206313e+04
   2.4800000e+02   1.5159481e+04
   2.4900000e+02   1.5113027e+04
   2.5000000e+02   1.5066973e+04
   2.5100000e+02   1.5021339e+04
   2.5200000e+02   1.4976145e+04
   2.5300000e+02   1.4931410e+04
   2.5400000e+02   1.4887155e+04
   2.5500000e+02   1.4843398e+04
   2.5600000e+02   1.4800157e+04
   2.5700000e+02   1.4757450e+04
   2.5800000e+02   1.4715293e+04
   2.5900000e+02   1.4673704e+04
   2.6000000e+02   1.4632697e+04
   2.6100000e+02   1.4592290e+04
   2.6200000e+02   1.4552494e+04
   2.6300000e+02   1.4513326e+04
   2.6400000e+02   1.4474798e+04
   2.6500000e+02   1.4436922e+04
   2.6600000e+02   1.4399711e+04
   2.6700000e+02   1.4363176e+04
   2.6800000e+02   1.4327327e+04
   2.6900000e+02   1.4292175e+04
   2.7000000e+02   1.4257728e+04
   2.7100000e+02   1.4211022e+04
   2.7200000e+02   1.4164805e+04
   2.7300000e+02   1.4119082e+04
   2.7400000e+02   1.4073865e+04
   2.7500000e+02   1.4029162e+04
   2.7600000e+02   1.3984979e+04
   2.7700000e+02   1.3941322e+04
   2.7800000e+02   1.3898201e+04
   2.7900000e+02   1.3855619e+04
   2.8000000e+02   1.3813582e+04
   2.8100000e+02   1.3772096e+04
   2.8200000e+02   1.3731163e+04
   2.8300000e+02   1.3690789e+04
   2.8400000e+02   1.3650976e+04
   2.8500000e+02   1.3611727e+04
   2.8600000e+02   1.3573043e+04
   2.8700000e+02   1.3534928e+04
   2.8800000e+02   1.3497382e+04
   2.8900000e+02   1.3460405e+04
   2.9000000e+02   1.3423999e+04
   2.9100000e+02   1.3388163e+04
   2.9200000e+02   1.3352896e+04
   2.9300000e+02   1.3318197e+04
   2.9400000e+02   1.3284066e+04
   2.9500000e+02   1.3250500e+04
   2.9600000e+02   1.3217496e+04
   2.9700000e+02   1.3185054e+04
   2.9800000e+02   1.3153168e+04
   2.9900000e+02   1.3121838e+04
   3.0000000e+02   1.3091059e+04
   3.0100000e+02   1.3054498e+04
   3.0200000e+02   1.3018377e+04
   3.0300000e+02   1.2982695e+04
   3.0400000e+02   1.2947450e+04
   3.0500000e+02   1.2912641e+04
   3.0600000e+02   1.2878265e+04
   3.0700000e+02   1.2844320e+04
   3.0800000e+02   1.2810806e+04
   3.0900000e+02   1.2777719e+04
   3.1000000e+02   1.2745058e+04
   3.1100000e+02   1.2712821e+04
   3.1200000e+02   1.2681006e+04
   3.1300000e+02   1.2649611e+04
   3.1400000e+02   1.2618635e+04
   3.1500000e+02   1.2588075e+04
   3.1600000e+02   1.2557930e+04
   3.1700000e+02   1.2528198e+04
   3.1800000e+02   1.2498879e+04
   3.1900000e+02   1.2469970e+04
   3.2000000e+02   1.2441471e+04
   3.2100000e+02   1.2413380e+04
   3.2200000e+02   1.2385698e+04
   3.2300000e+02   1.2358424e+04
   3.2400000e+02   1.2331558e+04
   3.2500000e+02   1.2305100e+04
   3.2600000e+02   1.2279049e+04
   3.2700000e+02   1.2253408e+04
   3.2800000e+02   1.2228177e+04
   3.2900000e+02   1.2203357e+04
   3.3000000e+02   1.2178950e+04
   3.3100000e+02   1.2151336e+04
   3.3200000e+02   1.2124128e+04
   3.3300000e+02   1.2097331e+04
   3.3400000e+02   1.2070952e+04
   3.3500000e+02   1.2044996e+04
   3.3600000e+02   1.2019470e+04
   3.3700000e+02   1.1994380e+04
   3.3800000e+02   1.1969732e+04
   3.3900000e+02   1.1945536e+04
   3.4000000e+02   1.1921800e+04
   3.4100000e+02   1.1898530e+04
   3.4200000e+02   1.1875737e+04
   3.4300000e+02   1.1853430e+04
   3.4400000e+02   1.1831619e+04
   3.4500000e+02   1.1810313e+04
   3.4600000e+02   1.1789525e+04
   3.4700000e+02   1.1769266e+04
   3.4800000e+02   1.1749545e+04
   3.4900000e+02   1.1730377e+04
   3.5000000e+02   1.1711772e+04
   3.5100000e+02   1.1693745e+04
   3.5200000e+02   1.1676309e+04
   3.5300000e+02   1.1659476e+04
   3.5400000e+02   1.1643261e+04
   3.5500000e+02   1.1627679e+04
   3.5600000e+02   1.1612743e+04
   3.5700000e+02   1.1598471e+04
   3.5800000e+02   1.1584875e+04
   3.5900000e+02   1.1571972e+04
   1.4226848e-06   1.1559777e+04
