   0.0000000e+00   1.3134599e+00
   1.0000000e+00   1.2910744e+00
   2.0000000e+00   1.2903271e+00
   3.0000000e+00   1.2903924e+00
   4.0000000e+00   1.2904772e+00
   5.0000000e+00   1.2905779e+00
   6.0000000e+00   1.2906944e+00
   7.0000000e+00   1.2908261e+00
   8.0000000e+00   1.2909731e+00
   9.0000000e+00   1.2911352e+00
   1.0000000e+01   1.2913120e+00
   1.1000000e+01   1.2915035e+00
   1.2000000e+01   1.2917105e+00
   1.3000000e+01   1.2919328e+00
   1.4000000e+01   1.2921704e+00
   1.5000000e+01   1.2924236e+00
   1.6000000e+01   1.2926925e+00
   1.7000000e+01   1.2929761e+00
   1.8000000e+01   1.2932739e+00
   1.9000000e+01   1.2935853e+00
   2.0000000e+01   1.2939104e+00
   2.1000000e+01   1.2942479e+00
   2.2000000e+01   1.2945968e+00
   2.3000000e+01   1.2949567e+00
   2.4000000e+01   1.2953273e+00
   2.5000000e+01   1.2957085e+00
   2.6000000e+01   1.2961001e+00
   2.7000000e+01   1.2965018e+00
   2.8000000e+01   1.2969136e+00
   2.9000000e+01   1.2973359e+00
   3.0000000e+01   1.2977682e+00
   3.1000000e+01   1.2990322e+00
   3.2000000e+01   1.3003480e+00
   3.3000000e+01   1.3017142e+00
   3.4000000e+01   1.3031292e+00
   3.5000000e+01   1.3045917e+00
   3.6000000e+01   1.3061000e+00
   3.7000000e+01   1.3076532e+00
   3.8000000e+01   1.3092499e+00
   3.9000000e+01   1.3108890e+00
   4.0000000e+01   1.3125697e+00
   4.1000000e+01   1.3142908e+00
   4.2000000e+01   1.3160511e+00
   4.3000000e+01   1.3178499e+00
   4.4000000e+01   1.3196858e+00
   4.5000000e+01   1.3215581e+00
   4.6000000e+01   1.3234659e+00
   4.7000000e+01   1.3254085e+00
   4.8000000e+01   1.3273847e+00
   4.9000000e+01   1.3293940e+00
   5.0000000e+01   1.3314351e+00
   5.1000000e+01   1.3335075e+00
   5.2000000e+01   1.3356105e+00
   5.3000000e+01   1.3377432e+00
   5.4000000e+01   1.3399051e+00
   5.5000000e+01   1.3420955e+00
   5.6000000e+01   1.3443137e+00
   5.7000000e+01   1.3465592e+00
   5.8000000e+01   1.3488313e+00
   5.9000000e+01   1.3511293e+00
   6.0000000e+01   1.3534529e+00
   6.1000000e+01   1.3530618e+00
   6.2000000e+01   1.3527691e+00
   6.3000000e+01   1.3525697e+00
   6.4000000e+01   1.3524581e+00
   6.5000000e+01   1.3524297e+00
   6.6000000e+01   1.3524798e+00
   6.7000000e+01   1.3526038e+00
   6.8000000e+01   1.3527979e+00
   6.9000000e+01   1.3530577e+00
   7.0000000e+01   1.3533800e+00
   7.1000000e+01   1.3537608e+00
   7.2000000e+01   1.3541970e+00
   7.3000000e+01   1.3546853e+00
   7.4000000e+01   1.3552227e+00
   7.5000000e+01   1.3558064e+00
   7.6000000e+01   1.3564336e+00
   7.7000000e+01   1.3571039e+00
   7.8000000e+01   1.3578123e+00
   7.9000000e+01   1.3585564e+00
   8.0000000e+01   1.3593340e+00
   8.1000000e+01   1.3601429e+00
   8.2000000e+01   1.3609815e+00
   8.3000000e+01   1.3618474e+00
   8.4000000e+01   1.3627391e+00
   8.5000000e+01   1.3636547e+00
   8.6000000e+01   1.3645957e+00
   8.7000000e+01   1.3655673e+00
   8.8000000e+01   1.3665524e+00
   8.9000000e+01   1.3675487e+00
   9.0000000e+01   1.3685548e+00
   9.1000000e+01   1.3665580e+00
   9.2000000e+01   1.3644503e+00
   9.3000000e+01   1.3622359e+00
   9.4000000e+01   1.3599182e+00
   9.5000000e+01   1.3575009e+00
   9.6000000e+01   1.3549874e+00
   9.7000000e+01   1.3523812e+00
   9.8000000e+01   1.3496855e+00
   9.9000000e+01   1.3469036e+00
   1.0000000e+02   1.3440382e+00
   1.0100000e+02   1.3410926e+00
   1.0200000e+02   1.3380692e+00
   1.0300000e+02   1.3349708e+00
   1.0400000e+02   1.3318002e+00
   1.0500000e+02   1.3285599e+00
   1.0600000e+02   1.3252521e+00
   1.0700000e+02   1.3218791e+00
   1.0800000e+02   1.3184437e+00
   1.0900000e+02   1.3149492e+00
   1.1000000e+02   1.3113958e+00
   1.1100000e+02   1.3077856e+00
   1.1200000e+02   1.3041207e+00
   1.1300000e+02   1.3004025e+00
   1.1400000e+02   1.2966330e+00
   1.1500000e+02   1.2928139e+00
   1.1600000e+02   1.2889470e+00
   1.1700000e+02   1.2850336e+00
   1.1800000e+02   1.2810756e+00
   1.1900000e+02   1.2770742e+00
   1.2000000e+02   1.2730311e+00
   1.2100000e+02   1.2661504e+00
   1.2200000e+02   1.2591269e+00
   1.2300000e+02   1.2519673e+00
   1.2400000e+02   1.2446780e+00
   1.2500000e+02   1.2372644e+00
   1.2600000e+02   1.2297317e+00
   1.2700000e+02   1.2220873e+00
   1.2800000e+02   1.2143366e+00
   1.2900000e+02   1.2064850e+00
   1.3000000e+02   1.1985378e+00
   1.3100000e+02   1.1904999e+00
   1.3200000e+02   1.1823761e+00
   1.3300000e+02   1.1741711e+00
   1.3400000e+02   1.1658895e+00
   1.3500000e+02   1.1575356e+00
   1.3600000e+02   1.1491135e+00
   1.3700000e+02   1.1406274e+00
   1.3800000e+02   1.1320810e+00
   1.3900000e+02   1.1234782e+00
   1.4000000e+02   1.1148225e+00
   1.4100000e+02   1.1061175e+00
   1.4200000e+02   1.0973666e+00
   1.4300000e+02   1.0885727e+00
   1.4400000e+02   1.0797391e+00
   1.4500000e+02   1.0708687e+00
   1.4600000e+02   1.0619644e+00
   1.4700000e+02   1.0530288e+00
   1.4800000e+02   1.0440648e+00
   1.4900000e+02   1.0350745e+00
   1.5000000e+02   1.0260607e+00
   1.5100000e+02   1.0299015e+00
   1.5200000e+02   1.0338212e+00
   1.5300000e+02   1.0378165e+00
   1.5400000e+02   1.0418839e+00
   1.5500000e+02   1.0460203e+00
   1.5600000e+02   1.0502223e+00
   1.5700000e+02   1.0544871e+00
   1.5800000e+02   1.0588118e+00
   1.5900000e+02   1.0631936e+00
   1.6000000e+02   1.0676296e+00
   1.6100000e+02   1.0721174e+00
   1.6200000e+02   1.0766544e+00
   1.6300000e+02   1.0812383e+00
   1.6400000e+02   1.0858667e+00
   1.6500000e+02   1.0905374e+00
   1.6600000e+02   1.0952482e+00
   1.6700000e+02   1.0999970e+00
   1.6800000e+02   1.1047820e+00
   1.6900000e+02   1.1096011e+00
   1.7000000e+02   1.1144525e+00
   1.7100000e+02   1.1193345e+00
   1.7200000e+02   1.1242454e+00
   1.7300000e+02   1.1291835e+00
   1.7400000e+02   1.1341473e+00
   1.7500000e+02   1.1391352e+00
   1.7600000e+02   1.1441460e+00
   1.7700000e+02   1.1491780e+00
   1.7800000e+02   1.1542301e+00
   1.7900000e+02   1.1593009e+00
   1.8000000e+02   1.1643893e+00
   1.8100000e+02   1.1681744e+00
   1.8200000e+02   1.1719906e+00
   1.8300000e+02   1.1758373e+00
   1.8400000e+02   1.1797136e+00
   1.8500000e+02   1.1836191e+00
   1.8600000e+02   1.1875533e+00
   1.8700000e+02   1.1915152e+00
   1.8800000e+02   1.1955045e+00
   1.8900000e+02   1.1995207e+00
   1.9000000e+02   1.2035630e+00
   1.9100000e+02   1.2076309e+00
   1.9200000e+02   1.2117238e+00
   1.9300000e+02   1.2158414e+00
   1.9400000e+02   1.2199830e+00
   1.9500000e+02   1.2241480e+00
   1.9600000e+02   1.2283361e+00
   1.9700000e+02   1.2325467e+00
   1.9800000e+02   1.2367793e+00
   1.9900000e+02   1.2410336e+00
   2.0000000e+02   1.2453089e+00
   2.0100000e+02   1.2496047e+00
   2.0200000e+02   1.2539209e+00
   2.0300000e+02   1.2582568e+00
   2.0400000e+02   1.2625939e+00
   2.0500000e+02   1.2669399e+00
   2.0600000e+02   1.2713172e+00
   2.0700000e+02   1.2757254e+00
   2.0800000e+02   1.2801634e+00
   2.0900000e+02   1.2846305e+00
   2.1000000e+02   1.2891262e+00
   2.1100000e+02   1.2901280e+00
   2.1200000e+02   1.2911400e+00
   2.1300000e+02   1.2921621e+00
   2.1400000e+02   1.2931941e+00
   2.1500000e+02   1.2942359e+00
   2.1600000e+02   1.2952875e+00
   2.1700000e+02   1.2963486e+00
   2.1800000e+02   1.2974191e+00
   2.1900000e+02   1.2984987e+00
   2.2000000e+02   1.2995875e+00
   2.2100000e+02   1.3006852e+00
   2.2200000e+02   1.3017918e+00
   2.2300000e+02   1.3029071e+00
   2.2400000e+02   1.3040309e+00
   2.2500000e+02   1.3051631e+00
   2.2600000e+02   1.3063037e+00
   2.2700000e+02   1.3074526e+00
   2.2800000e+02   1.3086095e+00
   2.2900000e+02   1.3097743e+00
   2.3000000e+02   1.3109469e+00
   2.3100000e+02   1.3121272e+00
   2.3200000e+02   1.3133153e+00
   2.3300000e+02   1.3145107e+00
   2.3400000e+02   1.3157135e+00
   2.3500000e+02   1.3169236e+00
   2.3600000e+02   1.3181409e+00
   2.3700000e+02   1.3193651e+00
   2.3800000e+02   1.3205965e+00
   2.3900000e+02   1.3218346e+00
   2.4000000e+02   1.3230793e+00
   2.4100000e+02   1.3185853e+00
   2.4200000e+02   1.3140904e+00
   2.4300000e+02   1.3095946e+00
   2.4400000e+02   1.3050981e+00
   2.4500000e+02   1.3006008e+00
   2.4600000e+02   1.2961026e+00
   2.4700000e+02   1.2916038e+00
   2.4800000e+02   1.2871041e+00
   2.4900000e+02   1.2826039e+00
   2.5000000e+02   1.2781028e+00
   2.5100000e+02   1.2736011e+00
   2.5200000e+02   1.2690985e+00
   2.5300000e+02   1.2645954e+00
   2.5400000e+02   1.2600917e+00
   2.5500000e+02   1.2555872e+00
   2.5600000e+02   1.2510822e+00
   2.5700000e+02   1.2465764e+00
   2.5800000e+02   1.2420701e+00
   2.5900000e+02   1.2375633e+00
   2.6000000e+02   1.2330557e+00
   2.6100000e+02   1.2285476e+00
   2.6200000e+02   1.2240390e+00
   2.6300000e+02   1.2195296e+00
   2.6400000e+02   1.2150199e+00
   2.6500000e+02   1.2105095e+00
   2.6600000e+02   1.2059987e+00
   2.6700000e+02   1.2014872e+00
   2.6800000e+02   1.1969752e+00
   2.6900000e+02   1.1924628e+00
   2.7000000e+02   1.1879498e+00
   2.7100000e+02   1.1853530e+00
   2.7200000e+02   1.1827574e+00
   2.7300000e+02   1.1801627e+00
   2.7400000e+02   1.1775690e+00
   2.7500000e+02   1.1749763e+00
   2.7600000e+02   1.1723846e+00
   2.7700000e+02   1.1697940e+00
   2.7800000e+02   1.1672043e+00
   2.7900000e+02   1.1646155e+00
   2.8000000e+02   1.1620277e+00
   2.8100000e+02   1.1594410e+00
   2.8200000e+02   1.1568551e+00
   2.8300000e+02   1.1542702e+00
   2.8400000e+02   1.1516862e+00
   2.8500000e+02   1.1491032e+00
   2.8600000e+02   1.1465211e+00
   2.8700000e+02   1.1439399e+00
   2.8800000e+02   1.1413596e+00
   2.8900000e+02   1.1387802e+00
   2.9000000e+02   1.1362017e+00
   2.9100000e+02   1.1336242e+00
   2.9200000e+02   1.1310475e+00
   2.9300000e+02   1.1284716e+00
   2.9400000e+02   1.1258966e+00
   2.9500000e+02   1.1233225e+00
   2.9600000e+02   1.1207492e+00
   2.9700000e+02   1.1181768e+00
   2.9800000e+02   1.1156052e+00
   2.9900000e+02   1.1130345e+00
   3.0000000e+02   1.1104646e+00
   3.0100000e+02   1.1098286e+00
   3.0200000e+02   1.1091937e+00
   3.0300000e+02   1.1085597e+00
   3.0400000e+02   1.1079267e+00
   3.0500000e+02   1.1072948e+00
   3.0600000e+02   1.1066637e+00
   3.0700000e+02   1.1060337e+00
   3.0800000e+02   1.1054046e+00
   3.0900000e+02   1.1047765e+00
   3.1000000e+02   1.1041493e+00
   3.1100000e+02   1.1035230e+00
   3.1200000e+02   1.1028978e+00
   3.1300000e+02   1.1022733e+00
   3.1400000e+02   1.1016499e+00
   3.1500000e+02   1.1010273e+00
   3.1600000e+02   1.1004056e+00
   3.1700000e+02   1.0997849e+00
   3.1800000e+02   1.0991650e+00
   3.1900000e+02   1.0985459e+00
   3.2000000e+02   1.0979278e+00
   3.2100000e+02   1.0973105e+00
   3.2200000e+02   1.0966942e+00
   3.2300000e+02   1.0960786e+00
   3.2400000e+02   1.0954640e+00
   3.2500000e+02   1.0948502e+00
   3.2600000e+02   1.0942371e+00
   3.2700000e+02   1.0936249e+00
   3.2800000e+02   1.0930136e+00
   3.2900000e+02   1.0924031e+00
   3.3000000e+02   1.0917934e+00
   3.3100000e+02   1.0923097e+00
   3.3200000e+02   1.0928267e+00
   3.3300000e+02   1.0933447e+00
   3.3400000e+02   1.0938634e+00
   3.3500000e+02   1.0943830e+00
   3.3600000e+02   1.0949033e+00
   3.3700000e+02   1.0954244e+00
   3.3800000e+02   1.0959464e+00
   3.3900000e+02   1.0964692e+00
   3.4000000e+02   1.0969926e+00
   3.4100000e+02   1.0975169e+00
   3.4200000e+02   1.0980419e+00
   3.4300000e+02   1.0985677e+00
   3.4400000e+02   1.0990943e+00
   3.4500000e+02   1.0996215e+00
   3.4600000e+02   1.1001496e+00
   3.4700000e+02   1.1006784e+00
   3.4800000e+02   1.1012079e+00
   3.4900000e+02   1.1017381e+00
   3.5000000e+02   1.1022691e+00
   3.5100000e+02   1.1028007e+00
   3.5200000e+02   1.1033331e+00
   3.5300000e+02   1.1038662e+00
   3.5400000e+02   1.1043999e+00
   3.5500000e+02   1.1049345e+00
   3.5600000e+02   1.1054696e+00
   3.5700000e+02   1.1060053e+00
   3.5800000e+02   1.1065419e+00
   3.5900000e+02   1.1070790e+00
   7.1133672e-07   1.1076168e+00
   1.0000007e+00   1.1091051e+00
   2.0000007e+00   1.1105942e+00
   3.0000007e+00   1.1120840e+00
   4.0000010e+00   1.1135746e+00
   5.0000010e+00   1.1150659e+00
   6.0000010e+00   1.1165581e+00
   7.0000010e+00   1.1180509e+00
   8.0000010e+00   1.1195445e+00
   9.0000010e+00   1.1210389e+00
   1.0000001e+01   1.1225339e+00
   1.1000001e+01   1.1240298e+00
   1.2000001e+01   1.1255262e+00
   1.3000001e+01   1.1270235e+00
   1.4000001e+01   1.1285214e+00
   1.5000001e+01   1.1300200e+00
   1.6000000e+01   1.1315193e+00
   1.7000000e+01   1.1330193e+00
   1.8000000e+01   1.1345201e+00
   1.9000000e+01   1.1360215e+00
   2.0000000e+01   1.1375235e+00
   2.1000000e+01   1.1390263e+00
   2.2000000e+01   1.1405296e+00
   2.3000000e+01   1.1420337e+00
   2.4000000e+01   1.1435385e+00
   2.5000000e+01   1.1450437e+00
   2.6000000e+01   1.1465498e+00
   2.7000000e+01   1.1480564e+00
   2.8000000e+01   1.1495637e+00
   2.9000000e+01   1.1510715e+00
   3.0000000e+01   1.1525801e+00
   3.1000000e+01   1.1563647e+00
   3.2000000e+01   1.1601510e+00
   3.3000000e+01   1.1639391e+00
   3.4000000e+01   1.1677288e+00
   3.5000000e+01   1.1715204e+00
   3.6000000e+01   1.1753135e+00
   3.7000000e+01   1.1791083e+00
   3.8000000e+01   1.1829048e+00
   3.9000000e+01   1.1867030e+00
   4.0000000e+01   1.1905028e+00
   4.1000000e+01   1.1943041e+00
   4.2000000e+01   1.1981071e+00
   4.3000000e+01   1.2019117e+00
   4.4000000e+01   1.2057178e+00
   4.5000000e+01   1.2095256e+00
   4.6000000e+01   1.2133349e+00
   4.7000000e+01   1.2171457e+00
   4.8000000e+01   1.2209581e+00
   4.9000000e+01   1.2247720e+00
   5.0000000e+01   1.2285873e+00
   5.1000000e+01   1.2324042e+00
   5.2000000e+01   1.2362225e+00
   5.3000000e+01   1.2400423e+00
   5.4000000e+01   1.2438636e+00
   5.5000000e+01   1.2476863e+00
   5.6000000e+01   1.2515104e+00
   5.7000000e+01   1.2553360e+00
   5.8000000e+01   1.2591629e+00
   5.9000000e+01   1.2629913e+00
   6.0000000e+01   1.2668210e+00
   6.1000000e+01   1.2678230e+00
   6.2000000e+01   1.2688257e+00
   6.3000000e+01   1.2698290e+00
   6.4000000e+01   1.2708330e+00
   6.5000000e+01   1.2718378e+00
   6.6000000e+01   1.2728432e+00
   6.7000000e+01   1.2738494e+00
   6.8000000e+01   1.2748561e+00
   6.9000000e+01   1.2758635e+00
   7.0000000e+01   1.2768717e+00
   7.1000000e+01   1.2778803e+00
   7.2000000e+01   1.2788897e+00
   7.3000000e+01   1.2798996e+00
   7.4000000e+01   1.2809100e+00
   7.5000000e+01   1.2819211e+00
   7.6000000e+01   1.2829329e+00
   7.7000000e+01   1.2839451e+00
   7.8000000e+01   1.2849580e+00
   7.9000000e+01   1.2859714e+00
   8.0000000e+01   1.2869853e+00
   8.1000000e+01   1.2879997e+00
   8.2000000e+01   1.2890147e+00
   8.3000000e+01   1.2900302e+00
   8.4000000e+01   1.2910463e+00
   8.5000000e+01   1.2920628e+00
   8.6000000e+01   1.2930797e+00
   8.7000000e+01   1.2940972e+00
   8.8000000e+01   1.2951151e+00
   8.9000000e+01   1.2961335e+00
   9.0000000e+01   1.2971524e+00
   9.1000000e+01   1.2922146e+00
   9.2000000e+01   1.2872746e+00
   9.3000000e+01   1.2823321e+00
   9.4000000e+01   1.2773871e+00
   9.5000000e+01   1.2724398e+00
   9.6000000e+01   1.2674901e+00
   9.7000000e+01   1.2625382e+00
   9.8000000e+01   1.2575839e+00
   9.9000000e+01   1.2526271e+00
   1.0000000e+02   1.2476683e+00
   1.0100000e+02   1.2427070e+00
   1.0200000e+02   1.2377435e+00
   1.0300000e+02   1.2327777e+00
   1.0400000e+02   1.2278098e+00
   1.0500000e+02   1.2228395e+00
   1.0600000e+02   1.2178670e+00
   1.0700000e+02   1.2128924e+00
   1.0800000e+02   1.2079155e+00
   1.0900000e+02   1.2029365e+00
   1.1000000e+02   1.1979553e+00
   1.1100000e+02   1.1929719e+00
   1.1200000e+02   1.1879864e+00
   1.1300000e+02   1.1829987e+00
   1.1400000e+02   1.1780089e+00
   1.1500000e+02   1.1730170e+00
   1.1600000e+02   1.1680230e+00
   1.1700000e+02   1.1630269e+00
   1.1800000e+02   1.1580287e+00
   1.1900000e+02   1.1530285e+00
   1.2000000e+02   1.1480261e+00
   1.2100000e+02   1.1404852e+00
   1.2200000e+02   1.1329442e+00
   1.2300000e+02   1.1254033e+00
   1.2400000e+02   1.1178625e+00
   1.2500000e+02   1.1103215e+00
   1.2600000e+02   1.1027807e+00
   1.2700000e+02   1.0952398e+00
   1.2800000e+02   1.0876987e+00
   1.2900000e+02   1.0801576e+00
   1.3000000e+02   1.0726165e+00
   1.3100000e+02   1.0650750e+00
   1.3200000e+02   1.0575336e+00
   1.3300000e+02   1.0499920e+00
   1.3400000e+02   1.0424502e+00
   1.3500000e+02   1.0349082e+00
   1.3600000e+02   1.0273660e+00
   1.3700000e+02   1.0198236e+00
   1.3800000e+02   1.0122809e+00
   1.3900000e+02   1.0047380e+00
   1.4000000e+02   9.9719477e-01
   1.4100000e+02   9.8965126e-01
   1.4200000e+02   9.8210746e-01
   1.4300000e+02   9.7456336e-01
   1.4400000e+02   9.6701890e-01
   1.4500000e+02   9.5947409e-01
   1.4600000e+02   9.5192891e-01
   1.4700000e+02   9.4438338e-01
   1.4800000e+02   9.3683749e-01
   1.4900000e+02   9.2929119e-01
   1.5000000e+02   9.2174447e-01
   1.5100000e+02   9.2679632e-01
   1.5200000e+02   9.3184859e-01
   1.5300000e+02   9.3690139e-01
   1.5400000e+02   9.4195461e-01
   1.5500000e+02   9.4700837e-01
   1.5600000e+02   9.5206261e-01
   1.5700000e+02   9.5711738e-01
   1.5800000e+02   9.6217263e-01
   1.5900000e+02   9.6722841e-01
   1.6000000e+02   9.7228473e-01
   1.6100000e+02   9.7734159e-01
   1.6200000e+02   9.8239899e-01
   1.6300000e+02   9.8745692e-01
   1.6400000e+02   9.9251539e-01
   1.6500000e+02   9.9757445e-01
   1.6600000e+02   1.0026340e+00
   1.6700000e+02   1.0076942e+00
   1.6800000e+02   1.0127549e+00
   1.6900000e+02   1.0178163e+00
   1.7000000e+02   1.0228782e+00
   1.7100000e+02   1.0279408e+00
   1.7200000e+02   1.0330038e+00
   1.7300000e+02   1.0380675e+00
   1.7400000e+02   1.0431317e+00
   1.7500000e+02   1.0481967e+00
   1.7600000e+02   1.0532621e+00
   1.7700000e+02   1.0583283e+00
   1.7800000e+02   1.0633949e+00
   1.7900000e+02   1.0684623e+00
   1.8000000e+02   1.0735303e+00
   1.8100000e+02   1.0791253e+00
   1.8200000e+02   1.0847218e+00
   1.8300000e+02   1.0903199e+00
   1.8400000e+02   1.0959195e+00
   1.8500000e+02   1.1015207e+00
   1.8600000e+02   1.1071235e+00
   1.8700000e+02   1.1127278e+00
   1.8800000e+02   1.1183336e+00
   1.8900000e+02   1.1239411e+00
   1.9000000e+02   1.1295501e+00
   1.9100000e+02   1.1351607e+00
   1.9200000e+02   1.1407728e+00
   1.9300000e+02   1.1463865e+00
   1.9400000e+02   1.1520017e+00
   1.9500000e+02   1.1576186e+00
   1.9600000e+02   1.1632370e+00
   1.9700000e+02   1.1688570e+00
   1.9800000e+02   1.1744785e+00
   1.9900000e+02   1.1801016e+00
   2.0000000e+02   1.1857264e+00
   2.0100000e+02   1.1913526e+00
   2.0200000e+02   1.1969805e+00
   2.0300000e+02   1.2026099e+00
   2.0400000e+02   1.2082409e+00
   2.0500000e+02   1.2138735e+00
   2.0600000e+02   1.2195077e+00
   2.0700000e+02   1.2251434e+00
   2.0800000e+02   1.2307807e+00
   2.0900000e+02   1.2364197e+00
   2.1000000e+02   1.2420602e+00
   2.1100000e+02   1.2436788e+00
   2.1200000e+02   1.2452981e+00
   2.1300000e+02   1.2469182e+00
   2.1400000e+02   1.2485389e+00
   2.1500000e+02   1.2501602e+00
   2.1600000e+02   1.2517823e+00
   2.1700000e+02   1.2534050e+00
   2.1800000e+02   1.2550282e+00
   2.1900000e+02   1.2566522e+00
   2.2000000e+02   1.2582769e+00
   2.2100000e+02   1.2599024e+00
   2.2200000e+02   1.2615283e+00
   2.2300000e+02   1.2631550e+00
   2.2400000e+02   1.2647822e+00
   2.2500000e+02   1.2664102e+00
   2.2600000e+02   1.2680387e+00
   2.2700000e+02   1.2696681e+00
   2.2800000e+02   1.2712979e+00
   2.2900000e+02   1.2729285e+00
   2.3000000e+02   1.2745597e+00
   2.3100000e+02   1.2761916e+00
   2.3200000e+02   1.2778240e+00
   2.3300000e+02   1.2794571e+00
   2.3400000e+02   1.2810909e+00
   2.3500000e+02   1.2827253e+00
   2.3600000e+02   1.2843603e+00
   2.3700000e+02   1.2859960e+00
   2.3800000e+02   1.2876323e+00
   2.3900000e+02   1.2892692e+00
   2.4000000e+02   1.2909068e+00
   2.4100000e+02   1.2864174e+00
   2.4200000e+02   1.2819278e+00
   2.4300000e+02   1.2774382e+00
   2.4400000e+02   1.2729484e+00
   2.4500000e+02   1.2684585e+00
   2.4600000e+02   1.2639686e+00
   2.4700000e+02   1.2594784e+00
   2.4800000e+02   1.2549883e+00
   2.4900000e+02   1.2504981e+00
   2.5000000e+02   1.2460077e+00
   2.5100000e+02   1.2415172e+00
   2.5200000e+02   1.2370267e+00
   2.5300000e+02   1.2325361e+00
   2.5400000e+02   1.2280453e+00
   2.5500000e+02   1.2235545e+00
   2.5600000e+02   1.2190636e+00
   2.5700000e+02   1.2145727e+00
   2.5800000e+02   1.2100817e+00
   2.5900000e+02   1.2055906e+00
   2.6000000e+02   1.2010994e+00
   2.6100000e+02   1.1966082e+00
   2.6200000e+02   1.1921169e+00
   2.6300000e+02   1.1876255e+00
   2.6400000e+02   1.1831341e+00
   2.6500000e+02   1.1786426e+00
   2.6600000e+02   1.1741511e+00
   2.6700000e+02   1.1696595e+00
   2.6800000e+02   1.1651678e+00
   2.6900000e+02   1.1606761e+00
   2.7000000e+02   1.1561844e+00
   2.7100000e+02   1.1537219e+00
   2.7200000e+02   1.1512594e+00
   2.7300000e+02   1.1487970e+00
   2.7400000e+02   1.1463346e+00
   2.7500000e+02   1.1438723e+00
   2.7600000e+02   1.1414100e+00
   2.7700000e+02   1.1389477e+00
   2.7800000e+02   1.1364855e+00
   2.7900000e+02   1.1340233e+00
   2.8000000e+02   1.1315612e+00
   2.8100000e+02   1.1290990e+00
   2.8200000e+02   1.1266370e+00
   2.8300000e+02   1.1241748e+00
   2.8400000e+02   1.1217129e+00
   2.8500000e+02   1.1192509e+00
   2.8600000e+02   1.1167890e+00
   2.8700000e+02   1.1143271e+00
   2.8800000e+02   1.1118653e+00
   2.8900000e+02   1.1094035e+00
   2.9000000e+02   1.1069417e+00
   2.9100000e+02   1.1044799e+00
   2.9200000e+02   1.1020182e+00
   2.9300000e+02   1.0995566e+00
   2.9400000e+02   1.0970949e+00
   2.9500000e+02   1.0946333e+00
   2.9600000e+02   1.0921718e+00
   2.9700000e+02   1.0897102e+00
   2.9800000e+02   1.0872488e+00
   2.9900000e+02   1.0847872e+00
   3.0000000e+02   1.0823259e+00
   3.0100000e+02   1.0818144e+00
   3.0200000e+02   1.0813029e+00
   3.0300000e+02   1.0807915e+00
   3.0400000e+02   1.0802802e+00
   3.0500000e+02   1.0797689e+00
   3.0600000e+02   1.0792577e+00
   3.0700000e+02   1.0787466e+00
   3.0800000e+02   1.0782355e+00
   3.0900000e+02   1.0777245e+00
   3.1000000e+02   1.0772135e+00
   3.1100000e+02   1.0767026e+00
   3.1200000e+02   1.0761918e+00
   3.1300000e+02   1.0756811e+00
   3.1400000e+02   1.0751703e+00
   3.1500000e+02   1.0746597e+00
   3.1600000e+02   1.0741491e+00
   3.1700000e+02   1.0736386e+00
   3.1800000e+02   1.0731281e+00
   3.1900000e+02   1.0726177e+00
   3.2000000e+02   1.0721073e+00
   3.2100000e+02   1.0715970e+00
   3.2200000e+02   1.0710868e+00
   3.2300000e+02   1.0705765e+00
   3.2400000e+02   1.0700665e+00
   3.2500000e+02   1.0695564e+00
   3.2600000e+02   1.0690464e+00
   3.2700000e+02   1.0685364e+00
   3.2800000e+02   1.0680264e+00
   3.2900000e+02   1.0675166e+00
   3.3000000e+02   1.0670068e+00
   3.3100000e+02   1.0676246e+00
   3.3200000e+02   1.0682423e+00
   3.3300000e+02   1.0688602e+00
   3.3400000e+02   1.0694780e+00
   3.3500000e+02   1.0700960e+00
   3.3600000e+02   1.0707140e+00
   3.3700000e+02   1.0713321e+00
   3.3800000e+02   1.0719502e+00
   3.3900000e+02   1.0725683e+00
   3.4000000e+02   1.0731865e+00
   3.4100000e+02   1.0738047e+00
   3.4200000e+02   1.0744231e+00
   3.4300000e+02   1.0750414e+00
   3.4400000e+02   1.0756599e+00
   3.4500000e+02   1.0762783e+00
   3.4600000e+02   1.0768968e+00
   3.4700000e+02   1.0775154e+00
   3.4800000e+02   1.0781339e+00
   3.4900000e+02   1.0787525e+00
   3.5000000e+02   1.0793712e+00
   3.5100000e+02   1.0799899e+00
   3.5200000e+02   1.0806087e+00
   3.5300000e+02   1.0812275e+00
   3.5400000e+02   1.0818464e+00
   3.5500000e+02   1.0824653e+00
   3.5600000e+02   1.0830842e+00
   3.5700000e+02   1.0837032e+00
   3.5800000e+02   1.0843222e+00
   3.5900000e+02   1.0849414e+00
   1.4226848e-06   1.0855604e+00
