   0.0000000e+00   9.5915405e+01
   1.0000000e+00   3.4458748e+01
   2.0000000e+00   3.4416222e+01
   3.0000000e+00   3.4370239e+01
   4.0000000e+00   3.4321007e+01
   5.0000000e+00   3.4268551e+01
   6.0000000e+00   3.4212887e+01
   7.0000000e+00   3.4154041e+01
   8.0000000e+00   3.4092026e+01
   9.0000000e+00   3.4026871e+01
   1.0000000e+01   3.3958607e+01
   1.1000000e+01   3.3887280e+01
   1.2000000e+01   3.3812904e+01
   1.3000000e+01   3.3735535e+01
   1.4000000e+01   3.3655201e+01
   1.5000000e+01   3.3571949e+01
   1.6000000e+01   3.3485798e+01
   1.7000000e+01   3.3396790e+01
   1.8000000e+01   3.3304951e+01
   1.9000000e+01   3.3210331e+01
   2.0000000e+01   3.3112961e+01
   2.1000000e+01   3.3012871e+01
   2.2000000e+01   3.2910103e+01
   2.3000000e+01   3.2804707e+01
   2.4000000e+01   3.2696732e+01
   2.5000000e+01   3.2586227e+01
   2.6000000e+01   3.2473244e+01
   2.7000000e+01   3.2357838e+01
   2.8000000e+01   3.2240070e+01
   2.9000000e+01   3.2119995e+01
   3.0000000e+01   3.1997660e+01
   3.1000000e+01   3.1862055e+01
   3.2000000e+01   3.1724197e+01
   3.3000000e+01   3.1584154e+01
   3.4000000e+01   3.1441978e+01
   3.5000000e+01   3.1297743e+01
   3.6000000e+01   3.1151506e+01
   3.7000000e+01   3.1003340e+01
   3.8000000e+01   3.0853310e+01
   3.9000000e+01   3.0701488e+01
   4.0000000e+01   3.0547939e+01
   4.1000000e+01   3.0392735e+01
   4.2000000e+01   3.0235937e+01
   4.3000000e+01   3.0077616e+01
   4.4000000e+01   2.9917835e+01
   4.5000000e+01   2.9756668e+01
   4.6000000e+01   2.9594191e+01
   4.7000000e+01   2.9430466e+01
   4.8000000e+01   2.9265553e+01
   4.9000000e+01   2.9099525e+01
   5.0000000e+01   2.8932455e+01
   5.1000000e+01   2.8764410e+01
   5.2000000e+01   2.8595453e+01
   5.3000000e+01   2.8425657e+01
   5.4000000e+01   2.8255089e+01
   5.5000000e+01   2.8083815e+01
   5.6000000e+01   2.7911901e+01
   5.7000000e+01   2.7739412e+01
   5.8000000e+01   2.7566412e+01
   5.9000000e+01   2.7392967e+01
   6.0000000e+01   2.7219139e+01
   6.1000000e+01   2.7037033e+01
   6.2000000e+01   2.6854546e+01
   6.3000000e+01   2.6671740e+01
   6.4000000e+01   2.6488678e+01
   6.5000000e+01   2.6305420e+01
   6.6000000e+01   2.6122026e+01
   6.7000000e+01   2.5938559e+01
   6.8000000e+01   2.5755075e+01
   6.9000000e+01   2.5571625e+01
   7.0000000e+01   2.5388266e+01
   7.1000000e+01   2.5205061e+01
   7.2000000e+01   2.5022058e+01
   7.3000000e+01   2.4839314e+01
   7.4000000e+01   2.4656878e+01
   7.5000000e+01   2.4474804e+01
   7.6000000e+01   2.4293137e+01
   7.7000000e+01   2.4111927e+01
   7.8000000e+01   2.3931223e+01
   7.9000000e+01   2.3751066e+01
   8.0000000e+01   2.3571491e+01
   8.1000000e+01   2.3392536e+01
   8.2000000e+01   2.3214256e+01
   8.3000000e+01   2.3036694e+01
   8.4000000e+01   2.2859888e+01
   8.5000000e+01   2.2683878e+01
   8.6000000e+01   2.2508703e+01
   8.7000000e+01   2.2334396e+01
   8.8000000e+01   2.2160994e+01
   8.9000000e+01   2.1988527e+01
   9.0000000e+01   2.1817030e+01
   9.1000000e+01   2.1645239e+01
   9.2000000e+01   2.1474327e+01
   9.3000000e+01   2.1304323e+01
   9.4000000e+01   2.1135256e+01
   9.5000000e+01   2.0967154e+01
   9.6000000e+01   2.0800041e+01
   9.7000000e+01   2.0633947e+01
   9.8000000e+01   2.0468895e+01
   9.9000000e+01   2.0304907e+01
   1.0000000e+02   2.0142004e+01
   1.0100000e+02   1.9980198e+01
   1.0200000e+02   1.9819504e+01
   1.0300000e+02   1.9659948e+01
   1.0400000e+02   1.9501553e+01
   1.0500000e+02   1.9344332e+01
   1.0600000e+02   1.9188303e+01
   1.0700000e+02   1.9033482e+01
   1.0800000e+02   1.8879881e+01
   1.0900000e+02   1.8727514e+01
   1.1000000e+02   1.8576391e+01
   1.1100000e+02   1.8426523e+01
   1.1200000e+02   1.8277891e+01
   1.1300000e+02   1.8130535e+01
   1.1400000e+02   1.7984461e+01
   1.1500000e+02   1.7839678e+01
   1.1600000e+02   1.7696194e+01
   1.1700000e+02   1.7554012e+01
   1.1800000e+02   1.7413141e+01
   1.1900000e+02   1.7273586e+01
   1.2000000e+02   1.7135351e+01
   1.2100000e+02   1.7012735e+01
   1.2200000e+02   1.6891401e+01
   1.2300000e+02   1.6771349e+01
   1.2400000e+02   1.6652578e+01
   1.2500000e+02   1.6535095e+01
   1.2600000e+02   1.6418898e+01
   1.2700000e+02   1.6303986e+01
   1.2800000e+02   1.6190359e+01
   1.2900000e+02   1.6078028e+01
   1.3000000e+02   1.5966986e+01
   1.3100000e+02   1.5857225e+01
   1.3200000e+02   1.5748747e+01
   1.3300000e+02   1.5641544e+01
   1.3400000e+02   1.5535618e+01
   1.3500000e+02   1.5430960e+01
   1.3600000e+02   1.5327568e+01
   1.3700000e+02   1.5225438e+01
   1.3800000e+02   1.5124566e+01
   1.3900000e+02   1.5024946e+01
   1.4000000e+02   1.4926575e+01
   1.4100000e+02   1.4829445e+01
   1.4200000e+02   1.4733552e+01
   1.4300000e+02   1.4638888e+01
   1.4400000e+02   1.4545448e+01
   1.4500000e+02   1.4453219e+01
   1.4600000e+02   1.4362204e+01
   1.4700000e+02   1.4272395e+01
   1.4800000e+02   1.4183786e+01
   1.4900000e+02   1.4096352e+01
   1.5000000e+02   1.4010096e+01
   1.5100000e+02   1.3958953e+01
   1.5200000e+02   1.3909277e+01
   1.5300000e+02   1.3861073e+01
   1.5400000e+02   1.3814335e+01
   1.5500000e+02   1.3769057e+01
   1.5600000e+02   1.3725233e+01
   1.5700000e+02   1.3682858e+01
   1.5800000e+02   1.3641927e+01
   1.5900000e+02   1.3602434e+01
   1.6000000e+02   1.3564375e+01
   1.6100000e+02   1.3527743e+01
   1.6200000e+02   1.3492536e+01
   1.6300000e+02   1.3458757e+01
   1.6400000e+02   1.3426416e+01
   1.6500000e+02   1.3395475e+01
   1.6600000e+02   1.3365932e+01
   1.6700000e+02   1.3337778e+01
   1.6800000e+02   1.3311012e+01
   1.6900000e+02   1.3285629e+01
   1.7000000e+02   1.3261624e+01
   1.7100000e+02   1.3238997e+01
   1.7200000e+02   1.3217737e+01
   1.7300000e+02   1.3197846e+01
   1.7400000e+02   1.3179317e+01
   1.7500000e+02   1.3162148e+01
   1.7600000e+02   1.3146334e+01
   1.7700000e+02   1.3131866e+01
   1.7800000e+02   1.3118740e+01
   1.7900000e+02   1.3106953e+01
   1.8000000e+02   1.3096498e+01
   1.8100000e+02   1.3122938e+01
   1.8200000e+02   1.3151044e+01
   1.8300000e+02   1.3180817e+01
   1.8400000e+02   1.3212256e+01
   1.8500000e+02   1.3245363e+01
   1.8600000e+02   1.3280132e+01
   1.8700000e+02   1.3316567e+01
   1.8800000e+02   1.3354670e+01
   1.8900000e+02   1.3394437e+01
   1.9000000e+02   1.3435896e+01
   1.9100000e+02   1.3479086e+01
   1.9200000e+02   1.3523933e+01
   1.9300000e+02   1.3570438e+01
   1.9400000e+02   1.3618603e+01
   1.9500000e+02   1.3668428e+01
   1.9600000e+02   1.3719915e+01
   1.9700000e+02   1.3773067e+01
   1.9800000e+02   1.3827883e+01
   1.9900000e+02   1.3884366e+01
   2.0000000e+02   1.3942518e+01
   2.0100000e+02   1.4002339e+01
   2.0200000e+02   1.4063833e+01
   2.0300000e+02   1.4127000e+01
   2.0400000e+02   1.4191841e+01
   2.0500000e+02   1.4258358e+01
   2.0600000e+02   1.4326550e+01
   2.0700000e+02   1.4396418e+01
   2.0800000e+02   1.4467962e+01
   2.0900000e+02   1.4541183e+01
   2.1000000e+02   1.4616083e+01
   2.1100000e+02   1.4704582e+01
   2.1200000e+02   1.4794821e+01
   2.1300000e+02   1.4886803e+01
   2.1400000e+02   1.4980531e+01
   2.1500000e+02   1.5076007e+01
   2.1600000e+02   1.5173233e+01
   2.1700000e+02   1.5272213e+01
   2.1800000e+02   1.5372949e+01
   2.1900000e+02   1.5475442e+01
   2.2000000e+02   1.5579694e+01
   2.2100000e+02   1.5685709e+01
   2.2200000e+02   1.5793487e+01
   2.2300000e+02   1.5903030e+01
   2.2400000e+02   1.6014338e+01
   2.2500000e+02   1.6127413e+01
   2.2600000e+02   1.6242256e+01
   2.2700000e+02   1.6358866e+01
   2.2800000e+02   1.6477245e+01
   2.2900000e+02   1.6597393e+01
   2.3000000e+02   1.6719309e+01
   2.3100000e+02   1.6842991e+01
   2.3200000e+02   1.6968441e+01
   2.3300000e+02   1.7095654e+01
   2.3400000e+02   1.7224630e+01
   2.3500000e+02   1.7355368e+01
   2.3600000e+02   1.7487862e+01
   2.3700000e+02   1.7622110e+01
   2.3800000e+02   1.7758110e+01
   2.3900000e+02   1.7895855e+01
   2.4000000e+02   1.8035341e+01
   2.4100000e+02   1.8164949e+01
   2.4200000e+02   1.8296162e+01
   2.4300000e+02   1.8428976e+01
   2.4400000e+02   1.8563385e+01
   2.4500000e+02   1.8699381e+01
   2.4600000e+02   1.8836958e+01
   2.4700000e+02   1.8976109e+01
   2.4800000e+02   1.9116819e+01
   2.4900000e+02   1.9259087e+01
   2.5000000e+02   1.9402897e+01
   2.5100000e+02   1.9548243e+01
   2.5200000e+02   1.9695107e+01
   2.5300000e+02   1.9843485e+01
   2.5400000e+02   1.9993357e+01
   2.5500000e+02   2.0144714e+01
   2.5600000e+02   2.0297543e+01
   2.5700000e+02   2.0451826e+01
   2.5800000e+02   2.0607548e+01
   2.5900000e+02   2.0764690e+01
   2.6000000e+02   2.0923239e+01
   2.6100000e+02   2.1083174e+01
   2.6200000e+02   2.1244473e+01
   2.6300000e+02   2.1407120e+01
   2.6400000e+02   2.1571093e+01
   2.6500000e+02   2.1736368e+01
   2.6600000e+02   2.1902922e+01
   2.6700000e+02   2.2070730e+01
   2.6800000e+02   2.2239767e+01
   2.6900000e+02   2.2410009e+01
   2.7000000e+02   2.2581425e+01
   2.7100000e+02   2.2733589e+01
   2.7200000e+02   2.2886698e+01
   2.7300000e+02   2.3040720e+01
   2.7400000e+02   2.3195623e+01
   2.7500000e+02   2.3351377e+01
   2.7600000e+02   2.3507950e+01
   2.7700000e+02   2.3665302e+01
   2.7800000e+02   2.3823404e+01
   2.7900000e+02   2.3982220e+01
   2.8000000e+02   2.4141708e+01
   2.8100000e+02   2.4301834e+01
   2.8200000e+02   2.4462559e+01
   2.8300000e+02   2.4623838e+01
   2.8400000e+02   2.4785637e+01
   2.8500000e+02   2.4947908e+01
   2.8600000e+02   2.5110609e+01
   2.8700000e+02   2.5273695e+01
   2.8800000e+02   2.5437122e+01
   2.8900000e+02   2.5600843e+01
   2.9000000e+02   2.5764809e+01
   2.9100000e+02   2.5928970e+01
   2.9200000e+02   2.6093283e+01
   2.9300000e+02   2.6257692e+01
   2.9400000e+02   2.6422146e+01
   2.9500000e+02   2.6586596e+01
   2.9600000e+02   2.6750982e+01
   2.9700000e+02   2.6915260e+01
   2.9800000e+02   2.7079367e+01
   2.9900000e+02   2.7243250e+01
   3.0000000e+02   2.7406855e+01
   3.0100000e+02   2.7546963e+01
   3.0200000e+02   2.7686504e+01
   3.0300000e+02   2.7825417e+01
   3.0400000e+02   2.7963650e+01
   3.0500000e+02   2.8101141e+01
   3.0600000e+02   2.8237833e+01
   3.0700000e+02   2.8373672e+01
   3.0800000e+02   2.8508591e+01
   3.0900000e+02   2.8642538e+01
   3.1000000e+02   2.8775448e+01
   3.1100000e+02   2.8907261e+01
   3.1200000e+02   2.9037939e+01
   3.1300000e+02   2.9167410e+01
   3.1400000e+02   2.9295607e+01
   3.1500000e+02   2.9422468e+01
   3.1600000e+02   2.9547935e+01
   3.1700000e+02   2.9671946e+01
   3.1800000e+02   2.9794441e+01
   3.1900000e+02   2.9915361e+01
   3.2000000e+02   3.0034658e+01
   3.2100000e+02   3.0152277e+01
   3.2200000e+02   3.0268145e+01
   3.2300000e+02   3.0382202e+01
   3.2400000e+02   3.0494390e+01
   3.2500000e+02   3.0604650e+01
   3.2600000e+02   3.0712931e+01
   3.2700000e+02   3.0819172e+01
   3.2800000e+02   3.0923307e+01
   3.2900000e+02   3.1025263e+01
   3.3000000e+02   3.1125015e+01
   3.3100000e+02   3.1196888e+01
   3.3200000e+02   3.1266329e+01
   3.3300000e+02   3.1333290e+01
   3.3400000e+02   3.1397726e+01
   3.3500000e+02   3.1459595e+01
   3.3600000e+02   3.1518831e+01
   3.3700000e+02   3.1575388e+01
   3.3800000e+02   3.1629251e+01
   3.3900000e+02   3.1680378e+01
   3.4000000e+02   3.1728735e+01
   3.4100000e+02   3.1774281e+01
   3.4200000e+02   3.1816982e+01
   3.4300000e+02   3.1856812e+01
   3.4400000e+02   3.1893732e+01
   3.4500000e+02   3.1927715e+01
   3.4600000e+02   3.1958736e+01
   3.4700000e+02   3.1986765e+01
   3.4800000e+02   3.2011780e+01
   3.4900000e+02   3.2033760e+01
   3.5000000e+02   3.2052685e+01
   3.5100000e+02   3.2068535e+01
   3.5200000e+02   3.2081299e+01
   3.5300000e+02   3.2090954e+01
   3.5400000e+02   3.2097492e+01
   3.5500000e+02   3.2100899e+01
   3.5600000e+02   3.2101173e+01
   3.5700000e+02   3.2098305e+01
   3.5800000e+02   3.2092289e+01
   3.5900000e+02   3.2083130e+01
   7.1133672e-07   3.2070824e+01
   1.0000007e+00   3.2028599e+01
   2.0000007e+00   3.1983196e+01
   3.0000007e+00   3.1934633e+01
   4.0000010e+00   3.1882927e+01
   5.0000010e+00   3.1828087e+01
   6.0000010e+00   3.1770136e+01
   7.0000010e+00   3.1709064e+01
   8.0000010e+00   3.1644888e+01
   9.0000010e+00   3.1577669e+01
   1.0000001e+01   3.1507435e+01
   1.1000001e+01   3.1434210e+01
   1.2000001e+01   3.1358027e+01
   1.3000001e+01   3.1278893e+01
   1.4000001e+01   3.1196833e+01
   1.5000001e+01   3.1111917e+01
   1.6000000e+01   3.1024187e+01
   1.7000000e+01   3.0933685e+01
   1.8000000e+01   3.0840448e+01
   1.9000000e+01   3.0744524e+01
   2.0000000e+01   3.0645952e+01
   2.1000000e+01   3.0544785e+01
   2.2000000e+01   3.0441067e+01
   2.3000000e+01   3.0334846e+01
   2.4000000e+01   3.0226181e+01
   2.5000000e+01   3.0115116e+01
   2.6000000e+01   3.0001707e+01
   2.7000000e+01   2.9886011e+01
   2.8000000e+01   2.9768084e+01
   2.9000000e+01   2.9647982e+01
   3.0000000e+01   2.9525763e+01
   3.1000000e+01   2.9375717e+01
   3.2000000e+01   2.9223715e+01
   3.3000000e+01   2.9069822e+01
   3.4000000e+01   2.8914104e+01
   3.5000000e+01   2.8756632e+01
   3.6000000e+01   2.8597467e+01
   3.7000000e+01   2.8436684e+01
   3.8000000e+01   2.8274347e+01
   3.9000000e+01   2.8110527e+01
   4.0000000e+01   2.7945293e+01
   4.1000000e+01   2.7778715e+01
   4.2000000e+01   2.7610861e+01
   4.3000000e+01   2.7441801e+01
   4.4000000e+01   2.7271605e+01
   4.5000000e+01   2.7100342e+01
   4.6000000e+01   2.6928083e+01
   4.7000000e+01   2.6754896e+01
   4.8000000e+01   2.6580849e+01
   4.9000000e+01   2.6406013e+01
   5.0000000e+01   2.6230455e+01
   5.1000000e+01   2.6054241e+01
   5.2000000e+01   2.5877441e+01
   5.3000000e+01   2.5700119e+01
   5.4000000e+01   2.5522343e+01
   5.5000000e+01   2.5344175e+01
   5.6000000e+01   2.5165686e+01
   5.7000000e+01   2.4986933e+01
   5.8000000e+01   2.4807981e+01
   5.9000000e+01   2.4628893e+01
   6.0000000e+01   2.4449728e+01
   6.1000000e+01   2.4243858e+01
   6.2000000e+01   2.4038092e+01
   6.3000000e+01   2.3832491e+01
   6.4000000e+01   2.3627117e+01
   6.5000000e+01   2.3422026e+01
   6.6000000e+01   2.3217278e+01
   6.7000000e+01   2.3012930e+01
   6.8000000e+01   2.2809036e+01
   6.9000000e+01   2.2605654e+01
   7.0000000e+01   2.2402830e+01
   7.1000000e+01   2.2200621e+01
   7.2000000e+01   2.1999073e+01
   7.3000000e+01   2.1798237e+01
   7.4000000e+01   2.1598158e+01
   7.5000000e+01   2.1398884e+01
   7.6000000e+01   2.1200459e+01
   7.7000000e+01   2.1002922e+01
   7.8000000e+01   2.0806320e+01
   7.9000000e+01   2.0610689e+01
   8.0000000e+01   2.0416069e+01
   8.1000000e+01   2.0222498e+01
   8.2000000e+01   2.0030008e+01
   8.3000000e+01   1.9838638e+01
   8.4000000e+01   1.9648420e+01
   8.5000000e+01   1.9459383e+01
   8.6000000e+01   1.9271561e+01
   8.7000000e+01   1.9084978e+01
   8.8000000e+01   1.8899664e+01
   8.9000000e+01   1.8715647e+01
   9.0000000e+01   1.8532949e+01
   9.1000000e+01   1.8320120e+01
   9.2000000e+01   1.8108547e+01
   9.3000000e+01   1.7898254e+01
   9.4000000e+01   1.7689266e+01
   9.5000000e+01   1.7481604e+01
   9.6000000e+01   1.7275286e+01
   9.7000000e+01   1.7070330e+01
   9.8000000e+01   1.6866756e+01
   9.9000000e+01   1.6664581e+01
   1.0000000e+02   1.6463818e+01
   1.0100000e+02   1.6264479e+01
   1.0200000e+02   1.6066582e+01
   1.0300000e+02   1.5870132e+01
   1.0400000e+02   1.5675144e+01
   1.0500000e+02   1.5481627e+01
   1.0600000e+02   1.5289587e+01
   1.0700000e+02   1.5099031e+01
   1.0800000e+02   1.4909968e+01
   1.0900000e+02   1.4722401e+01
   1.1000000e+02   1.4536334e+01
   1.1100000e+02   1.4351770e+01
   1.1200000e+02   1.4168713e+01
   1.1300000e+02   1.3987163e+01
   1.1400000e+02   1.3807120e+01
   1.1500000e+02   1.3628585e+01
   1.1600000e+02   1.3451557e+01
   1.1700000e+02   1.3276033e+01
   1.1800000e+02   1.3102013e+01
   1.1900000e+02   1.2929490e+01
   1.2000000e+02   1.2758461e+01
   1.2100000e+02   1.2573331e+01
   1.2200000e+02   1.2389588e+01
   1.2300000e+02   1.2207233e+01
   1.2400000e+02   1.2026265e+01
   1.2500000e+02   1.1846680e+01
   1.2600000e+02   1.1668473e+01
   1.2700000e+02   1.1491643e+01
   1.2800000e+02   1.1316183e+01
   1.2900000e+02   1.1142087e+01
   1.3000000e+02   1.0969348e+01
   1.3100000e+02   1.0797958e+01
   1.3200000e+02   1.0627911e+01
   1.3300000e+02   1.0459195e+01
   1.3400000e+02   1.0291802e+01
   1.3500000e+02   1.0125722e+01
   1.3600000e+02   9.9609432e+00
   1.3700000e+02   9.7974548e+00
   1.3800000e+02   9.6352444e+00
   1.3900000e+02   9.4742985e+00
   1.4000000e+02   9.3146057e+00
   1.4100000e+02   9.1561518e+00
   1.4200000e+02   8.9989223e+00
   1.4300000e+02   8.8429012e+00
   1.4400000e+02   8.6880751e+00
   1.4500000e+02   8.5344286e+00
   1.4600000e+02   8.3819437e+00
   1.4700000e+02   8.2306051e+00
   1.4800000e+02   8.0805435e+00
   1.4900000e+02   7.9321580e+00
   1.5000000e+02   7.7848825e+00
   1.5100000e+02   7.7621040e+00
   1.5200000e+02   7.7403522e+00
   1.5300000e+02   7.7196269e+00
   1.5400000e+02   7.6999269e+00
   1.5500000e+02   7.6812515e+00
   1.5600000e+02   7.6635222e+00
   1.5700000e+02   7.6466608e+00
   1.5800000e+02   7.6307635e+00
   1.5900000e+02   7.6158280e+00
   1.6000000e+02   7.6018553e+00
   1.6100000e+02   7.5888453e+00
   1.6200000e+02   7.5767980e+00
   1.6300000e+02   7.5657134e+00
   1.6400000e+02   7.5555916e+00
   1.6500000e+02   7.5464325e+00
   1.6600000e+02   7.5382371e+00
   1.6700000e+02   7.5310044e+00
   1.6800000e+02   7.5247355e+00
   1.6900000e+02   7.5194297e+00
   1.7000000e+02   7.5150876e+00
   1.7100000e+02   7.5117092e+00
   1.7200000e+02   7.5092950e+00
   1.7300000e+02   7.5078454e+00
   1.7400000e+02   7.5073600e+00
   1.7500000e+02   7.5078392e+00
   1.7600000e+02   7.5092463e+00
   1.7700000e+02   7.5115795e+00
   1.7800000e+02   7.5149355e+00
   1.7900000e+02   7.5193129e+00
   1.8000000e+02   7.5247121e+00
   1.8100000e+02   7.6434340e+00
   1.8200000e+02   7.7635765e+00
   1.8300000e+02   7.8845983e+00
   1.8400000e+02   8.0065145e+00
   1.8500000e+02   8.1293364e+00
   1.8600000e+02   8.2530727e+00
   1.8700000e+02   8.3777323e+00
   1.8800000e+02   8.5033226e+00
   1.8900000e+02   8.6298532e+00
   1.9000000e+02   8.7573309e+00
   1.9100000e+02   8.8857632e+00
   1.9200000e+02   9.0151558e+00
   1.9300000e+02   9.1455154e+00
   1.9400000e+02   9.2768478e+00
   1.9500000e+02   9.4091568e+00
   1.9600000e+02   9.5424480e+00
   1.9700000e+02   9.6767235e+00
   1.9800000e+02   9.8119879e+00
   1.9900000e+02   9.9482431e+00
   2.0000000e+02   1.0085490e+01
   2.0100000e+02   1.0223743e+01
   2.0200000e+02   1.0363022e+01
   2.0300000e+02   1.0503294e+01
   2.0400000e+02   1.0644519e+01
   2.0500000e+02   1.0786728e+01
   2.0600000e+02   1.0929944e+01
   2.0700000e+02   1.1074163e+01
   2.0800000e+02   1.1219382e+01
   2.0900000e+02   1.1365597e+01
   2.1000000e+02   1.1512799e+01
   2.1100000e+02   1.1657234e+01
   2.1200000e+02   1.1803234e+01
   2.1300000e+02   1.1950809e+01
   2.1400000e+02   1.2099969e+01
   2.1500000e+02   1.2250723e+01
   2.1600000e+02   1.2403080e+01
   2.1700000e+02   1.2557049e+01
   2.1800000e+02   1.2712639e+01
   2.1900000e+02   1.2869859e+01
   2.2000000e+02   1.3028715e+01
   2.2100000e+02   1.3189217e+01
   2.2200000e+02   1.3351370e+01
   2.2300000e+02   1.3515182e+01
   2.2400000e+02   1.3680643e+01
   2.2500000e+02   1.3847766e+01
   2.2600000e+02   1.4016564e+01
   2.2700000e+02   1.4187044e+01
   2.2800000e+02   1.4359211e+01
   2.2900000e+02   1.4533068e+01
   2.3000000e+02   1.4708618e+01
   2.3100000e+02   1.4885865e+01
   2.3200000e+02   1.5064813e+01
   2.3300000e+02   1.5245460e+01
   2.3400000e+02   1.5427810e+01
   2.3500000e+02   1.5611862e+01
   2.3600000e+02   1.5797617e+01
   2.3700000e+02   1.5985073e+01
   2.3800000e+02   1.6174231e+01
   2.3900000e+02   1.6365086e+01
   2.4000000e+02   1.6557634e+01
   2.4100000e+02   1.6709230e+01
   2.4200000e+02   1.6862339e+01
   2.4300000e+02   1.7016964e+01
   2.4400000e+02   1.7173101e+01
   2.4500000e+02   1.7330750e+01
   2.4600000e+02   1.7489901e+01
   2.4700000e+02   1.7650549e+01
   2.4800000e+02   1.7812689e+01
   2.4900000e+02   1.7976315e+01
   2.5000000e+02   1.8141417e+01
   2.5100000e+02   1.8307985e+01
   2.5200000e+02   1.8476015e+01
   2.5300000e+02   1.8645494e+01
   2.5400000e+02   1.8816414e+01
   2.5500000e+02   1.8988760e+01
   2.5600000e+02   1.9162518e+01
   2.5700000e+02   1.9337677e+01
   2.5800000e+02   1.9514221e+01
   2.5900000e+02   1.9692137e+01
   2.6000000e+02   1.9871405e+01
   2.6100000e+02   2.0052011e+01
   2.6200000e+02   2.0233934e+01
   2.6300000e+02   2.0417156e+01
   2.6400000e+02   2.0601658e+01
   2.6500000e+02   2.0787416e+01
   2.6600000e+02   2.0974409e+01
   2.6700000e+02   2.1162615e+01
   2.6800000e+02   2.1352007e+01
   2.6900000e+02   2.1542561e+01
   2.7000000e+02   2.1734249e+01
   2.7100000e+02   2.1896366e+01
   2.7200000e+02   2.2059397e+01
   2.7300000e+02   2.2223310e+01
   2.7400000e+02   2.2388079e+01
   2.7500000e+02   2.2553669e+01
   2.7600000e+02   2.2720049e+01
   2.7700000e+02   2.2887186e+01
   2.7800000e+02   2.3055042e+01
   2.7900000e+02   2.3223585e+01
   2.8000000e+02   2.3392776e+01
   2.8100000e+02   2.3562580e+01
   2.8200000e+02   2.3732956e+01
   2.8300000e+02   2.3903862e+01
   2.8400000e+02   2.4075258e+01
   2.8500000e+02   2.4247103e+01
   2.8600000e+02   2.4419353e+01
   2.8700000e+02   2.4591965e+01
   2.8800000e+02   2.4764893e+01
   2.8900000e+02   2.4938087e+01
   2.9000000e+02   2.5111504e+01
   2.9100000e+02   2.5285091e+01
   2.9200000e+02   2.5458801e+01
   2.9300000e+02   2.5632584e+01
   2.9400000e+02   2.5806387e+01
   2.9500000e+02   2.5980160e+01
   2.9600000e+02   2.6153845e+01
   2.9700000e+02   2.6327391e+01
   2.9800000e+02   2.6500740e+01
   2.9900000e+02   2.6673838e+01
   3.0000000e+02   2.6846628e+01
   3.0100000e+02   2.6991333e+01
   3.0200000e+02   2.7135464e+01
   3.0300000e+02   2.7278959e+01
   3.0400000e+02   2.7421762e+01
   3.0500000e+02   2.7563812e+01
   3.0600000e+02   2.7705053e+01
   3.0700000e+02   2.7845425e+01
   3.0800000e+02   2.7984871e+01
   3.0900000e+02   2.8123327e+01
   3.1000000e+02   2.8260738e+01
   3.1100000e+02   2.8397039e+01
   3.1200000e+02   2.8532175e+01
   3.1300000e+02   2.8666080e+01
   3.1400000e+02   2.8798698e+01
   3.1500000e+02   2.8929966e+01
   3.1600000e+02   2.9059822e+01
   3.1700000e+02   2.9188208e+01
   3.1800000e+02   2.9315065e+01
   3.1900000e+02   2.9440329e+01
   3.2000000e+02   2.9563938e+01
   3.2100000e+02   2.9685839e+01
   3.2200000e+02   2.9805967e+01
   3.2300000e+02   2.9924267e+01
   3.2400000e+02   3.0040676e+01
   3.2500000e+02   3.0155142e+01
   3.2600000e+02   3.0267601e+01
   3.2700000e+02   3.0378002e+01
   3.2800000e+02   3.0486286e+01
   3.2900000e+02   3.0592398e+01
   3.3000000e+02   3.0696285e+01
   3.3100000e+02   3.0769384e+01
   3.3200000e+02   3.0840046e+01
   3.3300000e+02   3.0908224e+01
   3.3400000e+02   3.0973873e+01
   3.3500000e+02   3.1036945e+01
   3.3600000e+02   3.1097389e+01
   3.3700000e+02   3.1155161e+01
   3.3800000e+02   3.1210232e+01
   3.3900000e+02   3.1262558e+01
   3.4000000e+02   3.1312105e+01
   3.4100000e+02   3.1358839e+01
   3.4200000e+02   3.1402719e+01
   3.4300000e+02   3.1443720e+01
   3.4400000e+02   3.1481806e+01
   3.4500000e+02   3.1516947e+01
   3.4600000e+02   3.1549116e+01
   3.4700000e+02   3.1578289e+01
   3.4800000e+02   3.1604441e+01
   3.4900000e+02   3.1627546e+01
   3.5000000e+02   3.1647593e+01
   3.5100000e+02   3.1664553e+01
   3.5200000e+02   3.1678419e+01
   3.5300000e+02   3.1689171e+01
   3.5400000e+02   3.1696798e+01
   3.5500000e+02   3.1701294e+01
   3.5600000e+02   3.1702646e+01
   3.5700000e+02   3.1700851e+01
   3.5800000e+02   3.1695906e+01
   3.5900000e+02   3.1687803e+01
   1.4226848e-06   3.1676554e+01
