   0.0000000e+00   6.8839274e-02
   1.0000000e+00   9.0384804e-02
   2.0000000e+00   9.0607584e-02
   3.0000000e+00   9.0834871e-02
   4.0000000e+00   9.1062017e-02
   5.0000000e+00   9.1289014e-02
   6.0000000e+00   9.1515869e-02
   7.0000000e+00   9.1742598e-02
   8.0000000e+00   9.1969199e-02
   9.0000000e+00   9.2195712e-02
   1.0000000e+01   9.2422120e-02
   1.1000000e+01   9.2648476e-02
   1.2000000e+01   9.2874847e-02
   1.3000000e+01   9.3101203e-02
   1.4000000e+01   9.3327567e-02
   1.5000000e+01   9.3553960e-02
   1.6000000e+01   9.3780413e-02
   1.7000000e+01   9.4006881e-02
   1.8000000e+01   9.4233364e-02
   1.9000000e+01   9.4459854e-02
   2.0000000e+01   9.4686352e-02
   2.1000000e+01   9.4912812e-02
   2.2000000e+01   9.5139205e-02
   2.3000000e+01   9.5365524e-02
   2.4000000e+01   9.5591821e-02
   2.5000000e+01   9.5818043e-02
   2.6000000e+01   9.6044190e-02
   2.7000000e+01   9.6270271e-02
   2.8000000e+01   9.6496299e-02
   2.9000000e+01   9.6722297e-02
   3.0000000e+01   9.6948460e-02
   3.1000000e+01   9.7415492e-02
   3.2000000e+01   9.7882614e-02
   3.3000000e+01   9.8349839e-02
   3.4000000e+01   9.8817170e-02
   3.5000000e+01   9.9284589e-02
   3.6000000e+01   9.9752098e-02
   3.7000000e+01   1.0021969e-01
   3.8000000e+01   1.0068738e-01
   3.9000000e+01   1.0115518e-01
   4.0000000e+01   1.0162308e-01
   4.1000000e+01   1.0209110e-01
   4.2000000e+01   1.0255922e-01
   4.3000000e+01   1.0302754e-01
   4.4000000e+01   1.0349619e-01
   4.5000000e+01   1.0396498e-01
   4.6000000e+01   1.0443394e-01
   4.7000000e+01   1.0490308e-01
   4.8000000e+01   1.0537267e-01
   4.9000000e+01   1.0584244e-01
   5.0000000e+01   1.0631240e-01
   5.1000000e+01   1.0678255e-01
   5.2000000e+01   1.0725287e-01
   5.3000000e+01   1.0772339e-01
   5.4000000e+01   1.0819408e-01
   5.5000000e+01   1.0866496e-01
   5.6000000e+01   1.0913604e-01
   5.7000000e+01   1.0960730e-01
   5.8000000e+01   1.1007877e-01
   5.9000000e+01   1.1055042e-01
   6.0000000e+01   1.1102226e-01
   6.1000000e+01   1.1159979e-01
   6.2000000e+01   1.1217841e-01
   6.3000000e+01   1.1275811e-01
   6.4000000e+01   1.1333889e-01
   6.5000000e+01   1.1392073e-01
   6.6000000e+01   1.1450363e-01
   6.7000000e+01   1.1508757e-01
   6.8000000e+01   1.1567254e-01
   6.9000000e+01   1.1625878e-01
   7.0000000e+01   1.1684630e-01
   7.1000000e+01   1.1743495e-01
   7.2000000e+01   1.1802468e-01
   7.3000000e+01   1.1861551e-01
   7.4000000e+01   1.1920742e-01
   7.5000000e+01   1.1980039e-01
   7.6000000e+01   1.2039442e-01
   7.7000000e+01   1.2098951e-01
   7.8000000e+01   1.2158562e-01
   7.9000000e+01   1.2218278e-01
   8.0000000e+01   1.2278143e-01
   8.1000000e+01   1.2338175e-01
   8.2000000e+01   1.2398317e-01
   8.3000000e+01   1.2458568e-01
   8.4000000e+01   1.2518929e-01
   8.5000000e+01   1.2579396e-01
   8.6000000e+01   1.2639970e-01
   8.7000000e+01   1.2700650e-01
   8.8000000e+01   1.2761436e-01
   8.9000000e+01   1.2822324e-01
   9.0000000e+01   1.2883316e-01
   9.1000000e+01   1.2933314e-01
   9.2000000e+01   1.2983494e-01
   9.3000000e+01   1.3033853e-01
   9.4000000e+01   1.3084391e-01
   9.5000000e+01   1.3135104e-01
   9.6000000e+01   1.3185994e-01
   9.7000000e+01   1.3237058e-01
   9.8000000e+01   1.3288292e-01
   9.9000000e+01   1.3339695e-01
   1.0000000e+02   1.3391270e-01
   1.0100000e+02   1.3443050e-01
   1.0200000e+02   1.3495076e-01
   1.0300000e+02   1.3547282e-01
   1.0400000e+02   1.3599671e-01
   1.0500000e+02   1.3652238e-01
   1.0600000e+02   1.3704982e-01
   1.0700000e+02   1.3757902e-01
   1.0800000e+02   1.3810997e-01
   1.0900000e+02   1.3864262e-01
   1.1000000e+02   1.3917699e-01
   1.1100000e+02   1.3971321e-01
   1.1200000e+02   1.4025258e-01
   1.1300000e+02   1.4079361e-01
   1.1400000e+02   1.4133629e-01
   1.1500000e+02   1.4188062e-01
   1.1600000e+02   1.4242657e-01
   1.1700000e+02   1.4297412e-01
   1.1800000e+02   1.4352326e-01
   1.1900000e+02   1.4407399e-01
   1.2000000e+02   1.4462627e-01
   1.2100000e+02   1.4479367e-01
   1.2200000e+02   1.4496064e-01
   1.2300000e+02   1.4512715e-01
   1.2400000e+02   1.4529319e-01
   1.2500000e+02   1.4545876e-01
   1.2600000e+02   1.4562385e-01
   1.2700000e+02   1.4578842e-01
   1.2800000e+02   1.4595248e-01
   1.2900000e+02   1.4611539e-01
   1.3000000e+02   1.4627728e-01
   1.3100000e+02   1.4643839e-01
   1.3200000e+02   1.4659870e-01
   1.3300000e+02   1.4675820e-01
   1.3400000e+02   1.4691685e-01
   1.3500000e+02   1.4707465e-01
   1.3600000e+02   1.4723159e-01
   1.3700000e+02   1.4738765e-01
   1.3800000e+02   1.4754280e-01
   1.3900000e+02   1.4769705e-01
   1.4000000e+02   1.4785035e-01
   1.4100000e+02   1.4800268e-01
   1.4200000e+02   1.4815408e-01
   1.4300000e+02   1.4830448e-01
   1.4400000e+02   1.4845392e-01
   1.4500000e+02   1.4860275e-01
   1.4600000e+02   1.4875036e-01
   1.4700000e+02   1.4889675e-01
   1.4800000e+02   1.4904192e-01
   1.4900000e+02   1.4918698e-01
   1.5000000e+02   1.4933099e-01
   1.5100000e+02   1.4929944e-01
   1.5200000e+02   1.4926709e-01
   1.5300000e+02   1.4923334e-01
   1.5400000e+02   1.4919835e-01
   1.5500000e+02   1.4916214e-01
   1.5600000e+02   1.4912467e-01
   1.5700000e+02   1.4908597e-01
   1.5800000e+02   1.4904600e-01
   1.5900000e+02   1.4900477e-01
   1.6000000e+02   1.4896227e-01
   1.6100000e+02   1.4891851e-01
   1.6200000e+02   1.4887345e-01
   1.6300000e+02   1.4882636e-01
   1.6400000e+02   1.4877619e-01
   1.6500000e+02   1.4872497e-01
   1.6600000e+02   1.4867273e-01
   1.6700000e+02   1.4861947e-01
   1.6800000e+02   1.4856519e-01
   1.6900000e+02   1.4850987e-01
   1.7000000e+02   1.4845353e-01
   1.7100000e+02   1.4839618e-01
   1.7200000e+02   1.4833780e-01
   1.7300000e+02   1.4827842e-01
   1.7400000e+02   1.4821802e-01
   1.7500000e+02   1.4815660e-01
   1.7600000e+02   1.4809416e-01
   1.7700000e+02   1.4803068e-01
   1.7800000e+02   1.4796616e-01
   1.7900000e+02   1.4790061e-01
   1.8000000e+02   1.4783400e-01
   1.8100000e+02   1.4780995e-01
   1.8200000e+02   1.4778812e-01
   1.8300000e+02   1.4776854e-01
   1.8400000e+02   1.4775124e-01
   1.8500000e+02   1.4773630e-01
   1.8600000e+02   1.4772403e-01
   1.8700000e+02   1.4771426e-01
   1.8800000e+02   1.4770699e-01
   1.8900000e+02   1.4770223e-01
   1.9000000e+02   1.4769845e-01
   1.9100000e+02   1.4769280e-01
   1.9200000e+02   1.4769033e-01
   1.9300000e+02   1.4769100e-01
   1.9400000e+02   1.4769487e-01
   1.9500000e+02   1.4770198e-01
   1.9600000e+02   1.4771238e-01
   1.9700000e+02   1.4772609e-01
   1.9800000e+02   1.4774315e-01
   1.9900000e+02   1.4776359e-01
   2.0000000e+02   1.4778748e-01
   2.0100000e+02   1.4781483e-01
   2.0200000e+02   1.4784567e-01
   2.0300000e+02   1.4788005e-01
   2.0400000e+02   1.4791800e-01
   2.0500000e+02   1.4795956e-01
   2.0600000e+02   1.4800474e-01
   2.0700000e+02   1.4805362e-01
   2.0800000e+02   1.4810619e-01
   2.0900000e+02   1.4816250e-01
   2.1000000e+02   1.4822261e-01
   2.1100000e+02   1.4777498e-01
   2.1200000e+02   1.4732683e-01
   2.1300000e+02   1.4687814e-01
   2.1400000e+02   1.4642894e-01
   2.1500000e+02   1.4597924e-01
   2.1600000e+02   1.4552905e-01
   2.1700000e+02   1.4507835e-01
   2.1800000e+02   1.4462718e-01
   2.1900000e+02   1.4417553e-01
   2.2000000e+02   1.4372341e-01
   2.2100000e+02   1.4327085e-01
   2.2200000e+02   1.4281781e-01
   2.2300000e+02   1.4236434e-01
   2.2400000e+02   1.4191042e-01
   2.2500000e+02   1.4145607e-01
   2.2600000e+02   1.4100130e-01
   2.2700000e+02   1.4054611e-01
   2.2800000e+02   1.4009050e-01
   2.2900000e+02   1.3963450e-01
   2.3000000e+02   1.3917808e-01
   2.3100000e+02   1.3872129e-01
   2.3200000e+02   1.3826410e-01
   2.3300000e+02   1.3780655e-01
   2.3400000e+02   1.3734861e-01
   2.3500000e+02   1.3689031e-01
   2.3600000e+02   1.3643165e-01
   2.3700000e+02   1.3597263e-01
   2.3800000e+02   1.3551326e-01
   2.3900000e+02   1.3505356e-01
   2.4000000e+02   1.3459352e-01
   2.4100000e+02   1.3388889e-01
   2.4200000e+02   1.3318379e-01
   2.4300000e+02   1.3247822e-01
   2.4400000e+02   1.3177221e-01
   2.4500000e+02   1.3106571e-01
   2.4600000e+02   1.3035877e-01
   2.4700000e+02   1.2965138e-01
   2.4800000e+02   1.2894355e-01
   2.4900000e+02   1.2823527e-01
   2.5000000e+02   1.2752654e-01
   2.5100000e+02   1.2681738e-01
   2.5200000e+02   1.2610778e-01
   2.5300000e+02   1.2539776e-01
   2.5400000e+02   1.2468730e-01
   2.5500000e+02   1.2397642e-01
   2.5600000e+02   1.2326513e-01
   2.5700000e+02   1.2255342e-01
   2.5800000e+02   1.2184130e-01
   2.5900000e+02   1.2112877e-01
   2.6000000e+02   1.2041583e-01
   2.6100000e+02   1.1970249e-01
   2.6200000e+02   1.1898875e-01
   2.6300000e+02   1.1827461e-01
   2.6400000e+02   1.1756009e-01
   2.6500000e+02   1.1684517e-01
   2.6600000e+02   1.1612988e-01
   2.6700000e+02   1.1541419e-01
   2.6800000e+02   1.1469812e-01
   2.6900000e+02   1.1398167e-01
   2.7000000e+02   1.1326485e-01
   2.7100000e+02   1.1264062e-01
   2.7200000e+02   1.1201634e-01
   2.7300000e+02   1.1139199e-01
   2.7400000e+02   1.1076760e-01
   2.7500000e+02   1.1014315e-01
   2.7600000e+02   1.0951865e-01
   2.7700000e+02   1.0889409e-01
   2.7800000e+02   1.0826948e-01
   2.7900000e+02   1.0764483e-01
   2.8000000e+02   1.0702012e-01
   2.8100000e+02   1.0639536e-01
   2.8200000e+02   1.0577055e-01
   2.8300000e+02   1.0514570e-01
   2.8400000e+02   1.0452080e-01
   2.8500000e+02   1.0389584e-01
   2.8600000e+02   1.0327084e-01
   2.8700000e+02   1.0264580e-01
   2.8800000e+02   1.0202070e-01
   2.8900000e+02   1.0139556e-01
   2.9000000e+02   1.0077038e-01
   2.9100000e+02   1.0014515e-01
   2.9200000e+02   9.9519871e-02
   2.9300000e+02   9.8894551e-02
   2.9400000e+02   9.8269187e-02
   2.9500000e+02   9.7643778e-02
   2.9600000e+02   9.7018316e-02
   2.9700000e+02   9.6392825e-02
   2.9800000e+02   9.5767282e-02
   2.9900000e+02   9.5141701e-02
   3.0000000e+02   9.4516084e-02
   3.0100000e+02   9.4141126e-02
   3.0200000e+02   9.3766220e-02
   3.0300000e+02   9.3391359e-02
   3.0400000e+02   9.3016535e-02
   3.0500000e+02   9.2641771e-02
   3.0600000e+02   9.2267051e-02
   3.0700000e+02   9.1892369e-02
   3.0800000e+02   9.1517739e-02
   3.0900000e+02   9.1143146e-02
   3.1000000e+02   9.0768605e-02
   3.1100000e+02   9.0394109e-02
   3.1200000e+02   9.0019651e-02
   3.1300000e+02   8.9645244e-02
   3.1400000e+02   8.9270875e-02
   3.1500000e+02   8.8896558e-02
   3.1600000e+02   8.8522270e-02
   3.1700000e+02   8.8148035e-02
   3.1800000e+02   8.7773845e-02
   3.1900000e+02   8.7399691e-02
   3.2000000e+02   8.7025583e-02
   3.2100000e+02   8.6651519e-02
   3.2200000e+02   8.6277485e-02
   3.2300000e+02   8.5903503e-02
   3.2400000e+02   8.5529558e-02
   3.2500000e+02   8.5155658e-02
   3.2600000e+02   8.4781788e-02
   3.2700000e+02   8.4407970e-02
   3.2800000e+02   8.4034190e-02
   3.2900000e+02   8.3660446e-02
   3.3000000e+02   8.3286740e-02
   3.3100000e+02   8.3227918e-02
   3.3200000e+02   8.3169110e-02
   3.3300000e+02   8.3110325e-02
   3.3400000e+02   8.3051555e-02
   3.3500000e+02   8.2992814e-02
   3.3600000e+02   8.2934089e-02
   3.3700000e+02   8.2875386e-02
   3.3800000e+02   8.2816690e-02
   3.3900000e+02   8.2758032e-02
   3.4000000e+02   8.2699388e-02
   3.4100000e+02   8.2640760e-02
   3.4200000e+02   8.2582153e-02
   3.4300000e+02   8.2523562e-02
   3.4400000e+02   8.2465000e-02
   3.4500000e+02   8.2406446e-02
   3.4600000e+02   8.2347915e-02
   3.4700000e+02   8.2289405e-02
   3.4800000e+02   8.2230911e-02
   3.4900000e+02   8.2172439e-02
   3.5000000e+02   8.2113981e-02
   3.5100000e+02   8.2055546e-02
   3.5200000e+02   8.1997119e-02
   3.5300000e+02   8.1938721e-02
   3.5400000e+02   8.1880338e-02
   3.5500000e+02   8.1821971e-02
   3.5600000e+02   8.1763625e-02
   3.5700000e+02   8.1705295e-02
   3.5800000e+02   8.1646979e-02
   3.5900000e+02   8.1588678e-02
   7.1133672e-07   8.1530400e-02
   1.0000007e+00   8.1784427e-02
   2.0000007e+00   8.2038447e-02
   3.0000007e+00   8.2292467e-02
   4.0000010e+00   8.2546480e-02
   5.0000010e+00   8.2800493e-02
   6.0000010e+00   8.3054505e-02
   7.0000010e+00   8.3308510e-02
   8.0000010e+00   8.3562516e-02
   9.0000010e+00   8.3816521e-02
   1.0000001e+01   8.4070519e-02
   1.1000001e+01   8.4324509e-02
   1.2000001e+01   8.4578507e-02
   1.3000001e+01   8.4832497e-02
   1.4000001e+01   8.5086480e-02
   1.5000001e+01   8.5340470e-02
   1.6000000e+01   8.5594453e-02
   1.7000000e+01   8.5848436e-02
   1.8000000e+01   8.6102411e-02
   1.9000000e+01   8.6356394e-02
   2.0000000e+01   8.6610369e-02
   2.1000000e+01   8.6864345e-02
   2.2000000e+01   8.7118313e-02
   2.3000000e+01   8.7372288e-02
   2.4000000e+01   8.7626256e-02
   2.5000000e+01   8.7880217e-02
   2.6000000e+01   8.8134184e-02
   2.7000000e+01   8.8388152e-02
   2.8000000e+01   8.8642113e-02
   2.9000000e+01   8.8896073e-02
   3.0000000e+01   8.9150034e-02
   3.1000000e+01   8.9663975e-02
   3.2000000e+01   9.0177976e-02
   3.3000000e+01   9.0692021e-02
   3.4000000e+01   9.1206118e-02
   3.5000000e+01   9.1720268e-02
   3.6000000e+01   9.2234470e-02
   3.7000000e+01   9.2748724e-02
   3.8000000e+01   9.3263030e-02
   3.9000000e+01   9.3777381e-02
   4.0000000e+01   9.4291784e-02
   4.1000000e+01   9.4806239e-02
   4.2000000e+01   9.5320739e-02
   4.3000000e+01   9.5835291e-02
   4.4000000e+01   9.6349888e-02
   4.5000000e+01   9.6864536e-02
   4.6000000e+01   9.7379230e-02
   4.7000000e+01   9.7893968e-02
   4.8000000e+01   9.8408759e-02
   4.9000000e+01   9.8923594e-02
   5.0000000e+01   9.9438474e-02
   5.1000000e+01   9.9953398e-02
   5.2000000e+01   1.0046837e-01
   5.3000000e+01   1.0098340e-01
   5.4000000e+01   1.0149845e-01
   5.5000000e+01   1.0201357e-01
   5.6000000e+01   1.0252872e-01
   5.7000000e+01   1.0304392e-01
   5.8000000e+01   1.0355916e-01
   5.9000000e+01   1.0407444e-01
   6.0000000e+01   1.0458978e-01
   6.1000000e+01   1.0529995e-01
   6.2000000e+01   1.0601039e-01
   6.3000000e+01   1.0672110e-01
   6.4000000e+01   1.0743208e-01
   6.5000000e+01   1.0814332e-01
   6.6000000e+01   1.0885482e-01
   6.7000000e+01   1.0956658e-01
   6.8000000e+01   1.1027861e-01
   6.9000000e+01   1.1099088e-01
   7.0000000e+01   1.1170342e-01
   7.1000000e+01   1.1241621e-01
   7.2000000e+01   1.1312925e-01
   7.3000000e+01   1.1384254e-01
   7.4000000e+01   1.1455608e-01
   7.5000000e+01   1.1526988e-01
   7.6000000e+01   1.1598390e-01
   7.7000000e+01   1.1669819e-01
   7.8000000e+01   1.1741272e-01
   7.9000000e+01   1.1812748e-01
   8.0000000e+01   1.1884248e-01
   8.1000000e+01   1.1955773e-01
   8.2000000e+01   1.2027322e-01
   8.3000000e+01   1.2098893e-01
   8.4000000e+01   1.2170489e-01
   8.5000000e+01   1.2242108e-01
   8.6000000e+01   1.2313750e-01
   8.7000000e+01   1.2385415e-01
   8.8000000e+01   1.2457103e-01
   8.9000000e+01   1.2528814e-01
   9.0000000e+01   1.2600547e-01
   9.1000000e+01   1.2669288e-01
   9.2000000e+01   1.2738062e-01
   9.3000000e+01   1.2806870e-01
   9.4000000e+01   1.2875709e-01
   9.5000000e+01   1.2944582e-01
   9.6000000e+01   1.3013487e-01
   9.7000000e+01   1.3082422e-01
   9.8000000e+01   1.3151389e-01
   9.9000000e+01   1.3220386e-01
   1.0000000e+02   1.3289414e-01
   1.0100000e+02   1.3358471e-01
   1.0200000e+02   1.3427557e-01
   1.0300000e+02   1.3496672e-01
   1.0400000e+02   1.3565814e-01
   1.0500000e+02   1.3634984e-01
   1.0600000e+02   1.3704184e-01
   1.0700000e+02   1.3773409e-01
   1.0800000e+02   1.3842659e-01
   1.0900000e+02   1.3911936e-01
   1.1000000e+02   1.3981238e-01
   1.1100000e+02   1.4050567e-01
   1.1200000e+02   1.4119919e-01
   1.1300000e+02   1.4189295e-01
   1.1400000e+02   1.4258696e-01
   1.1500000e+02   1.4328119e-01
   1.1600000e+02   1.4397566e-01
   1.1700000e+02   1.4467034e-01
   1.1800000e+02   1.4536525e-01
   1.1900000e+02   1.4606038e-01
   1.2000000e+02   1.4675571e-01
   1.2100000e+02   1.4648433e-01
   1.2200000e+02   1.4621067e-01
   1.2300000e+02   1.4593458e-01
   1.2400000e+02   1.4565593e-01
   1.2500000e+02   1.4537461e-01
   1.2600000e+02   1.4509049e-01
   1.2700000e+02   1.4480346e-01
   1.2800000e+02   1.4451341e-01
   1.2900000e+02   1.4422020e-01
   1.3000000e+02   1.4392374e-01
   1.3100000e+02   1.4362390e-01
   1.3200000e+02   1.4332059e-01
   1.3300000e+02   1.4301367e-01
   1.3400000e+02   1.4270306e-01
   1.3500000e+02   1.4238864e-01
   1.3600000e+02   1.4207031e-01
   1.3700000e+02   1.4174795e-01
   1.3800000e+02   1.4142147e-01
   1.3900000e+02   1.4109074e-01
   1.4000000e+02   1.4075570e-01
   1.4100000e+02   1.4041620e-01
   1.4200000e+02   1.4007217e-01
   1.4300000e+02   1.3972349e-01
   1.4400000e+02   1.3937008e-01
   1.4500000e+02   1.3901182e-01
   1.4600000e+02   1.3864860e-01
   1.4700000e+02   1.3828033e-01
   1.4800000e+02   1.3789588e-01
   1.4900000e+02   1.3746262e-01
   1.5000000e+02   1.3701895e-01
   1.5100000e+02   1.3663705e-01
   1.5200000e+02   1.3624659e-01
   1.5300000e+02   1.3584739e-01
   1.5400000e+02   1.3543926e-01
   1.5500000e+02   1.3502201e-01
   1.5600000e+02   1.3460149e-01
   1.5700000e+02   1.3418378e-01
   1.5800000e+02   1.3376184e-01
   1.5900000e+02   1.3333586e-01
   1.6000000e+02   1.3290584e-01
   1.6100000e+02   1.3247189e-01
   1.6200000e+02   1.3203403e-01
   1.6300000e+02   1.3159238e-01
   1.6400000e+02   1.3114697e-01
   1.6500000e+02   1.3069789e-01
   1.6600000e+02   1.3024524e-01
   1.6700000e+02   1.2978908e-01
   1.6800000e+02   1.2932953e-01
   1.6900000e+02   1.2886666e-01
   1.7000000e+02   1.2840059e-01
   1.7100000e+02   1.2793143e-01
   1.7200000e+02   1.2745927e-01
   1.7300000e+02   1.2698425e-01
   1.7400000e+02   1.2650651e-01
   1.7500000e+02   1.2602614e-01
   1.7600000e+02   1.2554620e-01
   1.7700000e+02   1.2506713e-01
   1.7800000e+02   1.2458148e-01
   1.7900000e+02   1.2408922e-01
   1.8000000e+02   1.2359026e-01
   1.8100000e+02   1.2414614e-01
   1.8200000e+02   1.2467326e-01
   1.8300000e+02   1.2521429e-01
   1.8400000e+02   1.2576923e-01
   1.8500000e+02   1.2633844e-01
   1.8600000e+02   1.2692235e-01
   1.8700000e+02   1.2752141e-01
   1.8800000e+02   1.2813604e-01
   1.8900000e+02   1.2876667e-01
   1.9000000e+02   1.2941377e-01
   1.9100000e+02   1.3007782e-01
   1.9200000e+02   1.3075928e-01
   1.9300000e+02   1.3145865e-01
   1.9400000e+02   1.3217643e-01
   1.9500000e+02   1.3291314e-01
   1.9600000e+02   1.3366929e-01
   1.9700000e+02   1.3444544e-01
   1.9800000e+02   1.3524213e-01
   1.9900000e+02   1.3605995e-01
   2.0000000e+02   1.3689947e-01
   2.0100000e+02   1.3776031e-01
   2.0200000e+02   1.3864148e-01
   2.0300000e+02   1.3954581e-01
   2.0400000e+02   1.4047679e-01
   2.0500000e+02   1.4143272e-01
   2.0600000e+02   1.4241236e-01
   2.0700000e+02   1.4341636e-01
   2.0800000e+02   1.4444534e-01
   2.0900000e+02   1.4549994e-01
   2.1000000e+02   1.4658082e-01
   2.1100000e+02   1.4615786e-01
   2.1200000e+02   1.4573623e-01
   2.1300000e+02   1.4531596e-01
   2.1400000e+02   1.4489707e-01
   2.1500000e+02   1.4447965e-01
   2.1600000e+02   1.4406364e-01
   2.1700000e+02   1.4364909e-01
   2.1800000e+02   1.4323600e-01
   2.1900000e+02   1.4282440e-01
   2.2000000e+02   1.4241427e-01
   2.2100000e+02   1.4200568e-01
   2.2200000e+02   1.4159861e-01
   2.2300000e+02   1.4119308e-01
   2.2400000e+02   1.4078911e-01
   2.2500000e+02   1.4038673e-01
   2.2600000e+02   1.3998593e-01
   2.2700000e+02   1.3958676e-01
   2.2800000e+02   1.3918921e-01
   2.2900000e+02   1.3879330e-01
   2.3000000e+02   1.3839906e-01
   2.3100000e+02   1.3800649e-01
   2.3200000e+02   1.3761564e-01
   2.3300000e+02   1.3722649e-01
   2.3400000e+02   1.3683908e-01
   2.3500000e+02   1.3645342e-01
   2.3600000e+02   1.3606952e-01
   2.3700000e+02   1.3568743e-01
   2.3800000e+02   1.3530712e-01
   2.3900000e+02   1.3492866e-01
   2.4000000e+02   1.3455202e-01
   2.4100000e+02   1.3379882e-01
   2.4200000e+02   1.3304543e-01
   2.4300000e+02   1.3229187e-01
   2.4400000e+02   1.3153811e-01
   2.4500000e+02   1.3078420e-01
   2.4600000e+02   1.3003008e-01
   2.4700000e+02   1.2927580e-01
   2.4800000e+02   1.2852134e-01
   2.4900000e+02   1.2776670e-01
   2.5000000e+02   1.2701188e-01
   2.5100000e+02   1.2625688e-01
   2.5200000e+02   1.2550172e-01
   2.5300000e+02   1.2474637e-01
   2.5400000e+02   1.2399085e-01
   2.5500000e+02   1.2323516e-01
   2.5600000e+02   1.2247929e-01
   2.5700000e+02   1.2172325e-01
   2.5800000e+02   1.2096704e-01
   2.5900000e+02   1.2021066e-01
   2.6000000e+02   1.1945409e-01
   2.6100000e+02   1.1869738e-01
   2.6200000e+02   1.1794048e-01
   2.6300000e+02   1.1718341e-01
   2.6400000e+02   1.1642617e-01
   2.6500000e+02   1.1566877e-01
   2.6600000e+02   1.1491120e-01
   2.6700000e+02   1.1415346e-01
   2.6800000e+02   1.1339555e-01
   2.6900000e+02   1.1263748e-01
   2.7000000e+02   1.1187924e-01
   2.7100000e+02   1.1125144e-01
   2.7200000e+02   1.1062361e-01
   2.7300000e+02   1.0999575e-01
   2.7400000e+02   1.0936787e-01
   2.7500000e+02   1.0873995e-01
   2.7600000e+02   1.0811201e-01
   2.7700000e+02   1.0748404e-01
   2.7800000e+02   1.0685603e-01
   2.7900000e+02   1.0622799e-01
   2.8000000e+02   1.0559993e-01
   2.8100000e+02   1.0497184e-01
   2.8200000e+02   1.0434372e-01
   2.8300000e+02   1.0371557e-01
   2.8400000e+02   1.0308739e-01
   2.8500000e+02   1.0245918e-01
   2.8600000e+02   1.0183094e-01
   2.8700000e+02   1.0120268e-01
   2.8800000e+02   1.0057439e-01
   2.8900000e+02   9.9946074e-02
   2.9000000e+02   9.9317722e-02
   2.9100000e+02   9.8689348e-02
   2.9200000e+02   9.8060936e-02
   2.9300000e+02   9.7432502e-02
   2.9400000e+02   9.6804045e-02
   2.9500000e+02   9.6175551e-02
   2.9600000e+02   9.5547035e-02
   2.9700000e+02   9.4918489e-02
   2.9800000e+02   9.4289914e-02
   2.9900000e+02   9.3661316e-02
   3.0000000e+02   9.3032688e-02
   3.0100000e+02   9.2663653e-02
   3.0200000e+02   9.2294618e-02
   3.0300000e+02   9.1925599e-02
   3.0400000e+02   9.1556579e-02
   3.0500000e+02   9.1187552e-02
   3.0600000e+02   9.0818539e-02
   3.0700000e+02   9.0449534e-02
   3.0800000e+02   9.0080529e-02
   3.0900000e+02   8.9711525e-02
   3.1000000e+02   8.9342535e-02
   3.1100000e+02   8.8973537e-02
   3.1200000e+02   8.8604547e-02
   3.1300000e+02   8.8235565e-02
   3.1400000e+02   8.7866589e-02
   3.1500000e+02   8.7497614e-02
   3.1600000e+02   8.7128639e-02
   3.1700000e+02   8.6759672e-02
   3.1800000e+02   8.6390704e-02
   3.1900000e+02   8.6021751e-02
   3.2000000e+02   8.5652784e-02
   3.2100000e+02   8.5283838e-02
   3.2200000e+02   8.4914885e-02
   3.2300000e+02   8.4545940e-02
   3.2400000e+02   8.4177002e-02
   3.2500000e+02   8.3808064e-02
   3.2600000e+02   8.3439127e-02
   3.2700000e+02   8.3070196e-02
   3.2800000e+02   8.2701273e-02
   3.2900000e+02   8.2332350e-02
   3.3000000e+02   8.1963427e-02
   3.3100000e+02   8.1908271e-02
   3.3200000e+02   8.1853099e-02
   3.3300000e+02   8.1797935e-02
   3.3400000e+02   8.1742771e-02
   3.3500000e+02   8.1687599e-02
   3.3600000e+02   8.1632435e-02
   3.3700000e+02   8.1577264e-02
   3.3800000e+02   8.1522100e-02
   3.3900000e+02   8.1466928e-02
   3.4000000e+02   8.1411757e-02
   3.4100000e+02   8.1356585e-02
   3.4200000e+02   8.1301413e-02
   3.4300000e+02   8.1246242e-02
   3.4400000e+02   8.1191070e-02
   3.4500000e+02   8.1135891e-02
   3.4600000e+02   8.1080720e-02
   3.4700000e+02   8.1025541e-02
   3.4800000e+02   8.0970362e-02
   3.4900000e+02   8.0915190e-02
   3.5000000e+02   8.0860011e-02
   3.5100000e+02   8.0804825e-02
   3.5200000e+02   8.0749646e-02
   3.5300000e+02   8.0694467e-02
   3.5400000e+02   8.0639288e-02
   3.5500000e+02   8.0584101e-02
   3.5600000e+02   8.0528915e-02
   3.5700000e+02   8.0473728e-02
   3.5800000e+02   8.0418542e-02
   3.5900000e+02   8.0363356e-02
   1.4226848e-06   8.0308169e-02
