   0.0000000e+00   1.0092857e+02
   1.0000000e+00   3.0422602e+01
   2.0000000e+00   3.0383324e+01
   3.0000000e+00   3.0341890e+01
   4.0000000e+00   3.0298025e+01
   5.0000000e+00   3.0251738e+01
   6.0000000e+00   3.0203053e+01
   7.0000000e+00   3.0151985e+01
   8.0000000e+00   3.0098558e+01
   9.0000000e+00   3.0042789e+01
   1.0000000e+01   2.9984707e+01
   1.1000000e+01   2.9924347e+01
   1.2000000e+01   2.9861736e+01
   1.3000000e+01   2.9796909e+01
   1.4000000e+01   2.9729895e+01
   1.5000000e+01   2.9660730e+01
   1.6000000e+01   2.9589428e+01
   1.7000000e+01   2.9516018e+01
   1.8000000e+01   2.9440521e+01
   1.9000000e+01   2.9362976e+01
   2.0000000e+01   2.9283401e+01
   2.1000000e+01   2.9201817e+01
   2.2000000e+01   2.9118250e+01
   2.3000000e+01   2.9032742e+01
   2.4000000e+01   2.8945328e+01
   2.5000000e+01   2.8856047e+01
   2.6000000e+01   2.8764946e+01
   2.7000000e+01   2.8672062e+01
   2.8000000e+01   2.8577438e+01
   2.9000000e+01   2.8481115e+01
   3.0000000e+01   2.8383125e+01
   3.1000000e+01   2.8274294e+01
   3.2000000e+01   2.8163715e+01
   3.3000000e+01   2.8051447e+01
   3.4000000e+01   2.7937527e+01
   3.5000000e+01   2.7822006e+01
   3.6000000e+01   2.7704935e+01
   3.7000000e+01   2.7586361e+01
   3.8000000e+01   2.7466341e+01
   3.9000000e+01   2.7344923e+01
   4.0000000e+01   2.7222162e+01
   4.1000000e+01   2.7098106e+01
   4.2000000e+01   2.6972809e+01
   4.3000000e+01   2.6846319e+01
   4.4000000e+01   2.6718689e+01
   4.5000000e+01   2.6589966e+01
   4.6000000e+01   2.6460199e+01
   4.7000000e+01   2.6329451e+01
   4.8000000e+01   2.6197767e+01
   4.9000000e+01   2.6065199e+01
   5.0000000e+01   2.5931799e+01
   5.1000000e+01   2.5797615e+01
   5.2000000e+01   2.5662697e+01
   5.3000000e+01   2.5527100e+01
   5.4000000e+01   2.5390873e+01
   5.5000000e+01   2.5254065e+01
   5.6000000e+01   2.5116724e+01
   5.7000000e+01   2.4978899e+01
   5.8000000e+01   2.4840641e+01
   5.9000000e+01   2.4701994e+01
   6.0000000e+01   2.4563009e+01
   6.1000000e+01   2.4417749e+01
   6.2000000e+01   2.4272318e+01
   6.3000000e+01   2.4126760e+01
   6.4000000e+01   2.3981133e+01
   6.5000000e+01   2.3835476e+01
   6.6000000e+01   2.3689844e+01
   6.7000000e+01   2.3544283e+01
   6.8000000e+01   2.3398838e+01
   6.9000000e+01   2.3253557e+01
   7.0000000e+01   2.3108459e+01
   7.1000000e+01   2.2963619e+01
   7.2000000e+01   2.2819075e+01
   7.3000000e+01   2.2674870e+01
   7.4000000e+01   2.2531046e+01
   7.5000000e+01   2.2387642e+01
   7.6000000e+01   2.2244699e+01
   7.7000000e+01   2.2102253e+01
   7.8000000e+01   2.1960342e+01
   7.9000000e+01   2.1818998e+01
   8.0000000e+01   2.1678261e+01
   8.1000000e+01   2.1537830e+01
   8.2000000e+01   2.1397394e+01
   8.3000000e+01   2.1257551e+01
   8.4000000e+01   2.1118330e+01
   8.5000000e+01   2.0979759e+01
   8.6000000e+01   2.0841867e+01
   8.7000000e+01   2.0704681e+01
   8.8000000e+01   2.0568224e+01
   8.9000000e+01   2.0432522e+01
   9.0000000e+01   2.0297598e+01
   9.1000000e+01   2.0170683e+01
   9.2000000e+01   2.0044416e+01
   9.3000000e+01   1.9918825e+01
   9.4000000e+01   1.9793926e+01
   9.5000000e+01   1.9669746e+01
   9.6000000e+01   1.9546301e+01
   9.7000000e+01   1.9423611e+01
   9.8000000e+01   1.9301699e+01
   9.9000000e+01   1.9180578e+01
   1.0000000e+02   1.9060272e+01
   1.0100000e+02   1.8940790e+01
   1.0200000e+02   1.8822151e+01
   1.0300000e+02   1.8704370e+01
   1.0400000e+02   1.8587463e+01
   1.0500000e+02   1.8471441e+01
   1.0600000e+02   1.8356308e+01
   1.0700000e+02   1.8242073e+01
   1.0800000e+02   1.8128761e+01
   1.0900000e+02   1.8016392e+01
   1.1000000e+02   1.7904984e+01
   1.1100000e+02   1.7794523e+01
   1.1200000e+02   1.7685019e+01
   1.1300000e+02   1.7576483e+01
   1.1400000e+02   1.7468924e+01
   1.1500000e+02   1.7362345e+01
   1.1600000e+02   1.7256758e+01
   1.1700000e+02   1.7152187e+01
   1.1800000e+02   1.7048626e+01
   1.1900000e+02   1.6946075e+01
   1.2000000e+02   1.6844538e+01
   1.2100000e+02   1.6753342e+01
   1.2200000e+02   1.6662897e+01
   1.2300000e+02   1.6573200e+01
   1.2400000e+02   1.6484249e+01
   1.2500000e+02   1.6396059e+01
   1.2600000e+02   1.6308643e+01
   1.2700000e+02   1.6221987e+01
   1.2800000e+02   1.6136147e+01
   1.2900000e+02   1.6051189e+01
   1.3000000e+02   1.5967187e+01
   1.3100000e+02   1.5884249e+01
   1.3200000e+02   1.5802489e+01
   1.3300000e+02   1.5722050e+01
   1.3400000e+02   1.5641218e+01
   1.3500000e+02   1.5547915e+01
   1.3600000e+02   1.5455588e+01
   1.3700000e+02   1.5364967e+01
   1.3800000e+02   1.5276166e+01
   1.3900000e+02   1.5189253e+01
   1.4000000e+02   1.5104280e+01
   1.4100000e+02   1.5021287e+01
   1.4200000e+02   1.4940300e+01
   1.4300000e+02   1.4861341e+01
   1.4400000e+02   1.4784418e+01
   1.4500000e+02   1.4709544e+01
   1.4600000e+02   1.4636736e+01
   1.4700000e+02   1.4565980e+01
   1.4800000e+02   1.4497270e+01
   1.4900000e+02   1.4430603e+01
   1.5000000e+02   1.4365973e+01
   1.5100000e+02   1.4333453e+01
   1.5200000e+02   1.4302590e+01
   1.5300000e+02   1.4270438e+01
   1.5400000e+02   1.4238770e+01
   1.5500000e+02   1.4208096e+01
   1.5600000e+02   1.4178408e+01
   1.5700000e+02   1.4149707e+01
   1.5800000e+02   1.4121989e+01
   1.5900000e+02   1.4095255e+01
   1.6000000e+02   1.4069500e+01
   1.6100000e+02   1.4044724e+01
   1.6200000e+02   1.4020926e+01
   1.6300000e+02   1.3998103e+01
   1.6400000e+02   1.3976257e+01
   1.6500000e+02   1.3955382e+01
   1.6600000e+02   1.3935473e+01
   1.6700000e+02   1.3916532e+01
   1.6800000e+02   1.3898554e+01
   1.6900000e+02   1.3881537e+01
   1.7000000e+02   1.3865482e+01
   1.7100000e+02   1.3850384e+01
   1.7200000e+02   1.3836243e+01
   1.7300000e+02   1.3823055e+01
   1.7400000e+02   1.3810822e+01
   1.7500000e+02   1.3799537e+01
   1.7600000e+02   1.3789199e+01
   1.7700000e+02   1.3779805e+01
   1.7800000e+02   1.3771354e+01
   1.7900000e+02   1.3763842e+01
   1.8000000e+02   1.3757266e+01
   1.8100000e+02   1.3781336e+01
   1.8200000e+02   1.3806721e+01
   1.8300000e+02   1.3833433e+01
   1.8400000e+02   1.3861481e+01
   1.8500000e+02   1.3890876e+01
   1.8600000e+02   1.3921628e+01
   1.8700000e+02   1.3953747e+01
   1.8800000e+02   1.3987244e+01
   1.8900000e+02   1.4022128e+01
   1.9000000e+02   1.4058414e+01
   1.9100000e+02   1.4095935e+01
   1.9200000e+02   1.4133991e+01
   1.9300000e+02   1.4173212e+01
   1.9400000e+02   1.4213566e+01
   1.9500000e+02   1.4255037e+01
   1.9600000e+02   1.4297615e+01
   1.9700000e+02   1.4341282e+01
   1.9800000e+02   1.4386024e+01
   1.9900000e+02   1.4431829e+01
   2.0000000e+02   1.4478685e+01
   2.0100000e+02   1.4526578e+01
   2.0200000e+02   1.4575498e+01
   2.0300000e+02   1.4625430e+01
   2.0400000e+02   1.4676369e+01
   2.0500000e+02   1.4728304e+01
   2.0600000e+02   1.4781225e+01
   2.0700000e+02   1.4835131e+01
   2.0800000e+02   1.4890014e+01
   2.0900000e+02   1.4945872e+01
   2.1000000e+02   1.5002709e+01
   2.1100000e+02   1.5061879e+01
   2.1200000e+02   1.5122614e+01
   2.1300000e+02   1.5184944e+01
   2.1400000e+02   1.5248900e+01
   2.1500000e+02   1.5314508e+01
   2.1600000e+02   1.5381799e+01
   2.1700000e+02   1.5450798e+01
   2.1800000e+02   1.5521534e+01
   2.1900000e+02   1.5594029e+01
   2.2000000e+02   1.5668309e+01
   2.2100000e+02   1.5744395e+01
   2.2200000e+02   1.5819897e+01
   2.2300000e+02   1.5894256e+01
   2.2400000e+02   1.5971685e+01
   2.2500000e+02   1.6052095e+01
   2.2600000e+02   1.6135283e+01
   2.2700000e+02   1.6221067e+01
   2.2800000e+02   1.6309282e+01
   2.2900000e+02   1.6399778e+01
   2.3000000e+02   1.6492430e+01
   2.3100000e+02   1.6587116e+01
   2.3200000e+02   1.6683722e+01
   2.3300000e+02   1.6782148e+01
   2.3400000e+02   1.6882305e+01
   2.3500000e+02   1.6984110e+01
   2.3600000e+02   1.7087484e+01
   2.3700000e+02   1.7192360e+01
   2.3800000e+02   1.7298674e+01
   2.3900000e+02   1.7406363e+01
   2.4000000e+02   1.7515371e+01
   2.4100000e+02   1.7606501e+01
   2.4200000e+02   1.7698759e+01
   2.4300000e+02   1.7792147e+01
   2.4400000e+02   1.7886654e+01
   2.4500000e+02   1.7982271e+01
   2.4600000e+02   1.8078995e+01
   2.4700000e+02   1.8176813e+01
   2.4800000e+02   1.8275721e+01
   2.4900000e+02   1.8375708e+01
   2.5000000e+02   1.8476763e+01
   2.5100000e+02   1.8578878e+01
   2.5200000e+02   1.8682045e+01
   2.5300000e+02   1.8786251e+01
   2.5400000e+02   1.8891485e+01
   2.5500000e+02   1.8997738e+01
   2.5600000e+02   1.9104992e+01
   2.5700000e+02   1.9213242e+01
   2.5800000e+02   1.9322470e+01
   2.5900000e+02   1.9432665e+01
   2.6000000e+02   1.9543810e+01
   2.6100000e+02   1.9655903e+01
   2.6200000e+02   1.9768871e+01
   2.6300000e+02   1.9882713e+01
   2.6400000e+02   1.9997440e+01
   2.6500000e+02   2.0113039e+01
   2.6600000e+02   2.0229488e+01
   2.6700000e+02   2.0346773e+01
   2.6800000e+02   2.0464872e+01
   2.6900000e+02   2.0583771e+01
   2.7000000e+02   2.0703455e+01
   2.7100000e+02   2.0817373e+01
   2.7200000e+02   2.0931843e+01
   2.7300000e+02   2.1046846e+01
   2.7400000e+02   2.1162369e+01
   2.7500000e+02   2.1278372e+01
   2.7600000e+02   2.1394831e+01
   2.7700000e+02   2.1511564e+01
   2.7800000e+02   2.1628677e+01
   2.7900000e+02   2.1746180e+01
   2.8000000e+02   2.1864038e+01
   2.8100000e+02   2.1982227e+01
   2.8200000e+02   2.2100721e+01
   2.8300000e+02   2.2219486e+01
   2.8400000e+02   2.2338495e+01
   2.8500000e+02   2.2457716e+01
   2.8600000e+02   2.2577118e+01
   2.8700000e+02   2.2696671e+01
   2.8800000e+02   2.2816338e+01
   2.8900000e+02   2.2936058e+01
   2.9000000e+02   2.3055826e+01
   2.9100000e+02   2.3175610e+01
   2.9200000e+02   2.3295341e+01
   2.9300000e+02   2.3415010e+01
   2.9400000e+02   2.3534586e+01
   2.9500000e+02   2.3654028e+01
   2.9600000e+02   2.3773302e+01
   2.9700000e+02   2.3892368e+01
   2.9800000e+02   2.4011190e+01
   2.9900000e+02   2.4129726e+01
   3.0000000e+02   2.4247938e+01
   3.0100000e+02   2.4351648e+01
   3.0200000e+02   2.4454922e+01
   3.0300000e+02   2.4557730e+01
   3.0400000e+02   2.4660030e+01
   3.0500000e+02   2.4761778e+01
   3.0600000e+02   2.4862925e+01
   3.0700000e+02   2.4963436e+01
   3.0800000e+02   2.5063269e+01
   3.0900000e+02   2.5162380e+01
   3.1000000e+02   2.5260731e+01
   3.1100000e+02   2.5358276e+01
   3.1200000e+02   2.5454977e+01
   3.1300000e+02   2.5550793e+01
   3.1400000e+02   2.5645678e+01
   3.1500000e+02   2.5739594e+01
   3.1600000e+02   2.5832495e+01
   3.1700000e+02   2.5924339e+01
   3.1800000e+02   2.6015089e+01
   3.1900000e+02   2.6104696e+01
   3.2000000e+02   2.6193123e+01
   3.2100000e+02   2.6280327e+01
   3.2200000e+02   2.6366270e+01
   3.2300000e+02   2.6450907e+01
   3.2400000e+02   2.6534203e+01
   3.2500000e+02   2.6616114e+01
   3.2600000e+02   2.6696604e+01
   3.2700000e+02   2.6775631e+01
   3.2800000e+02   2.6853157e+01
   3.2900000e+02   2.6929140e+01
   3.3000000e+02   2.7003548e+01
   3.3100000e+02   2.7052795e+01
   3.3200000e+02   2.7100283e+01
   3.3300000e+02   2.7145979e+01
   3.3400000e+02   2.7189873e+01
   3.3500000e+02   2.7231915e+01
   3.3600000e+02   2.7272072e+01
   3.3700000e+02   2.7310310e+01
   3.3800000e+02   2.7346609e+01
   3.3900000e+02   2.7380939e+01
   3.4000000e+02   2.7413280e+01
   3.4100000e+02   2.7443605e+01
   3.4200000e+02   2.7471891e+01
   3.4300000e+02   2.7498116e+01
   3.4400000e+02   2.7522259e+01
   3.4500000e+02   2.7544300e+01
   3.4600000e+02   2.7564209e+01
   3.4700000e+02   2.7581917e+01
   3.4800000e+02   2.7597471e+01
   3.4900000e+02   2.7610859e+01
   3.5000000e+02   2.7622066e+01
   3.5100000e+02   2.7631081e+01
   3.5200000e+02   2.7637894e+01
   3.5300000e+02   2.7642494e+01
   3.5400000e+02   2.7644876e+01
   3.5500000e+02   2.7645035e+01
   3.5600000e+02   2.7642963e+01
   3.5700000e+02   2.7638659e+01
   3.5800000e+02   2.7632097e+01
   3.5900000e+02   2.7623251e+01
   7.1133672e-07   2.7612162e+01
   1.0000007e+00   2.7573481e+01
   2.0000007e+00   2.7532539e+01
   3.0000007e+00   2.7489351e+01
   4.0000010e+00   2.7443926e+01
   5.0000010e+00   2.7396278e+01
   6.0000010e+00   2.7346424e+01
   7.0000010e+00   2.7294374e+01
   8.0000010e+00   2.7240143e+01
   9.0000010e+00   2.7183756e+01
   1.0000001e+01   2.7125237e+01
   1.1000001e+01   2.7064600e+01
   1.2000001e+01   2.7001875e+01
   1.3000001e+01   2.6937077e+01
   1.4000001e+01   2.6870234e+01
   1.5000001e+01   2.6801376e+01
   1.6000000e+01   2.6730537e+01
   1.7000000e+01   2.6657743e+01
   1.8000000e+01   2.6583025e+01
   1.9000000e+01   2.6506414e+01
   2.0000000e+01   2.6427946e+01
   2.1000000e+01   2.6347651e+01
   2.2000000e+01   2.6265564e+01
   2.3000000e+01   2.6181723e+01
   2.4000000e+01   2.6096161e+01
   2.5000000e+01   2.6008915e+01
   2.6000000e+01   2.5920031e+01
   2.7000000e+01   2.5829538e+01
   2.8000000e+01   2.5737471e+01
   2.9000000e+01   2.5643881e+01
   3.0000000e+01   2.5548813e+01
   3.1000000e+01   2.5424892e+01
   3.2000000e+01   2.5299631e+01
   3.3000000e+01   2.5173080e+01
   3.4000000e+01   2.5045286e+01
   3.5000000e+01   2.4916300e+01
   3.6000000e+01   2.4786169e+01
   3.7000000e+01   2.4654942e+01
   3.8000000e+01   2.4522667e+01
   3.9000000e+01   2.4389397e+01
   4.0000000e+01   2.4255178e+01
   4.1000000e+01   2.4120062e+01
   4.2000000e+01   2.3984097e+01
   4.3000000e+01   2.3847332e+01
   4.4000000e+01   2.3709820e+01
   4.5000000e+01   2.3571604e+01
   4.6000000e+01   2.3432741e+01
   4.7000000e+01   2.3293272e+01
   4.8000000e+01   2.3153250e+01
   4.9000000e+01   2.3012722e+01
   5.0000000e+01   2.2871738e+01
   5.1000000e+01   2.2730345e+01
   5.2000000e+01   2.2588587e+01
   5.3000000e+01   2.2446514e+01
   5.4000000e+01   2.2304180e+01
   5.5000000e+01   2.2161621e+01
   5.6000000e+01   2.2018883e+01
   5.7000000e+01   2.1876011e+01
   5.8000000e+01   2.1733047e+01
   5.9000000e+01   2.1590036e+01
   6.0000000e+01   2.1447023e+01
   6.1000000e+01   2.1306801e+01
   6.2000000e+01   2.1166611e+01
   6.3000000e+01   2.1026485e+01
   6.4000000e+01   2.0886471e+01
   6.5000000e+01   2.0746603e+01
   6.6000000e+01   2.0606918e+01
   6.7000000e+01   2.0467457e+01
   6.8000000e+01   2.0328255e+01
   6.9000000e+01   2.0189346e+01
   7.0000000e+01   2.0050768e+01
   7.1000000e+01   1.9912552e+01
   7.2000000e+01   1.9774731e+01
   7.3000000e+01   1.9637341e+01
   7.4000000e+01   1.9500408e+01
   7.5000000e+01   1.9363970e+01
   7.6000000e+01   1.9228052e+01
   7.7000000e+01   1.9092684e+01
   7.8000000e+01   1.8957893e+01
   7.9000000e+01   1.8823708e+01
   8.0000000e+01   1.8690157e+01
   8.1000000e+01   1.8557261e+01
   8.2000000e+01   1.8425047e+01
   8.3000000e+01   1.8293541e+01
   8.4000000e+01   1.8162766e+01
   8.5000000e+01   1.8032740e+01
   8.6000000e+01   1.7903488e+01
   8.7000000e+01   1.7775030e+01
   8.8000000e+01   1.7647387e+01
   8.9000000e+01   1.7520576e+01
   9.0000000e+01   1.7394615e+01
   9.1000000e+01   1.7237101e+01
   9.2000000e+01   1.7080244e+01
   9.3000000e+01   1.6924067e+01
   9.4000000e+01   1.6768581e+01
   9.5000000e+01   1.6613798e+01
   9.6000000e+01   1.6459734e+01
   9.7000000e+01   1.6306395e+01
   9.8000000e+01   1.6153793e+01
   9.9000000e+01   1.6001940e+01
   1.0000000e+02   1.5850842e+01
   1.0100000e+02   1.5700507e+01
   1.0200000e+02   1.5550943e+01
   1.0300000e+02   1.5402159e+01
   1.0400000e+02   1.5254157e+01
   1.0500000e+02   1.5106944e+01
   1.0600000e+02   1.4960525e+01
   1.0700000e+02   1.4814900e+01
   1.0800000e+02   1.4670076e+01
   1.0900000e+02   1.4526054e+01
   1.1000000e+02   1.4382833e+01
   1.1100000e+02   1.4240417e+01
   1.1200000e+02   1.4098806e+01
   1.1300000e+02   1.3957997e+01
   1.1400000e+02   1.3817992e+01
   1.1500000e+02   1.3678787e+01
   1.1600000e+02   1.3540381e+01
   1.1700000e+02   1.3402772e+01
   1.1800000e+02   1.3265954e+01
   1.1900000e+02   1.3129926e+01
   1.2000000e+02   1.2994681e+01
   1.2100000e+02   1.2779428e+01
   1.2200000e+02   1.2565391e+01
   1.2300000e+02   1.2352582e+01
   1.2400000e+02   1.2141009e+01
   1.2500000e+02   1.1930683e+01
   1.2600000e+02   1.1721608e+01
   1.2700000e+02   1.1513793e+01
   1.2800000e+02   1.1307240e+01
   1.2900000e+02   1.1101958e+01
   1.3000000e+02   1.0897948e+01
   1.3100000e+02   1.0695214e+01
   1.3200000e+02   1.0493758e+01
   1.3300000e+02   1.0293581e+01
   1.3400000e+02   1.0094685e+01
   1.3500000e+02   9.8970680e+00
   1.3600000e+02   9.7007313e+00
   1.3700000e+02   9.5056734e+00
   1.3800000e+02   9.3118925e+00
   1.3900000e+02   9.1193848e+00
   1.4000000e+02   8.9281483e+00
   1.4100000e+02   8.7381773e+00
   1.4200000e+02   8.5494709e+00
   1.4300000e+02   8.3620224e+00
   1.4400000e+02   8.1758270e+00
   1.4500000e+02   7.9908772e+00
   1.4600000e+02   7.8071690e+00
   1.4700000e+02   7.6246948e+00
   1.4800000e+02   7.4434490e+00
   1.4900000e+02   7.2634230e+00
   1.5000000e+02   7.0846047e+00
   1.5100000e+02   7.0764399e+00
   1.5200000e+02   7.0690217e+00
   1.5300000e+02   7.0623484e+00
   1.5400000e+02   7.0564184e+00
   1.5500000e+02   7.0512309e+00
   1.5600000e+02   7.0467858e+00
   1.5700000e+02   7.0430813e+00
   1.5800000e+02   7.0401163e+00
   1.5900000e+02   7.0378900e+00
   1.6000000e+02   7.0364022e+00
   1.6100000e+02   7.0356503e+00
   1.6200000e+02   7.0356345e+00
   1.6300000e+02   7.0363541e+00
   1.6400000e+02   7.0378075e+00
   1.6500000e+02   7.0399933e+00
   1.6600000e+02   7.0429115e+00
   1.6700000e+02   7.0465612e+00
   1.6800000e+02   7.0509410e+00
   1.6900000e+02   7.0560503e+00
   1.7000000e+02   7.0618887e+00
   1.7100000e+02   7.0684547e+00
   1.7200000e+02   7.0757475e+00
   1.7300000e+02   7.0837665e+00
   1.7400000e+02   7.0925112e+00
   1.7500000e+02   7.1019812e+00
   1.7600000e+02   7.1121745e+00
   1.7700000e+02   7.1230917e+00
   1.7800000e+02   7.1347308e+00
   1.7900000e+02   7.1470923e+00
   1.8000000e+02   7.1601753e+00
   1.8100000e+02   7.3135920e+00
   1.8200000e+02   7.4670334e+00
   1.8300000e+02   7.6205173e+00
   1.8400000e+02   7.7740622e+00
   1.8500000e+02   7.9276843e+00
   1.8600000e+02   8.0814009e+00
   1.8700000e+02   8.2352276e+00
   1.8800000e+02   8.3891811e+00
   1.8900000e+02   8.5432787e+00
   1.9000000e+02   8.6975346e+00
   1.9100000e+02   8.8519650e+00
   1.9200000e+02   9.0065861e+00
   1.9300000e+02   9.1614122e+00
   1.9400000e+02   9.3164577e+00
   1.9500000e+02   9.4717379e+00
   1.9600000e+02   9.6272659e+00
   1.9700000e+02   9.7830572e+00
   1.9800000e+02   9.9391241e+00
   1.9900000e+02   1.0095481e+01
   2.0000000e+02   1.0252139e+01
   2.0100000e+02   1.0409531e+01
   2.0200000e+02   1.0567429e+01
   2.0300000e+02   1.0725671e+01
   2.0400000e+02   1.0884267e+01
   2.0500000e+02   1.1043223e+01
   2.0600000e+02   1.1202547e+01
   2.0700000e+02   1.1362247e+01
   2.0800000e+02   1.1522328e+01
   2.0900000e+02   1.1682798e+01
   2.1000000e+02   1.1843664e+01
   2.1100000e+02   1.1972591e+01
   2.1200000e+02   1.2102936e+01
   2.1300000e+02   1.2234712e+01
   2.1400000e+02   1.2367934e+01
   2.1500000e+02   1.2502617e+01
   2.1600000e+02   1.2638773e+01
   2.1700000e+02   1.2776415e+01
   2.1800000e+02   1.2915558e+01
   2.1900000e+02   1.3056211e+01
   2.2000000e+02   1.3198388e+01
   2.2100000e+02   1.3342099e+01
   2.2200000e+02   1.3487353e+01
   2.2300000e+02   1.3634162e+01
   2.2400000e+02   1.3782534e+01
   2.2500000e+02   1.3932474e+01
   2.2600000e+02   1.4083993e+01
   2.2700000e+02   1.4237096e+01
   2.2800000e+02   1.4391788e+01
   2.2900000e+02   1.4548074e+01
   2.3000000e+02   1.4705956e+01
   2.3100000e+02   1.4865435e+01
   2.3200000e+02   1.5026513e+01
   2.3300000e+02   1.5189188e+01
   2.3400000e+02   1.5353457e+01
   2.3500000e+02   1.5519318e+01
   2.3600000e+02   1.5686762e+01
   2.3700000e+02   1.5855782e+01
   2.3800000e+02   1.6026373e+01
   2.3900000e+02   1.6198517e+01
   2.4000000e+02   1.6372198e+01
   2.4100000e+02   1.6479357e+01
   2.4200000e+02   1.6587538e+01
   2.4300000e+02   1.6696741e+01
   2.4400000e+02   1.6806959e+01
   2.4500000e+02   1.6918186e+01
   2.4600000e+02   1.7030416e+01
   2.4700000e+02   1.7143644e+01
   2.4800000e+02   1.7257862e+01
   2.4900000e+02   1.7373064e+01
   2.5000000e+02   1.7489237e+01
   2.5100000e+02   1.7606379e+01
   2.5200000e+02   1.7724476e+01
   2.5300000e+02   1.7843519e+01
   2.5400000e+02   1.7963501e+01
   2.5500000e+02   1.8084410e+01
   2.5600000e+02   1.8206232e+01
   2.5700000e+02   1.8328960e+01
   2.5800000e+02   1.8452578e+01
   2.5900000e+02   1.8577076e+01
   2.6000000e+02   1.8702438e+01
   2.6100000e+02   1.8828650e+01
   2.6200000e+02   1.8955700e+01
   2.6300000e+02   1.9083569e+01
   2.6400000e+02   1.9212246e+01
   2.6500000e+02   1.9341707e+01
   2.6600000e+02   1.9471943e+01
   2.6700000e+02   1.9602932e+01
   2.6800000e+02   1.9734652e+01
   2.6900000e+02   1.9867088e+01
   2.7000000e+02   2.0000219e+01
   2.7100000e+02   2.0116726e+01
   2.7200000e+02   2.0233770e+01
   2.7300000e+02   2.0351345e+01
   2.7400000e+02   2.0469427e+01
   2.7500000e+02   2.0587988e+01
   2.7600000e+02   2.0707010e+01
   2.7700000e+02   2.0826466e+01
   2.7800000e+02   2.0946327e+01
   2.7900000e+02   2.1066572e+01
   2.8000000e+02   2.1187172e+01
   2.8100000e+02   2.1308098e+01
   2.8200000e+02   2.1429325e+01
   2.8300000e+02   2.1550819e+01
   2.8400000e+02   2.1672558e+01
   2.8500000e+02   2.1794504e+01
   2.8600000e+02   2.1916632e+01
   2.8700000e+02   2.2038906e+01
   2.8800000e+02   2.2161297e+01
   2.8900000e+02   2.2283770e+01
   2.9000000e+02   2.2406292e+01
   2.9100000e+02   2.2528830e+01
   2.9200000e+02   2.2651346e+01
   2.9300000e+02   2.2773811e+01
   2.9400000e+02   2.2896181e+01
   2.9500000e+02   2.3018425e+01
   2.9600000e+02   2.3140505e+01
   2.9700000e+02   2.3262381e+01
   2.9800000e+02   2.3384016e+01
   2.9900000e+02   2.3505373e+01
   3.0000000e+02   2.3626410e+01
   3.0100000e+02   2.3734898e+01
   3.0200000e+02   2.3842943e+01
   3.0300000e+02   2.3950502e+01
   3.0400000e+02   2.4057541e+01
   3.0500000e+02   2.4164011e+01
   3.0600000e+02   2.4269878e+01
   3.0700000e+02   2.4375097e+01
   3.0800000e+02   2.4479630e+01
   3.0900000e+02   2.4583433e+01
   3.1000000e+02   2.4686466e+01
   3.1100000e+02   2.4788685e+01
   3.1200000e+02   2.4890053e+01
   3.1300000e+02   2.4990522e+01
   3.1400000e+02   2.5090054e+01
   3.1500000e+02   2.5188604e+01
   3.1600000e+02   2.5286133e+01
   3.1700000e+02   2.5382597e+01
   3.1800000e+02   2.5477953e+01
   3.1900000e+02   2.5572163e+01
   3.2000000e+02   2.5665180e+01
   3.2100000e+02   2.5756966e+01
   3.2200000e+02   2.5847483e+01
   3.2300000e+02   2.5936687e+01
   3.2400000e+02   2.6024542e+01
   3.2500000e+02   2.6111004e+01
   3.2600000e+02   2.6196033e+01
   3.2700000e+02   2.6279589e+01
   3.2800000e+02   2.6361635e+01
   3.2900000e+02   2.6442131e+01
   3.3000000e+02   2.6521042e+01
   3.3100000e+02   2.6571400e+01
   3.3200000e+02   2.6619995e+01
   3.3300000e+02   2.6666805e+01
   3.3400000e+02   2.6711788e+01
   3.3500000e+02   2.6754921e+01
   3.3600000e+02   2.6796171e+01
   3.3700000e+02   2.6835508e+01
   3.3800000e+02   2.6872908e+01
   3.3900000e+02   2.6908344e+01
   3.4000000e+02   2.6941793e+01
   3.4100000e+02   2.6973232e+01
   3.4200000e+02   2.7002642e+01
   3.4300000e+02   2.7029993e+01
   3.4400000e+02   2.7055267e+01
   3.4500000e+02   2.7078440e+01
   3.4600000e+02   2.7099501e+01
   3.4700000e+02   2.7118410e+01
   3.4800000e+02   2.7135168e+01
   3.4900000e+02   2.7149763e+01
   3.5000000e+02   2.7162182e+01
   3.5100000e+02   2.7172413e+01
   3.5200000e+02   2.7180449e+01
   3.5300000e+02   2.7186277e+01
   3.5400000e+02   2.7189892e+01
   3.5500000e+02   2.7191286e+01
   3.5600000e+02   2.7190458e+01
   3.5700000e+02   2.7187403e+01
   3.5800000e+02   2.7182117e+01
   3.5900000e+02   2.7174604e+01
   1.4226848e-06   2.7164864e+01
