   0.0000000e+00  -1.0015430e-19
   1.0000000e+00   9.8328870e-05
   2.0000000e+00   1.8059796e-03
   3.0000000e+00   3.5112635e-03
   4.0000000e+00   5.2121649e-03
   5.0000000e+00   6.9085071e-03
   6.0000000e+00   8.6001223e-03
   7.0000000e+00   1.0286846e-02
   8.0000000e+00   1.1968524e-02
   9.0000000e+00   1.3645009e-02
   1.0000000e+01   1.5316152e-02
   1.1000000e+01   1.6981810e-02
   1.2000000e+01   1.8641684e-02
   1.3000000e+01   2.0295687e-02
   1.4000000e+01   2.1943735e-02
   1.5000000e+01   2.3585750e-02
   1.6000000e+01   2.5221663e-02
   1.7000000e+01   2.6851406e-02
   1.8000000e+01   2.8474919e-02
   1.9000000e+01   3.0092144e-02
   2.0000000e+01   3.1703021e-02
   2.1000000e+01   3.3307496e-02
   2.2000000e+01   3.4905527e-02
   2.3000000e+01   3.6497064e-02
   2.4000000e+01   3.8082063e-02
   2.5000000e+01   3.9660487e-02
   2.6000000e+01   4.1232299e-02
   2.7000000e+01   4.2797465e-02
   2.8000000e+01   4.4355955e-02
   2.9000000e+01   4.5907747e-02
   3.0000000e+01   4.7452811e-02
   3.1000000e+01   4.9022783e-02
   3.2000000e+01   5.0587498e-02
   3.3000000e+01   5.2146900e-02
   3.4000000e+01   5.3700920e-02
   3.5000000e+01   5.5249505e-02
   3.6000000e+01   5.6792602e-02
   3.7000000e+01   5.8330152e-02
   3.8000000e+01   5.9862122e-02
   3.9000000e+01   6.1388463e-02
   4.0000000e+01   6.2909149e-02
   4.1000000e+01   6.4424142e-02
   4.2000000e+01   6.5933406e-02
   4.3000000e+01   6.7436904e-02
   4.4000000e+01   6.8934612e-02
   4.5000000e+01   7.0426509e-02
   4.6000000e+01   7.1912579e-02
   4.7000000e+01   7.3392794e-02
   4.8000000e+01   7.4867129e-02
   4.9000000e+01   7.6335579e-02
   5.0000000e+01   7.7798128e-02
   5.1000000e+01   7.9254761e-02
   5.2000000e+01   8.0705479e-02
   5.3000000e+01   8.2150266e-02
   5.4000000e+01   8.3589129e-02
   5.5000000e+01   8.5022070e-02
   5.6000000e+01   8.6449087e-02
   5.7000000e+01   8.7870181e-02
   5.8000000e+01   8.9285351e-02
   5.9000000e+01   9.0694599e-02
   6.0000000e+01   9.2097938e-02
   6.1000000e+01   9.3428798e-02
   6.2000000e+01   9.4752386e-02
   6.3000000e+01   9.6068732e-02
   6.4000000e+01   9.7377889e-02
   6.5000000e+01   9.8679893e-02
   6.6000000e+01   9.9974789e-02
   6.7000000e+01   1.0126262e-01
   6.8000000e+01   1.0254344e-01
   6.9000000e+01   1.0381728e-01
   7.0000000e+01   1.0508420e-01
   7.1000000e+01   1.0634423e-01
   7.2000000e+01   1.0759743e-01
   7.3000000e+01   1.0884386e-01
   7.4000000e+01   1.1008354e-01
   7.5000000e+01   1.1131654e-01
   7.6000000e+01   1.1254290e-01
   7.7000000e+01   1.1376269e-01
   7.8000000e+01   1.1497593e-01
   7.9000000e+01   1.1618268e-01
   8.0000000e+01   1.1738300e-01
   8.1000000e+01   1.1857694e-01
   8.2000000e+01   1.1976454e-01
   8.3000000e+01   1.2094585e-01
   8.4000000e+01   1.2212093e-01
   8.5000000e+01   1.2328984e-01
   8.6000000e+01   1.2445261e-01
   8.7000000e+01   1.2560932e-01
   8.8000000e+01   1.2676002e-01
   8.9000000e+01   1.2790474e-01
   9.0000000e+01   1.2904356e-01
   9.1000000e+01   1.2994117e-01
   9.2000000e+01   1.3083084e-01
   9.3000000e+01   1.3171269e-01
   9.4000000e+01   1.3258682e-01
   9.5000000e+01   1.3345334e-01
   9.6000000e+01   1.3431235e-01
   9.7000000e+01   1.3516395e-01
   9.8000000e+01   1.3600823e-01
   9.9000000e+01   1.3684532e-01
   1.0000000e+02   1.3767530e-01
   1.0100000e+02   1.3849828e-01
   1.0200000e+02   1.3931432e-01
   1.0300000e+02   1.4012356e-01
   1.0400000e+02   1.4092608e-01
   1.0500000e+02   1.4172195e-01
   1.0600000e+02   1.4251128e-01
   1.0700000e+02   1.4329416e-01
   1.0800000e+02   1.4407067e-01
   1.0900000e+02   1.4484091e-01
   1.1000000e+02   1.4560495e-01
   1.1100000e+02   1.4636290e-01
   1.1200000e+02   1.4711483e-01
   1.1300000e+02   1.4786083e-01
   1.1400000e+02   1.4860095e-01
   1.1500000e+02   1.4933532e-01
   1.1600000e+02   1.5006401e-01
   1.1700000e+02   1.5078707e-01
   1.1800000e+02   1.5150461e-01
   1.1900000e+02   1.5221669e-01
   1.2000000e+02   1.5292339e-01
   1.2100000e+02   1.5327035e-01
   1.2200000e+02   1.5361044e-01
   1.2300000e+02   1.5394376e-01
   1.2400000e+02   1.5427043e-01
   1.2500000e+02   1.5459056e-01
   1.2600000e+02   1.5490426e-01
   1.2700000e+02   1.5521164e-01
   1.2800000e+02   1.5551281e-01
   1.2900000e+02   1.5580787e-01
   1.3000000e+02   1.5609691e-01
   1.3100000e+02   1.5638006e-01
   1.3200000e+02   1.5665738e-01
   1.3300000e+02   1.5692902e-01
   1.3400000e+02   1.5719502e-01
   1.3500000e+02   1.5745550e-01
   1.3600000e+02   1.5771057e-01
   1.3700000e+02   1.5796028e-01
   1.3800000e+02   1.5820475e-01
   1.3900000e+02   1.5844406e-01
   1.4000000e+02   1.5867831e-01
   1.4100000e+02   1.5890756e-01
   1.4200000e+02   1.5913190e-01
   1.4300000e+02   1.5935142e-01
   1.4400000e+02   1.5956621e-01
   1.4500000e+02   1.5977632e-01
   1.4600000e+02   1.5998185e-01
   1.4700000e+02   1.6018286e-01
   1.4800000e+02   1.6037944e-01
   1.4900000e+02   1.6057166e-01
   1.5000000e+02   1.6075958e-01
   1.5100000e+02   1.6060336e-01
   1.5200000e+02   1.6044201e-01
   1.5300000e+02   1.6027561e-01
   1.5400000e+02   1.6010424e-01
   1.5500000e+02   1.5992801e-01
   1.5600000e+02   1.5974699e-01
   1.5700000e+02   1.5956128e-01
   1.5800000e+02   1.5937094e-01
   1.5900000e+02   1.5917608e-01
   1.6000000e+02   1.5897675e-01
   1.6100000e+02   1.5877305e-01
   1.6200000e+02   1.5856504e-01
   1.6300000e+02   1.5835282e-01
   1.6400000e+02   1.5813644e-01
   1.6500000e+02   1.5791598e-01
   1.6600000e+02   1.5769149e-01
   1.6700000e+02   1.5746306e-01
   1.6800000e+02   1.5723063e-01
   1.6900000e+02   1.5699430e-01
   1.7000000e+02   1.5675417e-01
   1.7100000e+02   1.5651034e-01
   1.7200000e+02   1.5626290e-01
   1.7300000e+02   1.5601197e-01
   1.7400000e+02   1.5575762e-01
   1.7500000e+02   1.5549994e-01
   1.7600000e+02   1.5523902e-01
   1.7700000e+02   1.5497494e-01
   1.7800000e+02   1.5470777e-01
   1.7900000e+02   1.5443763e-01
   1.8000000e+02   1.5416457e-01
   1.8100000e+02   1.5370244e-01
   1.8200000e+02   1.5323681e-01
   1.8300000e+02   1.5276772e-01
   1.8400000e+02   1.5229523e-01
   1.8500000e+02   1.5181939e-01
   1.8600000e+02   1.5134028e-01
   1.8700000e+02   1.5085791e-01
   1.8800000e+02   1.5037239e-01
   1.8900000e+02   1.4988372e-01
   1.9000000e+02   1.4939198e-01
   1.9100000e+02   1.4889720e-01
   1.9200000e+02   1.4839931e-01
   1.9300000e+02   1.4789838e-01
   1.9400000e+02   1.4739448e-01
   1.9500000e+02   1.4688769e-01
   1.9600000e+02   1.4637807e-01
   1.9700000e+02   1.4586569e-01
   1.9800000e+02   1.4535064e-01
   1.9900000e+02   1.4483292e-01
   2.0000000e+02   1.4431266e-01
   2.0100000e+02   1.4378989e-01
   2.0200000e+02   1.4326467e-01
   2.0300000e+02   1.4273706e-01
   2.0400000e+02   1.4220712e-01
   2.0500000e+02   1.4167491e-01
   2.0600000e+02   1.4114046e-01
   2.0700000e+02   1.4060386e-01
   2.0800000e+02   1.4006512e-01
   2.0900000e+02   1.3952433e-01
   2.1000000e+02   1.3898149e-01
   2.1100000e+02   1.3847797e-01
   2.1200000e+02   1.3797218e-01
   2.1300000e+02   1.3746415e-01
   2.1400000e+02   1.3695394e-01
   2.1500000e+02   1.3644156e-01
   2.1600000e+02   1.3592705e-01
   2.1700000e+02   1.3541043e-01
   2.1800000e+02   1.3489175e-01
   2.1900000e+02   1.3437103e-01
   2.2000000e+02   1.3384829e-01
   2.2100000e+02   1.3332358e-01
   2.2200000e+02   1.3279690e-01
   2.2300000e+02   1.3226831e-01
   2.2400000e+02   1.3173780e-01
   2.2500000e+02   1.3120542e-01
   2.2600000e+02   1.3067120e-01
   2.2700000e+02   1.3013516e-01
   2.2800000e+02   1.2959732e-01
   2.2900000e+02   1.2905771e-01
   2.3000000e+02   1.2851633e-01
   2.3100000e+02   1.2797324e-01
   2.3200000e+02   1.2742844e-01
   2.3300000e+02   1.2688197e-01
   2.3400000e+02   1.2633383e-01
   2.3500000e+02   1.2578405e-01
   2.3600000e+02   1.2523268e-01
   2.3700000e+02   1.2467970e-01
   2.3800000e+02   1.2412515e-01
   2.3900000e+02   1.2356903e-01
   2.4000000e+02   1.2301140e-01
   2.4100000e+02   1.2268618e-01
   2.4200000e+02   1.2235962e-01
   2.4300000e+02   1.2203175e-01
   2.4400000e+02   1.2170258e-01
   2.4500000e+02   1.2137213e-01
   2.4600000e+02   1.2104041e-01
   2.4700000e+02   1.2070744e-01
   2.4800000e+02   1.2037323e-01
   2.4900000e+02   1.2003779e-01
   2.5000000e+02   1.1970115e-01
   2.5100000e+02   1.1936332e-01
   2.5200000e+02   1.1902431e-01
   2.5300000e+02   1.1868413e-01
   2.5400000e+02   1.1834280e-01
   2.5500000e+02   1.1800033e-01
   2.5600000e+02   1.1765674e-01
   2.5700000e+02   1.1731203e-01
   2.5800000e+02   1.1696622e-01
   2.5900000e+02   1.1661932e-01
   2.6000000e+02   1.1627135e-01
   2.6100000e+02   1.1592232e-01
   2.6200000e+02   1.1557223e-01
   2.6300000e+02   1.1522111e-01
   2.6400000e+02   1.1486895e-01
   2.6500000e+02   1.1451577e-01
   2.6600000e+02   1.1416160e-01
   2.6700000e+02   1.1380643e-01
   2.6800000e+02   1.1345027e-01
   2.6900000e+02   1.1309314e-01
   2.7000000e+02   1.1273504e-01
   2.7100000e+02   1.1268938e-01
   2.7200000e+02   1.1264303e-01
   2.7300000e+02   1.1259601e-01
   2.7400000e+02   1.1254831e-01
   2.7500000e+02   1.1249996e-01
   2.7600000e+02   1.1245095e-01
   2.7700000e+02   1.1240130e-01
   2.7800000e+02   1.1235100e-01
   2.7900000e+02   1.1230008e-01
   2.8000000e+02   1.1224853e-01
   2.8100000e+02   1.1219635e-01
   2.8200000e+02   1.1214356e-01
   2.8300000e+02   1.1209017e-01
   2.8400000e+02   1.1203618e-01
   2.8500000e+02   1.1198159e-01
   2.8600000e+02   1.1192641e-01
   2.8700000e+02   1.1187065e-01
   2.8800000e+02   1.1181431e-01
   2.8900000e+02   1.1175741e-01
   2.9000000e+02   1.1169994e-01
   2.9100000e+02   1.1164191e-01
   2.9200000e+02   1.1158333e-01
   2.9300000e+02   1.1152420e-01
   2.9400000e+02   1.1146453e-01
   2.9500000e+02   1.1140433e-01
   2.9600000e+02   1.1134359e-01
   2.9700000e+02   1.1128233e-01
   2.9800000e+02   1.1122055e-01
   2.9900000e+02   1.1115825e-01
   3.0000000e+02   1.1109544e-01
   3.0100000e+02   1.1133090e-01
   3.0200000e+02   1.1156612e-01
   3.0300000e+02   1.1180108e-01
   3.0400000e+02   1.1203580e-01
   3.0500000e+02   1.1227027e-01
   3.0600000e+02   1.1250451e-01
   3.0700000e+02   1.1273851e-01
   3.0800000e+02   1.1297227e-01
   3.0900000e+02   1.1320581e-01
   3.1000000e+02   1.1343912e-01
   3.1100000e+02   1.1367220e-01
   3.1200000e+02   1.1390506e-01
   3.1300000e+02   1.1413771e-01
   3.1400000e+02   1.1437014e-01
   3.1500000e+02   1.1460236e-01
   3.1600000e+02   1.1483436e-01
   3.1700000e+02   1.1506616e-01
   3.1800000e+02   1.1529776e-01
   3.1900000e+02   1.1552915e-01
   3.2000000e+02   1.1576035e-01
   3.2100000e+02   1.1599135e-01
   3.2200000e+02   1.1622215e-01
   3.2300000e+02   1.1645276e-01
   3.2400000e+02   1.1668319e-01
   3.2500000e+02   1.1691342e-01
   3.2600000e+02   1.1714347e-01
   3.2700000e+02   1.1737335e-01
   3.2800000e+02   1.1760304e-01
   3.2900000e+02   1.1783256e-01
   3.3000000e+02   1.1806191e-01
   3.3100000e+02   1.1854528e-01
   3.3200000e+02   1.1902867e-01
   3.3300000e+02   1.1951210e-01
   3.3400000e+02   1.1999556e-01
   3.3500000e+02   1.2047905e-01
   3.3600000e+02   1.2096258e-01
   3.3700000e+02   1.2144614e-01
   3.3800000e+02   1.2192973e-01
   3.3900000e+02   1.2241337e-01
   3.4000000e+02   1.2289704e-01
   3.4100000e+02   1.2338075e-01
   3.4200000e+02   1.2386451e-01
   3.4300000e+02   1.2434831e-01
   3.4400000e+02   1.2483215e-01
   3.4500000e+02   1.2531604e-01
   3.4600000e+02   1.2579997e-01
   3.4700000e+02   1.2628394e-01
   3.4800000e+02   1.2676798e-01
   3.4900000e+02   1.2725206e-01
   3.5000000e+02   1.2773620e-01
   3.5100000e+02   1.2822038e-01
   3.5200000e+02   1.2870461e-01
   3.5300000e+02   1.2918891e-01
   3.5400000e+02   1.2967326e-01
   3.5500000e+02   1.3015766e-01
   3.5600000e+02   1.3064213e-01
   3.5700000e+02   1.3112666e-01
   3.5800000e+02   1.3161124e-01
   3.5900000e+02   1.3209590e-01
   2.6219766e-08   1.3258061e-01
