   0.0000000e+00   1.1145982e+02
   1.0000000e+00   9.7450047e+00
   2.0000000e+00   9.7290792e+00
   3.0000000e+00   9.7124567e+00
   4.0000000e+00   9.6948528e+00
   5.0000000e+00   9.6762743e+00
   6.0000000e+00   9.6567268e+00
   7.0000000e+00   9.6362152e+00
   8.0000000e+00   9.6147499e+00
   9.0000000e+00   9.5923357e+00
   1.0000000e+01   9.5689812e+00
   1.1000000e+01   9.5446959e+00
   1.2000000e+01   9.5194883e+00
   1.3000000e+01   9.4933681e+00
   1.4000000e+01   9.4663439e+00
   1.5000000e+01   9.4384260e+00
   1.6000000e+01   9.4096279e+00
   1.7000000e+01   9.3799591e+00
   1.8000000e+01   9.3494329e+00
   1.9000000e+01   9.3180628e+00
   2.0000000e+01   9.2858610e+00
   2.1000000e+01   9.2528391e+00
   2.2000000e+01   9.2190142e+00
   2.3000000e+01   9.1843987e+00
   2.4000000e+01   9.1490068e+00
   2.5000000e+01   9.1128531e+00
   2.6000000e+01   9.0759554e+00
   2.7000000e+01   9.0383263e+00
   2.8000000e+01   8.9999838e+00
   2.9000000e+01   8.9609423e+00
   3.0000000e+01   8.9212198e+00
   3.1000000e+01   8.8799248e+00
   3.2000000e+01   8.8379421e+00
   3.3000000e+01   8.7952890e+00
   3.4000000e+01   8.7519836e+00
   3.5000000e+01   8.7080431e+00
   3.6000000e+01   8.6634855e+00
   3.7000000e+01   8.6183290e+00
   3.8000000e+01   8.5725918e+00
   3.9000000e+01   8.5262918e+00
   4.0000000e+01   8.4794483e+00
   4.1000000e+01   8.4320793e+00
   4.2000000e+01   8.3842039e+00
   4.3000000e+01   8.3358402e+00
   4.4000000e+01   8.2870073e+00
   4.5000000e+01   8.2377234e+00
   4.6000000e+01   8.1880093e+00
   4.7000000e+01   8.1378813e+00
   4.8000000e+01   8.0873585e+00
   4.9000000e+01   8.0364618e+00
   5.0000000e+01   7.9852080e+00
   5.1000000e+01   7.9336171e+00
   5.2000000e+01   7.8817062e+00
   5.3000000e+01   7.8294950e+00
   5.4000000e+01   7.7770009e+00
   5.5000000e+01   7.7242427e+00
   5.6000000e+01   7.6712389e+00
   5.7000000e+01   7.6180067e+00
   5.8000000e+01   7.5645652e+00
   5.9000000e+01   7.5109315e+00
   6.0000000e+01   7.4571223e+00
   6.1000000e+01   7.4025435e+00
   6.2000000e+01   7.3478317e+00
   6.3000000e+01   7.2930045e+00
   6.4000000e+01   7.2380791e+00
   6.5000000e+01   7.1830721e+00
   6.6000000e+01   7.1280007e+00
   6.7000000e+01   7.0728812e+00
   6.8000000e+01   7.0177302e+00
   6.9000000e+01   6.9625640e+00
   7.0000000e+01   6.9073977e+00
   7.1000000e+01   6.8522472e+00
   7.2000000e+01   6.7971272e+00
   7.3000000e+01   6.7420540e+00
   7.4000000e+01   6.6870408e+00
   7.5000000e+01   6.6321025e+00
   7.6000000e+01   6.5772543e+00
   7.7000000e+01   6.5225086e+00
   7.8000000e+01   6.4678793e+00
   7.9000000e+01   6.4133806e+00
   8.0000000e+01   6.3590250e+00
   8.1000000e+01   6.3048248e+00
   8.2000000e+01   6.2507935e+00
   8.3000000e+01   6.1969423e+00
   8.4000000e+01   6.1432834e+00
   8.5000000e+01   6.0898285e+00
   8.6000000e+01   6.0365887e+00
   8.7000000e+01   5.9835749e+00
   8.8000000e+01   5.9307995e+00
   8.9000000e+01   5.8782792e+00
   9.0000000e+01   5.8260179e+00
   9.1000000e+01   5.7763233e+00
   9.2000000e+01   5.7269416e+00
   9.3000000e+01   5.6778822e+00
   9.4000000e+01   5.6291537e+00
   9.5000000e+01   5.5807648e+00
   9.6000000e+01   5.5327234e+00
   9.7000000e+01   5.4850435e+00
   9.8000000e+01   5.4377298e+00
   9.9000000e+01   5.3907895e+00
   1.0000000e+02   5.3442307e+00
   1.0100000e+02   5.2980585e+00
   1.0200000e+02   5.2522817e+00
   1.0300000e+02   5.2069068e+00
   1.0400000e+02   5.1619391e+00
   1.0500000e+02   5.1173859e+00
   1.0600000e+02   5.0732532e+00
   1.0700000e+02   5.0295458e+00
   1.0800000e+02   4.9862700e+00
   1.0900000e+02   4.9434304e+00
   1.1000000e+02   4.9010329e+00
   1.1100000e+02   4.8590822e+00
   1.1200000e+02   4.8175826e+00
   1.1300000e+02   4.7765388e+00
   1.1400000e+02   4.7359586e+00
   1.1500000e+02   4.6958418e+00
   1.1600000e+02   4.6561923e+00
   1.1700000e+02   4.6170139e+00
   1.1800000e+02   4.5783091e+00
   1.1900000e+02   4.5400815e+00
   1.2000000e+02   4.5023346e+00
   1.2100000e+02   4.4687572e+00
   1.2200000e+02   4.4356780e+00
   1.2300000e+02   4.4030995e+00
   1.2400000e+02   4.3710232e+00
   1.2500000e+02   4.3394513e+00
   1.2600000e+02   4.3083858e+00
   1.2700000e+02   4.2778287e+00
   1.2800000e+02   4.2477808e+00
   1.2900000e+02   4.2182436e+00
   1.3000000e+02   4.1892190e+00
   1.3100000e+02   4.1607080e+00
   1.3200000e+02   4.1327119e+00
   1.3300000e+02   4.1052313e+00
   1.3400000e+02   4.0782676e+00
   1.3500000e+02   4.0518217e+00
   1.3600000e+02   4.0258942e+00
   1.3700000e+02   4.0004859e+00
   1.3800000e+02   3.9755976e+00
   1.3900000e+02   3.9512408e+00
   1.4000000e+02   3.9274094e+00
   1.4100000e+02   3.9041018e+00
   1.4200000e+02   3.8813190e+00
   1.4300000e+02   3.8590612e+00
   1.4400000e+02   3.8373287e+00
   1.4500000e+02   3.8161218e+00
   1.4600000e+02   3.7954409e+00
   1.4700000e+02   3.7752860e+00
   1.4800000e+02   3.7556574e+00
   1.4900000e+02   3.7365553e+00
   1.5000000e+02   3.7179792e+00
   1.5100000e+02   3.7022243e+00
   1.5200000e+02   3.6869984e+00
   1.5300000e+02   3.6723018e+00
   1.5400000e+02   3.6581340e+00
   1.5500000e+02   3.6445012e+00
   1.5600000e+02   3.6313975e+00
   1.5700000e+02   3.6188221e+00
   1.5800000e+02   3.6067746e+00
   1.5900000e+02   3.5952549e+00
   1.6000000e+02   3.5842619e+00
   1.6100000e+02   3.5737956e+00
   1.6200000e+02   3.5638552e+00
   1.6300000e+02   3.5544405e+00
   1.6400000e+02   3.5455506e+00
   1.6500000e+02   3.5371854e+00
   1.6600000e+02   3.5293441e+00
   1.6700000e+02   3.5220256e+00
   1.6800000e+02   3.5152299e+00
   1.6900000e+02   3.5089560e+00
   1.7000000e+02   3.5032034e+00
   1.7100000e+02   3.4979713e+00
   1.7200000e+02   3.4932592e+00
   1.7300000e+02   3.4890659e+00
   1.7400000e+02   3.4853914e+00
   1.7500000e+02   3.4822340e+00
   1.7600000e+02   3.4795940e+00
   1.7700000e+02   3.4774697e+00
   1.7800000e+02   3.4758608e+00
   1.7900000e+02   3.4747665e+00
   1.8000000e+02   3.4741857e+00
   1.8100000e+02   3.4750614e+00
   1.8200000e+02   3.4764428e+00
   1.8300000e+02   3.4783292e+00
   1.8400000e+02   3.4807191e+00
   1.8500000e+02   3.4836123e+00
   1.8600000e+02   3.4870071e+00
   1.8700000e+02   3.4909034e+00
   1.8800000e+02   3.4952993e+00
   1.8900000e+02   3.5001943e+00
   1.9000000e+02   3.5055888e+00
   1.9100000e+02   3.5114837e+00
   1.9200000e+02   3.5178757e+00
   1.9300000e+02   3.5247638e+00
   1.9400000e+02   3.5321469e+00
   1.9500000e+02   3.5400243e+00
   1.9600000e+02   3.5483944e+00
   1.9700000e+02   3.5572565e+00
   1.9800000e+02   3.5666094e+00
   1.9900000e+02   3.5764515e+00
   2.0000000e+02   3.5867825e+00
   2.0100000e+02   3.5976002e+00
   2.0200000e+02   3.6089041e+00
   2.0300000e+02   3.6206923e+00
   2.0400000e+02   3.6329639e+00
   2.0500000e+02   3.6457171e+00
   2.0600000e+02   3.6589510e+00
   2.0700000e+02   3.6726637e+00
   2.0800000e+02   3.6868539e+00
   2.0900000e+02   3.7015202e+00
   2.1000000e+02   3.7166607e+00
   2.1100000e+02   3.7329109e+00
   2.1200000e+02   3.7496374e+00
   2.1300000e+02   3.7668386e+00
   2.1400000e+02   3.7845125e+00
   2.1500000e+02   3.8026578e+00
   2.1600000e+02   3.8212721e+00
   2.1700000e+02   3.8403540e+00
   2.1800000e+02   3.8599048e+00
   2.1900000e+02   3.8799183e+00
   2.2000000e+02   3.9003932e+00
   2.2100000e+02   3.9213266e+00
   2.2200000e+02   3.9427166e+00
   2.2300000e+02   3.9645603e+00
   2.2400000e+02   3.9868553e+00
   2.2500000e+02   4.0095992e+00
   2.2600000e+02   4.0327892e+00
   2.2700000e+02   4.0564232e+00
   2.2800000e+02   4.0804968e+00
   2.2900000e+02   4.1050081e+00
   2.3000000e+02   4.1299543e+00
   2.3100000e+02   4.1553321e+00
   2.3200000e+02   4.1811380e+00
   2.3300000e+02   4.2073684e+00
   2.3400000e+02   4.2340202e+00
   2.3500000e+02   4.2610898e+00
   2.3600000e+02   4.2885737e+00
   2.3700000e+02   4.3164678e+00
   2.3800000e+02   4.3447680e+00
   2.3900000e+02   4.3734708e+00
   2.4000000e+02   4.4025717e+00
   2.4100000e+02   4.4325948e+00
   2.4200000e+02   4.4630146e+00
   2.4300000e+02   4.4938264e+00
   2.4400000e+02   4.5250254e+00
   2.4500000e+02   4.5566072e+00
   2.4600000e+02   4.5885668e+00
   2.4700000e+02   4.6208992e+00
   2.4800000e+02   4.6535983e+00
   2.4900000e+02   4.6866603e+00
   2.5000000e+02   4.7200785e+00
   2.5100000e+02   4.7538481e+00
   2.5200000e+02   4.7879624e+00
   2.5300000e+02   4.8224158e+00
   2.5400000e+02   4.8572021e+00
   2.5500000e+02   4.8923149e+00
   2.5600000e+02   4.9277472e+00
   2.5700000e+02   4.9634933e+00
   2.5800000e+02   4.9995451e+00
   2.5900000e+02   5.0358958e+00
   2.6000000e+02   5.0725389e+00
   2.6100000e+02   5.1094661e+00
   2.6200000e+02   5.1466699e+00
   2.6300000e+02   5.1841421e+00
   2.6400000e+02   5.2218752e+00
   2.6500000e+02   5.2598600e+00
   2.6600000e+02   5.2980886e+00
   2.6700000e+02   5.3365526e+00
   2.6800000e+02   5.3752422e+00
   2.6900000e+02   5.4141488e+00
   2.7000000e+02   5.4532628e+00
   2.7100000e+02   5.4918065e+00
   2.7200000e+02   5.5305448e+00
   2.7300000e+02   5.5694666e+00
   2.7400000e+02   5.6085625e+00
   2.7500000e+02   5.6478214e+00
   2.7600000e+02   5.6872339e+00
   2.7700000e+02   5.7267880e+00
   2.7800000e+02   5.7664733e+00
   2.7900000e+02   5.8062787e+00
   2.8000000e+02   5.8461919e+00
   2.8100000e+02   5.8862019e+00
   2.8200000e+02   5.9262962e+00
   2.8300000e+02   5.9664636e+00
   2.8400000e+02   6.0066910e+00
   2.8500000e+02   6.0469656e+00
   2.8600000e+02   6.0872760e+00
   2.8700000e+02   6.1276083e+00
   2.8800000e+02   6.1679487e+00
   2.8900000e+02   6.2082853e+00
   2.9000000e+02   6.2486038e+00
   2.9100000e+02   6.2888904e+00
   2.9200000e+02   6.3291311e+00
   2.9300000e+02   6.3693128e+00
   2.9400000e+02   6.4094200e+00
   2.9500000e+02   6.4494386e+00
   2.9600000e+02   6.4893546e+00
   2.9700000e+02   6.5291524e+00
   2.9800000e+02   6.5688181e+00
   2.9900000e+02   6.6083360e+00
   3.0000000e+02   6.6476903e+00
   3.0100000e+02   6.6831241e+00
   3.0200000e+02   6.7183452e+00
   3.0300000e+02   6.7533379e+00
   3.0400000e+02   6.7880874e+00
   3.0500000e+02   6.8225784e+00
   3.0600000e+02   6.8567953e+00
   3.0700000e+02   6.8907223e+00
   3.0800000e+02   6.9243436e+00
   3.0900000e+02   6.9576440e+00
   3.1000000e+02   6.9906077e+00
   3.1100000e+02   7.0232186e+00
   3.1200000e+02   7.0554619e+00
   3.1300000e+02   7.0873213e+00
   3.1400000e+02   7.1187816e+00
   3.1500000e+02   7.1498260e+00
   3.1600000e+02   7.1804404e+00
   3.1700000e+02   7.2106090e+00
   3.1800000e+02   7.2403154e+00
   3.1900000e+02   7.2695456e+00
   3.2000000e+02   7.2982836e+00
   3.2100000e+02   7.3265142e+00
   3.2200000e+02   7.3542228e+00
   3.2300000e+02   7.3813944e+00
   3.2400000e+02   7.4080148e+00
   3.2500000e+02   7.4340687e+00
   3.2600000e+02   7.4595423e+00
   3.2700000e+02   7.4844213e+00
   3.2800000e+02   7.5086927e+00
   3.2900000e+02   7.5323415e+00
   3.3000000e+02   7.5553555e+00
   3.3100000e+02   7.5723877e+00
   3.3200000e+02   7.5887332e+00
   3.3300000e+02   7.6043801e+00
   3.3400000e+02   7.6193166e+00
   3.3500000e+02   7.6335320e+00
   3.3600000e+02   7.6470151e+00
   3.3700000e+02   7.6597562e+00
   3.3800000e+02   7.6717439e+00
   3.3900000e+02   7.6829696e+00
   3.4000000e+02   7.6934233e+00
   3.4100000e+02   7.7030973e+00
   3.4200000e+02   7.7119823e+00
   3.4300000e+02   7.7200704e+00
   3.4400000e+02   7.7273540e+00
   3.4500000e+02   7.7338266e+00
   3.4600000e+02   7.7394810e+00
   3.4700000e+02   7.7443113e+00
   3.4800000e+02   7.7483115e+00
   3.4900000e+02   7.7514777e+00
   3.5000000e+02   7.7538037e+00
   3.5100000e+02   7.7552867e+00
   3.5200000e+02   7.7559218e+00
   3.5300000e+02   7.7557073e+00
   3.5400000e+02   7.7546391e+00
   3.5500000e+02   7.7527165e+00
   3.5600000e+02   7.7499375e+00
   3.5700000e+02   7.7463007e+00
   3.5800000e+02   7.7418060e+00
   3.5900000e+02   7.7364535e+00
   2.6219766e-08   7.7302437e+00
