   0.0000000e+00   2.5639502e-17
   1.0000000e+00   1.2269560e-03
   2.0000000e+00   1.8633801e-03
   3.0000000e+00   2.5061732e-03
   4.0000000e+00   3.1564767e-03
   5.0000000e+00   3.8142246e-03
   6.0000000e+00   4.4793491e-03
   7.0000000e+00   5.1517817e-03
   8.0000000e+00   5.8314549e-03
   9.0000000e+00   6.5183020e-03
   1.0000000e+01   7.2122552e-03
   1.1000000e+01   7.9132523e-03
   1.2000000e+01   8.6212289e-03
   1.3000000e+01   9.3361214e-03
   1.4000000e+01   1.0057866e-02
   1.5000000e+01   1.0786397e-02
   1.6000000e+01   1.1521654e-02
   1.7000000e+01   1.2263575e-02
   1.8000000e+01   1.3012101e-02
   1.9000000e+01   1.3767171e-02
   2.0000000e+01   1.4528725e-02
   2.1000000e+01   1.5296701e-02
   2.2000000e+01   1.6071042e-02
   2.3000000e+01   1.6851690e-02
   2.4000000e+01   1.7638583e-02
   2.5000000e+01   1.8431665e-02
   2.6000000e+01   1.9230878e-02
   2.7000000e+01   2.0036165e-02
   2.8000000e+01   2.0847470e-02
   2.9000000e+01   2.1664737e-02
   3.0000000e+01   2.2487909e-02
   3.1000000e+01   2.3615593e-02
   3.2000000e+01   2.4767946e-02
   3.3000000e+01   2.5944794e-02
   3.4000000e+01   2.7145965e-02
   3.5000000e+01   2.8371288e-02
   3.6000000e+01   2.9620592e-02
   3.7000000e+01   3.0893708e-02
   3.8000000e+01   3.2190476e-02
   3.9000000e+01   3.3510726e-02
   4.0000000e+01   3.4854315e-02
   4.1000000e+01   3.6221106e-02
   4.2000000e+01   3.7610937e-02
   4.3000000e+01   3.9023664e-02
   4.4000000e+01   4.0459126e-02
   4.5000000e+01   4.1917186e-02
   4.6000000e+01   4.3397695e-02
   4.7000000e+01   4.4900507e-02
   4.8000000e+01   4.6425469e-02
   4.9000000e+01   4.7972437e-02
   5.0000000e+01   4.9541268e-02
   5.1000000e+01   5.1131818e-02
   5.2000000e+01   5.2743949e-02
   5.3000000e+01   5.4377519e-02
   5.4000000e+01   5.6032397e-02
   5.5000000e+01   5.7708442e-02
   5.6000000e+01   5.9405517e-02
   5.7000000e+01   6.1123490e-02
   5.8000000e+01   6.2862225e-02
   5.9000000e+01   6.4621575e-02
   6.0000000e+01   6.6401415e-02
   6.1000000e+01   6.6843018e-02
   6.2000000e+01   6.7261666e-02
   6.3000000e+01   6.7657329e-02
   6.4000000e+01   6.8030000e-02
   6.5000000e+01   6.8379648e-02
   6.6000000e+01   6.8706281e-02
   6.7000000e+01   6.9009863e-02
   6.8000000e+01   6.9290407e-02
   6.9000000e+01   6.9547877e-02
   7.0000000e+01   6.9782287e-02
   7.1000000e+01   6.9993615e-02
   7.2000000e+01   7.0181854e-02
   7.3000000e+01   7.0346989e-02
   7.4000000e+01   7.0488900e-02
   7.5000000e+01   7.0607550e-02
   7.6000000e+01   7.0702925e-02
   7.7000000e+01   7.0774995e-02
   7.8000000e+01   7.0823729e-02
   7.9000000e+01   7.0849113e-02
   8.0000000e+01   7.0851125e-02
   8.1000000e+01   7.0829749e-02
   8.2000000e+01   7.0784971e-02
   8.3000000e+01   7.0716776e-02
   8.4000000e+01   7.0625149e-02
   8.5000000e+01   7.0510089e-02
   8.6000000e+01   7.0371583e-02
   8.7000000e+01   7.0209622e-02
   8.8000000e+01   7.0024215e-02
   8.9000000e+01   6.9815338e-02
   9.0000000e+01   6.9583006e-02
   9.1000000e+01   6.7827240e-02
   9.2000000e+01   6.6030473e-02
   9.3000000e+01   6.4193115e-02
   9.4000000e+01   6.2315591e-02
   9.5000000e+01   6.0398318e-02
   9.6000000e+01   5.8441699e-02
   9.7000000e+01   5.6446146e-02
   9.8000000e+01   5.4412056e-02
   9.9000000e+01   5.2339833e-02
   1.0000000e+02   5.0229870e-02
   1.0100000e+02   4.8082553e-02
   1.0200000e+02   4.5898270e-02
   1.0300000e+02   4.3677401e-02
   1.0400000e+02   4.1420329e-02
   1.0500000e+02   3.9127424e-02
   1.0600000e+02   3.6799062e-02
   1.0700000e+02   3.4435604e-02
   1.0800000e+02   3.2037418e-02
   1.0900000e+02   2.9604867e-02
   1.1000000e+02   2.7138302e-02
   1.1100000e+02   2.4638079e-02
   1.1200000e+02   2.2104550e-02
   1.1300000e+02   1.9538056e-02
   1.1400000e+02   1.6938945e-02
   1.1500000e+02   1.4307556e-02
   1.1600000e+02   1.1644222e-02
   1.1700000e+02   8.9492798e-03
   1.1800000e+02   6.2230565e-03
   1.1900000e+02   3.4658797e-03
   1.2000000e+02   6.7807280e-04
   1.2100000e+02   6.6900766e-04
   1.2200000e+02   6.5999513e-04
   1.2300000e+02   6.5103505e-04
   1.2400000e+02   6.4212707e-04
   1.2500000e+02   6.3327089e-04
   1.2600000e+02   6.2446634e-04
   1.2700000e+02   6.1571313e-04
   1.2800000e+02   6.0701091e-04
   1.2900000e+02   5.9835956e-04
   1.3000000e+02   5.8975868e-04
   1.3100000e+02   5.8120809e-04
   1.3200000e+02   5.7270756e-04
   1.3300000e+02   5.6425674e-04
   1.3400000e+02   5.5585545e-04
   1.3500000e+02   5.4750341e-04
   1.3600000e+02   5.3920032e-04
   1.3700000e+02   5.3094595e-04
   1.3800000e+02   5.2274013e-04
   1.3900000e+02   5.1458250e-04
   1.4000000e+02   5.0647283e-04
   1.4100000e+02   4.9841090e-04
   1.4200000e+02   4.9039646e-04
   1.4300000e+02   4.8242923e-04
   1.4400000e+02   4.7450900e-04
   1.4500000e+02   4.6663551e-04
   1.4600000e+02   4.5880850e-04
   1.4700000e+02   4.5102776e-04
   1.4800000e+02   4.4329304e-04
   1.4900000e+02   4.3560410e-04
   1.5000000e+02   4.2796068e-04
   1.5100000e+02   4.2639044e-04
   1.5200000e+02   4.2482649e-04
   1.5300000e+02   4.2326874e-04
   1.5400000e+02   4.2171718e-04
   1.5500000e+02   4.2017183e-04
   1.5600000e+02   4.1863261e-04
   1.5700000e+02   4.1709951e-04
   1.5800000e+02   4.1557255e-04
   1.5900000e+02   4.1405164e-04
   1.6000000e+02   4.1253679e-04
   1.6100000e+02   4.1102798e-04
   1.6200000e+02   4.0952518e-04
   1.6300000e+02   4.0802834e-04
   1.6400000e+02   4.0653750e-04
   1.6500000e+02   4.0505256e-04
   1.6600000e+02   4.0357356e-04
   1.6700000e+02   4.0210044e-04
   1.6800000e+02   4.0063317e-04
   1.6900000e+02   3.9917175e-04
   1.7000000e+02   3.9771615e-04
   1.7100000e+02   3.9626638e-04
   1.7200000e+02   3.9482233e-04
   1.7300000e+02   3.9338405e-04
   1.7400000e+02   3.9195150e-04
   1.7500000e+02   3.9052466e-04
   1.7600000e+02   3.8910349e-04
   1.7700000e+02   3.8768796e-04
   1.7800000e+02   3.8627809e-04
   1.7900000e+02   3.8487383e-04
   1.8000000e+02   3.8347516e-04
   1.8100000e+02   3.8694675e-04
   1.8200000e+02   3.9039299e-04
   1.8300000e+02   3.9381403e-04
   1.8400000e+02   3.9721001e-04
   1.8500000e+02   4.0058105e-04
   1.8600000e+02   4.0392732e-04
   1.8700000e+02   4.0724897e-04
   1.8800000e+02   4.1054611e-04
   1.8900000e+02   4.1381893e-04
   1.9000000e+02   4.1706752e-04
   1.9100000e+02   4.2029208e-04
   1.9200000e+02   4.2349269e-04
   1.9300000e+02   4.2666952e-04
   1.9400000e+02   4.2982271e-04
   1.9500000e+02   4.3295242e-04
   1.9600000e+02   4.3605873e-04
   1.9700000e+02   4.3914185e-04
   1.9800000e+02   4.4220185e-04
   1.9900000e+02   4.4523890e-04
   2.0000000e+02   4.4825312e-04
   2.0100000e+02   4.5124465e-04
   2.0200000e+02   4.5421362e-04
   2.0300000e+02   4.5716017e-04
   2.0400000e+02   4.6008441e-04
   2.0500000e+02   4.6298653e-04
   2.0600000e+02   4.6586659e-04
   2.0700000e+02   4.6872476e-04
   2.0800000e+02   4.7156116e-04
   2.0900000e+02   4.7437591e-04
   2.1000000e+02   4.7716917e-04
   2.1100000e+02   3.8233269e-03
   2.1200000e+02   7.1856510e-03
   2.1300000e+02   1.0564002e-02
   2.1400000e+02   1.3958244e-02
   2.1500000e+02   1.7368237e-02
   2.1600000e+02   2.0793846e-02
   2.1700000e+02   2.4234939e-02
   2.1800000e+02   2.7691381e-02
   2.1900000e+02   3.1163039e-02
   2.2000000e+02   3.4649786e-02
   2.2100000e+02   3.8151477e-02
   2.2200000e+02   4.1667972e-02
   2.2300000e+02   4.5199133e-02
   2.2400000e+02   4.8744831e-02
   2.2500000e+02   5.2304931e-02
   2.2600000e+02   5.5879306e-02
   2.2700000e+02   5.9467826e-02
   2.2800000e+02   6.3070364e-02
   2.2900000e+02   6.6686794e-02
   2.3000000e+02   7.0316985e-02
   2.3100000e+02   7.3960818e-02
   2.3200000e+02   7.7618167e-02
   2.3300000e+02   8.1288919e-02
   2.3400000e+02   8.4972933e-02
   2.3500000e+02   8.8670112e-02
   2.3600000e+02   9.2380323e-02
   2.3700000e+02   9.6103445e-02
   2.3800000e+02   9.9839374e-02
   2.3900000e+02   1.0358798e-01
   2.4000000e+02   1.0734916e-01
   2.4100000e+02   1.0899922e-01
   2.4200000e+02   1.1065547e-01
   2.4300000e+02   1.1231788e-01
   2.4400000e+02   1.1398643e-01
   2.4500000e+02   1.1566108e-01
   2.4600000e+02   1.1734179e-01
   2.4700000e+02   1.1902855e-01
   2.4800000e+02   1.2072133e-01
   2.4900000e+02   1.2242007e-01
   2.5000000e+02   1.2412477e-01
   2.5100000e+02   1.2583539e-01
   2.5200000e+02   1.2755191e-01
   2.5300000e+02   1.2927428e-01
   2.5400000e+02   1.3100249e-01
   2.5500000e+02   1.3273649e-01
   2.5600000e+02   1.3447627e-01
   2.5700000e+02   1.3622180e-01
   2.5800000e+02   1.3797303e-01
   2.5900000e+02   1.3972995e-01
   2.6000000e+02   1.4149253e-01
   2.6100000e+02   1.4326075e-01
   2.6200000e+02   1.4503455e-01
   2.6300000e+02   1.4681391e-01
   2.6400000e+02   1.4859883e-01
   2.6500000e+02   1.5038927e-01
   2.6600000e+02   1.5218519e-01
   2.6700000e+02   1.5398656e-01
   2.6800000e+02   1.5579335e-01
   2.6900000e+02   1.5760556e-01
   2.7000000e+02   1.5942313e-01
   2.7100000e+02   1.5778022e-01
   2.7200000e+02   1.5613122e-01
   2.7300000e+02   1.5447618e-01
   2.7400000e+02   1.5281518e-01
   2.7500000e+02   1.5114824e-01
   2.7600000e+02   1.4947546e-01
   2.7700000e+02   1.4779685e-01
   2.7800000e+02   1.4611250e-01
   2.7900000e+02   1.4442246e-01
   2.8000000e+02   1.4272676e-01
   2.8100000e+02   1.4102548e-01
   2.8200000e+02   1.3931866e-01
   2.8300000e+02   1.3760637e-01
   2.8400000e+02   1.3588864e-01
   2.8500000e+02   1.3416554e-01
   2.8600000e+02   1.3243711e-01
   2.8700000e+02   1.3070340e-01
   2.8800000e+02   1.2896447e-01
   2.8900000e+02   1.2722036e-01
   2.9000000e+02   1.2547113e-01
   2.9100000e+02   1.2371682e-01
   2.9200000e+02   1.2195749e-01
   2.9300000e+02   1.2019318e-01
   2.9400000e+02   1.1842393e-01
   2.9500000e+02   1.1664980e-01
   2.9600000e+02   1.1487084e-01
   2.9700000e+02   1.1308708e-01
   2.9800000e+02   1.1129858e-01
   2.9900000e+02   1.0950539e-01
   3.0000000e+02   1.0770755e-01
   3.0100000e+02   1.0754515e-01
   3.0200000e+02   1.0738091e-01
   3.0300000e+02   1.0721485e-01
   3.0400000e+02   1.0704696e-01
   3.0500000e+02   1.0687726e-01
   3.0600000e+02   1.0670576e-01
   3.0700000e+02   1.0653247e-01
   3.0800000e+02   1.0635739e-01
   3.0900000e+02   1.0618054e-01
   3.1000000e+02   1.0600194e-01
   3.1100000e+02   1.0582157e-01
   3.1200000e+02   1.0563947e-01
   3.1300000e+02   1.0545563e-01
   3.1400000e+02   1.0527007e-01
   3.1500000e+02   1.0508280e-01
   3.1600000e+02   1.0489381e-01
   3.1700000e+02   1.0470314e-01
   3.1800000e+02   1.0451077e-01
   3.1900000e+02   1.0431673e-01
   3.2000000e+02   1.0412102e-01
   3.2100000e+02   1.0392366e-01
   3.2200000e+02   1.0372464e-01
   3.2300000e+02   1.0352398e-01
   3.2400000e+02   1.0332169e-01
   3.2500000e+02   1.0311779e-01
   3.2600000e+02   1.0291225e-01
   3.2700000e+02   1.0270513e-01
   3.2800000e+02   1.0249640e-01
   3.2900000e+02   1.0228609e-01
   3.3000000e+02   1.0207420e-01
   3.3100000e+02   1.0250539e-01
   3.3200000e+02   1.0293671e-01
   3.3300000e+02   1.0336816e-01
   3.3400000e+02   1.0379974e-01
   3.3500000e+02   1.0423143e-01
   3.3600000e+02   1.0466325e-01
   3.3700000e+02   1.0509519e-01
   3.3800000e+02   1.0552723e-01
   3.3900000e+02   1.0595940e-01
   3.4000000e+02   1.0639168e-01
   3.4100000e+02   1.0682406e-01
   3.4200000e+02   1.0725656e-01
   3.4300000e+02   1.0768916e-01
   3.4400000e+02   1.0812187e-01
   3.4500000e+02   1.0855468e-01
   3.4600000e+02   1.0898759e-01
   3.4700000e+02   1.0942061e-01
   3.4800000e+02   1.0985371e-01
   3.4900000e+02   1.1028692e-01
   3.5000000e+02   1.1072022e-01
   3.5100000e+02   1.1115360e-01
   3.5200000e+02   1.1158708e-01
   3.5300000e+02   1.1202065e-01
   3.5400000e+02   1.1245431e-01
   3.5500000e+02   1.1288805e-01
   3.5600000e+02   1.1332187e-01
   3.5700000e+02   1.1375578e-01
   3.5800000e+02   1.1418977e-01
   3.5900000e+02   1.1462383e-01
   2.6219766e-08   1.1505797e-01
   1.0000000e+00   1.1606240e-01
   2.0000000e+00   1.1706816e-01
   3.0000000e+00   1.1807528e-01
   4.0000000e+00   1.1908372e-01
   5.0000000e+00   1.2009348e-01
   6.0000000e+00   1.2110455e-01
   7.0000000e+00   1.2211692e-01
   8.0000000e+00   1.2313059e-01
   9.0000000e+00   1.2414554e-01
   1.0000000e+01   1.2516177e-01
   1.1000000e+01   1.2617925e-01
   1.2000000e+01   1.2719800e-01
   1.3000000e+01   1.2821800e-01
   1.4000000e+01   1.2923925e-01
   1.5000000e+01   1.3026172e-01
   1.6000000e+01   1.3128541e-01
   1.7000000e+01   1.3231032e-01
   1.8000000e+01   1.3333644e-01
   1.9000000e+01   1.3436376e-01
   2.0000000e+01   1.3539226e-01
   2.1000000e+01   1.3642196e-01
   2.2000000e+01   1.3745283e-01
   2.3000000e+01   1.3848487e-01
   2.4000000e+01   1.3951805e-01
   2.5000000e+01   1.4055240e-01
   2.6000000e+01   1.4158788e-01
   2.7000000e+01   1.4262451e-01
   2.8000000e+01   1.4366226e-01
   2.9000000e+01   1.4470114e-01
   3.0000000e+01   1.4574112e-01
   3.1000000e+01   1.4884177e-01
   3.2000000e+01   1.5194559e-01
   3.3000000e+01   1.5505253e-01
   3.4000000e+01   1.5816255e-01
   3.5000000e+01   1.6127563e-01
   3.6000000e+01   1.6439173e-01
   3.7000000e+01   1.6751079e-01
   3.8000000e+01   1.7063282e-01
   3.9000000e+01   1.7375776e-01
   4.0000000e+01   1.7688558e-01
   4.1000000e+01   1.8001625e-01
   4.2000000e+01   1.8314973e-01
   4.3000000e+01   1.8628599e-01
   4.4000000e+01   1.8942499e-01
   4.5000000e+01   1.9256671e-01
   4.6000000e+01   1.9571112e-01
   4.7000000e+01   1.9885819e-01
   4.8000000e+01   2.0200786e-01
   4.9000000e+01   2.0516014e-01
   5.0000000e+01   2.0831497e-01
   5.1000000e+01   2.1147233e-01
   5.2000000e+01   2.1463220e-01
   5.3000000e+01   2.1779454e-01
   5.4000000e+01   2.2095931e-01
   5.5000000e+01   2.2412649e-01
   5.6000000e+01   2.2729607e-01
   5.7000000e+01   2.3046799e-01
   5.8000000e+01   2.3364225e-01
   5.9000000e+01   2.3681881e-01
   6.0000000e+01   2.3999763e-01
   6.1000000e+01   2.3686551e-01
   6.2000000e+01   2.3372485e-01
   6.3000000e+01   2.3057567e-01
   6.4000000e+01   2.2741805e-01
   6.5000000e+01   2.2425203e-01
   6.6000000e+01   2.2107767e-01
   6.7000000e+01   2.1789500e-01
   6.8000000e+01   2.1470410e-01
   6.9000000e+01   2.1150500e-01
   7.0000000e+01   2.0829774e-01
   7.1000000e+01   2.0508240e-01
   7.2000000e+01   2.0185903e-01
   7.3000000e+01   1.9862764e-01
   7.4000000e+01   1.9538832e-01
   7.5000000e+01   1.9214110e-01
   7.6000000e+01   1.8888603e-01
   7.7000000e+01   1.8562317e-01
   7.8000000e+01   1.8235256e-01
   7.9000000e+01   1.7907424e-01
   8.0000000e+01   1.7578827e-01
   8.1000000e+01   1.7249468e-01
   8.2000000e+01   1.6919355e-01
   8.3000000e+01   1.6588488e-01
   8.4000000e+01   1.6256876e-01
   8.5000000e+01   1.5924522e-01
   8.6000000e+01   1.5591429e-01
   8.7000000e+01   1.5257604e-01
   8.8000000e+01   1.4923051e-01
   8.9000000e+01   1.4587773e-01
   9.0000000e+01   1.4251776e-01
   9.1000000e+01   1.3782157e-01
   9.2000000e+01   1.3312192e-01
   9.3000000e+01   1.2841883e-01
   9.4000000e+01   1.2371233e-01
   9.5000000e+01   1.1900245e-01
   9.6000000e+01   1.1428920e-01
   9.7000000e+01   1.0957263e-01
   9.8000000e+01   1.0485276e-01
   9.9000000e+01   1.0012962e-01
   1.0000000e+02   9.5403224e-02
   1.0100000e+02   9.0673618e-02
   1.0200000e+02   8.5940816e-02
   1.0300000e+02   8.1204854e-02
   1.0400000e+02   7.6465748e-02
   1.0500000e+02   7.1723528e-02
   1.0600000e+02   6.6978216e-02
   1.0700000e+02   6.2229846e-02
   1.0800000e+02   5.7478435e-02
   1.0900000e+02   5.2724011e-02
   1.1000000e+02   4.7966599e-02
   1.1100000e+02   4.3206222e-02
   1.1200000e+02   3.8442902e-02
   1.1300000e+02   3.3676669e-02
   1.1400000e+02   2.8907541e-02
   1.1500000e+02   2.4135543e-02
   1.1600000e+02   1.9360699e-02
   1.1700000e+02   1.4583030e-02
   1.1800000e+02   9.8025594e-03
   1.1900000e+02   5.0193109e-03
   1.2000000e+02   2.3330546e-04
   1.2100000e+02   2.3033831e-04
   1.2200000e+02   2.2738551e-04
   1.2300000e+02   2.2444698e-04
   1.2400000e+02   2.2152266e-04
   1.2500000e+02   2.1861248e-04
   1.2600000e+02   2.1571635e-04
   1.2700000e+02   2.1283423e-04
   1.2800000e+02   2.0996602e-04
   1.2900000e+02   2.0711168e-04
   1.3000000e+02   2.0427113e-04
   1.3100000e+02   2.0144429e-04
   1.3200000e+02   1.9863111e-04
   1.3300000e+02   1.9583151e-04
   1.3400000e+02   1.9304543e-04
   1.3500000e+02   1.9027281e-04
   1.3600000e+02   1.8751356e-04
   1.3700000e+02   1.8476763e-04
   1.3800000e+02   1.8203496e-04
   1.3900000e+02   1.7931547e-04
   1.4000000e+02   1.7660910e-04
   1.4100000e+02   1.7391579e-04
   1.4200000e+02   1.7123547e-04
   1.4300000e+02   1.6856808e-04
   1.4400000e+02   1.6591355e-04
   1.4500000e+02   1.6327182e-04
   1.4600000e+02   1.6064283e-04
   1.4700000e+02   1.5802649e-04
   1.4800000e+02   1.5542279e-04
   1.4900000e+02   1.5283162e-04
   1.5000000e+02   1.5025295e-04
   1.5100000e+02   1.4980449e-04
   1.5200000e+02   1.4935766e-04
   1.5300000e+02   1.4891246e-04
   1.5400000e+02   1.4846888e-04
   1.5500000e+02   1.4802691e-04
   1.5600000e+02   1.4758654e-04
   1.5700000e+02   1.4714779e-04
   1.5800000e+02   1.4671062e-04
   1.5900000e+02   1.4627504e-04
   1.6000000e+02   1.4584103e-04
   1.6100000e+02   1.4540860e-04
   1.6200000e+02   1.4497773e-04
   1.6300000e+02   1.4454844e-04
   1.6400000e+02   1.4412068e-04
   1.6500000e+02   1.4369449e-04
   1.6600000e+02   1.4326983e-04
   1.6700000e+02   1.4284671e-04
   1.6800000e+02   1.4242511e-04
   1.6900000e+02   1.4200504e-04
   1.7000000e+02   1.4158648e-04
   1.7100000e+02   1.4116944e-04
   1.7200000e+02   1.4075391e-04
   1.7300000e+02   1.4033986e-04
   1.7400000e+02   1.3992732e-04
   1.7500000e+02   1.3951625e-04
   1.7600000e+02   1.3910668e-04
   1.7700000e+02   1.3869857e-04
   1.7800000e+02   1.3829193e-04
   1.7900000e+02   1.3788675e-04
   1.8000000e+02   1.3748302e-04
   1.8100000e+02   1.3882607e-04
   1.8200000e+02   1.4016195e-04
   1.8300000e+02   1.4149070e-04
   1.8400000e+02   1.4281235e-04
   1.8500000e+02   1.4412693e-04
   1.8600000e+02   1.4543449e-04
   1.8700000e+02   1.4673507e-04
   1.8800000e+02   1.4802869e-04
   1.8900000e+02   1.4931540e-04
   1.9000000e+02   1.5059522e-04
   1.9100000e+02   1.5186821e-04
   1.9200000e+02   1.5313440e-04
   1.9300000e+02   1.5439380e-04
   1.9400000e+02   1.5564647e-04
   1.9500000e+02   1.5689245e-04
   1.9600000e+02   1.5813175e-04
   1.9700000e+02   1.5936441e-04
   1.9800000e+02   1.6059048e-04
   1.9900000e+02   1.6180999e-04
   2.0000000e+02   1.6302297e-04
   2.0100000e+02   1.6422945e-04
   2.0200000e+02   1.6542948e-04
   2.0300000e+02   1.6662307e-04
   2.0400000e+02   1.6781026e-04
   2.0500000e+02   1.6899110e-04
   2.0600000e+02   1.7016560e-04
   2.0700000e+02   1.7133381e-04
   2.0800000e+02   1.7249577e-04
   2.0900000e+02   1.7365148e-04
   2.1000000e+02   1.7480120e-04
   2.1100000e+02   4.7832234e-03
   2.1200000e+02   9.3942210e-03
   2.1300000e+02   1.4007778e-02
   2.1400000e+02   1.8623879e-02
   2.1500000e+02   2.3242511e-02
   2.1600000e+02   2.7863657e-02
   2.1700000e+02   3.2487303e-02
   2.1800000e+02   3.7113436e-02
   2.1900000e+02   4.1742038e-02
   2.2000000e+02   4.6373099e-02
   2.2100000e+02   5.1006600e-02
   2.2200000e+02   5.5642530e-02
   2.2300000e+02   6.0280874e-02
   2.2400000e+02   6.4921618e-02
   2.2500000e+02   6.9564752e-02
   2.2600000e+02   7.4210256e-02
   2.2700000e+02   7.8858115e-02
   2.2800000e+02   8.3508320e-02
   2.2900000e+02   8.8160865e-02
   2.3000000e+02   9.2815720e-02
   2.3100000e+02   9.7472884e-02
   2.3200000e+02   1.0213234e-01
   2.3300000e+02   1.0679407e-01
   2.3400000e+02   1.1145808e-01
   2.3500000e+02   1.1612433e-01
   2.3600000e+02   1.2079283e-01
   2.3700000e+02   1.2546356e-01
   2.3800000e+02   1.3013649e-01
   2.3900000e+02   1.3481164e-01
   2.4000000e+02   1.3948897e-01
   2.4100000e+02   1.4172384e-01
   2.4200000e+02   1.4396068e-01
   2.4300000e+02   1.4619949e-01
   2.4400000e+02   1.4844026e-01
   2.4500000e+02   1.5068297e-01
   2.4600000e+02   1.5292762e-01
   2.4700000e+02   1.5517418e-01
   2.4800000e+02   1.5742268e-01
   2.4900000e+02   1.5967308e-01
   2.5000000e+02   1.6192538e-01
   2.5100000e+02   1.6417956e-01
   2.5200000e+02   1.6643564e-01
   2.5300000e+02   1.6869359e-01
   2.5400000e+02   1.7095339e-01
   2.5500000e+02   1.7321506e-01
   2.5600000e+02   1.7547858e-01
   2.5700000e+02   1.7774394e-01
   2.5800000e+02   1.8001112e-01
   2.5900000e+02   1.8228012e-01
   2.6000000e+02   1.8455094e-01
   2.6100000e+02   1.8682356e-01
   2.6200000e+02   1.8909799e-01
   2.6300000e+02   1.9137420e-01
   2.6400000e+02   1.9365218e-01
   2.6500000e+02   1.9593194e-01
   2.6600000e+02   1.9821346e-01
   2.6700000e+02   2.0049675e-01
   2.6800000e+02   2.0278177e-01
   2.6900000e+02   2.0506853e-01
   2.7000000e+02   2.0735703e-01
   2.7100000e+02   2.0519051e-01
   2.7200000e+02   2.0302337e-01
   2.7300000e+02   2.0085566e-01
   2.7400000e+02   1.9868734e-01
   2.7500000e+02   1.9651845e-01
   2.7600000e+02   1.9434898e-01
   2.7700000e+02   1.9217893e-01
   2.7800000e+02   1.9000831e-01
   2.7900000e+02   1.8783711e-01
   2.8000000e+02   1.8566535e-01
   2.8100000e+02   1.8349305e-01
   2.8200000e+02   1.8132018e-01
   2.8300000e+02   1.7914675e-01
   2.8400000e+02   1.7697279e-01
   2.8500000e+02   1.7479828e-01
   2.8600000e+02   1.7262323e-01
   2.8700000e+02   1.7044766e-01
   2.8800000e+02   1.6827154e-01
   2.8900000e+02   1.6609490e-01
   2.9000000e+02   1.6391775e-01
   2.9100000e+02   1.6174006e-01
   2.9200000e+02   1.5956187e-01
   2.9300000e+02   1.5738316e-01
   2.9400000e+02   1.5520394e-01
   2.9500000e+02   1.5302423e-01
   2.9600000e+02   1.5084401e-01
   2.9700000e+02   1.4866330e-01
   2.9800000e+02   1.4648208e-01
   2.9900000e+02   1.4430039e-01
   3.0000000e+02   1.4211820e-01
   3.0100000e+02   1.4171767e-01
   3.0200000e+02   1.4131668e-01
   3.0300000e+02   1.4091523e-01
   3.0400000e+02   1.4051332e-01
   3.0500000e+02   1.4011094e-01
   3.0600000e+02   1.3970812e-01
   3.0700000e+02   1.3930482e-01
   3.0800000e+02   1.3890107e-01
   3.0900000e+02   1.3849688e-01
   3.1000000e+02   1.3809223e-01
   3.1100000e+02   1.3768715e-01
   3.1200000e+02   1.3728160e-01
   3.1300000e+02   1.3687561e-01
   3.1400000e+02   1.3646919e-01
   3.1500000e+02   1.3606231e-01
   3.1600000e+02   1.3565500e-01
   3.1700000e+02   1.3524726e-01
   3.1800000e+02   1.3483907e-01
   3.1900000e+02   1.3443047e-01
   3.2000000e+02   1.3402142e-01
   3.2100000e+02   1.3361193e-01
   3.2200000e+02   1.3320203e-01
   3.2300000e+02   1.3279170e-01
   3.2400000e+02   1.3238093e-01
   3.2500000e+02   1.3196975e-01
   3.2600000e+02   1.3155815e-01
   3.2700000e+02   1.3114612e-01
   3.2800000e+02   1.3073368e-01
   3.2900000e+02   1.3032082e-01
   3.3000000e+02   1.2990755e-01
   3.3100000e+02   1.3030416e-01
   3.3200000e+02   1.3070084e-01
   3.3300000e+02   1.3109758e-01
   3.3400000e+02   1.3149439e-01
   3.3500000e+02   1.3189125e-01
   3.3600000e+02   1.3228819e-01
   3.3700000e+02   1.3268518e-01
   3.3800000e+02   1.3308224e-01
   3.3900000e+02   1.3347936e-01
   3.4000000e+02   1.3387655e-01
   3.4100000e+02   1.3427380e-01
   3.4200000e+02   1.3467111e-01
   3.4300000e+02   1.3506848e-01
   3.4400000e+02   1.3546591e-01
   3.4500000e+02   1.3586339e-01
   3.4600000e+02   1.3626094e-01
   3.4700000e+02   1.3665856e-01
   3.4800000e+02   1.3705623e-01
   3.4900000e+02   1.3745396e-01
   3.5000000e+02   1.3785176e-01
   3.5100000e+02   1.3824961e-01
   3.5200000e+02   1.3864751e-01
   3.5300000e+02   1.3904548e-01
   3.5400000e+02   1.3944350e-01
   3.5500000e+02   1.3984159e-01
   3.5600000e+02   1.4023973e-01
   3.5700000e+02   1.4063793e-01
   3.5800000e+02   1.4103620e-01
   3.5900000e+02   1.4143451e-01
   5.2445557e-08   1.4183287e-01
   1.0000000e+00   1.4292981e-01
   2.0000000e+00   1.4402717e-01
   3.0000000e+00   1.4512499e-01
   4.0000000e+00   1.4622323e-01
   5.0000000e+00   1.4732192e-01
   6.0000000e+00   1.4842103e-01
   7.0000000e+00   1.4952058e-01
   8.0000000e+00   1.5062056e-01
   9.0000000e+00   1.5172097e-01
   1.0000000e+01   1.5282181e-01
   1.1000000e+01   1.5392306e-01
   1.2000000e+01   1.5502475e-01
   1.3000000e+01   1.5612686e-01
   1.4000000e+01   1.5722938e-01
   1.5000000e+01   1.5833232e-01
   1.6000000e+01   1.5943569e-01
   1.7000000e+01   1.6053946e-01
   1.8000000e+01   1.6164365e-01
   1.9000000e+01   1.6274826e-01
   2.0000000e+01   1.6385327e-01
   2.1000000e+01   1.6495870e-01
   2.2000000e+01   1.6606453e-01
   2.3000000e+01   1.6717076e-01
   2.4000000e+01   1.6827740e-01
   2.5000000e+01   1.6938445e-01
   2.6000000e+01   1.7049189e-01
   2.7000000e+01   1.7159973e-01
   2.8000000e+01   1.7270797e-01
   2.9000000e+01   1.7381662e-01
   3.0000000e+01   1.7492566e-01
   3.1000000e+01   1.7817231e-01
   3.2000000e+01   1.8141919e-01
   3.3000000e+01   1.8466631e-01
   3.4000000e+01   1.8791366e-01
   3.5000000e+01   1.9116123e-01
   3.6000000e+01   1.9440904e-01
   3.7000000e+01   1.9765706e-01
   3.8000000e+01   2.0090531e-01
   3.9000000e+01   2.0415379e-01
   4.0000000e+01   2.0740248e-01
   4.1000000e+01   2.1065138e-01
   4.2000000e+01   2.1390051e-01
   4.3000000e+01   2.1714984e-01
   4.4000000e+01   2.2039938e-01
   4.5000000e+01   2.2364913e-01
   4.6000000e+01   2.2689909e-01
   4.7000000e+01   2.3014925e-01
   4.8000000e+01   2.3339963e-01
   4.9000000e+01   2.3665020e-01
   5.0000000e+01   2.3990096e-01
   5.1000000e+01   2.4315193e-01
   5.2000000e+01   2.4640310e-01
   5.3000000e+01   2.4965446e-01
   5.4000000e+01   2.5290599e-01
   5.5000000e+01   2.5615773e-01
   5.6000000e+01   2.5940967e-01
   5.7000000e+01   2.6266178e-01
   5.8000000e+01   2.6591408e-01
   5.9000000e+01   2.6916659e-01
   6.0000000e+01   2.7241924e-01
   6.1000000e+01   2.6840413e-01
   6.2000000e+01   2.6438671e-01
   6.3000000e+01   2.6036710e-01
   6.4000000e+01   2.5634518e-01
   6.5000000e+01   2.5232106e-01
   6.6000000e+01   2.4829471e-01
   6.7000000e+01   2.4426615e-01
   6.8000000e+01   2.4023537e-01
   6.9000000e+01   2.3620240e-01
   7.0000000e+01   2.3216724e-01
   7.1000000e+01   2.2812991e-01
   7.2000000e+01   2.2409040e-01
   7.3000000e+01   2.2004873e-01
   7.4000000e+01   2.1600489e-01
   7.5000000e+01   2.1195893e-01
   7.6000000e+01   2.0791082e-01
   7.7000000e+01   2.0386060e-01
   7.8000000e+01   1.9980824e-01
   7.9000000e+01   1.9575380e-01
   8.0000000e+01   1.9169724e-01
   8.1000000e+01   1.8763860e-01
   8.2000000e+01   1.8357787e-01
   8.3000000e+01   1.7951506e-01
   8.4000000e+01   1.7545021e-01
   8.5000000e+01   1.7138328e-01
   8.6000000e+01   1.6731431e-01
   8.7000000e+01   1.6324329e-01
   8.8000000e+01   1.5917026e-01
   8.9000000e+01   1.5509519e-01
   9.0000000e+01   1.5101810e-01
   9.1000000e+01   1.4599982e-01
   9.2000000e+01   1.4098068e-01
   9.3000000e+01   1.3596067e-01
   9.4000000e+01   1.3093980e-01
   9.5000000e+01   1.2591808e-01
   9.6000000e+01   1.2089550e-01
   9.7000000e+01   1.1587207e-01
   9.8000000e+01   1.1084779e-01
   9.9000000e+01   1.0582267e-01
   1.0000000e+02   1.0079670e-01
   1.0100000e+02   9.5769890e-02
   1.0200000e+02   9.0742245e-02
   1.0300000e+02   8.5713774e-02
   1.0400000e+02   8.0684461e-02
   1.0500000e+02   7.5654320e-02
   1.0600000e+02   7.0623361e-02
   1.0700000e+02   6.5591566e-02
   1.0800000e+02   6.0558960e-02
   1.0900000e+02   5.5525534e-02
   1.1000000e+02   5.0491288e-02
   1.1100000e+02   4.5456234e-02
   1.1200000e+02   4.0420368e-02
   1.1300000e+02   3.5383694e-02
   1.1400000e+02   3.0346217e-02
   1.1500000e+02   2.5307937e-02
   1.1600000e+02   2.0268856e-02
   1.1700000e+02   1.5228977e-02
   1.1800000e+02   1.0188305e-02
   1.1900000e+02   5.1468406e-03
   1.2000000e+02   1.0458633e-04
   1.2100000e+02   1.0333071e-04
   1.2200000e+02   1.0207962e-04
   1.2300000e+02   1.0083303e-04
   1.2400000e+02   9.9590921e-05
   1.2500000e+02   9.8353288e-05
   1.2600000e+02   9.7120108e-05
   1.2700000e+02   9.5891352e-05
   1.2800000e+02   9.4667019e-05
   1.2900000e+02   9.3447081e-05
   1.3000000e+02   9.2231516e-05
   1.3100000e+02   9.1020316e-05
   1.3200000e+02   8.9813460e-05
   1.3300000e+02   8.8610926e-05
   1.3400000e+02   8.7412707e-05
   1.3500000e+02   8.6218774e-05
   1.3600000e+02   8.5029118e-05
   1.3700000e+02   8.3843712e-05
   1.3800000e+02   8.2662547e-05
   1.3900000e+02   8.1485610e-05
   1.4000000e+02   8.0312871e-05
   1.4100000e+02   7.9144324e-05
   1.4200000e+02   7.7979945e-05
   1.4300000e+02   7.6819721e-05
   1.4400000e+02   7.5663636e-05
   1.4500000e+02   7.4511670e-05
   1.4600000e+02   7.3363815e-05
   1.4700000e+02   7.2220042e-05
   1.4800000e+02   7.1080336e-05
   1.4900000e+02   6.9944690e-05
   1.5000000e+02   6.8813082e-05
   1.5100000e+02   6.8656096e-05
   1.5200000e+02   6.8499561e-05
   1.5300000e+02   6.8343477e-05
   1.5400000e+02   6.8187837e-05
   1.5500000e+02   6.8032656e-05
   1.5600000e+02   6.7877918e-05
   1.5700000e+02   6.7723624e-05
   1.5800000e+02   6.7569774e-05
   1.5900000e+02   6.7416368e-05
   1.6000000e+02   6.7263405e-05
   1.6100000e+02   6.7110872e-05
   1.6200000e+02   6.6958783e-05
   1.6300000e+02   6.6807130e-05
   1.6400000e+02   6.6655914e-05
   1.6500000e+02   6.6505127e-05
   1.6600000e+02   6.6354769e-05
   1.6700000e+02   6.6204841e-05
   1.6800000e+02   6.6055341e-05
   1.6900000e+02   6.5906272e-05
   1.7000000e+02   6.5757624e-05
   1.7100000e+02   6.5609398e-05
   1.7200000e+02   6.5461601e-05
   1.7300000e+02   6.5314220e-05
   1.7400000e+02   6.5167253e-05
   1.7500000e+02   6.5020708e-05
   1.7600000e+02   6.4874577e-05
   1.7700000e+02   6.4728862e-05
   1.7800000e+02   6.4583561e-05
   1.7900000e+02   6.4438667e-05
   1.8000000e+02   6.4294189e-05
   1.8100000e+02   6.4966880e-05
   1.8200000e+02   6.5637068e-05
   1.8300000e+02   6.6304754e-05
   1.8400000e+02   6.6969951e-05
   1.8500000e+02   6.7632682e-05
   1.8600000e+02   6.8292939e-05
   1.8700000e+02   6.8950736e-05
   1.8800000e+02   6.9606089e-05
   1.8900000e+02   7.0259011e-05
   1.9000000e+02   7.0909497e-05
   1.9100000e+02   7.1557566e-05
   1.9200000e+02   7.2203227e-05
   1.9300000e+02   7.2846495e-05
   1.9400000e+02   7.3487368e-05
   1.9500000e+02   7.4125863e-05
   1.9600000e+02   7.4761985e-05
   1.9700000e+02   7.5395750e-05
   1.9800000e+02   7.6027158e-05
   1.9900000e+02   7.6656230e-05
   2.0000000e+02   7.7282966e-05
   2.0100000e+02   7.7907382e-05
   2.0200000e+02   7.8529476e-05
   2.0300000e+02   7.9149271e-05
   2.0400000e+02   7.9766767e-05
   2.0500000e+02   8.0381971e-05
   2.0600000e+02   8.0994905e-05
   2.0700000e+02   8.1605569e-05
   2.0800000e+02   8.2213970e-05
   2.0900000e+02   8.2820115e-05
   2.1000000e+02   8.3424355e-05
   2.1100000e+02   4.9583255e-03
   2.1200000e+02   9.8340884e-03
   2.1300000e+02   1.4710711e-02
   2.1400000e+02   1.9588191e-02
   2.1500000e+02   2.4466524e-02
   2.1600000e+02   2.9345708e-02
   2.1700000e+02   3.4225740e-02
   2.1800000e+02   3.9106619e-02
   2.1900000e+02   4.3988343e-02
   2.2000000e+02   4.8870906e-02
   2.2100000e+02   5.3754307e-02
   2.2200000e+02   5.8638543e-02
   2.2300000e+02   6.3523613e-02
   2.2400000e+02   6.8409517e-02
   2.2500000e+02   7.3296241e-02
   2.2600000e+02   7.8183800e-02
   2.2700000e+02   8.3072171e-02
   2.2800000e+02   8.7961368e-02
   2.2900000e+02   9.2851385e-02
   2.3000000e+02   9.7742215e-02
   2.3100000e+02   1.0263386e-01
   2.3200000e+02   1.0752631e-01
   2.3300000e+02   1.1241958e-01
   2.3400000e+02   1.1731364e-01
   2.3500000e+02   1.2220851e-01
   2.3600000e+02   1.2710418e-01
   2.3700000e+02   1.3200065e-01
   2.3800000e+02   1.3689792e-01
   2.3900000e+02   1.4179598e-01
   2.4000000e+02   1.4669482e-01
   2.4100000e+02   1.4915468e-01
   2.4200000e+02   1.5161538e-01
   2.4300000e+02   1.5407696e-01
   2.4400000e+02   1.5653943e-01
   2.4500000e+02   1.5900272e-01
   2.4600000e+02   1.6146690e-01
   2.4700000e+02   1.6393192e-01
   2.4800000e+02   1.6639781e-01
   2.4900000e+02   1.6886455e-01
   2.5000000e+02   1.7133214e-01
   2.5100000e+02   1.7380056e-01
   2.5200000e+02   1.7626984e-01
   2.5300000e+02   1.7873996e-01
   2.5400000e+02   1.8121092e-01
   2.5500000e+02   1.8368272e-01
   2.5600000e+02   1.8615535e-01
   2.5700000e+02   1.8862882e-01
   2.5800000e+02   1.9110312e-01
   2.5900000e+02   1.9357824e-01
   2.6000000e+02   1.9605421e-01
   2.6100000e+02   1.9853097e-01
   2.6200000e+02   2.0100857e-01
   2.6300000e+02   2.0348699e-01
   2.6400000e+02   2.0596623e-01
   2.6500000e+02   2.0844628e-01
   2.6600000e+02   2.1092714e-01
   2.6700000e+02   2.1340881e-01
   2.6800000e+02   2.1589129e-01
   2.6900000e+02   2.1837458e-01
   2.7000000e+02   2.2085866e-01
   2.7100000e+02   2.1862143e-01
   2.7200000e+02   2.1638405e-01
   2.7300000e+02   2.1414652e-01
   2.7400000e+02   2.1190885e-01
   2.7500000e+02   2.0967101e-01
   2.7600000e+02   2.0743302e-01
   2.7700000e+02   2.0519488e-01
   2.7800000e+02   2.0295659e-01
   2.7900000e+02   2.0071813e-01
   2.8000000e+02   1.9847955e-01
   2.8100000e+02   1.9624080e-01
   2.8200000e+02   1.9400190e-01
   2.8300000e+02   1.9176286e-01
   2.8400000e+02   1.8952367e-01
   2.8500000e+02   1.8728432e-01
   2.8600000e+02   1.8504484e-01
   2.8700000e+02   1.8280520e-01
   2.8800000e+02   1.8056542e-01
   2.8900000e+02   1.7832549e-01
   2.9000000e+02   1.7608541e-01
   2.9100000e+02   1.7384519e-01
   2.9200000e+02   1.7160481e-01
   2.9300000e+02   1.6936429e-01
   2.9400000e+02   1.6712363e-01
   2.9500000e+02   1.6488282e-01
   2.9600000e+02   1.6264187e-01
   2.9700000e+02   1.6040078e-01
   2.9800000e+02   1.5815954e-01
   2.9900000e+02   1.5591815e-01
   3.0000000e+02   1.5367663e-01
   3.0100000e+02   1.5320957e-01
   3.0200000e+02   1.5274231e-01
   3.0300000e+02   1.5227488e-01
   3.0400000e+02   1.5180726e-01
   3.0500000e+02   1.5133946e-01
   3.0600000e+02   1.5087149e-01
   3.0700000e+02   1.5040332e-01
   3.0800000e+02   1.4993498e-01
   3.0900000e+02   1.4946645e-01
   3.1000000e+02   1.4899774e-01
   3.1100000e+02   1.4852886e-01
   3.1200000e+02   1.4805980e-01
   3.1300000e+02   1.4759056e-01
   3.1400000e+02   1.4712115e-01
   3.1500000e+02   1.4665155e-01
   3.1600000e+02   1.4618178e-01
   3.1700000e+02   1.4571184e-01
   3.1800000e+02   1.4524171e-01
   3.1900000e+02   1.4477141e-01
   3.2000000e+02   1.4430094e-01
   3.2100000e+02   1.4383030e-01
   3.2200000e+02   1.4335947e-01
   3.2300000e+02   1.4288847e-01
   3.2400000e+02   1.4241731e-01
   3.2500000e+02   1.4194597e-01
   3.2600000e+02   1.4147446e-01
   3.2700000e+02   1.4100277e-01
   3.2800000e+02   1.4053091e-01
   3.2900000e+02   1.4005889e-01
   3.3000000e+02   1.3958669e-01
   3.3100000e+02   1.3998210e-01
   3.3200000e+02   1.4037758e-01
   3.3300000e+02   1.4077309e-01
   3.3400000e+02   1.4116864e-01
   3.3500000e+02   1.4156425e-01
   3.3600000e+02   1.4195989e-01
   3.3700000e+02   1.4235559e-01
   3.3800000e+02   1.4275132e-01
   3.3900000e+02   1.4314711e-01
   3.4000000e+02   1.4354295e-01
   3.4100000e+02   1.4393882e-01
   3.4200000e+02   1.4433473e-01
   3.4300000e+02   1.4473070e-01
   3.4400000e+02   1.4512672e-01
   3.4500000e+02   1.4552277e-01
   3.4600000e+02   1.4591888e-01
   3.4700000e+02   1.4631502e-01
   3.4800000e+02   1.4671122e-01
   3.4900000e+02   1.4710744e-01
   3.5000000e+02   1.4750372e-01
   3.5100000e+02   1.4790004e-01
   3.5200000e+02   1.4829642e-01
   3.5300000e+02   1.4869282e-01
   3.5400000e+02   1.4908928e-01
   3.5500000e+02   1.4948577e-01
   3.5600000e+02   1.4988232e-01
   3.5700000e+02   1.5027890e-01
   3.5800000e+02   1.5067554e-01
   3.5900000e+02   1.5107220e-01
   7.8673565e-08   1.5146892e-01
   1.0000001e+00   1.5261158e-01
   2.0000000e+00   1.5375449e-01
   3.0000000e+00   1.5489760e-01
   4.0000000e+00   1.5604095e-01
   5.0000000e+00   1.5718451e-01
   6.0000000e+00   1.5832831e-01
   7.0000000e+00   1.5947232e-01
   8.0000000e+00   1.6061655e-01
   9.0000000e+00   1.6176100e-01
   1.0000000e+01   1.6290568e-01
   1.1000000e+01   1.6405056e-01
   1.2000000e+01   1.6519567e-01
   1.3000000e+01   1.6634101e-01
   1.4000000e+01   1.6748656e-01
   1.5000000e+01   1.6863233e-01
   1.6000000e+01   1.6977830e-01
   1.7000000e+01   1.7092450e-01
   1.8000000e+01   1.7207092e-01
   1.9000000e+01   1.7321755e-01
   2.0000000e+01   1.7436440e-01
   2.1000000e+01   1.7551145e-01
   2.2000000e+01   1.7665873e-01
   2.3000000e+01   1.7780621e-01
   2.4000000e+01   1.7895392e-01
   2.5000000e+01   1.8010183e-01
   2.6000000e+01   1.8124995e-01
   2.7000000e+01   1.8239827e-01
   2.8000000e+01   1.8354683e-01
   2.9000000e+01   1.8469557e-01
   3.0000000e+01   1.8584454e-01
   3.1000000e+01   1.8910149e-01
   3.2000000e+01   1.9235851e-01
   3.3000000e+01   1.9561557e-01
   3.4000000e+01   1.9887272e-01
   3.5000000e+01   2.0212992e-01
   3.6000000e+01   2.0538718e-01
   3.7000000e+01   2.0864451e-01
   3.8000000e+01   2.1190189e-01
   3.9000000e+01   2.1515933e-01
   4.0000000e+01   2.1841684e-01
   4.1000000e+01   2.2167440e-01
   4.2000000e+01   2.2493203e-01
   4.3000000e+01   2.2818972e-01
   4.4000000e+01   2.3144746e-01
   4.5000000e+01   2.3470527e-01
   4.6000000e+01   2.3796313e-01
   4.7000000e+01   2.4122106e-01
   4.8000000e+01   2.4447903e-01
   4.9000000e+01   2.4773708e-01
   5.0000000e+01   2.5099519e-01
   5.1000000e+01   2.5425333e-01
   5.2000000e+01   2.5751156e-01
   5.3000000e+01   2.6076981e-01
   5.4000000e+01   2.6402816e-01
   5.5000000e+01   2.6728654e-01
   5.6000000e+01   2.7054498e-01
   5.7000000e+01   2.7380347e-01
   5.8000000e+01   2.7706203e-01
   5.9000000e+01   2.8032064e-01
   6.0000000e+01   2.8357932e-01
   6.1000000e+01   2.7928299e-01
   6.2000000e+01   2.7498567e-01
   6.3000000e+01   2.7068737e-01
   6.4000000e+01   2.6638806e-01
   6.5000000e+01   2.6208779e-01
   6.6000000e+01   2.5778651e-01
   6.7000000e+01   2.5348428e-01
   6.8000000e+01   2.4918105e-01
   6.9000000e+01   2.4487686e-01
   7.0000000e+01   2.4057169e-01
   7.1000000e+01   2.3626557e-01
   7.2000000e+01   2.3195846e-01
   7.3000000e+01   2.2765040e-01
   7.4000000e+01   2.2334139e-01
   7.5000000e+01   2.1903141e-01
   7.6000000e+01   2.1472047e-01
   7.7000000e+01   2.1040858e-01
   7.8000000e+01   2.0609574e-01
   7.9000000e+01   2.0178196e-01
   8.0000000e+01   1.9746722e-01
   8.1000000e+01   1.9315155e-01
   8.2000000e+01   1.8883492e-01
   8.3000000e+01   1.8451737e-01
   8.4000000e+01   1.8019886e-01
   8.5000000e+01   1.7587943e-01
   8.6000000e+01   1.7155908e-01
   8.7000000e+01   1.6723779e-01
   8.8000000e+01   1.6291557e-01
   8.9000000e+01   1.5859243e-01
   9.0000000e+01   1.5426837e-01
   9.1000000e+01   1.4913452e-01
   9.2000000e+01   1.4400022e-01
   9.3000000e+01   1.3886546e-01
   9.4000000e+01   1.3373023e-01
   9.5000000e+01   1.2859456e-01
   9.6000000e+01   1.2345845e-01
   9.7000000e+01   1.1832187e-01
   9.8000000e+01   1.1318484e-01
   9.9000000e+01   1.0804736e-01
   1.0000000e+02   1.0290943e-01
   1.0100000e+02   9.7771056e-02
   1.0200000e+02   9.2632234e-02
   1.0300000e+02   8.7492965e-02
   1.0400000e+02   8.2353249e-02
   1.0500000e+02   7.7213086e-02
   1.0600000e+02   7.2072484e-02
   1.0700000e+02   6.6931441e-02
   1.0800000e+02   6.1789952e-02
   1.0900000e+02   5.6648023e-02
   1.1000000e+02   5.1505659e-02
   1.1100000e+02   4.6362855e-02
   1.1200000e+02   4.1219611e-02
   1.1300000e+02   3.6075931e-02
   1.1400000e+02   3.0931817e-02
   1.1500000e+02   2.5787268e-02
   1.1600000e+02   2.0642284e-02
   1.1700000e+02   1.5496869e-02
   1.1800000e+02   1.0351022e-02
   1.1900000e+02   5.2047442e-03
   1.2000000e+02   5.8036858e-05
   1.2100000e+02   5.7365480e-05
   1.2200000e+02   5.6695964e-05
   1.2300000e+02   5.6028301e-05
   1.2400000e+02   5.5362481e-05
   1.2500000e+02   5.4698507e-05
   1.2600000e+02   5.4036365e-05
   1.2700000e+02   5.3376058e-05
   1.2800000e+02   5.2717573e-05
   1.2900000e+02   5.2060910e-05
   1.3000000e+02   5.1406059e-05
   1.3100000e+02   5.0753020e-05
   1.3200000e+02   5.0101782e-05
   1.3300000e+02   4.9452341e-05
   1.3400000e+02   4.8804697e-05
   1.3500000e+02   4.8158836e-05
   1.3600000e+02   4.7514761e-05
   1.3700000e+02   4.6872461e-05
   1.3800000e+02   4.6231933e-05
   1.3900000e+02   4.5593169e-05
   1.4000000e+02   4.4956170e-05
   1.4100000e+02   4.4320925e-05
   1.4200000e+02   4.3687432e-05
   1.4300000e+02   4.3055687e-05
   1.4400000e+02   4.2425676e-05
   1.4500000e+02   4.1797404e-05
   1.4600000e+02   4.1170864e-05
   1.4700000e+02   4.0546049e-05
   1.4800000e+02   3.9922950e-05
   1.4900000e+02   3.9301569e-05
   1.5000000e+02   3.8681897e-05
   1.5100000e+02   3.8609760e-05
   1.5200000e+02   3.8537779e-05
   1.5300000e+02   3.8465954e-05
   1.5400000e+02   3.8394282e-05
   1.5500000e+02   3.8322767e-05
   1.5600000e+02   3.8251404e-05
   1.5700000e+02   3.8180195e-05
   1.5800000e+02   3.8109141e-05
   1.5900000e+02   3.8038237e-05
   1.6000000e+02   3.7967489e-05
   1.6100000e+02   3.7896891e-05
   1.6200000e+02   3.7826445e-05
   1.6300000e+02   3.7756152e-05
   1.6400000e+02   3.7686008e-05
   1.6500000e+02   3.7616013e-05
   1.6600000e+02   3.7546171e-05
   1.6700000e+02   3.7476475e-05
   1.6800000e+02   3.7406931e-05
   1.6900000e+02   3.7337533e-05
   1.7000000e+02   3.7268288e-05
   1.7100000e+02   3.7199188e-05
   1.7200000e+02   3.7130234e-05
   1.7300000e+02   3.7061429e-05
   1.7400000e+02   3.6992769e-05
   1.7500000e+02   3.6924255e-05
   1.7600000e+02   3.6855887e-05
   1.7700000e+02   3.6787664e-05
   1.7800000e+02   3.6719586e-05
   1.7900000e+02   3.6651654e-05
   1.8000000e+02   3.6583864e-05
   1.8100000e+02   3.6981146e-05
   1.8200000e+02   3.7377278e-05
   1.8300000e+02   3.7772261e-05
   1.8400000e+02   3.8166098e-05
   1.8500000e+02   3.8558792e-05
   1.8600000e+02   3.8950351e-05
   1.8700000e+02   3.9340772e-05
   1.8800000e+02   3.9730061e-05
   1.8900000e+02   4.0118222e-05
   1.9000000e+02   4.0505256e-05
   1.9100000e+02   4.0891169e-05
   1.9200000e+02   4.1275965e-05
   1.9300000e+02   4.1659641e-05
   1.9400000e+02   4.2042207e-05
   1.9500000e+02   4.2423664e-05
   1.9600000e+02   4.2804011e-05
   1.9700000e+02   4.3183256e-05
   1.9800000e+02   4.3561402e-05
   1.9900000e+02   4.3938446e-05
   2.0000000e+02   4.4314402e-05
   2.0100000e+02   4.4689263e-05
   2.0200000e+02   4.5063036e-05
   2.0300000e+02   4.5435725e-05
   2.0400000e+02   4.5807330e-05
   2.0500000e+02   4.6177858e-05
   2.0600000e+02   4.6547309e-05
   2.0700000e+02   4.6915688e-05
   2.0800000e+02   4.7282996e-05
   2.0900000e+02   4.7649235e-05
   2.1000000e+02   4.8014881e-05
   2.1100000e+02   5.0370796e-03
   2.1200000e+02   1.0026612e-02
   2.1300000e+02   1.5016611e-02
   2.1400000e+02   2.0007076e-02
   2.1500000e+02   2.4998004e-02
   2.1600000e+02   2.9989397e-02
   2.1700000e+02   3.4981251e-02
   2.1800000e+02   3.9973568e-02
   2.1900000e+02   4.4966344e-02
   2.2000000e+02   4.9959581e-02
   2.2100000e+02   5.4953277e-02
   2.2200000e+02   5.9947427e-02
   2.2300000e+02   6.4942040e-02
   2.2400000e+02   6.9937102e-02
   2.2500000e+02   7.4932620e-02
   2.2600000e+02   7.9928592e-02
   2.2700000e+02   8.4925011e-02
   2.2800000e+02   8.9921884e-02
   2.2900000e+02   9.4919212e-02
   2.3000000e+02   9.9916987e-02
   2.3100000e+02   1.0491521e-01
   2.3200000e+02   1.0991388e-01
   2.3300000e+02   1.1491299e-01
   2.3400000e+02   1.1991256e-01
   2.3500000e+02   1.2491257e-01
   2.3600000e+02   1.2991302e-01
   2.3700000e+02   1.3491391e-01
   2.3800000e+02   1.3991524e-01
   2.3900000e+02   1.4491701e-01
   2.4000000e+02   1.4991923e-01
   2.4100000e+02   1.5249330e-01
   2.4200000e+02   1.5506783e-01
   2.4300000e+02   1.5764287e-01
   2.4400000e+02   1.6021837e-01
   2.4500000e+02   1.6279437e-01
   2.4600000e+02   1.6537084e-01
   2.4700000e+02   1.6794778e-01
   2.4800000e+02   1.7052521e-01
   2.4900000e+02   1.7310311e-01
   2.5000000e+02   1.7568149e-01
   2.5100000e+02   1.7826034e-01
   2.5200000e+02   1.8083967e-01
   2.5300000e+02   1.8341947e-01
   2.5400000e+02   1.8599974e-01
   2.5500000e+02   1.8858048e-01
   2.5600000e+02   1.9116169e-01
   2.5700000e+02   1.9374336e-01
   2.5800000e+02   1.9632551e-01
   2.5900000e+02   1.9890812e-01
   2.6000000e+02   2.0149119e-01
   2.6100000e+02   2.0407474e-01
   2.6200000e+02   2.0665874e-01
   2.6300000e+02   2.0924321e-01
   2.6400000e+02   2.1182813e-01
   2.6500000e+02   2.1441352e-01
   2.6600000e+02   2.1699937e-01
   2.6700000e+02   2.1958567e-01
   2.6800000e+02   2.2217244e-01
   2.6900000e+02   2.2475965e-01
   2.7000000e+02   2.2734733e-01
   2.7100000e+02   2.2508419e-01
   2.7200000e+02   2.2282095e-01
   2.7300000e+02   2.2055763e-01
   2.7400000e+02   2.1829422e-01
   2.7500000e+02   2.1603073e-01
   2.7600000e+02   2.1376716e-01
   2.7700000e+02   2.1150351e-01
   2.7800000e+02   2.0923975e-01
   2.7900000e+02   2.0697592e-01
   2.8000000e+02   2.0471202e-01
   2.8100000e+02   2.0244801e-01
   2.8200000e+02   2.0018393e-01
   2.8300000e+02   1.9791977e-01
   2.8400000e+02   1.9565551e-01
   2.8500000e+02   1.9339117e-01
   2.8600000e+02   1.9112676e-01
   2.8700000e+02   1.8886226e-01
   2.8800000e+02   1.8659768e-01
   2.8900000e+02   1.8433301e-01
   2.9000000e+02   1.8206826e-01
   2.9100000e+02   1.7980343e-01
   2.9200000e+02   1.7753851e-01
   2.9300000e+02   1.7527352e-01
   2.9400000e+02   1.7300844e-01
   2.9500000e+02   1.7074329e-01
   2.9600000e+02   1.6847804e-01
   2.9700000e+02   1.6621272e-01
   2.9800000e+02   1.6394731e-01
   2.9900000e+02   1.6168183e-01
   3.0000000e+02   1.5941626e-01
   3.0100000e+02   1.5892026e-01
   3.0200000e+02   1.5842417e-01
   3.0300000e+02   1.5792796e-01
   3.0400000e+02   1.5743168e-01
   3.0500000e+02   1.5693527e-01
   3.0600000e+02   1.5643878e-01
   3.0700000e+02   1.5594219e-01
   3.0800000e+02   1.5544550e-01
   3.0900000e+02   1.5494871e-01
   3.1000000e+02   1.5445183e-01
   3.1100000e+02   1.5395485e-01
   3.1200000e+02   1.5345778e-01
   3.1300000e+02   1.5296060e-01
   3.1400000e+02   1.5246332e-01
   3.1500000e+02   1.5196595e-01
   3.1600000e+02   1.5146849e-01
   3.1700000e+02   1.5097092e-01
   3.1800000e+02   1.5047327e-01
   3.1900000e+02   1.4997551e-01
   3.2000000e+02   1.4947765e-01
   3.2100000e+02   1.4897971e-01
   3.2200000e+02   1.4848167e-01
   3.2300000e+02   1.4798352e-01
   3.2400000e+02   1.4748530e-01
   3.2500000e+02   1.4698696e-01
   3.2600000e+02   1.4648855e-01
   3.2700000e+02   1.4599003e-01
   3.2800000e+02   1.4549142e-01
   3.2900000e+02   1.4499271e-01
   3.3000000e+02   1.4449392e-01
   3.3100000e+02   1.4489235e-01
   3.3200000e+02   1.4529082e-01
   3.3300000e+02   1.4568931e-01
   3.3400000e+02   1.4608784e-01
   3.3500000e+02   1.4648640e-01
   3.3600000e+02   1.4688499e-01
   3.3700000e+02   1.4728361e-01
   3.3800000e+02   1.4768225e-01
   3.3900000e+02   1.4808093e-01
   3.4000000e+02   1.4847964e-01
   3.4100000e+02   1.4887838e-01
   3.4200000e+02   1.4927715e-01
   3.4300000e+02   1.4967597e-01
   3.4400000e+02   1.5007479e-01
   3.4500000e+02   1.5047365e-01
   3.4600000e+02   1.5087254e-01
   3.4700000e+02   1.5127146e-01
   3.4800000e+02   1.5167041e-01
   3.4900000e+02   1.5206939e-01
   3.5000000e+02   1.5246840e-01
   3.5100000e+02   1.5286744e-01
   3.5200000e+02   1.5326650e-01
   3.5300000e+02   1.5366560e-01
   3.5400000e+02   1.5406473e-01
   3.5500000e+02   1.5446389e-01
   3.5600000e+02   1.5486307e-01
   3.5700000e+02   1.5526228e-01
   3.5800000e+02   1.5566152e-01
   3.5900000e+02   1.5606080e-01
   1.0486701e-07   1.5646011e-01
