   0.0000000e+00   6.4639568e-01
   1.0000000e+00   5.2908170e-01
   2.0000000e+00   5.3015816e-01
   3.0000000e+00   5.3162962e-01
   4.0000000e+00   5.3310221e-01
   5.0000000e+00   5.3457505e-01
   6.0000000e+00   5.3604811e-01
   7.0000000e+00   5.3752148e-01
   8.0000000e+00   5.3899515e-01
   9.0000000e+00   5.4046899e-01
   1.0000000e+01   5.4194313e-01
   1.1000000e+01   5.4341751e-01
   1.2000000e+01   5.4489213e-01
   1.3000000e+01   5.4636699e-01
   1.4000000e+01   5.4784209e-01
   1.5000000e+01   5.4931742e-01
   1.6000000e+01   5.5079299e-01
   1.7000000e+01   5.5226874e-01
   1.8000000e+01   5.5374479e-01
   1.9000000e+01   5.5522102e-01
   2.0000000e+01   5.5669755e-01
   2.1000000e+01   5.5817419e-01
   2.2000000e+01   5.5965114e-01
   2.3000000e+01   5.6112826e-01
   2.4000000e+01   5.6260562e-01
   2.5000000e+01   5.6408322e-01
   2.6000000e+01   5.6556100e-01
   2.7000000e+01   5.6703901e-01
   2.8000000e+01   5.6851727e-01
   2.9000000e+01   5.6999576e-01
   3.0000000e+01   5.7147443e-01
   3.1000000e+01   5.7456732e-01
   3.2000000e+01   5.7767385e-01
   3.3000000e+01   5.8079398e-01
   3.4000000e+01   5.8392739e-01
   3.5000000e+01   5.8707404e-01
   3.6000000e+01   5.9023380e-01
   3.7000000e+01   5.9340650e-01
   3.8000000e+01   5.9659201e-01
   3.9000000e+01   5.9979159e-01
   4.0000000e+01   6.0300606e-01
   4.1000000e+01   6.0623372e-01
   4.2000000e+01   6.0947436e-01
   4.3000000e+01   6.1272794e-01
   4.4000000e+01   6.1599433e-01
   4.5000000e+01   6.1927342e-01
   4.6000000e+01   6.2256509e-01
   4.7000000e+01   6.2586915e-01
   4.8000000e+01   6.2918562e-01
   4.9000000e+01   6.3251430e-01
   5.0000000e+01   6.3585514e-01
   5.1000000e+01   6.3920802e-01
   5.2000000e+01   6.4257276e-01
   5.3000000e+01   6.4594936e-01
   5.4000000e+01   6.4933765e-01
   5.5000000e+01   6.5273756e-01
   5.6000000e+01   6.5614903e-01
   5.7000000e+01   6.5957183e-01
   5.8000000e+01   6.6300601e-01
   5.9000000e+01   6.6645139e-01
   6.0000000e+01   6.6990793e-01
   6.1000000e+01   6.6726315e-01
   6.2000000e+01   6.6457945e-01
   6.3000000e+01   6.6185713e-01
   6.4000000e+01   6.5909642e-01
   6.5000000e+01   6.5629756e-01
   6.6000000e+01   6.5346080e-01
   6.7000000e+01   6.5058643e-01
   6.8000000e+01   6.4767462e-01
   6.9000000e+01   6.4472568e-01
   7.0000000e+01   6.4173985e-01
   7.1000000e+01   6.3871729e-01
   7.2000000e+01   6.3565236e-01
   7.3000000e+01   6.3251716e-01
   7.4000000e+01   6.2933993e-01
   7.5000000e+01   6.2612122e-01
   7.6000000e+01   6.2286127e-01
   7.7000000e+01   6.1956042e-01
   7.8000000e+01   6.1621886e-01
   7.9000000e+01   6.1283702e-01
   8.0000000e+01   6.0941511e-01
   8.1000000e+01   6.0595351e-01
   8.2000000e+01   6.0245246e-01
   8.3000000e+01   5.9891230e-01
   8.4000000e+01   5.9533328e-01
   8.5000000e+01   5.9171575e-01
   8.6000000e+01   5.8805996e-01
   8.7000000e+01   5.8436626e-01
   8.8000000e+01   5.8063495e-01
   8.9000000e+01   5.7686633e-01
   9.0000000e+01   5.7306069e-01
   9.1000000e+01   5.5320787e-01
   9.2000000e+01   5.3341019e-01
   9.3000000e+01   5.1366735e-01
   9.4000000e+01   4.9397892e-01
   9.5000000e+01   4.7434455e-01
   9.6000000e+01   4.5476392e-01
   9.7000000e+01   4.3523660e-01
   9.8000000e+01   4.1576228e-01
   9.9000000e+01   3.9634058e-01
   1.0000000e+02   3.7697116e-01
   1.0100000e+02   3.5765362e-01
   1.0200000e+02   3.3838761e-01
   1.0300000e+02   3.1917277e-01
   1.0400000e+02   3.0000874e-01
   1.0500000e+02   2.8089517e-01
   1.0600000e+02   2.6183167e-01
   1.0700000e+02   2.4281789e-01
   1.0800000e+02   2.2385350e-01
   1.0900000e+02   2.0493808e-01
   1.1000000e+02   1.8607132e-01
   1.1100000e+02   1.6725284e-01
   1.1200000e+02   1.4848228e-01
   1.1300000e+02   1.2975928e-01
   1.1400000e+02   1.1108348e-01
   1.1500000e+02   9.2454523e-02
   1.1600000e+02   7.3872060e-02
   1.1700000e+02   5.5335734e-02
   1.1800000e+02   3.6845181e-02
   1.1900000e+02   1.8400054e-02
   1.2000000e+02   0.0000000e+00
   1.2100000e+02   1.4651356e-18
   1.2200000e+02   0.0000000e+00
   1.2300000e+02  -7.3256780e-19
   1.2400000e+02  -7.3256780e-19
   1.2500000e+02  -7.3256780e-19
   1.2600000e+02   7.3256780e-19
   1.2700000e+02   0.0000000e+00
   1.2800000e+02   7.3256780e-19
   1.2900000e+02  -7.3256780e-19
   1.3000000e+02  -2.1977033e-18
   1.3100000e+02   0.0000000e+00
   1.3200000e+02  -7.3256780e-19
   1.3300000e+02   7.3256780e-19
   1.3400000e+02  -7.3256780e-19
   1.3500000e+02   0.0000000e+00
   1.3600000e+02  -7.3256780e-19
   1.3700000e+02  -7.3256780e-19
   1.3800000e+02  -7.3256780e-19
   1.3900000e+02   0.0000000e+00
   1.4000000e+02   3.6628390e-19
   1.4100000e+02   3.6628390e-19
   1.4200000e+02   1.0988516e-18
   1.4300000e+02   3.6628390e-19
   1.4400000e+02   3.6628390e-19
   1.4500000e+02   0.0000000e+00
   1.4600000e+02   3.6628390e-19
   1.4700000e+02   7.3256780e-19
   1.4800000e+02   3.6628390e-19
   1.4900000e+02  -1.8314195e-19
   1.5000000e+02   0.0000000e+00
   1.5100000e+02   0.0000000e+00
   1.5200000e+02   0.0000000e+00
   1.5300000e+02  -1.8314195e-19
   1.5400000e+02  -9.1570975e-20
   1.5500000e+02  -9.1570975e-20
   1.5600000e+02  -6.8678228e-20
   1.5700000e+02   6.8678228e-20
   1.5800000e+02  -9.1570975e-20
   1.5900000e+02  -9.1570975e-20
   1.6000000e+02   0.0000000e+00
   1.6100000e+02  -1.8314195e-19
   1.6200000e+02  -1.8314195e-19
   1.6300000e+02   1.8314195e-19
   1.6400000e+02   1.8314195e-19
   1.6500000e+02   1.8314195e-19
   1.6600000e+02  -3.6628390e-19
   1.6700000e+02   3.6628390e-19
   1.6800000e+02   3.6628390e-19
   1.6900000e+02   3.6628390e-19
   1.7000000e+02   3.6628390e-19
   1.7100000e+02  -3.6628390e-19
   1.7200000e+02  -3.6628390e-19
   1.7300000e+02  -3.6628390e-19
   1.7400000e+02   0.0000000e+00
   1.7500000e+02   7.3256780e-19
   1.7600000e+02  -7.3256780e-19
   1.7700000e+02  -7.3256780e-19
   1.7800000e+02   1.4651356e-18
   1.7900000e+02   7.3256780e-19
   1.8000000e+02   0.0000000e+00
   1.8100000e+02   7.3256780e-19
   1.8200000e+02   7.3256780e-19
   1.8300000e+02   0.0000000e+00
   1.8400000e+02  -7.3256780e-19
   1.8500000e+02   0.0000000e+00
   1.8600000e+02   7.3256780e-19
   1.8700000e+02   7.3256780e-19
   1.8800000e+02   7.3256780e-19
   1.8900000e+02  -1.4651356e-18
   1.9000000e+02   0.0000000e+00
   1.9100000e+02   7.3256780e-19
   1.9200000e+02   0.0000000e+00
   1.9300000e+02   0.0000000e+00
   1.9400000e+02   0.0000000e+00
   1.9500000e+02   0.0000000e+00
   1.9600000e+02   7.3256780e-19
   1.9700000e+02  -7.3256780e-19
   1.9800000e+02   0.0000000e+00
   1.9900000e+02   1.4651356e-18
   2.0000000e+02   0.0000000e+00
   2.0100000e+02  -1.4651356e-18
   2.0200000e+02   7.3256780e-19
   2.0300000e+02   0.0000000e+00
   2.0400000e+02   0.0000000e+00
   2.0500000e+02  -7.3256780e-19
   2.0600000e+02  -7.3256780e-19
   2.0700000e+02   7.3256780e-19
   2.0800000e+02   1.4651356e-18
   2.0900000e+02   1.4651356e-18
   2.1000000e+02   2.5092992e-10
   2.1100000e+02   1.6394030e-02
   2.1200000e+02   3.2766409e-02
   2.1300000e+02   4.9117308e-02
   2.1400000e+02   6.5446898e-02
   2.1500000e+02   8.1755355e-02
   2.1600000e+02   9.8042831e-02
   2.1700000e+02   1.1430950e-01
   2.1800000e+02   1.3055554e-01
   2.1900000e+02   1.4678110e-01
   2.2000000e+02   1.6298334e-01
   2.2100000e+02   1.7915756e-01
   2.2200000e+02   1.9530992e-01
   2.2300000e+02   2.1144062e-01
   2.2400000e+02   2.2754987e-01
   2.2500000e+02   2.4363782e-01
   2.2600000e+02   2.5970465e-01
   2.2700000e+02   2.7575058e-01
   2.2800000e+02   2.9177570e-01
   2.2900000e+02   3.0778027e-01
   2.3000000e+02   3.2376438e-01
   2.3100000e+02   3.3972830e-01
   2.3200000e+02   3.5567209e-01
   2.3300000e+02   3.7159601e-01
   2.3400000e+02   3.8750017e-01
   2.3500000e+02   4.0338477e-01
   2.3600000e+02   4.1924995e-01
   2.3700000e+02   4.3509588e-01
   2.3800000e+02   4.5092273e-01
   2.3900000e+02   4.6673065e-01
   2.4000000e+02   4.8251981e-01
   2.4100000e+02   4.8568648e-01
   2.4200000e+02   4.8886058e-01
   2.4300000e+02   4.9204198e-01
   2.4400000e+02   4.9523062e-01
   2.4500000e+02   4.9842644e-01
   2.4600000e+02   5.0162935e-01
   2.4700000e+02   5.0483924e-01
   2.4800000e+02   5.0805616e-01
   2.4900000e+02   5.1127988e-01
   2.5000000e+02   5.1451045e-01
   2.5100000e+02   5.1774776e-01
   2.5200000e+02   5.2099174e-01
   2.5300000e+02   5.2424228e-01
   2.5400000e+02   5.2749938e-01
   2.5500000e+02   5.3076291e-01
   2.5600000e+02   5.3403282e-01
   2.5700000e+02   5.3730905e-01
   2.5800000e+02   5.4059160e-01
   2.5900000e+02   5.4388028e-01
   2.6000000e+02   5.4717511e-01
   2.6100000e+02   5.5047601e-01
   2.6200000e+02   5.5378288e-01
   2.6300000e+02   5.5709571e-01
   2.6400000e+02   5.6041443e-01
   2.6500000e+02   5.6373894e-01
   2.6600000e+02   5.6706923e-01
   2.6700000e+02   5.7040519e-01
   2.6800000e+02   5.7374674e-01
   2.6900000e+02   5.7709390e-01
   2.7000000e+02   5.8044654e-01
   2.7100000e+02   5.7657546e-01
   2.7200000e+02   5.7270932e-01
   2.7300000e+02   5.6884801e-01
   2.7400000e+02   5.6499159e-01
   2.7500000e+02   5.6113988e-01
   2.7600000e+02   5.5729300e-01
   2.7700000e+02   5.5345082e-01
   2.7800000e+02   5.4961330e-01
   2.7900000e+02   5.4578048e-01
   2.8000000e+02   5.4195225e-01
   2.8100000e+02   5.3812855e-01
   2.8200000e+02   5.3430951e-01
   2.8300000e+02   5.3049487e-01
   2.8400000e+02   5.2668482e-01
   2.8500000e+02   5.2287912e-01
   2.8600000e+02   5.1907790e-01
   2.8700000e+02   5.1528102e-01
   2.8800000e+02   5.1148856e-01
   2.8900000e+02   5.0770032e-01
   2.9000000e+02   5.0391644e-01
   2.9100000e+02   5.0013679e-01
   2.9200000e+02   4.9636135e-01
   2.9300000e+02   4.9259010e-01
   2.9400000e+02   4.8882300e-01
   2.9500000e+02   4.8506004e-01
   2.9600000e+02   4.8130116e-01
   2.9700000e+02   4.7754633e-01
   2.9800000e+02   4.7379556e-01
   2.9900000e+02   4.7004879e-01
   3.0000000e+02   4.6630594e-01
   3.0100000e+02   4.6521962e-01
   3.0200000e+02   4.6413389e-01
   3.0300000e+02   4.6304876e-01
   3.0400000e+02   4.6196419e-01
   3.0500000e+02   4.6088022e-01
   3.0600000e+02   4.5979682e-01
   3.0700000e+02   4.5871401e-01
   3.0800000e+02   4.5763180e-01
   3.0900000e+02   4.5655012e-01
   3.1000000e+02   4.5546904e-01
   3.1100000e+02   4.5438853e-01
   3.1200000e+02   4.5330858e-01
   3.1300000e+02   4.5222920e-01
   3.1400000e+02   4.5115036e-01
   3.1500000e+02   4.5007208e-01
   3.1600000e+02   4.4899437e-01
   3.1700000e+02   4.4791719e-01
   3.1800000e+02   4.4684058e-01
   3.1900000e+02   4.4576451e-01
   3.2000000e+02   4.4468898e-01
   3.2100000e+02   4.4361401e-01
   3.2200000e+02   4.4253954e-01
   3.2300000e+02   4.4146565e-01
   3.2400000e+02   4.4039226e-01
   3.2500000e+02   4.3931940e-01
   3.2600000e+02   4.3824708e-01
   3.2700000e+02   4.3717527e-01
   3.2800000e+02   4.3610400e-01
   3.2900000e+02   4.3503323e-01
   3.3000000e+02   4.3396297e-01
   3.3100000e+02   4.3448028e-01
   3.3200000e+02   4.3499771e-01
   3.3300000e+02   4.3551528e-01
   3.3400000e+02   4.3603298e-01
   3.3500000e+02   4.3655080e-01
   3.3600000e+02   4.3706876e-01
   3.3700000e+02   4.3758684e-01
   3.3800000e+02   4.3810508e-01
   3.3900000e+02   4.3862343e-01
   3.4000000e+02   4.3914190e-01
   3.4100000e+02   4.3966052e-01
   3.4200000e+02   4.4017926e-01
   3.4300000e+02   4.4069815e-01
   3.4400000e+02   4.4121715e-01
   3.4500000e+02   4.4173628e-01
   3.4600000e+02   4.4225556e-01
   3.4700000e+02   4.4277495e-01
   3.4800000e+02   4.4329450e-01
   3.4900000e+02   4.4381416e-01
   3.5000000e+02   4.4433394e-01
   3.5100000e+02   4.4485387e-01
   3.5200000e+02   4.4537395e-01
   3.5300000e+02   4.4589415e-01
   3.5400000e+02   4.4641447e-01
   3.5500000e+02   4.4693494e-01
   3.5600000e+02   4.4745553e-01
   3.5700000e+02   4.4797623e-01
   3.5800000e+02   4.4849709e-01
   3.5900000e+02   4.4901809e-01
   2.6219766e-08   4.4953921e-01
   1.0000000e+00   4.5120126e-01
   2.0000000e+00   4.5286343e-01
   3.0000000e+00   4.5452565e-01
   4.0000000e+00   4.5618799e-01
   5.0000000e+00   4.5785040e-01
   6.0000000e+00   4.5951289e-01
   7.0000000e+00   4.6117550e-01
   8.0000000e+00   4.6283817e-01
   9.0000000e+00   4.6450093e-01
   1.0000000e+01   4.6616378e-01
   1.1000000e+01   4.6782672e-01
   1.2000000e+01   4.6948975e-01
   1.3000000e+01   4.7115287e-01
   1.4000000e+01   4.7281611e-01
   1.5000000e+01   4.7447941e-01
   1.6000000e+01   4.7614279e-01
   1.7000000e+01   4.7780627e-01
   1.8000000e+01   4.7946984e-01
   1.9000000e+01   4.8113352e-01
   2.0000000e+01   4.8279727e-01
   2.1000000e+01   4.8446110e-01
   2.2000000e+01   4.8612505e-01
   2.3000000e+01   4.8778909e-01
   2.4000000e+01   4.8945320e-01
   2.5000000e+01   4.9111742e-01
   2.6000000e+01   4.9278173e-01
   2.7000000e+01   4.9444613e-01
   2.8000000e+01   4.9611062e-01
   2.9000000e+01   4.9777520e-01
   3.0000000e+01   4.9943987e-01
   3.1000000e+01   5.0327653e-01
   3.2000000e+01   5.0711137e-01
   3.3000000e+01   5.1094455e-01
   3.4000000e+01   5.1477593e-01
   3.5000000e+01   5.1860559e-01
   3.6000000e+01   5.2243352e-01
   3.7000000e+01   5.2625984e-01
   3.8000000e+01   5.3008443e-01
   3.9000000e+01   5.3390735e-01
   4.0000000e+01   5.3772861e-01
   4.1000000e+01   5.4154825e-01
   4.2000000e+01   5.4536623e-01
   4.3000000e+01   5.4918265e-01
   4.4000000e+01   5.5299741e-01
   4.5000000e+01   5.5681062e-01
   4.6000000e+01   5.6062227e-01
   4.7000000e+01   5.6443238e-01
   4.8000000e+01   5.6824088e-01
   4.9000000e+01   5.7204789e-01
   5.0000000e+01   5.7585335e-01
   5.1000000e+01   5.7965732e-01
   5.2000000e+01   5.8345979e-01
   5.3000000e+01   5.8726078e-01
   5.4000000e+01   5.9106034e-01
   5.5000000e+01   5.9485841e-01
   5.6000000e+01   5.9865505e-01
   5.7000000e+01   6.0245019e-01
   5.8000000e+01   6.0624397e-01
   5.9000000e+01   6.1003631e-01
   6.0000000e+01   6.1382729e-01
   6.1000000e+01   6.0809910e-01
   6.2000000e+01   6.0236579e-01
   6.3000000e+01   5.9663123e-01
   6.4000000e+01   5.9089535e-01
   6.5000000e+01   5.8515823e-01
   6.6000000e+01   5.7941991e-01
   6.7000000e+01   5.7368034e-01
   6.8000000e+01   5.6793970e-01
   6.9000000e+01   5.6219786e-01
   7.0000000e+01   5.5645496e-01
   7.1000000e+01   5.5071098e-01
   7.2000000e+01   5.4496592e-01
   7.3000000e+01   5.3921980e-01
   7.4000000e+01   5.3347272e-01
   7.5000000e+01   5.2772462e-01
   7.6000000e+01   5.2197558e-01
   7.7000000e+01   5.1622564e-01
   7.8000000e+01   5.1047474e-01
   7.9000000e+01   5.0472295e-01
   8.0000000e+01   4.9897033e-01
   8.1000000e+01   4.9321684e-01
   8.2000000e+01   4.8746255e-01
   8.3000000e+01   4.8170742e-01
   8.4000000e+01   4.7595155e-01
   8.5000000e+01   4.7019491e-01
   8.6000000e+01   4.6443751e-01
   8.7000000e+01   4.5867941e-01
   8.8000000e+01   4.5292059e-01
   8.9000000e+01   4.4716111e-01
   9.0000000e+01   4.4140095e-01
   9.1000000e+01   4.2657918e-01
   9.2000000e+01   4.1176549e-01
   9.3000000e+01   3.9695975e-01
   9.4000000e+01   3.8216195e-01
   9.5000000e+01   3.6737201e-01
   9.6000000e+01   3.5258985e-01
   9.7000000e+01   3.3781540e-01
   9.8000000e+01   3.2304865e-01
   9.9000000e+01   3.0828950e-01
   1.0000000e+02   2.9353788e-01
   1.0100000e+02   2.7879375e-01
   1.0200000e+02   2.6405704e-01
   1.0300000e+02   2.4932770e-01
   1.0400000e+02   2.3460566e-01
   1.0500000e+02   2.1989086e-01
   1.0600000e+02   2.0518325e-01
   1.0700000e+02   1.9048277e-01
   1.0800000e+02   1.7578936e-01
   1.0900000e+02   1.6110295e-01
   1.1000000e+02   1.4642352e-01
   1.1100000e+02   1.3175099e-01
   1.1200000e+02   1.1708530e-01
   1.1300000e+02   1.0242641e-01
   1.1400000e+02   8.7774262e-02
   1.1500000e+02   7.3128797e-02
   1.1600000e+02   5.8489975e-02
   1.1700000e+02   4.3857735e-02
   1.1800000e+02   2.9232027e-02
   1.1900000e+02   1.4612798e-02
   1.2000000e+02   7.3256780e-19
   1.2100000e+02  -7.3256780e-19
   1.2200000e+02   0.0000000e+00
   1.2300000e+02   0.0000000e+00
   1.2400000e+02   7.3256780e-19
   1.2500000e+02   0.0000000e+00
   1.2600000e+02  -7.3256780e-19
   1.2700000e+02   0.0000000e+00
   1.2800000e+02  -1.4651356e-18
   1.2900000e+02   0.0000000e+00
   1.3000000e+02  -7.3256780e-19
   1.3100000e+02   0.0000000e+00
   1.3200000e+02   0.0000000e+00
   1.3300000e+02   0.0000000e+00
   1.3400000e+02   0.0000000e+00
   1.3500000e+02   0.0000000e+00
   1.3600000e+02   0.0000000e+00
   1.3700000e+02   0.0000000e+00
   1.3800000e+02  -7.3256780e-19
   1.3900000e+02   0.0000000e+00
   1.4000000e+02   3.6628390e-19
   1.4100000e+02   0.0000000e+00
   1.4200000e+02   3.6628390e-19
   1.4300000e+02  -3.6628390e-19
   1.4400000e+02   0.0000000e+00
   1.4500000e+02  -3.6628390e-19
   1.4600000e+02   3.6628390e-19
   1.4700000e+02   3.6628390e-19
   1.4800000e+02   1.8314195e-19
   1.4900000e+02   0.0000000e+00
   1.5000000e+02   0.0000000e+00
   1.5100000e+02   0.0000000e+00
   1.5200000e+02  -1.8314195e-19
   1.5300000e+02  -9.1570975e-20
   1.5400000e+02   0.0000000e+00
   1.5500000e+02  -4.5785487e-20
   1.5600000e+02   4.5785487e-20
   1.5700000e+02  -1.1446372e-20
   1.5800000e+02   0.0000000e+00
   1.5900000e+02   9.1570975e-20
   1.6000000e+02   9.1570975e-20
   1.6100000e+02  -1.8314195e-19
   1.6200000e+02   0.0000000e+00
   1.6300000e+02   1.8314195e-19
   1.6400000e+02  -1.8314195e-19
   1.6500000e+02  -1.8314195e-19
   1.6600000e+02   0.0000000e+00
   1.6700000e+02   0.0000000e+00
   1.6800000e+02   3.6628390e-19
   1.6900000e+02   3.6628390e-19
   1.7000000e+02  -3.6628390e-19
   1.7100000e+02   0.0000000e+00
   1.7200000e+02   3.6628390e-19
   1.7300000e+02  -7.3256780e-19
   1.7400000e+02  -3.6628390e-19
   1.7500000e+02   0.0000000e+00
   1.7600000e+02   3.6628390e-19
   1.7700000e+02   0.0000000e+00
   1.7800000e+02   7.3256780e-19
   1.7900000e+02   0.0000000e+00
   1.8000000e+02   0.0000000e+00
   1.8100000e+02  -7.3256780e-19
   1.8200000e+02   7.3256780e-19
   1.8300000e+02  -1.4651356e-18
   1.8400000e+02   7.3256780e-19
   1.8500000e+02   1.4651356e-18
   1.8600000e+02   7.3256780e-19
   1.8700000e+02   0.0000000e+00
   1.8800000e+02  -7.3256780e-19
   1.8900000e+02   7.3256780e-19
   1.9000000e+02   0.0000000e+00
   1.9100000e+02   0.0000000e+00
   1.9200000e+02   0.0000000e+00
   1.9300000e+02  -7.3256780e-19
   1.9400000e+02  -1.4651356e-18
   1.9500000e+02  -7.3256780e-19
   1.9600000e+02   7.3256780e-19
   1.9700000e+02   0.0000000e+00
   1.9800000e+02   0.0000000e+00
   1.9900000e+02  -7.3256780e-19
   2.0000000e+02   0.0000000e+00
   2.0100000e+02   0.0000000e+00
   2.0200000e+02   0.0000000e+00
   2.0300000e+02   7.3256780e-19
   2.0400000e+02   0.0000000e+00
   2.0500000e+02  -7.3256780e-19
   2.0600000e+02   0.0000000e+00
   2.0700000e+02   7.3256780e-19
   2.0800000e+02   1.4651356e-18
   2.0900000e+02   0.0000000e+00
   2.1000000e+02   6.0144034e-10
   2.1100000e+02   1.4485423e-02
   2.1200000e+02   2.8966801e-02
   2.1300000e+02   4.3444157e-02
   2.1400000e+02   5.7917513e-02
   2.1500000e+02   7.2386898e-02
   2.1600000e+02   8.6852327e-02
   2.1700000e+02   1.0131382e-01
   2.1800000e+02   1.1577142e-01
   2.1900000e+02   1.3022512e-01
   2.2000000e+02   1.4467497e-01
   2.2100000e+02   1.5912098e-01
   2.2200000e+02   1.7356317e-01
   2.2300000e+02   1.8800156e-01
   2.2400000e+02   2.0243618e-01
   2.2500000e+02   2.1686704e-01
   2.2600000e+02   2.3129417e-01
   2.2700000e+02   2.4571760e-01
   2.2800000e+02   2.6013732e-01
   2.2900000e+02   2.7455339e-01
   2.3000000e+02   2.8896582e-01
   2.3100000e+02   3.0337459e-01
   2.3200000e+02   3.1777978e-01
   2.3300000e+02   3.3218136e-01
   2.3400000e+02   3.4657940e-01
   2.3500000e+02   3.6097386e-01
   2.3600000e+02   3.7536484e-01
   2.3700000e+02   3.8975227e-01
   2.3800000e+02   4.0413621e-01
   2.3900000e+02   4.1851670e-01
   2.4000000e+02   4.3289375e-01
   2.4100000e+02   4.3664020e-01
   2.4200000e+02   4.4038713e-01
   2.4300000e+02   4.4413450e-01
   2.4400000e+02   4.4788238e-01
   2.4500000e+02   4.5163071e-01
   2.4600000e+02   4.5537949e-01
   2.4700000e+02   4.5912874e-01
   2.4800000e+02   4.6287844e-01
   2.4900000e+02   4.6662858e-01
   2.5000000e+02   4.7037917e-01
   2.5100000e+02   4.7413021e-01
   2.5200000e+02   4.7788167e-01
   2.5300000e+02   4.8163357e-01
   2.5400000e+02   4.8538592e-01
   2.5500000e+02   4.8913869e-01
   2.5600000e+02   4.9289188e-01
   2.5700000e+02   4.9664548e-01
   2.5800000e+02   5.0039953e-01
   2.5900000e+02   5.0415397e-01
   2.6000000e+02   5.0790882e-01
   2.6100000e+02   5.1166403e-01
   2.6200000e+02   5.1541972e-01
   2.6300000e+02   5.1917577e-01
   2.6400000e+02   5.2293223e-01
   2.6500000e+02   5.2668911e-01
   2.6600000e+02   5.3044635e-01
   2.6700000e+02   5.3420401e-01
   2.6800000e+02   5.3796202e-01
   2.6900000e+02   5.4172045e-01
   2.7000000e+02   5.4547918e-01
   2.7100000e+02   5.4209292e-01
   2.7200000e+02   5.3870755e-01
   2.7300000e+02   5.3532302e-01
   2.7400000e+02   5.3193945e-01
   2.7500000e+02   5.2855676e-01
   2.7600000e+02   5.2517498e-01
   2.7700000e+02   5.2179408e-01
   2.7800000e+02   5.1841408e-01
   2.7900000e+02   5.1503491e-01
   2.8000000e+02   5.1165664e-01
   2.8100000e+02   5.0827920e-01
   2.8200000e+02   5.0490266e-01
   2.8300000e+02   5.0152695e-01
   2.8400000e+02   4.9815211e-01
   2.8500000e+02   4.9477813e-01
   2.8600000e+02   4.9140495e-01
   2.8700000e+02   4.8803264e-01
   2.8800000e+02   4.8466116e-01
   2.8900000e+02   4.8129049e-01
   2.9000000e+02   4.7792065e-01
   2.9100000e+02   4.7455165e-01
   2.9200000e+02   4.7118345e-01
   2.9300000e+02   4.6781605e-01
   2.9400000e+02   4.6444947e-01
   2.9500000e+02   4.6108368e-01
   2.9600000e+02   4.5771867e-01
   2.9700000e+02   4.5435449e-01
   2.9800000e+02   4.5099106e-01
   2.9900000e+02   4.4762844e-01
   3.0000000e+02   4.4426662e-01
   3.0100000e+02   4.4327447e-01
   3.0200000e+02   4.4228247e-01
   3.0300000e+02   4.4129059e-01
   3.0400000e+02   4.4029883e-01
   3.0500000e+02   4.3930721e-01
   3.0600000e+02   4.3831569e-01
   3.0700000e+02   4.3732429e-01
   3.0800000e+02   4.3633303e-01
   3.0900000e+02   4.3534189e-01
   3.1000000e+02   4.3435085e-01
   3.1100000e+02   4.3335995e-01
   3.1200000e+02   4.3236917e-01
   3.1300000e+02   4.3137848e-01
   3.1400000e+02   4.3038794e-01
   3.1500000e+02   4.2939752e-01
   3.1600000e+02   4.2840719e-01
   3.1700000e+02   4.2741701e-01
   3.1800000e+02   4.2642692e-01
   3.1900000e+02   4.2543697e-01
   3.2000000e+02   4.2444712e-01
   3.2100000e+02   4.2345738e-01
   3.2200000e+02   4.2246777e-01
   3.2300000e+02   4.2147827e-01
   3.2400000e+02   4.2048889e-01
   3.2500000e+02   4.1949961e-01
   3.2600000e+02   4.1851044e-01
   3.2700000e+02   4.1752139e-01
   3.2800000e+02   4.1653246e-01
   3.2900000e+02   4.1554365e-01
   3.3000000e+02   4.1455492e-01
   3.3100000e+02   4.1511837e-01
   3.3200000e+02   4.1568184e-01
   3.3300000e+02   4.1624534e-01
   3.3400000e+02   4.1680884e-01
   3.3500000e+02   4.1737238e-01
   3.3600000e+02   4.1793591e-01
   3.3700000e+02   4.1849947e-01
   3.3800000e+02   4.1906306e-01
   3.3900000e+02   4.1962665e-01
   3.4000000e+02   4.2019027e-01
   3.4100000e+02   4.2075390e-01
   3.4200000e+02   4.2131755e-01
   3.4300000e+02   4.2188120e-01
   3.4400000e+02   4.2244491e-01
   3.4500000e+02   4.2300859e-01
   3.4600000e+02   4.2357233e-01
   3.4700000e+02   4.2413607e-01
   3.4800000e+02   4.2469981e-01
   3.4900000e+02   4.2526358e-01
   3.5000000e+02   4.2582738e-01
   3.5100000e+02   4.2639118e-01
   3.5200000e+02   4.2695501e-01
   3.5300000e+02   4.2751884e-01
   3.5400000e+02   4.2808270e-01
   3.5500000e+02   4.2864659e-01
   3.5600000e+02   4.2921048e-01
   3.5700000e+02   4.2977437e-01
   3.5800000e+02   4.3033832e-01
   3.5900000e+02   4.3090224e-01
   5.2445557e-08   4.3146622e-01
   1.0000000e+00   4.3316680e-01
   2.0000000e+00   4.3486738e-01
   3.0000000e+00   4.3656799e-01
   4.0000000e+00   4.3826857e-01
   5.0000000e+00   4.3996918e-01
   6.0000000e+00   4.4166979e-01
   7.0000000e+00   4.4337037e-01
   8.0000000e+00   4.4507101e-01
   9.0000000e+00   4.4677162e-01
   1.0000000e+01   4.4847223e-01
   1.1000000e+01   4.5017284e-01
   1.2000000e+01   4.5187348e-01
   1.3000000e+01   4.5357412e-01
   1.4000000e+01   4.5527476e-01
   1.5000000e+01   4.5697540e-01
   1.6000000e+01   4.5867604e-01
   1.7000000e+01   4.6037668e-01
   1.8000000e+01   4.6207732e-01
   1.9000000e+01   4.6377799e-01
   2.0000000e+01   4.6547863e-01
   2.1000000e+01   4.6717930e-01
   2.2000000e+01   4.6887997e-01
   2.3000000e+01   4.7058064e-01
   2.4000000e+01   4.7228131e-01
   2.5000000e+01   4.7398198e-01
   2.6000000e+01   4.7568268e-01
   2.7000000e+01   4.7738335e-01
   2.8000000e+01   4.7908404e-01
   2.9000000e+01   4.8078471e-01
   3.0000000e+01   4.8248541e-01
   3.1000000e+01   4.8618057e-01
   3.2000000e+01   4.8987529e-01
   3.3000000e+01   4.9356964e-01
   3.4000000e+01   4.9726355e-01
   3.5000000e+01   5.0095707e-01
   3.6000000e+01   5.0465018e-01
   3.7000000e+01   5.0834292e-01
   3.8000000e+01   5.1203525e-01
   3.9000000e+01   5.1572722e-01
   4.0000000e+01   5.1941872e-01
   4.1000000e+01   5.2310991e-01
   4.2000000e+01   5.2680063e-01
   4.3000000e+01   5.3049105e-01
   4.4000000e+01   5.3418106e-01
   4.5000000e+01   5.3787065e-01
   4.6000000e+01   5.4155988e-01
   4.7000000e+01   5.4524875e-01
   4.8000000e+01   5.4893720e-01
   4.9000000e+01   5.5262530e-01
   5.0000000e+01   5.5631304e-01
   5.1000000e+01   5.6000036e-01
   5.2000000e+01   5.6368738e-01
   5.3000000e+01   5.6737399e-01
   5.4000000e+01   5.7106024e-01
   5.5000000e+01   5.7474607e-01
   5.6000000e+01   5.7843161e-01
   5.7000000e+01   5.8211678e-01
   5.8000000e+01   5.8580154e-01
   5.9000000e+01   5.8948600e-01
   6.0000000e+01   5.9317005e-01
   6.1000000e+01   5.8743513e-01
   6.2000000e+01   5.8170009e-01
   6.3000000e+01   5.7596499e-01
   6.4000000e+01   5.7022989e-01
   6.5000000e+01   5.6449467e-01
   6.6000000e+01   5.5875945e-01
   6.7000000e+01   5.5302417e-01
   6.8000000e+01   5.4728878e-01
   6.9000000e+01   5.4155338e-01
   7.0000000e+01   5.3581792e-01
   7.1000000e+01   5.3008240e-01
   7.2000000e+01   5.2434683e-01
   7.3000000e+01   5.1861113e-01
   7.4000000e+01   5.1287544e-01
   7.5000000e+01   5.0713968e-01
   7.6000000e+01   5.0140387e-01
   7.7000000e+01   4.9566793e-01
   7.8000000e+01   4.8993200e-01
   7.9000000e+01   4.8419598e-01
   8.0000000e+01   4.7845986e-01
   8.1000000e+01   4.7272372e-01
   8.2000000e+01   4.6698749e-01
   8.3000000e+01   4.6125123e-01
   8.4000000e+01   4.5551488e-01
   8.5000000e+01   4.4977844e-01
   8.6000000e+01   4.4404197e-01
   8.7000000e+01   4.3830541e-01
   8.8000000e+01   4.3256879e-01
   8.9000000e+01   4.2683208e-01
   9.0000000e+01   4.2109531e-01
   9.1000000e+01   4.0702981e-01
   9.2000000e+01   3.9296636e-01
   9.3000000e+01   3.7890500e-01
   9.4000000e+01   3.6484563e-01
   9.5000000e+01   3.5078835e-01
   9.6000000e+01   3.3673307e-01
   9.7000000e+01   3.2267985e-01
   9.8000000e+01   3.0862862e-01
   9.9000000e+01   2.9457942e-01
   1.0000000e+02   2.8053221e-01
   1.0100000e+02   2.6648703e-01
   1.0200000e+02   2.5244382e-01
   1.0300000e+02   2.3840261e-01
   1.0400000e+02   2.2436337e-01
   1.0500000e+02   2.1032612e-01
   1.0600000e+02   1.9629082e-01
   1.0700000e+02   1.8225750e-01
   1.0800000e+02   1.6822612e-01
   1.0900000e+02   1.5419671e-01
   1.1000000e+02   1.4016922e-01
   1.1100000e+02   1.2614368e-01
   1.1200000e+02   1.1212008e-01
   1.1300000e+02   9.8098390e-02
   1.1400000e+02   8.4078625e-02
   1.1500000e+02   7.0060775e-02
   1.1600000e+02   5.6044824e-02
   1.1700000e+02   4.2030782e-02
   1.1800000e+02   2.8018633e-02
   1.1900000e+02   1.4008375e-02
   1.2000000e+02   0.0000000e+00
   1.2100000e+02   7.3256780e-19
   1.2200000e+02  -7.3256780e-19
   1.2300000e+02   0.0000000e+00
   1.2400000e+02   7.3256780e-19
   1.2500000e+02   7.3256780e-19
   1.2600000e+02   0.0000000e+00
   1.2700000e+02   0.0000000e+00
   1.2800000e+02   0.0000000e+00
   1.2900000e+02   7.3256780e-19
   1.3000000e+02   0.0000000e+00
   1.3100000e+02   0.0000000e+00
   1.3200000e+02   0.0000000e+00
   1.3300000e+02   0.0000000e+00
   1.3400000e+02   0.0000000e+00
   1.3500000e+02   0.0000000e+00
   1.3600000e+02  -3.6628390e-19
   1.3700000e+02   0.0000000e+00
   1.3800000e+02   0.0000000e+00
   1.3900000e+02  -3.6628390e-19
   1.4000000e+02  -3.6628390e-19
   1.4100000e+02   0.0000000e+00
   1.4200000e+02   0.0000000e+00
   1.4300000e+02  -3.6628390e-19
   1.4400000e+02   0.0000000e+00
   1.4500000e+02   0.0000000e+00
   1.4600000e+02   0.0000000e+00
   1.4700000e+02   0.0000000e+00
   1.4800000e+02  -1.8314195e-19
   1.4900000e+02   0.0000000e+00
   1.5000000e+02   0.0000000e+00
   1.5100000e+02  -1.8314195e-19
   1.5200000e+02   0.0000000e+00
   1.5300000e+02  -1.8314195e-19
   1.5400000e+02  -9.1570975e-20
   1.5500000e+02   0.0000000e+00
   1.5600000e+02   0.0000000e+00
   1.5700000e+02  -1.7169557e-20
   1.5800000e+02   0.0000000e+00
   1.5900000e+02   0.0000000e+00
   1.6000000e+02  -1.8314195e-19
   1.6100000e+02   9.1570975e-20
   1.6200000e+02   1.8314195e-19
   1.6300000e+02   0.0000000e+00
   1.6400000e+02  -1.8314195e-19
   1.6500000e+02   3.6628390e-19
   1.6600000e+02   0.0000000e+00
   1.6700000e+02   3.6628390e-19
   1.6800000e+02   3.6628390e-19
   1.6900000e+02   0.0000000e+00
   1.7000000e+02   3.6628390e-19
   1.7100000e+02   3.6628390e-19
   1.7200000e+02  -3.6628390e-19
   1.7300000e+02   0.0000000e+00
   1.7400000e+02  -3.6628390e-19
   1.7500000e+02   7.3256780e-19
   1.7600000e+02   0.0000000e+00
   1.7700000e+02  -3.6628390e-19
   1.7800000e+02  -3.6628390e-19
   1.7900000e+02   0.0000000e+00
   1.8000000e+02   0.0000000e+00
   1.8100000e+02   0.0000000e+00
   1.8200000e+02   7.3256780e-19
   1.8300000e+02   7.3256780e-19
   1.8400000e+02   0.0000000e+00
   1.8500000e+02  -7.3256780e-19
   1.8600000e+02   0.0000000e+00
   1.8700000e+02   0.0000000e+00
   1.8800000e+02   1.4651356e-18
   1.8900000e+02   0.0000000e+00
   1.9000000e+02  -1.4651356e-18
   1.9100000e+02  -7.3256780e-19
   1.9200000e+02  -1.4651356e-18
   1.9300000e+02   1.4651356e-18
   1.9400000e+02   1.4651356e-18
   1.9500000e+02   0.0000000e+00
   1.9600000e+02   0.0000000e+00
   1.9700000e+02   7.3256780e-19
   1.9800000e+02   7.3256780e-19
   1.9900000e+02   0.0000000e+00
   2.0000000e+02  -1.4651356e-18
   2.0100000e+02   7.3256780e-19
   2.0200000e+02   0.0000000e+00
   2.0300000e+02   0.0000000e+00
   2.0400000e+02   1.4651356e-18
   2.0500000e+02   0.0000000e+00
   2.0600000e+02   7.3256780e-19
   2.0700000e+02   0.0000000e+00
   2.0800000e+02   7.3256780e-19
   2.0900000e+02   7.3256780e-19
   2.1000000e+02   9.4968444e-10
   2.1100000e+02   1.4016910e-02
   2.1200000e+02   2.8032236e-02
   2.1300000e+02   4.2045984e-02
   2.1400000e+02   5.6058157e-02
   2.1500000e+02   7.0068762e-02
   2.1600000e+02   8.4077805e-02
   2.1700000e+02   9.8085292e-02
   2.1800000e+02   1.1209122e-01
   2.1900000e+02   1.2609559e-01
   2.2000000e+02   1.4009844e-01
   2.2100000e+02   1.5409973e-01
   2.2200000e+02   1.6809949e-01
   2.2300000e+02   1.8209772e-01
   2.2400000e+02   1.9609442e-01
   2.2500000e+02   2.1008961e-01
   2.2600000e+02   2.2408327e-01
   2.2700000e+02   2.3807544e-01
   2.2800000e+02   2.5206608e-01
   2.2900000e+02   2.6605523e-01
   2.3000000e+02   2.8004286e-01
   2.3100000e+02   2.9402903e-01
   2.3200000e+02   3.0801368e-01
   2.3300000e+02   3.2199687e-01
   2.3400000e+02   3.3597857e-01
   2.3500000e+02   3.4995878e-01
   2.3600000e+02   3.6393753e-01
   2.3700000e+02   3.7791482e-01
   2.3800000e+02   3.9189062e-01
   2.3900000e+02   4.0586498e-01
   2.4000000e+02   4.1983789e-01
   2.4100000e+02   4.2367652e-01
   2.4200000e+02   4.2751539e-01
   2.4300000e+02   4.3135449e-01
   2.4400000e+02   4.3519381e-01
   2.4500000e+02   4.3903333e-01
   2.4600000e+02   4.4287309e-01
   2.4700000e+02   4.4671306e-01
   2.4800000e+02   4.5055327e-01
   2.4900000e+02   4.5439366e-01
   2.5000000e+02   4.5823431e-01
   2.5100000e+02   4.6207514e-01
   2.5200000e+02   4.6591622e-01
   2.5300000e+02   4.6975747e-01
   2.5400000e+02   4.7359899e-01
   2.5500000e+02   4.7744069e-01
   2.5600000e+02   4.8128259e-01
   2.5700000e+02   4.8512474e-01
   2.5800000e+02   4.8896709e-01
   2.5900000e+02   4.9280962e-01
   2.6000000e+02   4.9665239e-01
   2.6100000e+02   5.0049537e-01
   2.6200000e+02   5.0433856e-01
   2.6300000e+02   5.0818193e-01
   2.6400000e+02   5.1202554e-01
   2.6500000e+02   5.1586938e-01
   2.6600000e+02   5.1971340e-01
   2.6700000e+02   5.2355760e-01
   2.6800000e+02   5.2740204e-01
   2.6900000e+02   5.3124666e-01
   2.7000000e+02   5.3509152e-01
   2.7100000e+02   5.3181499e-01
   2.7200000e+02   5.2853876e-01
   2.7300000e+02   5.2526289e-01
   2.7400000e+02   5.2198732e-01
   2.7500000e+02   5.1871210e-01
   2.7600000e+02   5.1543719e-01
   2.7700000e+02   5.1216263e-01
   2.7800000e+02   5.0888836e-01
   2.7900000e+02   5.0561440e-01
   2.8000000e+02   5.0234079e-01
   2.8100000e+02   4.9906752e-01
   2.8200000e+02   4.9579456e-01
   2.8300000e+02   4.9252191e-01
   2.8400000e+02   4.8924959e-01
   2.8500000e+02   4.8597756e-01
   2.8600000e+02   4.8270586e-01
   2.8700000e+02   4.7943449e-01
   2.8800000e+02   4.7616342e-01
   2.8900000e+02   4.7289267e-01
   2.9000000e+02   4.6962222e-01
   2.9100000e+02   4.6635211e-01
   2.9200000e+02   4.6308228e-01
   2.9300000e+02   4.5981279e-01
   2.9400000e+02   4.5654362e-01
   2.9500000e+02   4.5327473e-01
   2.9600000e+02   4.5000616e-01
   2.9700000e+02   4.4673789e-01
   2.9800000e+02   4.4346994e-01
   2.9900000e+02   4.4020230e-01
   3.0000000e+02   4.3693495e-01
   3.0100000e+02   4.3596470e-01
   3.0200000e+02   4.3499446e-01
   3.0300000e+02   4.3402427e-01
   3.0400000e+02   4.3305415e-01
   3.0500000e+02   4.3208402e-01
   3.0600000e+02   4.3111396e-01
   3.0700000e+02   4.3014395e-01
   3.0800000e+02   4.2917398e-01
   3.0900000e+02   4.2820403e-01
   3.1000000e+02   4.2723411e-01
   3.1100000e+02   4.2626426e-01
   3.1200000e+02   4.2529443e-01
   3.1300000e+02   4.2432466e-01
   3.1400000e+02   4.2335492e-01
   3.1500000e+02   4.2238522e-01
   3.1600000e+02   4.2141554e-01
   3.1700000e+02   4.2044592e-01
   3.1800000e+02   4.1947633e-01
   3.1900000e+02   4.1850680e-01
   3.2000000e+02   4.1753730e-01
   3.2100000e+02   4.1656783e-01
   3.2200000e+02   4.1559839e-01
   3.2300000e+02   4.1462901e-01
   3.2400000e+02   4.1365966e-01
   3.2500000e+02   4.1269034e-01
   3.2600000e+02   4.1172105e-01
   3.2700000e+02   4.1075182e-01
   3.2800000e+02   4.0978262e-01
   3.2900000e+02   4.0881348e-01
   3.3000000e+02   4.0784433e-01
   3.3100000e+02   4.0841624e-01
   3.3200000e+02   4.0898815e-01
   3.3300000e+02   4.0956005e-01
   3.3400000e+02   4.1013193e-01
   3.3500000e+02   4.1070381e-01
   3.3600000e+02   4.1127571e-01
   3.3700000e+02   4.1184759e-01
   3.3800000e+02   4.1241947e-01
   3.3900000e+02   4.1299134e-01
   3.4000000e+02   4.1356319e-01
   3.4100000e+02   4.1413507e-01
   3.4200000e+02   4.1470692e-01
   3.4300000e+02   4.1527879e-01
   3.4400000e+02   4.1585064e-01
   3.4500000e+02   4.1642249e-01
   3.4600000e+02   4.1699433e-01
   3.4700000e+02   4.1756618e-01
   3.4800000e+02   4.1813803e-01
   3.4900000e+02   4.1870984e-01
   3.5000000e+02   4.1928169e-01
   3.5100000e+02   4.1985351e-01
   3.5200000e+02   4.2042533e-01
   3.5300000e+02   4.2099714e-01
   3.5400000e+02   4.2156896e-01
   3.5500000e+02   4.2214078e-01
   3.5600000e+02   4.2271259e-01
   3.5700000e+02   4.2328441e-01
   3.5800000e+02   4.2385620e-01
   3.5900000e+02   4.2442802e-01
   7.8673565e-08   4.2499980e-01
   1.0000001e+00   4.2670649e-01
   2.0000000e+00   4.2841315e-01
   3.0000000e+00   4.3011981e-01
   4.0000000e+00   4.3182647e-01
   5.0000000e+00   4.3353313e-01
   6.0000000e+00   4.3523976e-01
   7.0000000e+00   4.3694639e-01
   8.0000000e+00   4.3865299e-01
   9.0000000e+00   4.4035959e-01
   1.0000000e+01   4.4206619e-01
   1.1000000e+01   4.4377276e-01
   1.2000000e+01   4.4547933e-01
   1.3000000e+01   4.4718590e-01
   1.4000000e+01   4.4889244e-01
   1.5000000e+01   4.5059898e-01
   1.6000000e+01   4.5230550e-01
   1.7000000e+01   4.5401204e-01
   1.8000000e+01   4.5571852e-01
   1.9000000e+01   4.5742503e-01
   2.0000000e+01   4.5913151e-01
   2.1000000e+01   4.6083799e-01
   2.2000000e+01   4.6254444e-01
   2.3000000e+01   4.6425092e-01
   2.4000000e+01   4.6595734e-01
   2.5000000e+01   4.6766379e-01
   2.6000000e+01   4.6937022e-01
   2.7000000e+01   4.7107664e-01
   2.8000000e+01   4.7278303e-01
   2.9000000e+01   4.7448942e-01
   3.0000000e+01   4.7619581e-01
   3.1000000e+01   4.7984233e-01
   3.2000000e+01   4.8348865e-01
   3.3000000e+01   4.8713470e-01
   3.4000000e+01   4.9078050e-01
   3.5000000e+01   4.9442607e-01
   3.6000000e+01   4.9807140e-01
   3.7000000e+01   5.0171649e-01
   3.8000000e+01   5.0536132e-01
   3.9000000e+01   5.0900596e-01
   4.0000000e+01   5.1265031e-01
   4.1000000e+01   5.1629448e-01
   4.2000000e+01   5.1993841e-01
   4.3000000e+01   5.2358204e-01
   4.4000000e+01   5.2722549e-01
   4.5000000e+01   5.3086871e-01
   4.6000000e+01   5.3451169e-01
   4.7000000e+01   5.3815442e-01
   4.8000000e+01   5.4179692e-01
   4.9000000e+01   5.4543918e-01
   5.0000000e+01   5.4908127e-01
   5.1000000e+01   5.5272305e-01
   5.2000000e+01   5.5636466e-01
   5.3000000e+01   5.6000602e-01
   5.4000000e+01   5.6364709e-01
   5.5000000e+01   5.6728804e-01
   5.6000000e+01   5.7092869e-01
   5.7000000e+01   5.7456911e-01
   5.8000000e+01   5.7820934e-01
   5.9000000e+01   5.8184934e-01
   6.0000000e+01   5.8548909e-01
   6.1000000e+01   5.7974690e-01
   6.2000000e+01   5.7400465e-01
   6.3000000e+01   5.6826228e-01
   6.4000000e+01   5.6251979e-01
   6.5000000e+01   5.5677724e-01
   6.6000000e+01   5.5103457e-01
   6.7000000e+01   5.4529184e-01
   6.8000000e+01   5.3954899e-01
   6.9000000e+01   5.3380609e-01
   7.0000000e+01   5.2806306e-01
   7.1000000e+01   5.2231991e-01
   7.2000000e+01   5.1657671e-01
   7.3000000e+01   5.1083338e-01
   7.4000000e+01   5.0509000e-01
   7.5000000e+01   4.9934649e-01
   7.6000000e+01   4.9360290e-01
   7.7000000e+01   4.8785919e-01
   7.8000000e+01   4.8211542e-01
   7.9000000e+01   4.7637153e-01
   8.0000000e+01   4.7062758e-01
   8.1000000e+01   4.6488351e-01
   8.2000000e+01   4.5913935e-01
   8.3000000e+01   4.5339510e-01
   8.4000000e+01   4.4765073e-01
   8.5000000e+01   4.4190630e-01
   8.6000000e+01   4.3616176e-01
   8.7000000e+01   4.3041712e-01
   8.8000000e+01   4.2467242e-01
   8.9000000e+01   4.1892758e-01
   9.0000000e+01   4.1318268e-01
   9.1000000e+01   3.9939421e-01
   9.2000000e+01   3.8560686e-01
   9.3000000e+01   3.7182063e-01
   9.4000000e+01   3.5803548e-01
   9.5000000e+01   3.4425142e-01
   9.6000000e+01   3.3046848e-01
   9.7000000e+01   3.1668660e-01
   9.8000000e+01   3.0290583e-01
   9.9000000e+01   2.8912613e-01
   1.0000000e+02   2.7534753e-01
   1.0100000e+02   2.6157004e-01
   1.0200000e+02   2.4779360e-01
   1.0300000e+02   2.3401824e-01
   1.0400000e+02   2.2024396e-01
   1.0500000e+02   2.0647076e-01
   1.0600000e+02   1.9269863e-01
   1.0700000e+02   1.7892756e-01
   1.0800000e+02   1.6515756e-01
   1.0900000e+02   1.5138863e-01
   1.1000000e+02   1.3762076e-01
   1.1100000e+02   1.2385395e-01
   1.1200000e+02   1.1008820e-01
   1.1300000e+02   9.6323505e-02
   1.1400000e+02   8.2559861e-02
   1.1500000e+02   6.8797275e-02
   1.1600000e+02   5.5035729e-02
   1.1700000e+02   4.1275233e-02
   1.1800000e+02   2.7515780e-02
   1.1900000e+02   1.3757370e-02
   1.2000000e+02  -7.3256780e-19
   1.2100000e+02  -7.3256780e-19
   1.2200000e+02   0.0000000e+00
   1.2300000e+02   0.0000000e+00
   1.2400000e+02   0.0000000e+00
   1.2500000e+02  -7.3256780e-19
   1.2600000e+02  -7.3256780e-19
   1.2700000e+02  -7.3256780e-19
   1.2800000e+02  -7.3256780e-19
   1.2900000e+02   0.0000000e+00
   1.3000000e+02  -7.3256780e-19
   1.3100000e+02  -7.3256780e-19
   1.3200000e+02  -7.3256780e-19
   1.3300000e+02   0.0000000e+00
   1.3400000e+02   0.0000000e+00
   1.3500000e+02   0.0000000e+00
   1.3600000e+02   0.0000000e+00
   1.3700000e+02   0.0000000e+00
   1.3800000e+02  -3.6628390e-19
   1.3900000e+02  -3.6628390e-19
   1.4000000e+02   3.6628390e-19
   1.4100000e+02   3.6628390e-19
   1.4200000e+02  -7.3256780e-19
   1.4300000e+02   3.6628390e-19
   1.4400000e+02  -3.6628390e-19
   1.4500000e+02  -3.6628390e-19
   1.4600000e+02   0.0000000e+00
   1.4700000e+02  -1.8314195e-19
   1.4800000e+02   0.0000000e+00
   1.4900000e+02   0.0000000e+00
   1.5000000e+02   1.8314195e-19
   1.5100000e+02   0.0000000e+00
   1.5200000e+02   0.0000000e+00
   1.5300000e+02  -9.1570975e-20
   1.5400000e+02   0.0000000e+00
   1.5500000e+02  -4.5785487e-20
   1.5600000e+02   0.0000000e+00
   1.5700000e+02   5.7231859e-21
   1.5800000e+02  -4.5785487e-20
   1.5900000e+02   4.5785487e-20
   1.6000000e+02   0.0000000e+00
   1.6100000e+02  -9.1570975e-20
   1.6200000e+02   0.0000000e+00
   1.6300000e+02  -3.6628390e-19
   1.6400000e+02  -3.6628390e-19
   1.6500000e+02   0.0000000e+00
   1.6600000e+02   0.0000000e+00
   1.6700000e+02   0.0000000e+00
   1.6800000e+02   3.6628390e-19
   1.6900000e+02   0.0000000e+00
   1.7000000e+02   0.0000000e+00
   1.7100000e+02   3.6628390e-19
   1.7200000e+02   0.0000000e+00
   1.7300000e+02   0.0000000e+00
   1.7400000e+02  -3.6628390e-19
   1.7500000e+02  -3.6628390e-19
   1.7600000e+02   7.3256780e-19
   1.7700000e+02  -3.6628390e-19
   1.7800000e+02  -3.6628390e-19
   1.7900000e+02   3.6628390e-19
   1.8000000e+02   7.3256780e-19
   1.8100000e+02   7.3256780e-19
   1.8200000e+02   0.0000000e+00
   1.8300000e+02   7.3256780e-19
   1.8400000e+02   0.0000000e+00
   1.8500000e+02   0.0000000e+00
   1.8600000e+02   0.0000000e+00
   1.8700000e+02   0.0000000e+00
   1.8800000e+02   0.0000000e+00
   1.8900000e+02   1.4651356e-18
   1.9000000e+02   0.0000000e+00
   1.9100000e+02  -7.3256780e-19
   1.9200000e+02  -7.3256780e-19
   1.9300000e+02  -7.3256780e-19
   1.9400000e+02   7.3256780e-19
   1.9500000e+02  -7.3256780e-19
   1.9600000e+02   7.3256780e-19
   1.9700000e+02  -1.4651356e-18
   1.9800000e+02  -1.4651356e-18
   1.9900000e+02  -7.3256780e-19
   2.0000000e+02  -1.4651356e-18
   2.0100000e+02   7.3256780e-19
   2.0200000e+02   0.0000000e+00
   2.0300000e+02  -7.3256780e-19
   2.0400000e+02   7.3256780e-19
   2.0500000e+02  -7.3256780e-19
   2.0600000e+02   0.0000000e+00
   2.0700000e+02   7.3256780e-19
   2.0800000e+02   0.0000000e+00
   2.0900000e+02   0.0000000e+00
   2.1000000e+02   1.2971957e-09
   2.1100000e+02   1.3806414e-02
   2.1200000e+02   2.7611960e-02
   2.1300000e+02   4.1416641e-02
   2.1400000e+02   5.5220459e-02
   2.1500000e+02   6.9023415e-02
   2.1600000e+02   8.2825519e-02
   2.1700000e+02   9.6626759e-02
   2.1800000e+02   1.1042715e-01
   2.1900000e+02   1.2422668e-01
   2.2000000e+02   1.3802536e-01
   2.2100000e+02   1.5182319e-01
   2.2200000e+02   1.6562018e-01
   2.2300000e+02   1.7941631e-01
   2.2400000e+02   1.9321162e-01
   2.2500000e+02   2.0700607e-01
   2.2600000e+02   2.2079967e-01
   2.2700000e+02   2.3459245e-01
   2.2800000e+02   2.4838439e-01
   2.2900000e+02   2.6217550e-01
   2.3000000e+02   2.7596575e-01
   2.3100000e+02   2.8975520e-01
   2.3200000e+02   3.0354381e-01
   2.3300000e+02   3.1733158e-01
   2.3400000e+02   3.3111855e-01
   2.3500000e+02   3.4490466e-01
   2.3600000e+02   3.5868999e-01
   2.3700000e+02   3.7247446e-01
   2.3800000e+02   3.8625816e-01
   2.3900000e+02   4.0004098e-01
   2.4000000e+02   4.1382304e-01
   2.4100000e+02   4.1769582e-01
   2.4200000e+02   4.2156872e-01
   2.4300000e+02   4.2544174e-01
   2.4400000e+02   4.2931491e-01
   2.4500000e+02   4.3318817e-01
   2.4600000e+02   4.3706155e-01
   2.4700000e+02   4.4093505e-01
   2.4800000e+02   4.4480866e-01
   2.4900000e+02   4.4868240e-01
   2.5000000e+02   4.5255625e-01
   2.5100000e+02   4.5643023e-01
   2.5200000e+02   4.6030429e-01
   2.5300000e+02   4.6417850e-01
   2.5400000e+02   4.6805280e-01
   2.5500000e+02   4.7192726e-01
   2.5600000e+02   4.7580180e-01
   2.5700000e+02   4.7967646e-01
   2.5800000e+02   4.8355123e-01
   2.5900000e+02   4.8742613e-01
   2.6000000e+02   4.9130115e-01
   2.6100000e+02   4.9517626e-01
   2.6200000e+02   4.9905151e-01
   2.6300000e+02   5.0292683e-01
   2.6400000e+02   5.0680232e-01
   2.6500000e+02   5.1067787e-01
   2.6600000e+02   5.1455361e-01
   2.6700000e+02   5.1842940e-01
   2.6800000e+02   5.2230531e-01
   2.6900000e+02   5.2618134e-01
   2.7000000e+02   5.3005749e-01
   2.7100000e+02   5.2682984e-01
   2.7200000e+02   5.2360237e-01
   2.7300000e+02   5.2037507e-01
   2.7400000e+02   5.1714802e-01
   2.7500000e+02   5.1392108e-01
   2.7600000e+02   5.1069438e-01
   2.7700000e+02   5.0746787e-01
   2.7800000e+02   5.0424153e-01
   2.7900000e+02   5.0101537e-01
   2.8000000e+02   4.9778938e-01
   2.8100000e+02   4.9456361e-01
   2.8200000e+02   4.9133801e-01
   2.8300000e+02   4.8811260e-01
   2.8400000e+02   4.8488736e-01
   2.8500000e+02   4.8166233e-01
   2.8600000e+02   4.7843745e-01
   2.8700000e+02   4.7521278e-01
   2.8800000e+02   4.7198829e-01
   2.8900000e+02   4.6876398e-01
   2.9000000e+02   4.6553984e-01
   2.9100000e+02   4.6231589e-01
   2.9200000e+02   4.5909211e-01
   2.9300000e+02   4.5586851e-01
   2.9400000e+02   4.5264509e-01
   2.9500000e+02   4.4942188e-01
   2.9600000e+02   4.4619882e-01
   2.9700000e+02   4.4297597e-01
   2.9800000e+02   4.3975326e-01
   2.9900000e+02   4.3653074e-01
   3.0000000e+02   4.3330842e-01
   3.0100000e+02   4.3234622e-01
   3.0200000e+02   4.3138406e-01
   3.0300000e+02   4.3042192e-01
   3.0400000e+02   4.2945978e-01
   3.0500000e+02   4.2849770e-01
   3.0600000e+02   4.2753559e-01
   3.0700000e+02   4.2657354e-01
   3.0800000e+02   4.2561150e-01
   3.0900000e+02   4.2464948e-01
   3.1000000e+02   4.2368746e-01
   3.1100000e+02   4.2272547e-01
   3.1200000e+02   4.2176351e-01
   3.1300000e+02   4.2080155e-01
   3.1400000e+02   4.1983962e-01
   3.1500000e+02   4.1887772e-01
   3.1600000e+02   4.1791585e-01
   3.1700000e+02   4.1695398e-01
   3.1800000e+02   4.1599211e-01
   3.1900000e+02   4.1503030e-01
   3.2000000e+02   4.1406849e-01
   3.2100000e+02   4.1310668e-01
   3.2200000e+02   4.1214493e-01
   3.2300000e+02   4.1118315e-01
   3.2400000e+02   4.1022143e-01
   3.2500000e+02   4.0925971e-01
   3.2600000e+02   4.0829802e-01
   3.2700000e+02   4.0733635e-01
   3.2800000e+02   4.0637469e-01
   3.2900000e+02   4.0541306e-01
   3.3000000e+02   4.0445143e-01
   3.3100000e+02   4.0502512e-01
   3.3200000e+02   4.0559879e-01
   3.3300000e+02   4.0617245e-01
   3.3400000e+02   4.0674615e-01
   3.3500000e+02   4.0731981e-01
   3.3600000e+02   4.0789345e-01
   3.3700000e+02   4.0846711e-01
   3.3800000e+02   4.0904075e-01
   3.3900000e+02   4.0961441e-01
   3.4000000e+02   4.1018805e-01
   3.4100000e+02   4.1076168e-01
   3.4200000e+02   4.1133532e-01
   3.4300000e+02   4.1190892e-01
   3.4400000e+02   4.1248256e-01
   3.4500000e+02   4.1305616e-01
   3.4600000e+02   4.1362977e-01
   3.4700000e+02   4.1420338e-01
   3.4800000e+02   4.1477698e-01
   3.4900000e+02   4.1535056e-01
   3.5000000e+02   4.1592416e-01
   3.5100000e+02   4.1649774e-01
   3.5200000e+02   4.1707131e-01
   3.5300000e+02   4.1764489e-01
   3.5400000e+02   4.1821846e-01
   3.5500000e+02   4.1879204e-01
   3.5600000e+02   4.1936558e-01
   3.5700000e+02   4.1993916e-01
   3.5800000e+02   4.2051271e-01
   3.5900000e+02   4.2108625e-01
   1.0486701e-07   4.2165980e-01
