   0.0000000e+00  -7.4428771e-19
   1.0000000e+00   4.6747350e-04
   2.0000000e+00   2.2785845e-03
   3.0000000e+00   4.1158954e-03
   4.0000000e+00   5.9756110e-03
   5.0000000e+00   7.8570582e-03
   6.0000000e+00   9.7600091e-03
   7.0000000e+00   1.1684157e-02
   8.0000000e+00   1.3630015e-02
   9.0000000e+00   1.5597796e-02
   1.0000000e+01   1.7588306e-02
   1.1000000e+01   1.9601945e-02
   1.2000000e+01   2.1639260e-02
   1.3000000e+01   2.3699895e-02
   1.4000000e+01   2.5784468e-02
   1.5000000e+01   2.7891662e-02
   1.6000000e+01   3.0020753e-02
   1.7000000e+01   3.2172173e-02
   1.8000000e+01   3.4345318e-02
   1.9000000e+01   3.6539271e-02
   2.0000000e+01   3.8754068e-02
   2.1000000e+01   4.0989753e-02
   2.2000000e+01   4.3246191e-02
   2.3000000e+01   4.5523118e-02
   2.4000000e+01   4.7820162e-02
   2.5000000e+01   5.0137311e-02
   2.6000000e+01   5.2474175e-02
   2.7000000e+01   5.4830596e-02
   2.8000000e+01   5.7206236e-02
   2.9000000e+01   5.9601158e-02
   3.0000000e+01   6.2015180e-02
   3.1000000e+01   6.5139435e-02
   3.2000000e+01   6.8326771e-02
   3.3000000e+01   7.1576774e-02
   3.4000000e+01   7.4889258e-02
   3.5000000e+01   7.8264043e-02
   3.6000000e+01   8.1700854e-02
   3.7000000e+01   8.5199453e-02
   3.8000000e+01   8.8759772e-02
   3.9000000e+01   9.2381626e-02
   4.0000000e+01   9.6064769e-02
   4.1000000e+01   9.9808812e-02
   4.2000000e+01   1.0361339e-01
   4.3000000e+01   1.0747834e-01
   4.4000000e+01   1.1140375e-01
   4.5000000e+01   1.1538974e-01
   4.6000000e+01   1.1943623e-01
   4.7000000e+01   1.2354314e-01
   4.8000000e+01   1.2771033e-01
   4.9000000e+01   1.3193770e-01
   5.0000000e+01   1.3622513e-01
   5.1000000e+01   1.4057246e-01
   5.2000000e+01   1.4497957e-01
   5.3000000e+01   1.4944635e-01
   5.4000000e+01   1.5397269e-01
   5.5000000e+01   1.5855841e-01
   5.6000000e+01   1.6320342e-01
   5.7000000e+01   1.6790752e-01
   5.8000000e+01   1.7264700e-01
   5.9000000e+01   1.7741089e-01
   6.0000000e+01   1.8219815e-01
   6.1000000e+01   1.8928136e-01
   6.2000000e+01   1.9646746e-01
   6.3000000e+01   2.0375028e-01
   6.4000000e+01   2.1112660e-01
   6.5000000e+01   2.1859790e-01
   6.6000000e+01   2.2616322e-01
   6.7000000e+01   2.3382315e-01
   6.8000000e+01   2.4157906e-01
   6.9000000e+01   2.4943306e-01
   7.0000000e+01   2.5738707e-01
   7.1000000e+01   2.6545373e-01
   7.2000000e+01   2.7364278e-01
   7.3000000e+01   2.8195524e-01
   7.4000000e+01   2.9039255e-01
   7.5000000e+01   2.9895648e-01
   7.6000000e+01   3.0763426e-01
   7.7000000e+01   3.1641960e-01
   7.8000000e+01   3.2531178e-01
   7.9000000e+01   3.3432281e-01
   8.0000000e+01   3.4345320e-01
   8.1000000e+01   3.5270023e-01
   8.2000000e+01   3.6206311e-01
   8.3000000e+01   3.7154177e-01
   8.4000000e+01   3.8113633e-01
   8.5000000e+01   3.9084676e-01
   8.6000000e+01   4.0063167e-01
   8.7000000e+01   4.1048607e-01
   8.8000000e+01   4.2041951e-01
   8.9000000e+01   4.3042955e-01
   9.0000000e+01   4.4051397e-01
   9.1000000e+01   4.4829515e-01
   9.2000000e+01   4.5592362e-01
   9.3000000e+01   4.6339715e-01
   9.4000000e+01   4.7071359e-01
   9.5000000e+01   4.7787124e-01
   9.6000000e+01   4.8485577e-01
   9.7000000e+01   4.9164209e-01
   9.8000000e+01   4.9822849e-01
   9.9000000e+01   5.0461876e-01
   1.0000000e+02   5.1081687e-01
   1.0100000e+02   5.1682681e-01
   1.0200000e+02   5.2265191e-01
   1.0300000e+02   5.2829188e-01
   1.0400000e+02   5.3375179e-01
   1.0500000e+02   5.3903663e-01
   1.0600000e+02   5.4415083e-01
   1.0700000e+02   5.4909825e-01
   1.0800000e+02   5.5388373e-01
   1.0900000e+02   5.5851185e-01
   1.1000000e+02   5.6298727e-01
   1.1100000e+02   5.6731683e-01
   1.1200000e+02   5.7150811e-01
   1.1300000e+02   5.7556367e-01
   1.1400000e+02   5.7948595e-01
   1.1500000e+02   5.8327740e-01
   1.1600000e+02   5.8694053e-01
   1.1700000e+02   5.9047598e-01
   1.1800000e+02   5.9388727e-01
   1.1900000e+02   5.9717941e-01
   1.2000000e+02   6.0035759e-01
   1.2100000e+02   6.0083622e-01
   1.2200000e+02   6.0128510e-01
   1.2300000e+02   6.0170609e-01
   1.2400000e+02   6.0210109e-01
   1.2500000e+02   6.0247165e-01
   1.2600000e+02   6.0281932e-01
   1.2700000e+02   6.0314554e-01
   1.2800000e+02   6.0345173e-01
   1.2900000e+02   6.0373902e-01
   1.3000000e+02   6.0400867e-01
   1.3100000e+02   6.0426170e-01
   1.3200000e+02   6.0449916e-01
   1.3300000e+02   6.0472214e-01
   1.3400000e+02   6.0493129e-01
   1.3500000e+02   6.0512763e-01
   1.3600000e+02   6.0531193e-01
   1.3700000e+02   6.0548490e-01
   1.3800000e+02   6.0564750e-01
   1.3900000e+02   6.0580021e-01
   1.4000000e+02   6.0594386e-01
   1.4100000e+02   6.0607892e-01
   1.4200000e+02   6.0620588e-01
   1.4300000e+02   6.0632533e-01
   1.4400000e+02   6.0643774e-01
   1.4500000e+02   6.0654348e-01
   1.4600000e+02   6.0664308e-01
   1.4700000e+02   6.0673702e-01
   1.4800000e+02   6.0682559e-01
   1.4900000e+02   6.0690928e-01
   1.5000000e+02   6.0698837e-01
   1.5100000e+02   6.0646170e-01
   1.5200000e+02   6.0593361e-01
   1.5300000e+02   6.0540420e-01
   1.5400000e+02   6.0487366e-01
   1.5500000e+02   6.0434204e-01
   1.5600000e+02   6.0380936e-01
   1.5700000e+02   6.0327566e-01
   1.5800000e+02   6.0274100e-01
   1.5900000e+02   6.0220557e-01
   1.6000000e+02   6.0166931e-01
   1.6100000e+02   6.0113221e-01
   1.6200000e+02   6.0059446e-01
   1.6300000e+02   6.0005599e-01
   1.6400000e+02   5.9951699e-01
   1.6500000e+02   5.9897739e-01
   1.6600000e+02   5.9843725e-01
   1.6700000e+02   5.9789664e-01
   1.6800000e+02   5.9735560e-01
   1.6900000e+02   5.9681416e-01
   1.7000000e+02   5.9627229e-01
   1.7100000e+02   5.9573019e-01
   1.7200000e+02   5.9518778e-01
   1.7300000e+02   5.9464514e-01
   1.7400000e+02   5.9410220e-01
   1.7500000e+02   5.9355915e-01
   1.7600000e+02   5.9301591e-01
   1.7700000e+02   5.9247249e-01
   1.7800000e+02   5.9192902e-01
   1.7900000e+02   5.9138542e-01
   1.8000000e+02   5.9084177e-01
   1.8100000e+02   5.8996248e-01
   1.8200000e+02   5.8908522e-01
   1.8300000e+02   5.8820981e-01
   1.8400000e+02   5.8733600e-01
   1.8500000e+02   5.8646363e-01
   1.8600000e+02   5.8559257e-01
   1.8700000e+02   5.8472264e-01
   1.8800000e+02   5.8385366e-01
   1.8900000e+02   5.8298558e-01
   1.9000000e+02   5.8211827e-01
   1.9100000e+02   5.8125162e-01
   1.9200000e+02   5.8038574e-01
   1.9300000e+02   5.7952040e-01
   1.9400000e+02   5.7865560e-01
   1.9500000e+02   5.7779127e-01
   1.9600000e+02   5.7692724e-01
   1.9700000e+02   5.7606363e-01
   1.9800000e+02   5.7520026e-01
   1.9900000e+02   5.7433707e-01
   2.0000000e+02   5.7347399e-01
   2.0100000e+02   5.7261109e-01
   2.0200000e+02   5.7174826e-01
   2.0300000e+02   5.7088542e-01
   2.0400000e+02   5.7002258e-01
   2.0500000e+02   5.6915963e-01
   2.0600000e+02   5.6829655e-01
   2.0700000e+02   5.6743330e-01
   2.0800000e+02   5.6656986e-01
   2.0900000e+02   5.6570625e-01
   2.1000000e+02   5.6484228e-01
   2.1100000e+02   5.6171817e-01
   2.1200000e+02   5.5862886e-01
   2.1300000e+02   5.5557406e-01
   2.1400000e+02   5.5255353e-01
   2.1500000e+02   5.4956686e-01
   2.1600000e+02   5.4661387e-01
   2.1700000e+02   5.4369414e-01
   2.1800000e+02   5.4080749e-01
   2.1900000e+02   5.3795356e-01
   2.2000000e+02   5.3513211e-01
   2.2100000e+02   5.3234279e-01
   2.2200000e+02   5.2958518e-01
   2.2300000e+02   5.2685887e-01
   2.2400000e+02   5.2416348e-01
   2.2500000e+02   5.2149874e-01
   2.2600000e+02   5.1886427e-01
   2.2700000e+02   5.1625967e-01
   2.2800000e+02   5.1368475e-01
   2.2900000e+02   5.1113904e-01
   2.3000000e+02   5.0862223e-01
   2.3100000e+02   5.0613403e-01
   2.3200000e+02   5.0367409e-01
   2.3300000e+02   5.0124234e-01
   2.3400000e+02   4.9883890e-01
   2.3500000e+02   4.9646363e-01
   2.3600000e+02   4.9411631e-01
   2.3700000e+02   4.9179667e-01
   2.3800000e+02   4.8950458e-01
   2.3900000e+02   4.8723972e-01
   2.4000000e+02   4.8500198e-01
   2.4100000e+02   4.8059502e-01
   2.4200000e+02   4.7619501e-01
   2.4300000e+02   4.7180218e-01
   2.4400000e+02   4.6741661e-01
   2.4500000e+02   4.6303865e-01
   2.4600000e+02   4.5866844e-01
   2.4700000e+02   4.5430624e-01
   2.4800000e+02   4.4995233e-01
   2.4900000e+02   4.4560695e-01
   2.5000000e+02   4.4127038e-01
   2.5100000e+02   4.3694296e-01
   2.5200000e+02   4.3262500e-01
   2.5300000e+02   4.2831588e-01
   2.5400000e+02   4.2401558e-01
   2.5500000e+02   4.1972423e-01
   2.5600000e+02   4.1544187e-01
   2.5700000e+02   4.1116872e-01
   2.5800000e+02   4.0690491e-01
   2.5900000e+02   4.0265051e-01
   2.6000000e+02   3.9840567e-01
   2.6100000e+02   3.9417058e-01
   2.6200000e+02   3.8994539e-01
   2.6300000e+02   3.8573021e-01
   2.6400000e+02   3.8152528e-01
   2.6500000e+02   3.7733072e-01
   2.6600000e+02   3.7314680e-01
   2.6700000e+02   3.6897373e-01
   2.6800000e+02   3.6481166e-01
   2.6900000e+02   3.6066082e-01
   2.7000000e+02   3.5652140e-01
   2.7100000e+02   3.5205179e-01
   2.7200000e+02   3.4755445e-01
   2.7300000e+02   3.4302932e-01
   2.7400000e+02   3.3847645e-01
   2.7500000e+02   3.3389574e-01
   2.7600000e+02   3.2928714e-01
   2.7700000e+02   3.2465070e-01
   2.7800000e+02   3.1998610e-01
   2.7900000e+02   3.1529099e-01
   2.8000000e+02   3.1056556e-01
   2.8100000e+02   3.0581015e-01
   2.8200000e+02   3.0102497e-01
   2.8300000e+02   2.9621029e-01
   2.8400000e+02   2.9136634e-01
   2.8500000e+02   2.8649336e-01
   2.8600000e+02   2.8159159e-01
   2.8700000e+02   2.7666119e-01
   2.8800000e+02   2.7170244e-01
   2.8900000e+02   2.6671556e-01
   2.9000000e+02   2.6170075e-01
   2.9100000e+02   2.5665826e-01
   2.9200000e+02   2.5158820e-01
   2.9300000e+02   2.4649081e-01
   2.9400000e+02   2.4136628e-01
   2.9500000e+02   2.3621477e-01
   2.9600000e+02   2.3103650e-01
   2.9700000e+02   2.2583161e-01
   2.9800000e+02   2.2060028e-01
   2.9900000e+02   2.1534267e-01
   3.0000000e+02   2.1005896e-01
   3.0100000e+02   2.0904925e-01
   3.0200000e+02   2.0803826e-01
   3.0300000e+02   2.0702599e-01
   3.0400000e+02   2.0601244e-01
   3.0500000e+02   2.0499764e-01
   3.0600000e+02   2.0398158e-01
   3.0700000e+02   2.0296428e-01
   3.0800000e+02   2.0194571e-01
   3.0900000e+02   2.0092590e-01
   3.1000000e+02   1.9990484e-01
   3.1100000e+02   1.9888254e-01
   3.1200000e+02   1.9785900e-01
   3.1300000e+02   1.9683422e-01
   3.1400000e+02   1.9580822e-01
   3.1500000e+02   1.9478098e-01
   3.1600000e+02   1.9375250e-01
   3.1700000e+02   1.9272277e-01
   3.1800000e+02   1.9169183e-01
   3.1900000e+02   1.9065967e-01
   3.2000000e+02   1.8962625e-01
   3.2100000e+02   1.8859161e-01
   3.2200000e+02   1.8755575e-01
   3.2300000e+02   1.8651864e-01
   3.2400000e+02   1.8548031e-01
   3.2500000e+02   1.8444076e-01
   3.2600000e+02   1.8339998e-01
   3.2700000e+02   1.8235797e-01
   3.2800000e+02   1.8131474e-01
   3.2900000e+02   1.8027028e-01
   3.3000000e+02   1.7922460e-01
   3.3100000e+02   1.7979406e-01
   3.3200000e+02   1.8036301e-01
   3.3300000e+02   1.8093148e-01
   3.3400000e+02   1.8149947e-01
   3.3500000e+02   1.8206693e-01
   3.3600000e+02   1.8263392e-01
   3.3700000e+02   1.8320043e-01
   3.3800000e+02   1.8376647e-01
   3.3900000e+02   1.8433201e-01
   3.4000000e+02   1.8489709e-01
   3.4100000e+02   1.8546173e-01
   3.4200000e+02   1.8602589e-01
   3.4300000e+02   1.8658960e-01
   3.4400000e+02   1.8715286e-01
   3.4500000e+02   1.8771568e-01
   3.4600000e+02   1.8827806e-01
   3.4700000e+02   1.8884000e-01
   3.4800000e+02   1.8940151e-01
   3.4900000e+02   1.8996260e-01
   3.5000000e+02   1.9052325e-01
   3.5100000e+02   1.9108352e-01
   3.5200000e+02   1.9164334e-01
   3.5300000e+02   1.9220279e-01
   3.5400000e+02   1.9276182e-01
   3.5500000e+02   1.9332047e-01
   3.5600000e+02   1.9387871e-01
   3.5700000e+02   1.9443657e-01
   3.5800000e+02   1.9499403e-01
   3.5900000e+02   1.9555113e-01
   7.1133672e-07   1.9610783e-01
   1.0000007e+00   1.9911557e-01
   2.0000007e+00   2.0212545e-01
   3.0000007e+00   2.0513743e-01
   4.0000010e+00   2.0815150e-01
   5.0000010e+00   2.1116766e-01
   6.0000010e+00   2.1418588e-01
   7.0000010e+00   2.1720612e-01
   8.0000010e+00   2.2022839e-01
   9.0000010e+00   2.2325267e-01
   1.0000001e+01   2.2627893e-01
   1.1000001e+01   2.2930719e-01
   1.2000001e+01   2.3233737e-01
   1.3000001e+01   2.3536953e-01
   1.4000001e+01   2.3840362e-01
   1.5000001e+01   2.4143960e-01
   1.6000000e+01   2.4447748e-01
   1.7000000e+01   2.4751726e-01
   1.8000000e+01   2.5055891e-01
   1.9000000e+01   2.5360242e-01
   2.0000000e+01   2.5664774e-01
   2.1000000e+01   2.5969493e-01
   2.2000000e+01   2.6274395e-01
   2.3000000e+01   2.6579475e-01
   2.4000000e+01   2.6884735e-01
   2.5000000e+01   2.7190179e-01
   2.6000000e+01   2.7495795e-01
   2.7000000e+01   2.7801588e-01
   2.8000000e+01   2.8107563e-01
   2.9000000e+01   2.8413707e-01
   3.0000000e+01   2.8720027e-01
   3.1000000e+01   2.9440400e-01
   3.2000000e+01   3.0160335e-01
   3.3000000e+01   3.0879831e-01
   3.4000000e+01   3.1598884e-01
   3.5000000e+01   3.2317495e-01
   3.6000000e+01   3.3035663e-01
   3.7000000e+01   3.3753395e-01
   3.8000000e+01   3.4470698e-01
   3.9000000e+01   3.5187566e-01
   4.0000000e+01   3.5904008e-01
   4.1000000e+01   3.6620024e-01
   4.2000000e+01   3.7335619e-01
   4.3000000e+01   3.8050798e-01
   4.4000000e+01   3.8765556e-01
   4.5000000e+01   3.9479905e-01
   4.6000000e+01   4.0193847e-01
   4.7000000e+01   4.0907383e-01
   4.8000000e+01   4.1620520e-01
   4.9000000e+01   4.2333257e-01
   5.0000000e+01   4.3045601e-01
   5.1000000e+01   4.3757555e-01
   5.2000000e+01   4.4469127e-01
   5.3000000e+01   4.5180315e-01
   5.4000000e+01   4.5891127e-01
   5.5000000e+01   4.6601564e-01
   5.6000000e+01   4.7311634e-01
   5.7000000e+01   4.8021337e-01
   5.8000000e+01   4.8730683e-01
   5.9000000e+01   4.9439669e-01
   6.0000000e+01   5.0148302e-01
   6.1000000e+01   5.0518382e-01
   6.2000000e+01   5.0888163e-01
   6.3000000e+01   5.1257646e-01
   6.4000000e+01   5.1626837e-01
   6.5000000e+01   5.1995724e-01
   6.6000000e+01   5.2364320e-01
   6.7000000e+01   5.2732623e-01
   6.8000000e+01   5.3100628e-01
   6.9000000e+01   5.3468335e-01
   7.0000000e+01   5.3835750e-01
   7.1000000e+01   5.4202873e-01
   7.2000000e+01   5.4569703e-01
   7.3000000e+01   5.4936242e-01
   7.4000000e+01   5.5302483e-01
   7.5000000e+01   5.5668437e-01
   7.6000000e+01   5.6034094e-01
   7.7000000e+01   5.6399453e-01
   7.8000000e+01   5.6764531e-01
   7.9000000e+01   5.7129312e-01
   8.0000000e+01   5.7493794e-01
   8.1000000e+01   5.7857984e-01
   8.2000000e+01   5.8221883e-01
   8.3000000e+01   5.8585483e-01
   8.4000000e+01   5.8948791e-01
   8.5000000e+01   5.9311807e-01
   8.6000000e+01   5.9674519e-01
   8.7000000e+01   6.0036939e-01
   8.8000000e+01   6.0399055e-01
   8.9000000e+01   6.0760885e-01
   9.0000000e+01   6.1122406e-01
   9.1000000e+01   6.1161894e-01
   9.2000000e+01   6.1201423e-01
   9.3000000e+01   6.1241013e-01
   9.4000000e+01   6.1280650e-01
   9.5000000e+01   6.1320341e-01
   9.6000000e+01   6.1360079e-01
   9.7000000e+01   6.1399877e-01
   9.8000000e+01   6.1439717e-01
   9.9000000e+01   6.1479616e-01
   1.0000000e+02   6.1519563e-01
   1.0100000e+02   6.1559564e-01
   1.0200000e+02   6.1599612e-01
   1.0300000e+02   6.1639714e-01
   1.0400000e+02   6.1679870e-01
   1.0500000e+02   6.1720073e-01
   1.0600000e+02   6.1760330e-01
   1.0700000e+02   6.1800635e-01
   1.0800000e+02   6.1840993e-01
   1.0900000e+02   6.1881399e-01
   1.1000000e+02   6.1921859e-01
   1.1100000e+02   6.1962372e-01
   1.1200000e+02   6.2002927e-01
   1.1300000e+02   6.2043542e-01
   1.1400000e+02   6.2084204e-01
   1.1500000e+02   6.2124914e-01
   1.1600000e+02   6.2165672e-01
   1.1700000e+02   6.2206489e-01
   1.1800000e+02   6.2247354e-01
   1.1900000e+02   6.2288266e-01
   1.2000000e+02   6.2329227e-01
   1.2100000e+02   6.2331986e-01
   1.2200000e+02   6.2334782e-01
   1.2300000e+02   6.2337589e-01
   1.2400000e+02   6.2340432e-01
   1.2500000e+02   6.2343293e-01
   1.2600000e+02   6.2346190e-01
   1.2700000e+02   6.2349105e-01
   1.2800000e+02   6.2352049e-01
   1.2900000e+02   6.2355018e-01
   1.3000000e+02   6.2358016e-01
   1.3100000e+02   6.2361038e-01
   1.3200000e+02   6.2364084e-01
   1.3300000e+02   6.2367159e-01
   1.3400000e+02   6.2370265e-01
   1.3500000e+02   6.2373394e-01
   1.3600000e+02   6.2376547e-01
   1.3700000e+02   6.2379730e-01
   1.3800000e+02   6.2382942e-01
   1.3900000e+02   6.2386179e-01
   1.4000000e+02   6.2389445e-01
   1.4100000e+02   6.2392735e-01
   1.4200000e+02   6.2396055e-01
   1.4300000e+02   6.2399399e-01
   1.4400000e+02   6.2402773e-01
   1.4500000e+02   6.2406176e-01
   1.4600000e+02   6.2409610e-01
   1.4700000e+02   6.2413061e-01
   1.4800000e+02   6.2416548e-01
   1.4900000e+02   6.2420058e-01
   1.5000000e+02   6.2423599e-01
   1.5100000e+02   6.2368798e-01
   1.5200000e+02   6.2313974e-01
   1.5300000e+02   6.2259138e-01
   1.5400000e+02   6.2204278e-01
   1.5500000e+02   6.2149394e-01
   1.5600000e+02   6.2094492e-01
   1.5700000e+02   6.2039572e-01
   1.5800000e+02   6.1984628e-01
   1.5900000e+02   6.1929667e-01
   1.6000000e+02   6.1874688e-01
   1.6100000e+02   6.1819685e-01
   1.6200000e+02   6.1764657e-01
   1.6300000e+02   6.1709619e-01
   1.6400000e+02   6.1654556e-01
   1.6500000e+02   6.1599475e-01
   1.6600000e+02   6.1544371e-01
   1.6700000e+02   6.1489242e-01
   1.6800000e+02   6.1434102e-01
   1.6900000e+02   6.1378938e-01
   1.7000000e+02   6.1323756e-01
   1.7100000e+02   6.1268550e-01
   1.7200000e+02   6.1213326e-01
   1.7300000e+02   6.1158079e-01
   1.7400000e+02   6.1102819e-01
   1.7500000e+02   6.1047536e-01
   1.7600000e+02   6.0992241e-01
   1.7700000e+02   6.0936916e-01
   1.7800000e+02   6.0881579e-01
   1.7900000e+02   6.0826218e-01
   1.8000000e+02   6.0770845e-01
   1.8100000e+02   6.0678786e-01
   1.8200000e+02   6.0586709e-01
   1.8300000e+02   6.0494620e-01
   1.8400000e+02   6.0402507e-01
   1.8500000e+02   6.0310376e-01
   1.8600000e+02   6.0218227e-01
   1.8700000e+02   6.0126066e-01
   1.8800000e+02   6.0033882e-01
   1.8900000e+02   5.9941685e-01
   1.9000000e+02   5.9849465e-01
   1.9100000e+02   5.9757227e-01
   1.9200000e+02   5.9664977e-01
   1.9300000e+02   5.9572703e-01
   1.9400000e+02   5.9480411e-01
   1.9500000e+02   5.9388107e-01
   1.9600000e+02   5.9295779e-01
   1.9700000e+02   5.9203440e-01
   1.9800000e+02   5.9111077e-01
   1.9900000e+02   5.9018695e-01
   2.0000000e+02   5.8926296e-01
   2.0100000e+02   5.8833879e-01
   2.0200000e+02   5.8741444e-01
   2.0300000e+02   5.8648992e-01
   2.0400000e+02   5.8556515e-01
   2.0500000e+02   5.8464020e-01
   2.0600000e+02   5.8371514e-01
   2.0700000e+02   5.8278984e-01
   2.0800000e+02   5.8186436e-01
   2.0900000e+02   5.8093864e-01
   2.1000000e+02   5.8001280e-01
   2.1100000e+02   5.7897520e-01
   2.1200000e+02   5.7793874e-01
   2.1300000e+02   5.7690328e-01
   2.1400000e+02   5.7586884e-01
   2.1500000e+02   5.7483542e-01
   2.1600000e+02   5.7380301e-01
   2.1700000e+02   5.7277149e-01
   2.1800000e+02   5.7174104e-01
   2.1900000e+02   5.7071149e-01
   2.2000000e+02   5.6968290e-01
   2.2100000e+02   5.6865513e-01
   2.2200000e+02   5.6762832e-01
   2.2300000e+02   5.6660247e-01
   2.2400000e+02   5.6557745e-01
   2.2500000e+02   5.6455332e-01
   2.2600000e+02   5.6353003e-01
   2.2700000e+02   5.6250751e-01
   2.2800000e+02   5.6148595e-01
   2.2900000e+02   5.6046516e-01
   2.3000000e+02   5.5944520e-01
   2.3100000e+02   5.5842602e-01
   2.3200000e+02   5.5740762e-01
   2.3300000e+02   5.5639005e-01
   2.3400000e+02   5.5537325e-01
   2.3500000e+02   5.5435723e-01
   2.3600000e+02   5.5334198e-01
   2.3700000e+02   5.5232745e-01
   2.3800000e+02   5.5131370e-01
   2.3900000e+02   5.5030072e-01
   2.4000000e+02   5.4928845e-01
   2.4100000e+02   5.4527438e-01
   2.4200000e+02   5.4126006e-01
   2.4300000e+02   5.3724563e-01
   2.4400000e+02   5.3323108e-01
   2.4500000e+02   5.2921629e-01
   2.4600000e+02   5.2520144e-01
   2.4700000e+02   5.2118641e-01
   2.4800000e+02   5.1717126e-01
   2.4900000e+02   5.1315594e-01
   2.5000000e+02   5.0914055e-01
   2.5100000e+02   5.0512499e-01
   2.5200000e+02   5.0110930e-01
   2.5300000e+02   4.9709353e-01
   2.5400000e+02   4.9307764e-01
   2.5500000e+02   4.8906162e-01
   2.5600000e+02   4.8504552e-01
   2.5700000e+02   4.8102930e-01
   2.5800000e+02   4.7701299e-01
   2.5900000e+02   4.7299656e-01
   2.6000000e+02   4.6898007e-01
   2.6100000e+02   4.6496347e-01
   2.6200000e+02   4.6094677e-01
   2.6300000e+02   4.5692998e-01
   2.6400000e+02   4.5291311e-01
   2.6500000e+02   4.4889611e-01
   2.6600000e+02   4.4487908e-01
   2.6700000e+02   4.4086200e-01
   2.6800000e+02   4.3684480e-01
   2.6900000e+02   4.3282756e-01
   2.7000000e+02   4.2881024e-01
   2.7100000e+02   4.2276046e-01
   2.7200000e+02   4.1671345e-01
   2.7300000e+02   4.1066924e-01
   2.7400000e+02   4.0462783e-01
   2.7500000e+02   3.9858922e-01
   2.7600000e+02   3.9255342e-01
   2.7700000e+02   3.8652042e-01
   2.7800000e+02   3.8049021e-01
   2.7900000e+02   3.7446275e-01
   2.8000000e+02   3.6843815e-01
   2.8100000e+02   3.6241633e-01
   2.8200000e+02   3.5639730e-01
   2.8300000e+02   3.5038108e-01
   2.8400000e+02   3.4436768e-01
   2.8500000e+02   3.3835706e-01
   2.8600000e+02   3.3234924e-01
   2.8700000e+02   3.2634422e-01
   2.8800000e+02   3.2034200e-01
   2.8900000e+02   3.1434259e-01
   2.9000000e+02   3.0834600e-01
   2.9100000e+02   3.0235219e-01
   2.9200000e+02   2.9636121e-01
   2.9300000e+02   2.9037300e-01
   2.9400000e+02   2.8438762e-01
   2.9500000e+02   2.7840501e-01
   2.9600000e+02   2.7242523e-01
   2.9700000e+02   2.6644826e-01
   2.9800000e+02   2.6047412e-01
   2.9900000e+02   2.5450274e-01
   3.0000000e+02   2.4853419e-01
   3.0100000e+02   2.4722698e-01
   3.0200000e+02   2.4591799e-01
   3.0300000e+02   2.4460717e-01
   3.0400000e+02   2.4329455e-01
   3.0500000e+02   2.4198009e-01
   3.0600000e+02   2.4066384e-01
   3.0700000e+02   2.3934577e-01
   3.0800000e+02   2.3802590e-01
   3.0900000e+02   2.3670420e-01
   3.1000000e+02   2.3538069e-01
   3.1100000e+02   2.3405537e-01
   3.1200000e+02   2.3272823e-01
   3.1300000e+02   2.3139927e-01
   3.1400000e+02   2.3006849e-01
   3.1500000e+02   2.2873589e-01
   3.1600000e+02   2.2740145e-01
   3.1700000e+02   2.2606522e-01
   3.1800000e+02   2.2472712e-01
   3.1900000e+02   2.2338723e-01
   3.2000000e+02   2.2204550e-01
   3.2100000e+02   2.2070195e-01
   3.2200000e+02   2.1935655e-01
   3.2300000e+02   2.1800934e-01
   3.2400000e+02   2.1666029e-01
   3.2500000e+02   2.1530940e-01
   3.2600000e+02   2.1395668e-01
   3.2700000e+02   2.1260214e-01
   3.2800000e+02   2.1124576e-01
   3.2900000e+02   2.0988753e-01
   3.3000000e+02   2.0852748e-01
   3.3100000e+02   2.0904678e-01
   3.3200000e+02   2.0956619e-01
   3.3300000e+02   2.1008572e-01
   3.3400000e+02   2.1060534e-01
   3.3500000e+02   2.1112506e-01
   3.3600000e+02   2.1164490e-01
   3.3700000e+02   2.1216482e-01
   3.3800000e+02   2.1268485e-01
   3.3900000e+02   2.1320501e-01
   3.4000000e+02   2.1372524e-01
   3.4100000e+02   2.1424559e-01
   3.4200000e+02   2.1476603e-01
   3.4300000e+02   2.1528658e-01
   3.4400000e+02   2.1580721e-01
   3.4500000e+02   2.1632797e-01
   3.4600000e+02   2.1684881e-01
   3.4700000e+02   2.1736975e-01
   3.4800000e+02   2.1789080e-01
   3.4900000e+02   2.1841194e-01
   3.5000000e+02   2.1893318e-01
   3.5100000e+02   2.1945451e-01
   3.5200000e+02   2.1997593e-01
   3.5300000e+02   2.2049746e-01
   3.5400000e+02   2.2101909e-01
   3.5500000e+02   2.2154081e-01
   3.5600000e+02   2.2206262e-01
   3.5700000e+02   2.2258453e-01
   3.5800000e+02   2.2310652e-01
   3.5900000e+02   2.2362861e-01
   1.4226848e-06   2.2415081e-01
