   0.0000000e+00   1.0322032e+02
   1.0000000e+00   2.7083973e+01
   2.0000000e+00   2.7048252e+01
   3.0000000e+00   2.7011082e+01
   4.0000000e+00   2.6972034e+01
   5.0000000e+00   2.6931137e+01
   6.0000000e+00   2.6888407e+01
   7.0000000e+00   2.6843866e+01
   8.0000000e+00   2.6797535e+01
   9.0000000e+00   2.6749403e+01
   1.0000000e+01   2.6699512e+01
   1.1000000e+01   2.6647894e+01
   1.2000000e+01   2.6594578e+01
   1.3000000e+01   2.6539576e+01
   1.4000000e+01   2.6482912e+01
   1.5000000e+01   2.6424629e+01
   1.6000000e+01   2.6364727e+01
   1.7000000e+01   2.6303225e+01
   1.8000000e+01   2.6240129e+01
   1.9000000e+01   2.6175476e+01
   2.0000000e+01   2.6109270e+01
   2.1000000e+01   2.6041521e+01
   2.2000000e+01   2.5972248e+01
   2.3000000e+01   2.5901478e+01
   2.4000000e+01   2.5829235e+01
   2.5000000e+01   2.5755558e+01
   2.6000000e+01   2.5680470e+01
   2.7000000e+01   2.5604010e+01
   2.8000000e+01   2.5526222e+01
   2.9000000e+01   2.5447123e+01
   3.0000000e+01   2.5366737e+01
   3.1000000e+01   2.5278563e+01
   3.2000000e+01   2.5188969e+01
   3.3000000e+01   2.5097998e+01
   3.4000000e+01   2.5005688e+01
   3.5000000e+01   2.4912052e+01
   3.6000000e+01   2.4817141e+01
   3.7000000e+01   2.4720993e+01
   3.8000000e+01   2.4623652e+01
   3.9000000e+01   2.4525154e+01
   4.0000000e+01   2.4425543e+01
   4.1000000e+01   2.4324852e+01
   4.2000000e+01   2.4223114e+01
   4.3000000e+01   2.4120354e+01
   4.4000000e+01   2.4016624e+01
   4.5000000e+01   2.3911964e+01
   4.6000000e+01   2.3806419e+01
   4.7000000e+01   2.3700024e+01
   4.8000000e+01   2.3592819e+01
   4.9000000e+01   2.3484846e+01
   5.0000000e+01   2.3376127e+01
   5.1000000e+01   2.3266701e+01
   5.2000000e+01   2.3156603e+01
   5.3000000e+01   2.3045876e+01
   5.4000000e+01   2.2934557e+01
   5.5000000e+01   2.2822647e+01
   5.6000000e+01   2.2710213e+01
   5.7000000e+01   2.2597292e+01
   5.8000000e+01   2.2483919e+01
   5.9000000e+01   2.2370132e+01
   6.0000000e+01   2.2255962e+01
   6.1000000e+01   2.2139231e+01
   6.2000000e+01   2.2022135e+01
   6.3000000e+01   2.1904711e+01
   6.4000000e+01   2.1786987e+01
   6.5000000e+01   2.1669044e+01
   6.6000000e+01   2.1550934e+01
   6.7000000e+01   2.1432625e+01
   6.8000000e+01   2.1314154e+01
   6.9000000e+01   2.1195549e+01
   7.0000000e+01   2.1076847e+01
   7.1000000e+01   2.0958075e+01
   7.2000000e+01   2.0839264e+01
   7.3000000e+01   2.0720444e+01
   7.4000000e+01   2.0601698e+01
   7.5000000e+01   2.0483044e+01
   7.6000000e+01   2.0364460e+01
   7.7000000e+01   2.0245983e+01
   7.8000000e+01   2.0127506e+01
   7.9000000e+01   2.0009016e+01
   8.0000000e+01   1.9890711e+01
   8.1000000e+01   1.9772625e+01
   8.2000000e+01   1.9654779e+01
   8.3000000e+01   1.9537069e+01
   8.4000000e+01   1.9419579e+01
   8.5000000e+01   1.9302362e+01
   8.6000000e+01   1.9185429e+01
   8.7000000e+01   1.9068628e+01
   8.8000000e+01   1.8952055e+01
   8.9000000e+01   1.8835819e+01
   9.0000000e+01   1.8719942e+01
   9.1000000e+01   1.8599819e+01
   9.2000000e+01   1.8479828e+01
   9.3000000e+01   1.8359938e+01
   9.4000000e+01   1.8240164e+01
   9.5000000e+01   1.8120525e+01
   9.6000000e+01   1.8001038e+01
   9.7000000e+01   1.7881718e+01
   9.8000000e+01   1.7762579e+01
   9.9000000e+01   1.7643614e+01
   1.0000000e+02   1.7524935e+01
   1.0100000e+02   1.7406490e+01
   1.0200000e+02   1.7288322e+01
   1.0300000e+02   1.7170401e+01
   1.0400000e+02   1.7052734e+01
   1.0500000e+02   1.6935350e+01
   1.0600000e+02   1.6818457e+01
   1.0700000e+02   1.6701860e+01
   1.0800000e+02   1.6585577e+01
   1.0900000e+02   1.6469608e+01
   1.1000000e+02   1.6353962e+01
   1.1100000e+02   1.6238642e+01
   1.1200000e+02   1.6123652e+01
   1.1300000e+02   1.6008997e+01
   1.1400000e+02   1.5894743e+01
   1.1500000e+02   1.5780878e+01
   1.1600000e+02   1.5666965e+01
   1.1700000e+02   1.5552643e+01
   1.1800000e+02   1.5438696e+01
   1.1900000e+02   1.5325133e+01
   1.2000000e+02   1.5211863e+01
   1.2100000e+02   1.5113557e+01
   1.2200000e+02   1.5015812e+01
   1.2300000e+02   1.4918616e+01
   1.2400000e+02   1.4821952e+01
   1.2500000e+02   1.4725803e+01
   1.2600000e+02   1.4630152e+01
   1.2700000e+02   1.4535478e+01
   1.2800000e+02   1.4441869e+01
   1.2900000e+02   1.4348302e+01
   1.3000000e+02   1.4254954e+01
   1.3100000e+02   1.4161819e+01
   1.3200000e+02   1.4068888e+01
   1.3300000e+02   1.3976159e+01
   1.3400000e+02   1.3883624e+01
   1.3500000e+02   1.3791277e+01
   1.3600000e+02   1.3698664e+01
   1.3700000e+02   1.3603673e+01
   1.3800000e+02   1.3504554e+01
   1.3900000e+02   1.3405140e+01
   1.4000000e+02   1.3305904e+01
   1.4100000e+02   1.3206884e+01
   1.4200000e+02   1.3108146e+01
   1.4300000e+02   1.3009748e+01
   1.4400000e+02   1.2911754e+01
   1.4500000e+02   1.2814222e+01
   1.4600000e+02   1.2717209e+01
   1.4700000e+02   1.2619424e+01
   1.4800000e+02   1.2522176e+01
   1.4900000e+02   1.2425663e+01
   1.5000000e+02   1.2329933e+01
   1.5100000e+02   1.2279458e+01
   1.5200000e+02   1.2229658e+01
   1.5300000e+02   1.2181215e+01
   1.5400000e+02   1.2134106e+01
   1.5500000e+02   1.2088261e+01
   1.5600000e+02   1.2043648e+01
   1.5700000e+02   1.2000302e+01
   1.5800000e+02   1.1957829e+01
   1.5900000e+02   1.1916245e+01
   1.6000000e+02   1.1876030e+01
   1.6100000e+02   1.1837156e+01
   1.6200000e+02   1.1799295e+01
   1.6300000e+02   1.1762512e+01
   1.6400000e+02   1.1726958e+01
   1.6500000e+02   1.1692616e+01
   1.6600000e+02   1.1659467e+01
   1.6700000e+02   1.1627491e+01
   1.6800000e+02   1.1596672e+01
   1.6900000e+02   1.1566996e+01
   1.7000000e+02   1.1538445e+01
   1.7100000e+02   1.1511005e+01
   1.7200000e+02   1.1484663e+01
   1.7300000e+02   1.1459756e+01
   1.7400000e+02   1.1440519e+01
   1.7500000e+02   1.1422807e+01
   1.7600000e+02   1.1406764e+01
   1.7700000e+02   1.1392389e+01
   1.7800000e+02   1.1379708e+01
   1.7900000e+02   1.1368507e+01
   1.8000000e+02   1.1358794e+01
   1.8100000e+02   1.1394004e+01
   1.8200000e+02   1.1430526e+01
   1.8300000e+02   1.1468321e+01
   1.8400000e+02   1.1507356e+01
   1.8500000e+02   1.1547595e+01
   1.8600000e+02   1.1589006e+01
   1.8700000e+02   1.1628872e+01
   1.8800000e+02   1.1662404e+01
   1.8900000e+02   1.1697394e+01
   1.9000000e+02   1.1733748e+01
   1.9100000e+02   1.1771439e+01
   1.9200000e+02   1.1810328e+01
   1.9300000e+02   1.1850468e+01
   1.9400000e+02   1.1891834e+01
   1.9500000e+02   1.1934389e+01
   1.9600000e+02   1.1978124e+01
   1.9700000e+02   1.2023011e+01
   1.9800000e+02   1.2069029e+01
   1.9900000e+02   1.2116158e+01
   2.0000000e+02   1.2164372e+01
   2.0100000e+02   1.2213640e+01
   2.0200000e+02   1.2263940e+01
   2.0300000e+02   1.2315247e+01
   2.0400000e+02   1.2367535e+01
   2.0500000e+02   1.2420782e+01
   2.0600000e+02   1.2474964e+01
   2.0700000e+02   1.2527755e+01
   2.0800000e+02   1.2579664e+01
   2.0900000e+02   1.2632315e+01
   2.1000000e+02   1.2685678e+01
   2.1100000e+02   1.2752990e+01
   2.1200000e+02   1.2822090e+01
   2.1300000e+02   1.2892958e+01
   2.1400000e+02   1.2965572e+01
   2.1500000e+02   1.3039917e+01
   2.1600000e+02   1.3115974e+01
   2.1700000e+02   1.3193723e+01
   2.1800000e+02   1.3273150e+01
   2.1900000e+02   1.3354241e+01
   2.2000000e+02   1.3436982e+01
   2.2100000e+02   1.3521379e+01
   2.2200000e+02   1.3607398e+01
   2.2300000e+02   1.3695027e+01
   2.2400000e+02   1.3784253e+01
   2.2500000e+02   1.3874736e+01
   2.2600000e+02   1.3966558e+01
   2.2700000e+02   1.4060041e+01
   2.2800000e+02   1.4155175e+01
   2.2900000e+02   1.4251944e+01
   2.3000000e+02   1.4350328e+01
   2.3100000e+02   1.4450311e+01
   2.3200000e+02   1.4551872e+01
   2.3300000e+02   1.4654992e+01
   2.3400000e+02   1.4759657e+01
   2.3500000e+02   1.4865876e+01
   2.3600000e+02   1.4973627e+01
   2.3700000e+02   1.5082881e+01
   2.3800000e+02   1.5193616e+01
   2.3900000e+02   1.5305821e+01
   2.4000000e+02   1.5419482e+01
   2.4100000e+02   1.5507380e+01
   2.4200000e+02   1.5596387e+01
   2.4300000e+02   1.5686497e+01
   2.4400000e+02   1.5777682e+01
   2.4500000e+02   1.5869951e+01
   2.4600000e+02   1.5963308e+01
   2.4700000e+02   1.6057747e+01
   2.4800000e+02   1.6153252e+01
   2.4900000e+02   1.6249798e+01
   2.5000000e+02   1.6347404e+01
   2.5100000e+02   1.6446030e+01
   2.5200000e+02   1.6545565e+01
   2.5300000e+02   1.6646164e+01
   2.5400000e+02   1.6747814e+01
   2.5500000e+02   1.6850508e+01
   2.5600000e+02   1.6954233e+01
   2.5700000e+02   1.7058977e+01
   2.5800000e+02   1.7164730e+01
   2.5900000e+02   1.7271475e+01
   2.6000000e+02   1.7379202e+01
   2.6100000e+02   1.7487898e+01
   2.6200000e+02   1.7597548e+01
   2.6300000e+02   1.7708138e+01
   2.6400000e+02   1.7819651e+01
   2.6500000e+02   1.7932074e+01
   2.6600000e+02   1.8045385e+01
   2.6700000e+02   1.8159571e+01
   2.6800000e+02   1.8274614e+01
   2.6900000e+02   1.8390501e+01
   2.7000000e+02   1.8507210e+01
   2.7100000e+02   1.8593454e+01
   2.7200000e+02   1.8680254e+01
   2.7300000e+02   1.8767595e+01
   2.7400000e+02   1.8855457e+01
   2.7500000e+02   1.8943827e+01
   2.7600000e+02   1.9032684e+01
   2.7700000e+02   1.9122015e+01
   2.7800000e+02   1.9211815e+01
   2.7900000e+02   1.9302050e+01
   2.8000000e+02   1.9392700e+01
   2.8100000e+02   1.9483744e+01
   2.8200000e+02   1.9575163e+01
   2.8300000e+02   1.9666935e+01
   2.8400000e+02   1.9759039e+01
   2.8500000e+02   1.9851454e+01
   2.8600000e+02   1.9944159e+01
   2.8700000e+02   2.0037130e+01
   2.8800000e+02   2.0130344e+01
   2.8900000e+02   2.0223776e+01
   2.9000000e+02   2.0317404e+01
   2.9100000e+02   2.0411200e+01
   2.9200000e+02   2.0505142e+01
   2.9300000e+02   2.0599203e+01
   2.9400000e+02   2.0693357e+01
   2.9500000e+02   2.0787582e+01
   2.9600000e+02   2.0881844e+01
   2.9700000e+02   2.0976120e+01
   2.9800000e+02   2.1070383e+01
   2.9900000e+02   2.1164602e+01
   3.0000000e+02   2.1258747e+01
   3.0100000e+02   2.1337248e+01
   3.0200000e+02   2.1415432e+01
   3.0300000e+02   2.1493275e+01
   3.0400000e+02   2.1570742e+01
   3.0500000e+02   2.1647806e+01
   3.0600000e+02   2.1724436e+01
   3.0700000e+02   2.1800602e+01
   3.0800000e+02   2.1876276e+01
   3.0900000e+02   2.1951424e+01
   3.1000000e+02   2.2026024e+01
   3.1100000e+02   2.2100044e+01
   3.1200000e+02   2.2173468e+01
   3.1300000e+02   2.2246244e+01
   3.1400000e+02   2.2318344e+01
   3.1500000e+02   2.2389736e+01
   3.1600000e+02   2.2460403e+01
   3.1700000e+02   2.2530313e+01
   3.1800000e+02   2.2599422e+01
   3.1900000e+02   2.2667706e+01
   3.2000000e+02   2.2735130e+01
   3.2100000e+02   2.2801664e+01
   3.2200000e+02   2.2867279e+01
   3.2300000e+02   2.2931948e+01
   3.2400000e+02   2.2995636e+01
   3.2500000e+02   2.3058317e+01
   3.2600000e+02   2.3119965e+01
   3.2700000e+02   2.3180546e+01
   3.2800000e+02   2.3240036e+01
   3.2900000e+02   2.3298409e+01
   3.3000000e+02   2.3355633e+01
   3.3100000e+02   2.3391787e+01
   3.3200000e+02   2.3426678e+01
   3.3300000e+02   2.3460283e+01
   3.3400000e+02   2.3492580e+01
   3.3500000e+02   2.3523548e+01
   3.3600000e+02   2.3553165e+01
   3.3700000e+02   2.3581402e+01
   3.3800000e+02   2.3608215e+01
   3.3900000e+02   2.3633617e+01
   3.4000000e+02   2.3657591e+01
   3.4100000e+02   2.3680117e+01
   3.4200000e+02   2.3701176e+01
   3.4300000e+02   2.3720755e+01
   3.4400000e+02   2.3738838e+01
   3.4500000e+02   2.3755411e+01
   3.4600000e+02   2.3770458e+01
   3.4700000e+02   2.3783970e+01
   3.4800000e+02   2.3795933e+01
   3.4900000e+02   2.3806335e+01
   3.5000000e+02   2.3815170e+01
   3.5100000e+02   2.3822426e+01
   3.5200000e+02   2.3828096e+01
   3.5300000e+02   2.3832172e+01
   3.5400000e+02   2.3834650e+01
   3.5500000e+02   2.3835522e+01
   3.5600000e+02   2.3834782e+01
   3.5700000e+02   2.3832430e+01
   3.5800000e+02   2.3828465e+01
   3.5900000e+02   2.3822884e+01
   7.1133672e-07   2.3815689e+01
   1.0000007e+00   2.3784250e+01
   2.0000007e+00   2.3751165e+01
   3.0000007e+00   2.3716440e+01
   4.0000010e+00   2.3680080e+01
   5.0000010e+00   2.3642099e+01
   6.0000010e+00   2.3602503e+01
   7.0000010e+00   2.3561304e+01
   8.0000010e+00   2.3518503e+01
   9.0000010e+00   2.3474037e+01
   1.0000001e+01   2.3428005e+01
   1.1000001e+01   2.3380421e+01
   1.2000001e+01   2.3331303e+01
   1.3000001e+01   2.3280668e+01
   1.4000001e+01   2.3228529e+01
   1.5000001e+01   2.3174908e+01
   1.6000000e+01   2.3119822e+01
   1.7000000e+01   2.3063293e+01
   1.8000000e+01   2.3005342e+01
   1.9000000e+01   2.2945992e+01
   2.0000000e+01   2.2885263e+01
   2.1000000e+01   2.2823179e+01
   2.2000000e+01   2.2759764e+01
   2.3000000e+01   2.2695040e+01
   2.4000000e+01   2.2629032e+01
   2.5000000e+01   2.2561766e+01
   2.6000000e+01   2.2493265e+01
   2.7000000e+01   2.2423559e+01
   2.8000000e+01   2.2352673e+01
   2.9000000e+01   2.2280638e+01
   3.0000000e+01   2.2207483e+01
   3.1000000e+01   2.2114542e+01
   3.2000000e+01   2.2020540e+01
   3.3000000e+01   2.1925507e+01
   3.4000000e+01   2.1829447e+01
   3.5000000e+01   2.1732420e+01
   3.6000000e+01   2.1634462e+01
   3.7000000e+01   2.1535603e+01
   3.8000000e+01   2.1435877e+01
   3.9000000e+01   2.1335318e+01
   4.0000000e+01   2.1233957e+01
   4.1000000e+01   2.1131832e+01
   4.2000000e+01   2.1028973e+01
   4.3000000e+01   2.0925409e+01
   4.4000000e+01   2.0821178e+01
   4.5000000e+01   2.0716316e+01
   4.6000000e+01   2.0610855e+01
   4.7000000e+01   2.0504831e+01
   4.8000000e+01   2.0398273e+01
   4.9000000e+01   2.0291220e+01
   5.0000000e+01   2.0183699e+01
   5.1000000e+01   2.0075747e+01
   5.2000000e+01   1.9967394e+01
   5.3000000e+01   1.9858673e+01
   5.4000000e+01   1.9749620e+01
   5.5000000e+01   1.9640263e+01
   5.6000000e+01   1.9530634e+01
   5.7000000e+01   1.9420765e+01
   5.8000000e+01   1.9310686e+01
   5.9000000e+01   1.9200424e+01
   6.0000000e+01   1.9089993e+01
   6.1000000e+01   1.8925783e+01
   6.2000000e+01   1.8761356e+01
   6.3000000e+01   1.8596748e+01
   6.4000000e+01   1.8431993e+01
   6.5000000e+01   1.8267126e+01
   6.6000000e+01   1.8102180e+01
   6.7000000e+01   1.7937189e+01
   6.8000000e+01   1.7772186e+01
   6.9000000e+01   1.7607203e+01
   7.0000000e+01   1.7442270e+01
   7.1000000e+01   1.7277418e+01
   7.2000000e+01   1.7112680e+01
   7.3000000e+01   1.6948082e+01
   7.4000000e+01   1.6783653e+01
   7.5000000e+01   1.6619421e+01
   7.6000000e+01   1.6455414e+01
   7.7000000e+01   1.6291656e+01
   7.8000000e+01   1.6128176e+01
   7.9000000e+01   1.5964996e+01
   8.0000000e+01   1.5802163e+01
   8.1000000e+01   1.5639683e+01
   8.2000000e+01   1.5477577e+01
   8.3000000e+01   1.5315867e+01
   8.4000000e+01   1.5154576e+01
   8.5000000e+01   1.4993724e+01
   8.6000000e+01   1.4833328e+01
   8.7000000e+01   1.4673410e+01
   8.8000000e+01   1.4513987e+01
   8.9000000e+01   1.4355077e+01
   9.0000000e+01   1.4196695e+01
   9.1000000e+01   1.3999706e+01
   9.2000000e+01   1.3803143e+01
   9.3000000e+01   1.3607047e+01
   9.4000000e+01   1.3411464e+01
   9.5000000e+01   1.3216436e+01
   9.6000000e+01   1.3021992e+01
   9.7000000e+01   1.2828176e+01
   9.8000000e+01   1.2635032e+01
   9.9000000e+01   1.2442594e+01
   1.0000000e+02   1.2250895e+01
   1.0100000e+02   1.2059962e+01
   1.0200000e+02   1.1869827e+01
   1.0300000e+02   1.1680516e+01
   1.0400000e+02   1.1492053e+01
   1.0500000e+02   1.1304461e+01
   1.0600000e+02   1.1117762e+01
   1.0700000e+02   1.0931977e+01
   1.0800000e+02   1.0747123e+01
   1.0900000e+02   1.0563220e+01
   1.1000000e+02   1.0380284e+01
   1.1100000e+02   1.0198330e+01
   1.1200000e+02   1.0017372e+01
   1.1300000e+02   9.8374233e+00
   1.1400000e+02   9.6584930e+00
   1.1500000e+02   9.4805927e+00
   1.1600000e+02   9.3037300e+00
   1.1700000e+02   9.1279144e+00
   1.1800000e+02   8.9531517e+00
   1.1900000e+02   8.7794485e+00
   1.2000000e+02   8.6068077e+00
   1.2100000e+02   8.5504732e+00
   1.2200000e+02   8.4949903e+00
   1.2300000e+02   8.4403439e+00
   1.2400000e+02   8.3865252e+00
   1.2500000e+02   8.3335257e+00
   1.2600000e+02   8.2813406e+00
   1.2700000e+02   8.2299604e+00
   1.2800000e+02   8.1793795e+00
   1.2900000e+02   8.1295891e+00
   1.3000000e+02   8.0805817e+00
   1.3100000e+02   8.0323067e+00
   1.3200000e+02   7.9847956e+00
   1.3300000e+02   7.9380460e+00
   1.3400000e+02   7.8920541e+00
   1.3500000e+02   7.8468127e+00
   1.3600000e+02   7.8023167e+00
   1.3700000e+02   7.7585611e+00
   1.3800000e+02   7.7155404e+00
   1.3900000e+02   7.6732483e+00
   1.4000000e+02   7.6316795e+00
   1.4100000e+02   7.5908284e+00
   1.4200000e+02   7.5506911e+00
   1.4300000e+02   7.5112615e+00
   1.4400000e+02   7.4725342e+00
   1.4500000e+02   7.4345040e+00
   1.4600000e+02   7.3971658e+00
   1.4700000e+02   7.3605142e+00
   1.4800000e+02   7.3245440e+00
   1.4900000e+02   7.2892504e+00
   1.5000000e+02   7.2546277e+00
   1.5100000e+02   7.2526112e+00
   1.5200000e+02   7.2510505e+00
   1.5300000e+02   7.2499475e+00
   1.5400000e+02   7.2493062e+00
   1.5500000e+02   7.2491293e+00
   1.5600000e+02   7.2494192e+00
   1.5700000e+02   7.2501779e+00
   1.5800000e+02   7.2514091e+00
   1.5900000e+02   7.2531142e+00
   1.6000000e+02   7.2552958e+00
   1.6100000e+02   7.2579556e+00
   1.6200000e+02   7.2610965e+00
   1.6300000e+02   7.2647200e+00
   1.6400000e+02   7.2688274e+00
   1.6500000e+02   7.2734208e+00
   1.6600000e+02   7.2785025e+00
   1.6700000e+02   7.2840729e+00
   1.6800000e+02   7.2901344e+00
   1.6900000e+02   7.2966881e+00
   1.7000000e+02   7.3037362e+00
   1.7100000e+02   7.3112788e+00
   1.7200000e+02   7.3193183e+00
   1.7300000e+02   7.3278556e+00
   1.7400000e+02   7.3368917e+00
   1.7500000e+02   7.3464279e+00
   1.7600000e+02   7.3564649e+00
   1.7700000e+02   7.3670049e+00
   1.7800000e+02   7.3780475e+00
   1.7900000e+02   7.3895950e+00
   1.8000000e+02   7.4016476e+00
   1.8100000e+02   7.4347024e+00
   1.8200000e+02   7.4683161e+00
   1.8300000e+02   7.5024900e+00
   1.8400000e+02   7.5372281e+00
   1.8500000e+02   7.5725317e+00
   1.8600000e+02   7.6084042e+00
   1.8700000e+02   7.6448488e+00
   1.8800000e+02   7.6818666e+00
   1.8900000e+02   7.7194614e+00
   1.9000000e+02   7.7576361e+00
   1.9100000e+02   7.7963929e+00
   1.9200000e+02   7.8357344e+00
   1.9300000e+02   7.8756652e+00
   1.9400000e+02   7.9161921e+00
   1.9500000e+02   7.9573121e+00
   1.9600000e+02   7.9990282e+00
   1.9700000e+02   8.0413437e+00
   1.9800000e+02   8.0842600e+00
   1.9900000e+02   8.1277809e+00
   2.0000000e+02   8.1719074e+00
   2.0100000e+02   8.2166433e+00
   2.0200000e+02   8.2619915e+00
   2.0300000e+02   8.3079529e+00
   2.0400000e+02   8.3545322e+00
   2.0500000e+02   8.4017296e+00
   2.0600000e+02   8.4495487e+00
   2.0700000e+02   8.4979906e+00
   2.0800000e+02   8.5470600e+00
   2.0900000e+02   8.5967560e+00
   2.1000000e+02   8.6470833e+00
   2.1100000e+02   8.7906961e+00
   2.1200000e+02   8.9348621e+00
   2.1300000e+02   9.0795908e+00
   2.1400000e+02   9.2248898e+00
   2.1500000e+02   9.3707676e+00
   2.1600000e+02   9.5172310e+00
   2.1700000e+02   9.6642876e+00
   2.1800000e+02   9.8119450e+00
   2.1900000e+02   9.9602089e+00
   2.2000000e+02   1.0109086e+01
   2.2100000e+02   1.0258582e+01
   2.2200000e+02   1.0408703e+01
   2.2300000e+02   1.0559453e+01
   2.2400000e+02   1.0710837e+01
   2.2500000e+02   1.0862861e+01
   2.2600000e+02   1.1015526e+01
   2.2700000e+02   1.1168839e+01
   2.2800000e+02   1.1322799e+01
   2.2900000e+02   1.1477412e+01
   2.3000000e+02   1.1632679e+01
   2.3100000e+02   1.1788602e+01
   2.3200000e+02   1.1944991e+01
   2.3300000e+02   1.2101956e+01
   2.3400000e+02   1.2259573e+01
   2.3500000e+02   1.2417844e+01
   2.3600000e+02   1.2576770e+01
   2.3700000e+02   1.2736351e+01
   2.3800000e+02   1.2896588e+01
   2.3900000e+02   1.3057481e+01
   2.4000000e+02   1.3219028e+01
   2.4100000e+02   1.3348161e+01
   2.4200000e+02   1.3478191e+01
   2.4300000e+02   1.3609115e+01
   2.4400000e+02   1.3740927e+01
   2.4500000e+02   1.3873625e+01
   2.4600000e+02   1.4007204e+01
   2.4700000e+02   1.4141660e+01
   2.4800000e+02   1.4276986e+01
   2.4900000e+02   1.4413178e+01
   2.5000000e+02   1.4550229e+01
   2.5100000e+02   1.4688132e+01
   2.5200000e+02   1.4826881e+01
   2.5300000e+02   1.4966468e+01
   2.5400000e+02   1.5106886e+01
   2.5500000e+02   1.5248123e+01
   2.5600000e+02   1.5390175e+01
   2.5700000e+02   1.5533028e+01
   2.5800000e+02   1.5676674e+01
   2.5900000e+02   1.5821103e+01
   2.6000000e+02   1.5966302e+01
   2.6100000e+02   1.6112261e+01
   2.6200000e+02   1.6258965e+01
   2.6300000e+02   1.6406404e+01
   2.6400000e+02   1.6554564e+01
   2.6500000e+02   1.6703432e+01
   2.6600000e+02   1.6852993e+01
   2.6700000e+02   1.7003231e+01
   2.6800000e+02   1.7154131e+01
   2.6900000e+02   1.7305674e+01
   2.7000000e+02   1.7457842e+01
   2.7100000e+02   1.7561443e+01
   2.7200000e+02   1.7665600e+01
   2.7300000e+02   1.7770296e+01
   2.7400000e+02   1.7875515e+01
   2.7500000e+02   1.7981241e+01
   2.7600000e+02   1.8087456e+01
   2.7700000e+02   1.8194141e+01
   2.7800000e+02   1.8301279e+01
   2.7900000e+02   1.8408852e+01
   2.8000000e+02   1.8516836e+01
   2.8100000e+02   1.8625217e+01
   2.8200000e+02   1.8733969e+01
   2.8300000e+02   1.8843075e+01
   2.8400000e+02   1.8952511e+01
   2.8500000e+02   1.9062254e+01
   2.8600000e+02   1.9172283e+01
   2.8700000e+02   1.9282576e+01
   2.8800000e+02   1.9393105e+01
   2.8900000e+02   1.9503849e+01
   2.9000000e+02   1.9614782e+01
   2.9100000e+02   1.9725880e+01
   2.9200000e+02   1.9837116e+01
   2.9300000e+02   1.9948465e+01
   2.9400000e+02   2.0059898e+01
   2.9500000e+02   2.0171389e+01
   2.9600000e+02   2.0282911e+01
   2.9700000e+02   2.0394436e+01
   2.9800000e+02   2.0505932e+01
   2.9900000e+02   2.0617374e+01
   3.0000000e+02   2.0728731e+01
   3.0100000e+02   2.0808363e+01
   3.0200000e+02   2.0887661e+01
   3.0300000e+02   2.0966600e+01
   3.0400000e+02   2.1045149e+01
   3.0500000e+02   2.1123278e+01
   3.0600000e+02   2.1200960e+01
   3.0700000e+02   2.1278164e+01
   3.0800000e+02   2.1354858e+01
   3.0900000e+02   2.1431017e+01
   3.1000000e+02   2.1506609e+01
   3.1100000e+02   2.1581604e+01
   3.1200000e+02   2.1655970e+01
   3.1300000e+02   2.1729679e+01
   3.1400000e+02   2.1802702e+01
   3.1500000e+02   2.1875006e+01
   3.1600000e+02   2.1946564e+01
   3.1700000e+02   2.2017342e+01
   3.1800000e+02   2.2087315e+01
   3.1900000e+02   2.2156448e+01
   3.2000000e+02   2.2224716e+01
   3.2100000e+02   2.2292088e+01
   3.2200000e+02   2.2358532e+01
   3.2300000e+02   2.2424023e+01
   3.2400000e+02   2.2488529e+01
   3.2500000e+02   2.2552023e+01
   3.2600000e+02   2.2614475e+01
   3.2700000e+02   2.2675859e+01
   3.2800000e+02   2.2736147e+01
   3.2900000e+02   2.2795313e+01
   3.3000000e+02   2.2853327e+01
   3.3100000e+02   2.2890541e+01
   3.3200000e+02   2.2926498e+01
   3.3300000e+02   2.2961176e+01
   3.3400000e+02   2.2994555e+01
   3.3500000e+02   2.3026609e+01
   3.3600000e+02   2.3057322e+01
   3.3700000e+02   2.3086668e+01
   3.3800000e+02   2.3114630e+01
   3.3900000e+02   2.3141190e+01
   3.4000000e+02   2.3166327e+01
   3.4100000e+02   2.3190025e+01
   3.4200000e+02   2.3212269e+01
   3.4300000e+02   2.3233040e+01
   3.4400000e+02   2.3252323e+01
   3.4500000e+02   2.3270105e+01
   3.4600000e+02   2.3286373e+01
   3.4700000e+02   2.3301113e+01
   3.4800000e+02   2.3314230e+01
   3.4900000e+02   2.3325794e+01
   3.5000000e+02   2.3335798e+01
   3.5100000e+02   2.3344234e+01
   3.5200000e+02   2.3351095e+01
   3.5300000e+02   2.3356373e+01
   3.5400000e+02   2.3360060e+01
   3.5500000e+02   2.3362152e+01
   3.5600000e+02   2.3362644e+01
   3.5700000e+02   2.3361538e+01
   3.5800000e+02   2.3358824e+01
   3.5900000e+02   2.3354506e+01
   1.4226848e-06   2.3348583e+01
