   0.0000000e+00  -1.1499026e-18
   1.0000000e+00   6.5589492e-04
   2.0000000e+00   1.7356977e-03
   3.0000000e+00   2.8209325e-03
   4.0000000e+00   3.9112689e-03
   5.0000000e+00   5.0065862e-03
   6.0000000e+00   6.1066230e-03
   7.0000000e+00   7.2111702e-03
   8.0000000e+00   8.3198911e-03
   9.0000000e+00   9.4327303e-03
   1.0000000e+01   1.0549250e-02
   1.1000000e+01   1.1668714e-02
   1.2000000e+01   1.2790754e-02
   1.3000000e+01   1.3915027e-02
   1.4000000e+01   1.5041065e-02
   1.5000000e+01   1.6168457e-02
   1.6000000e+01   1.7297836e-02
   1.7000000e+01   1.8429268e-02
   1.8000000e+01   1.9562945e-02
   1.9000000e+01   2.0698698e-02
   2.0000000e+01   2.1837194e-02
   2.1000000e+01   2.2978982e-02
   2.2000000e+01   2.4124205e-02
   2.3000000e+01   2.5272813e-02
   2.4000000e+01   2.6424726e-02
   2.5000000e+01   2.7579932e-02
   2.6000000e+01   2.8738409e-02
   2.7000000e+01   2.9899791e-02
   2.8000000e+01   3.1063821e-02
   2.9000000e+01   3.2230433e-02
   3.0000000e+01   3.3399701e-02
   3.1000000e+01   3.4707047e-02
   3.2000000e+01   3.6024857e-02
   3.3000000e+01   3.7353039e-02
   3.4000000e+01   3.8691673e-02
   3.5000000e+01   4.0040601e-02
   3.6000000e+01   4.1399740e-02
   3.7000000e+01   4.2768944e-02
   3.8000000e+01   4.4148013e-02
   3.9000000e+01   4.5536648e-02
   4.0000000e+01   4.6934735e-02
   4.1000000e+01   4.8342191e-02
   4.2000000e+01   4.9758911e-02
   4.3000000e+01   5.1184766e-02
   4.4000000e+01   5.2619714e-02
   4.5000000e+01   5.4063596e-02
   4.6000000e+01   5.5516195e-02
   4.7000000e+01   5.6977406e-02
   4.8000000e+01   5.8447275e-02
   4.9000000e+01   5.9925720e-02
   5.0000000e+01   6.1412632e-02
   5.1000000e+01   6.2907912e-02
   5.2000000e+01   6.4411499e-02
   5.3000000e+01   6.5923207e-02
   5.4000000e+01   6.7442916e-02
   5.5000000e+01   6.8970524e-02
   5.6000000e+01   7.0506006e-02
   5.7000000e+01   7.2049312e-02
   5.8000000e+01   7.3600337e-02
   5.9000000e+01   7.5158969e-02
   6.0000000e+01   7.6725140e-02
   6.1000000e+01   7.8426898e-02
   6.2000000e+01   8.0138713e-02
   6.3000000e+01   8.1860520e-02
   6.4000000e+01   8.3592251e-02
   6.5000000e+01   8.5333847e-02
   6.6000000e+01   8.7085269e-02
   6.7000000e+01   8.8846423e-02
   6.8000000e+01   9.0617225e-02
   6.9000000e+01   9.2397556e-02
   7.0000000e+01   9.4187327e-02
   7.1000000e+01   9.5986433e-02
   7.2000000e+01   9.7794823e-02
   7.3000000e+01   9.9612445e-02
   7.4000000e+01   1.0143919e-01
   7.5000000e+01   1.0327499e-01
   7.6000000e+01   1.0511975e-01
   7.7000000e+01   1.0697345e-01
   7.8000000e+01   1.0883600e-01
   7.9000000e+01   1.1070737e-01
   8.0000000e+01   1.1258752e-01
   8.1000000e+01   1.1447635e-01
   8.2000000e+01   1.1637378e-01
   8.3000000e+01   1.1827970e-01
   8.4000000e+01   1.2019533e-01
   8.5000000e+01   1.2212103e-01
   8.6000000e+01   1.2405691e-01
   8.7000000e+01   1.2600309e-01
   8.8000000e+01   1.2795967e-01
   8.9000000e+01   1.2992676e-01
   9.0000000e+01   1.3190447e-01
   9.1000000e+01   1.3423432e-01
   9.2000000e+01   1.3658954e-01
   9.3000000e+01   1.3897005e-01
   9.4000000e+01   1.4137582e-01
   9.5000000e+01   1.4380682e-01
   9.6000000e+01   1.4626299e-01
   9.7000000e+01   1.4874429e-01
   9.8000000e+01   1.5125069e-01
   9.9000000e+01   1.5378217e-01
   1.0000000e+02   1.5633875e-01
   1.0100000e+02   1.5892036e-01
   1.0200000e+02   1.6152701e-01
   1.0300000e+02   1.6415860e-01
   1.0400000e+02   1.6681510e-01
   1.0500000e+02   1.6949649e-01
   1.0600000e+02   1.7220275e-01
   1.0700000e+02   1.7493457e-01
   1.0800000e+02   1.7769201e-01
   1.0900000e+02   1.8047519e-01
   1.1000000e+02   1.8328424e-01
   1.1100000e+02   1.8611923e-01
   1.1200000e+02   1.8898028e-01
   1.1300000e+02   1.9186752e-01
   1.1400000e+02   1.9478101e-01
   1.1500000e+02   1.9772044e-01
   1.1600000e+02   2.0068562e-01
   1.1700000e+02   2.0367521e-01
   1.1800000e+02   2.0668665e-01
   1.1900000e+02   2.0971973e-01
   1.2000000e+02   2.1277416e-01
   1.2100000e+02   2.1558693e-01
   1.2200000e+02   2.1841966e-01
   1.2300000e+02   2.2127332e-01
   1.2400000e+02   2.2414887e-01
   1.2500000e+02   2.2704728e-01
   1.2600000e+02   2.2996950e-01
   1.2700000e+02   2.3291652e-01
   1.2800000e+02   2.3589082e-01
   1.2900000e+02   2.3889531e-01
   1.3000000e+02   2.4193011e-01
   1.3100000e+02   2.4499553e-01
   1.3200000e+02   2.4809197e-01
   1.3300000e+02   2.5121972e-01
   1.3400000e+02   2.5437912e-01
   1.3500000e+02   2.5757059e-01
   1.3600000e+02   2.6079446e-01
   1.3700000e+02   2.6405445e-01
   1.3800000e+02   2.6735112e-01
   1.3900000e+02   2.7067658e-01
   1.4000000e+02   2.7402768e-01
   1.4100000e+02   2.7740219e-01
   1.4200000e+02   2.8079787e-01
   1.4300000e+02   2.8421253e-01
   1.4400000e+02   2.8764388e-01
   1.4500000e+02   2.9108956e-01
   1.4600000e+02   2.9454723e-01
   1.4700000e+02   2.9801449e-01
   1.4800000e+02   3.0148646e-01
   1.4900000e+02   3.0496028e-01
   1.5000000e+02   3.0843312e-01
   1.5100000e+02   3.0979216e-01
   1.5200000e+02   3.1113723e-01
   1.5300000e+02   3.1246617e-01
   1.5400000e+02   3.1377935e-01
   1.5500000e+02   3.1507725e-01
   1.5600000e+02   3.1636021e-01
   1.5700000e+02   3.1762868e-01
   1.5800000e+02   3.1888303e-01
   1.5900000e+02   3.2012287e-01
   1.6000000e+02   3.2134783e-01
   1.6100000e+02   3.2255858e-01
   1.6200000e+02   3.2375568e-01
   1.6300000e+02   3.2493919e-01
   1.6400000e+02   3.2610923e-01
   1.6500000e+02   3.2726613e-01
   1.6600000e+02   3.2841033e-01
   1.6700000e+02   3.2954213e-01
   1.6800000e+02   3.3066192e-01
   1.6900000e+02   3.3176997e-01
   1.7000000e+02   3.3286667e-01
   1.7100000e+02   3.3395231e-01
   1.7200000e+02   3.3502713e-01
   1.7300000e+02   3.3609149e-01
   1.7400000e+02   3.3714649e-01
   1.7500000e+02   3.3820403e-01
   1.7600000e+02   3.3926606e-01
   1.7700000e+02   3.4033489e-01
   1.7800000e+02   3.4141287e-01
   1.7900000e+02   3.4250239e-01
   1.8000000e+02   3.4360528e-01
   1.8100000e+02   3.4236601e-01
   1.8200000e+02   3.4111425e-01
   1.8300000e+02   3.3984983e-01
   1.8400000e+02   3.3857250e-01
   1.8500000e+02   3.3728185e-01
   1.8600000e+02   3.3597752e-01
   1.8700000e+02   3.3465883e-01
   1.8800000e+02   3.3332139e-01
   1.8900000e+02   3.3195430e-01
   1.9000000e+02   3.3055839e-01
   1.9100000e+02   3.2913429e-01
   1.9200000e+02   3.2768261e-01
   1.9300000e+02   3.2620385e-01
   1.9400000e+02   3.2469848e-01
   1.9500000e+02   3.2316703e-01
   1.9600000e+02   3.2160997e-01
   1.9700000e+02   3.2002774e-01
   1.9800000e+02   3.1842077e-01
   1.9900000e+02   3.1678942e-01
   2.0000000e+02   3.1513405e-01
   2.0100000e+02   3.1345505e-01
   2.0200000e+02   3.1175268e-01
   2.0300000e+02   3.1002721e-01
   2.0400000e+02   3.0827892e-01
   2.0500000e+02   3.0650809e-01
   2.0600000e+02   3.0471489e-01
   2.0700000e+02   3.0289954e-01
   2.0800000e+02   3.0105874e-01
   2.0900000e+02   2.9918969e-01
   2.1000000e+02   2.9729205e-01
   2.1100000e+02   2.9499480e-01
   2.1200000e+02   2.9265955e-01
   2.1300000e+02   2.9028687e-01
   2.1400000e+02   2.8787735e-01
   2.1500000e+02   2.8543147e-01
   2.1600000e+02   2.8294981e-01
   2.1700000e+02   2.8043279e-01
   2.1800000e+02   2.7788094e-01
   2.1900000e+02   2.7529466e-01
   2.2000000e+02   2.7267435e-01
   2.2100000e+02   2.7002046e-01
   2.2200000e+02   2.6733345e-01
   2.2300000e+02   2.6461375e-01
   2.2400000e+02   2.6186177e-01
   2.2500000e+02   2.5907791e-01
   2.2600000e+02   2.5626203e-01
   2.2700000e+02   2.5341350e-01
   2.2800000e+02   2.5053293e-01
   2.2900000e+02   2.4762100e-01
   2.3000000e+02   2.4467838e-01
   2.3100000e+02   2.4170564e-01
   2.3200000e+02   2.3870341e-01
   2.3300000e+02   2.3567227e-01
   2.3400000e+02   2.3261280e-01
   2.3500000e+02   2.2952555e-01
   2.3600000e+02   2.2641101e-01
   2.3700000e+02   2.2326966e-01
   2.3800000e+02   2.2010194e-01
   2.3900000e+02   2.1690834e-01
   2.4000000e+02   2.1368936e-01
   2.4100000e+02   2.1199939e-01
   2.4200000e+02   2.1029378e-01
   2.4300000e+02   2.0857257e-01
   2.4400000e+02   2.0683587e-01
   2.4500000e+02   2.0508371e-01
   2.4600000e+02   2.0331618e-01
   2.4700000e+02   2.0153335e-01
   2.4800000e+02   1.9973528e-01
   2.4900000e+02   1.9792202e-01
   2.5000000e+02   1.9609366e-01
   2.5100000e+02   1.9425027e-01
   2.5200000e+02   1.9239178e-01
   2.5300000e+02   1.9051787e-01
   2.5400000e+02   1.8862867e-01
   2.5500000e+02   1.8672435e-01
   2.5600000e+02   1.8480504e-01
   2.5700000e+02   1.8287089e-01
   2.5800000e+02   1.8092206e-01
   2.5900000e+02   1.7895871e-01
   2.6000000e+02   1.7698097e-01
   2.6100000e+02   1.7498897e-01
   2.6200000e+02   1.7298289e-01
   2.6300000e+02   1.7096284e-01
   2.6400000e+02   1.6892903e-01
   2.6500000e+02   1.6688155e-01
   2.6600000e+02   1.6482057e-01
   2.6700000e+02   1.6274624e-01
   2.6800000e+02   1.6065869e-01
   2.6900000e+02   1.5855807e-01
   2.7000000e+02   1.5644453e-01
   2.7100000e+02   1.5572582e-01
   2.7200000e+02   1.5500163e-01
   2.7300000e+02   1.5427192e-01
   2.7400000e+02   1.5353671e-01
   2.7500000e+02   1.5279600e-01
   2.7600000e+02   1.5204978e-01
   2.7700000e+02   1.5129806e-01
   2.7800000e+02   1.5054081e-01
   2.7900000e+02   1.4977808e-01
   2.8000000e+02   1.4900981e-01
   2.8100000e+02   1.4823605e-01
   2.8200000e+02   1.4745678e-01
   2.8300000e+02   1.4667200e-01
   2.8400000e+02   1.4588173e-01
   2.8500000e+02   1.4508595e-01
   2.8600000e+02   1.4428467e-01
   2.8700000e+02   1.4347792e-01
   2.8800000e+02   1.4266568e-01
   2.8900000e+02   1.4184798e-01
   2.9000000e+02   1.4102483e-01
   2.9100000e+02   1.4019620e-01
   2.9200000e+02   1.3936214e-01
   2.9300000e+02   1.3852262e-01
   2.9400000e+02   1.3767767e-01
   2.9500000e+02   1.3682730e-01
   2.9600000e+02   1.3597149e-01
   2.9700000e+02   1.3511026e-01
   2.9800000e+02   1.3424361e-01
   2.9900000e+02   1.3337153e-01
   3.0000000e+02   1.3249406e-01
   3.0100000e+02   1.3217059e-01
   3.0200000e+02   1.3184565e-01
   3.0300000e+02   1.3151929e-01
   3.0400000e+02   1.3119151e-01
   3.0500000e+02   1.3086234e-01
   3.0600000e+02   1.3053180e-01
   3.0700000e+02   1.3019991e-01
   3.0800000e+02   1.2986669e-01
   3.0900000e+02   1.2953216e-01
   3.1000000e+02   1.2919633e-01
   3.1100000e+02   1.2885922e-01
   3.1200000e+02   1.2852088e-01
   3.1300000e+02   1.2818128e-01
   3.1400000e+02   1.2784046e-01
   3.1500000e+02   1.2749845e-01
   3.1600000e+02   1.2715524e-01
   3.1700000e+02   1.2681086e-01
   3.1800000e+02   1.2646535e-01
   3.1900000e+02   1.2611869e-01
   3.2000000e+02   1.2577091e-01
   3.2100000e+02   1.2542203e-01
   3.2200000e+02   1.2507208e-01
   3.2300000e+02   1.2472106e-01
   3.2400000e+02   1.2436898e-01
   3.2500000e+02   1.2401587e-01
   3.2600000e+02   1.2366173e-01
   3.2700000e+02   1.2330660e-01
   3.2800000e+02   1.2295048e-01
   3.2900000e+02   1.2259338e-01
   3.3000000e+02   1.2223534e-01
   3.3100000e+02   1.2248638e-01
   3.3200000e+02   1.2273696e-01
   3.3300000e+02   1.2298705e-01
   3.3400000e+02   1.2323669e-01
   3.3500000e+02   1.2348586e-01
   3.3600000e+02   1.2373456e-01
   3.3700000e+02   1.2398281e-01
   3.3800000e+02   1.2423061e-01
   3.3900000e+02   1.2447795e-01
   3.4000000e+02   1.2472486e-01
   3.4100000e+02   1.2497132e-01
   3.4200000e+02   1.2521733e-01
   3.4300000e+02   1.2546293e-01
   3.4400000e+02   1.2570809e-01
   3.4500000e+02   1.2595282e-01
   3.4600000e+02   1.2619714e-01
   3.4700000e+02   1.2644105e-01
   3.4800000e+02   1.2668453e-01
   3.4900000e+02   1.2692760e-01
   3.5000000e+02   1.2717028e-01
   3.5100000e+02   1.2741254e-01
   3.5200000e+02   1.2765442e-01
   3.5300000e+02   1.2789589e-01
   3.5400000e+02   1.2813698e-01
   3.5500000e+02   1.2837768e-01
   3.5600000e+02   1.2861799e-01
   3.5700000e+02   1.2885793e-01
   3.5800000e+02   1.2909749e-01
   3.5900000e+02   1.2933668e-01
   7.1133672e-07   1.2957551e-01
   1.0000007e+00   1.3046905e-01
   2.0000007e+00   1.3136336e-01
   3.0000007e+00   1.3225843e-01
   4.0000010e+00   1.3315424e-01
   5.0000010e+00   1.3405080e-01
   6.0000010e+00   1.3494810e-01
   7.0000010e+00   1.3584615e-01
   8.0000010e+00   1.3674493e-01
   9.0000010e+00   1.3764444e-01
   1.0000001e+01   1.3854468e-01
   1.1000001e+01   1.3944563e-01
   1.2000001e+01   1.4034730e-01
   1.3000001e+01   1.4124969e-01
   1.4000001e+01   1.4215277e-01
   1.5000001e+01   1.4305656e-01
   1.6000000e+01   1.4396104e-01
   1.7000000e+01   1.4486620e-01
   1.8000000e+01   1.4577204e-01
   1.9000000e+01   1.4667857e-01
   2.0000000e+01   1.4758578e-01
   2.1000000e+01   1.4849363e-01
   2.2000000e+01   1.4940217e-01
   2.3000000e+01   1.5031137e-01
   2.4000000e+01   1.5122122e-01
   2.5000000e+01   1.5213171e-01
   2.6000000e+01   1.5304285e-01
   2.7000000e+01   1.5395467e-01
   2.8000000e+01   1.5486711e-01
   2.9000000e+01   1.5578021e-01
   3.0000000e+01   1.5669394e-01
   3.1000000e+01   1.5821996e-01
   3.2000000e+01   1.5974814e-01
   3.3000000e+01   1.6127847e-01
   3.4000000e+01   1.6281097e-01
   3.5000000e+01   1.6434562e-01
   3.6000000e+01   1.6588244e-01
   3.7000000e+01   1.6742145e-01
   3.8000000e+01   1.6896264e-01
   3.9000000e+01   1.7050602e-01
   4.0000000e+01   1.7205159e-01
   4.1000000e+01   1.7359938e-01
   4.2000000e+01   1.7514937e-01
   4.3000000e+01   1.7670158e-01
   4.4000000e+01   1.7825601e-01
   4.5000000e+01   1.7981265e-01
   4.6000000e+01   1.8137154e-01
   4.7000000e+01   1.8293266e-01
   4.8000000e+01   1.8449602e-01
   4.9000000e+01   1.8606164e-01
   5.0000000e+01   1.8762949e-01
   5.1000000e+01   1.8919963e-01
   5.2000000e+01   1.9077200e-01
   5.3000000e+01   1.9234665e-01
   5.4000000e+01   1.9392359e-01
   5.5000000e+01   1.9550280e-01
   5.6000000e+01   1.9708429e-01
   5.7000000e+01   1.9866808e-01
   5.8000000e+01   2.0025416e-01
   5.9000000e+01   2.0184253e-01
   6.0000000e+01   2.0343320e-01
   6.1000000e+01   2.0709659e-01
   6.2000000e+01   2.1077168e-01
   6.3000000e+01   2.1445842e-01
   6.4000000e+01   2.1815678e-01
   6.5000000e+01   2.2186670e-01
   6.6000000e+01   2.2558813e-01
   6.7000000e+01   2.2932099e-01
   6.8000000e+01   2.3306526e-01
   6.9000000e+01   2.3682089e-01
   7.0000000e+01   2.4058783e-01
   7.1000000e+01   2.4436601e-01
   7.2000000e+01   2.4815539e-01
   7.3000000e+01   2.5195593e-01
   7.4000000e+01   2.5576755e-01
   7.5000000e+01   2.5959027e-01
   7.6000000e+01   2.6342395e-01
   7.7000000e+01   2.6726863e-01
   7.8000000e+01   2.7112421e-01
   7.9000000e+01   2.7499065e-01
   8.0000000e+01   2.7886793e-01
   8.1000000e+01   2.8275591e-01
   8.2000000e+01   2.8665453e-01
   8.3000000e+01   2.9056376e-01
   8.4000000e+01   2.9448357e-01
   8.5000000e+01   2.9841387e-01
   8.6000000e+01   3.0235460e-01
   8.7000000e+01   3.0630574e-01
   8.8000000e+01   3.1026721e-01
   8.9000000e+01   3.1423900e-01
   9.0000000e+01   3.1822103e-01
   9.1000000e+01   3.2392222e-01
   9.2000000e+01   3.2962722e-01
   9.3000000e+01   3.3533540e-01
   9.4000000e+01   3.4104627e-01
   9.5000000e+01   3.4675917e-01
   9.6000000e+01   3.5247353e-01
   9.7000000e+01   3.5818878e-01
   9.8000000e+01   3.6390439e-01
   9.9000000e+01   3.6961985e-01
   1.0000000e+02   3.7533471e-01
   1.0100000e+02   3.8104850e-01
   1.0200000e+02   3.8676083e-01
   1.0300000e+02   3.9247128e-01
   1.0400000e+02   3.9817941e-01
   1.0500000e+02   4.0388489e-01
   1.0600000e+02   4.0958732e-01
   1.0700000e+02   4.1528639e-01
   1.0800000e+02   4.2098171e-01
   1.0900000e+02   4.2667294e-01
   1.1000000e+02   4.3235984e-01
   1.1100000e+02   4.3804207e-01
   1.1200000e+02   4.4371933e-01
   1.1300000e+02   4.4939137e-01
   1.1400000e+02   4.5505789e-01
   1.1500000e+02   4.6071866e-01
   1.1600000e+02   4.6637341e-01
   1.1700000e+02   4.7202191e-01
   1.1800000e+02   4.7766396e-01
   1.1900000e+02   4.8329934e-01
   1.2000000e+02   4.8892784e-01
   1.2100000e+02   4.9005410e-01
   1.2200000e+02   4.9117211e-01
   1.2300000e+02   4.9228212e-01
   1.2400000e+02   4.9338436e-01
   1.2500000e+02   4.9447912e-01
   1.2600000e+02   4.9556655e-01
   1.2700000e+02   4.9664691e-01
   1.2800000e+02   4.9772036e-01
   1.2900000e+02   4.9878722e-01
   1.3000000e+02   4.9984759e-01
   1.3100000e+02   5.0090176e-01
   1.3200000e+02   5.0194961e-01
   1.3300000e+02   5.0299132e-01
   1.3400000e+02   5.0402701e-01
   1.3500000e+02   5.0505686e-01
   1.3600000e+02   5.0608093e-01
   1.3700000e+02   5.0709939e-01
   1.3800000e+02   5.0811237e-01
   1.3900000e+02   5.0911999e-01
   1.4000000e+02   5.1012236e-01
   1.4100000e+02   5.1111960e-01
   1.4200000e+02   5.1211184e-01
   1.4300000e+02   5.1309919e-01
   1.4400000e+02   5.1408178e-01
   1.4500000e+02   5.1505971e-01
   1.4600000e+02   5.1603305e-01
   1.4700000e+02   5.1700205e-01
   1.4800000e+02   5.1796663e-01
   1.4900000e+02   5.1892698e-01
   1.5000000e+02   5.1988322e-01
   1.5100000e+02   5.1947415e-01
   1.5200000e+02   5.1906627e-01
   1.5300000e+02   5.1865947e-01
   1.5400000e+02   5.1825386e-01
   1.5500000e+02   5.1784945e-01
   1.5600000e+02   5.1744604e-01
   1.5700000e+02   5.1704377e-01
   1.5800000e+02   5.1664257e-01
   1.5900000e+02   5.1624250e-01
   1.6000000e+02   5.1584351e-01
   1.6100000e+02   5.1544553e-01
   1.6200000e+02   5.1504868e-01
   1.6300000e+02   5.1465291e-01
   1.6400000e+02   5.1425815e-01
   1.6500000e+02   5.1386446e-01
   1.6600000e+02   5.1347184e-01
   1.6700000e+02   5.1308030e-01
   1.6800000e+02   5.1268983e-01
   1.6900000e+02   5.1230049e-01
   1.7000000e+02   5.1191217e-01
   1.7100000e+02   5.1152492e-01
   1.7200000e+02   5.1113886e-01
   1.7300000e+02   5.1075381e-01
   1.7400000e+02   5.1036990e-01
   1.7500000e+02   5.0998706e-01
   1.7600000e+02   5.0960535e-01
   1.7700000e+02   5.0922477e-01
   1.7800000e+02   5.0884539e-01
   1.7900000e+02   5.0846708e-01
   1.8000000e+02   5.0808996e-01
   1.8100000e+02   5.0677091e-01
   1.8200000e+02   5.0545037e-01
   1.8300000e+02   5.0412834e-01
   1.8400000e+02   5.0280476e-01
   1.8500000e+02   5.0147969e-01
   1.8600000e+02   5.0015318e-01
   1.8700000e+02   4.9882519e-01
   1.8800000e+02   4.9749577e-01
   1.8900000e+02   4.9616489e-01
   1.9000000e+02   4.9483263e-01
   1.9100000e+02   4.9349895e-01
   1.9200000e+02   4.9216387e-01
   1.9300000e+02   4.9082741e-01
   1.9400000e+02   4.8948959e-01
   1.9500000e+02   4.8815039e-01
   1.9600000e+02   4.8680988e-01
   1.9700000e+02   4.8546803e-01
   1.9800000e+02   4.8412490e-01
   1.9900000e+02   4.8278043e-01
   2.0000000e+02   4.8143467e-01
   2.0100000e+02   4.8008764e-01
   2.0200000e+02   4.7873929e-01
   2.0300000e+02   4.7738969e-01
   2.0400000e+02   4.7603881e-01
   2.0500000e+02   4.7468665e-01
   2.0600000e+02   4.7333324e-01
   2.0700000e+02   4.7197857e-01
   2.0800000e+02   4.7062263e-01
   2.0900000e+02   4.6926546e-01
   2.1000000e+02   4.6790701e-01
   2.1100000e+02   4.6262705e-01
   2.1200000e+02   4.5735142e-01
   2.1300000e+02   4.5208013e-01
   2.1400000e+02   4.4681323e-01
   2.1500000e+02   4.4155076e-01
   2.1600000e+02   4.3629271e-01
   2.1700000e+02   4.3103909e-01
   2.1800000e+02   4.2578995e-01
   2.1900000e+02   4.2054528e-01
   2.2000000e+02   4.1530514e-01
   2.2100000e+02   4.1006953e-01
   2.2200000e+02   4.0483844e-01
   2.2300000e+02   3.9961195e-01
   2.2400000e+02   3.9439002e-01
   2.2500000e+02   3.8917270e-01
   2.2600000e+02   3.8396004e-01
   2.2700000e+02   3.7875199e-01
   2.2800000e+02   3.7354863e-01
   2.2900000e+02   3.6834994e-01
   2.3000000e+02   3.6315593e-01
   2.3100000e+02   3.5796666e-01
   2.3200000e+02   3.5278213e-01
   2.3300000e+02   3.4760180e-01
   2.3400000e+02   3.4242541e-01
   2.3500000e+02   3.3725289e-01
   2.3600000e+02   3.3208421e-01
   2.3700000e+02   3.2691926e-01
   2.3800000e+02   3.2175803e-01
   2.3900000e+02   3.1660041e-01
   2.4000000e+02   3.1144637e-01
   2.4100000e+02   3.0777133e-01
   2.4200000e+02   3.0409282e-01
   2.4300000e+02   3.0041096e-01
   2.4400000e+02   2.9672575e-01
   2.4500000e+02   2.9303735e-01
   2.4600000e+02   2.8934580e-01
   2.4700000e+02   2.8565118e-01
   2.4800000e+02   2.8195357e-01
   2.4900000e+02   2.7825302e-01
   2.5000000e+02   2.7454963e-01
   2.5100000e+02   2.7084348e-01
   2.5200000e+02   2.6713461e-01
   2.5300000e+02   2.6342309e-01
   2.5400000e+02   2.5970900e-01
   2.5500000e+02   2.5599235e-01
   2.5600000e+02   2.5227326e-01
   2.5700000e+02   2.4855179e-01
   2.5800000e+02   2.4482794e-01
   2.5900000e+02   2.4110182e-01
   2.6000000e+02   2.3737346e-01
   2.6100000e+02   2.3364292e-01
   2.6200000e+02   2.2991025e-01
   2.6300000e+02   2.2617549e-01
   2.6400000e+02   2.2243871e-01
   2.6500000e+02   2.1869993e-01
   2.6600000e+02   2.1495920e-01
   2.6700000e+02   2.1121660e-01
   2.6800000e+02   2.0747213e-01
   2.6900000e+02   2.0372586e-01
   2.7000000e+02   1.9997780e-01
   2.7100000e+02   1.9848500e-01
   2.7200000e+02   1.9698985e-01
   2.7300000e+02   1.9549233e-01
   2.7400000e+02   1.9399245e-01
   2.7500000e+02   1.9249023e-01
   2.7600000e+02   1.9098566e-01
   2.7700000e+02   1.8947877e-01
   2.7800000e+02   1.8796957e-01
   2.7900000e+02   1.8645802e-01
   2.8000000e+02   1.8494417e-01
   2.8100000e+02   1.8342800e-01
   2.8200000e+02   1.8190955e-01
   2.8300000e+02   1.8038878e-01
   2.8400000e+02   1.7886573e-01
   2.8500000e+02   1.7734040e-01
   2.8600000e+02   1.7581280e-01
   2.8700000e+02   1.7428291e-01
   2.8800000e+02   1.7275077e-01
   2.8900000e+02   1.7121637e-01
   2.9000000e+02   1.6967970e-01
   2.9100000e+02   1.6814080e-01
   2.9200000e+02   1.6659965e-01
   2.9300000e+02   1.6505627e-01
   2.9400000e+02   1.6351067e-01
   2.9500000e+02   1.6196284e-01
   2.9600000e+02   1.6041279e-01
   2.9700000e+02   1.5886053e-01
   2.9800000e+02   1.5730606e-01
   2.9900000e+02   1.5574940e-01
   3.0000000e+02   1.5419054e-01
   3.0100000e+02   1.5375899e-01
   3.0200000e+02   1.5332741e-01
   3.0300000e+02   1.5289575e-01
   3.0400000e+02   1.5246405e-01
   3.0500000e+02   1.5203227e-01
   3.0600000e+02   1.5160045e-01
   3.0700000e+02   1.5116857e-01
   3.0800000e+02   1.5073663e-01
   3.0900000e+02   1.5030466e-01
   3.1000000e+02   1.4987262e-01
   3.1100000e+02   1.4944053e-01
   3.1200000e+02   1.4900838e-01
   3.1300000e+02   1.4857619e-01
   3.1400000e+02   1.4814395e-01
   3.1500000e+02   1.4771165e-01
   3.1600000e+02   1.4727931e-01
   3.1700000e+02   1.4684692e-01
   3.1800000e+02   1.4641446e-01
   3.1900000e+02   1.4598197e-01
   3.2000000e+02   1.4554943e-01
   3.2100000e+02   1.4511682e-01
   3.2200000e+02   1.4468418e-01
   3.2300000e+02   1.4425150e-01
   3.2400000e+02   1.4381875e-01
   3.2500000e+02   1.4338595e-01
   3.2600000e+02   1.4295311e-01
   3.2700000e+02   1.4252023e-01
   3.2800000e+02   1.4208730e-01
   3.2900000e+02   1.4165431e-01
   3.3000000e+02   1.4122128e-01
   3.3100000e+02   1.4140843e-01
   3.3200000e+02   1.4159554e-01
   3.3300000e+02   1.4178260e-01
   3.3400000e+02   1.4196961e-01
   3.3500000e+02   1.4215659e-01
   3.3600000e+02   1.4234351e-01
   3.3700000e+02   1.4253037e-01
   3.3800000e+02   1.4271720e-01
   3.3900000e+02   1.4290400e-01
   3.4000000e+02   1.4309074e-01
   3.4100000e+02   1.4327744e-01
   3.4200000e+02   1.4346412e-01
   3.4300000e+02   1.4365073e-01
   3.4400000e+02   1.4383730e-01
   3.4500000e+02   1.4402385e-01
   3.4600000e+02   1.4421035e-01
   3.4700000e+02   1.4439681e-01
   3.4800000e+02   1.4458323e-01
   3.4900000e+02   1.4476961e-01
   3.5000000e+02   1.4495596e-01
   3.5100000e+02   1.4514229e-01
   3.5200000e+02   1.4532855e-01
   3.5300000e+02   1.4551479e-01
   3.5400000e+02   1.4570099e-01
   3.5500000e+02   1.4588717e-01
   3.5600000e+02   1.4607330e-01
   3.5700000e+02   1.4625940e-01
   3.5800000e+02   1.4644545e-01
   3.5900000e+02   1.4663148e-01
   1.4226848e-06   1.4681748e-01
