   0.0000000e+00   1.4944521e+04
   1.0000000e+00   2.7355785e+04
   2.0000000e+00   2.7351328e+04
   3.0000000e+00   2.7347857e+04
   4.0000000e+00   2.7345732e+04
   5.0000000e+00   2.7344938e+04
   6.0000000e+00   2.7345473e+04
   7.0000000e+00   2.7347334e+04
   8.0000000e+00   2.7350514e+04
   9.0000000e+00   2.7355043e+04
   1.0000000e+01   2.7360910e+04
   1.1000000e+01   2.7368115e+04
   1.2000000e+01   2.7376652e+04
   1.3000000e+01   2.7386537e+04
   1.4000000e+01   2.7397777e+04
   1.5000000e+01   2.7410359e+04
   1.6000000e+01   2.7424277e+04
   1.7000000e+01   2.7439527e+04
   1.8000000e+01   2.7456113e+04
   1.9000000e+01   2.7474025e+04
   2.0000000e+01   2.7493250e+04
   2.1000000e+01   2.7513775e+04
   2.2000000e+01   2.7535604e+04
   2.3000000e+01   2.7558729e+04
   2.4000000e+01   2.7583139e+04
   2.5000000e+01   2.7608822e+04
   2.6000000e+01   2.7635775e+04
   2.7000000e+01   2.7663990e+04
   2.8000000e+01   2.7693439e+04
   2.9000000e+01   2.7724146e+04
   3.0000000e+01   2.7756098e+04
   3.1000000e+01   2.7790898e+04
   3.2000000e+01   2.7826900e+04
   3.3000000e+01   2.7864086e+04
   3.4000000e+01   2.7902439e+04
   3.5000000e+01   2.7941971e+04
   3.6000000e+01   2.7982662e+04
   3.7000000e+01   2.8024496e+04
   3.8000000e+01   2.8067469e+04
   3.9000000e+01   2.8111566e+04
   4.0000000e+01   2.8156779e+04
   4.1000000e+01   2.8203096e+04
   4.2000000e+01   2.8250512e+04
   4.3000000e+01   2.8299027e+04
   4.4000000e+01   2.8348613e+04
   4.5000000e+01   2.8399258e+04
   4.6000000e+01   2.8450945e+04
   4.7000000e+01   2.8503668e+04
   4.8000000e+01   2.8557395e+04
   4.9000000e+01   2.8612113e+04
   5.0000000e+01   2.8667824e+04
   5.1000000e+01   2.8724514e+04
   5.2000000e+01   2.8782156e+04
   5.3000000e+01   2.8840744e+04
   5.4000000e+01   2.8900256e+04
   5.5000000e+01   2.8960713e+04
   5.6000000e+01   2.9022064e+04
   5.7000000e+01   2.9084297e+04
   5.8000000e+01   2.9147391e+04
   5.9000000e+01   2.9211326e+04
   6.0000000e+01   2.9276090e+04
   6.1000000e+01   2.9340133e+04
   6.2000000e+01   2.9404943e+04
   6.3000000e+01   2.9470500e+04
   6.4000000e+01   2.9536787e+04
   6.5000000e+01   2.9603723e+04
   6.6000000e+01   2.9671266e+04
   6.7000000e+01   2.9739473e+04
   6.8000000e+01   2.9808318e+04
   6.9000000e+01   2.9877783e+04
   7.0000000e+01   2.9947842e+04
   7.1000000e+01   3.0018479e+04
   7.2000000e+01   3.0089670e+04
   7.3000000e+01   3.0161395e+04
   7.4000000e+01   3.0233553e+04
   7.5000000e+01   3.0306139e+04
   7.6000000e+01   3.0379197e+04
   7.7000000e+01   3.0452693e+04
   7.8000000e+01   3.0526795e+04
   7.9000000e+01   3.0601531e+04
   8.0000000e+01   3.0676633e+04
   8.1000000e+01   3.0752068e+04
   8.2000000e+01   3.0827814e+04
   8.3000000e+01   3.0904027e+04
   8.4000000e+01   3.0980547e+04
   8.5000000e+01   3.1057287e+04
   8.6000000e+01   3.1134234e+04
   8.7000000e+01   3.1211625e+04
   8.8000000e+01   3.1289318e+04
   8.9000000e+01   3.1367148e+04
   9.0000000e+01   3.1445086e+04
   9.1000000e+01   3.1516254e+04
   9.2000000e+01   3.1587223e+04
   9.3000000e+01   3.1658035e+04
   9.4000000e+01   3.1728674e+04
   9.5000000e+01   3.1799115e+04
   9.6000000e+01   3.1869324e+04
   9.7000000e+01   3.1939277e+04
   9.8000000e+01   3.2008943e+04
   9.9000000e+01   3.2078330e+04
   1.0000000e+02   3.2147246e+04
   1.0100000e+02   3.2215777e+04
   1.0200000e+02   3.2283842e+04
   1.0300000e+02   3.2351498e+04
   1.0400000e+02   3.2418713e+04
   1.0500000e+02   3.2485438e+04
   1.0600000e+02   3.2551303e+04
   1.0700000e+02   3.2616588e+04
   1.0800000e+02   3.2681262e+04
   1.0900000e+02   3.2745291e+04
   1.1000000e+02   3.2808656e+04
   1.1100000e+02   3.2871332e+04
   1.1200000e+02   3.2933273e+04
   1.1300000e+02   3.2994457e+04
   1.1400000e+02   3.3054770e+04
   1.1500000e+02   3.3114215e+04
   1.1600000e+02   3.3173605e+04
   1.1700000e+02   3.3233680e+04
   1.1800000e+02   3.3293082e+04
   1.1900000e+02   3.3351785e+04
   1.2000000e+02   3.3409984e+04
   1.2100000e+02   3.3452469e+04
   1.2200000e+02   3.3493680e+04
   1.2300000e+02   3.3533551e+04
   1.2400000e+02   3.3572063e+04
   1.2500000e+02   3.3609168e+04
   1.2600000e+02   3.3644824e+04
   1.2700000e+02   3.3677973e+04
   1.2800000e+02   3.3708250e+04
   1.2900000e+02   3.3737594e+04
   1.3000000e+02   3.3765609e+04
   1.3100000e+02   3.3792273e+04
   1.3200000e+02   3.3817555e+04
   1.3300000e+02   3.3841422e+04
   1.3400000e+02   3.3863848e+04
   1.3500000e+02   3.3884801e+04
   1.3600000e+02   3.3904980e+04
   1.3700000e+02   3.3928816e+04
   1.3800000e+02   3.3960574e+04
   1.3900000e+02   3.3992355e+04
   1.4000000e+02   3.4023270e+04
   1.4100000e+02   3.4053352e+04
   1.4200000e+02   3.4082547e+04
   1.4300000e+02   3.4110844e+04
   1.4400000e+02   3.4138199e+04
   1.4500000e+02   3.4164594e+04
   1.4600000e+02   3.4190008e+04
   1.4700000e+02   3.4217652e+04
   1.4800000e+02   3.4244715e+04
   1.4900000e+02   3.4270852e+04
   1.5000000e+02   3.4296078e+04
   1.5100000e+02   3.4336977e+04
   1.5200000e+02   3.4377316e+04
   1.5300000e+02   3.4415949e+04
   1.5400000e+02   3.4452875e+04
   1.5500000e+02   3.4488227e+04
   1.5600000e+02   3.4522023e+04
   1.5700000e+02   3.4554121e+04
   1.5800000e+02   3.4585496e+04
   1.5900000e+02   3.4616113e+04
   1.6000000e+02   3.4644723e+04
   1.6100000e+02   3.4671328e+04
   1.6200000e+02   3.4696738e+04
   1.6300000e+02   3.4720758e+04
   1.6400000e+02   3.4742949e+04
   1.6500000e+02   3.4763320e+04
   1.6600000e+02   3.4781875e+04
   1.6700000e+02   3.4798617e+04
   1.6800000e+02   3.4813543e+04
   1.6900000e+02   3.4826668e+04
   1.7000000e+02   3.4837992e+04
   1.7100000e+02   3.4847512e+04
   1.7200000e+02   3.4855234e+04
   1.7300000e+02   3.4860520e+04
   1.7400000e+02   3.4855348e+04
   1.7500000e+02   3.4846867e+04
   1.7600000e+02   3.4834688e+04
   1.7700000e+02   3.4818723e+04
   1.7800000e+02   3.4798820e+04
   1.7900000e+02   3.4775488e+04
   1.8000000e+02   3.4748676e+04
   1.8100000e+02   3.4745348e+04
   1.8200000e+02   3.4739613e+04
   1.8300000e+02   3.4731594e+04
   1.8400000e+02   3.4721398e+04
   1.8500000e+02   3.4709145e+04
   1.8600000e+02   3.4694941e+04
   1.8700000e+02   3.4683879e+04
   1.8800000e+02   3.4685023e+04
   1.8900000e+02   3.4684441e+04
   1.9000000e+02   3.4682293e+04
   1.9100000e+02   3.4678633e+04
   1.9200000e+02   3.4673773e+04
   1.9300000e+02   3.4667566e+04
   1.9400000e+02   3.4660047e+04
   1.9500000e+02   3.4651293e+04
   1.9600000e+02   3.4641305e+04
   1.9700000e+02   3.4630137e+04
   1.9800000e+02   3.4617816e+04
   1.9900000e+02   3.4604371e+04
   2.0000000e+02   3.4589852e+04
   2.0100000e+02   3.4574316e+04
   2.0200000e+02   3.4557797e+04
   2.0300000e+02   3.4540352e+04
   2.0400000e+02   3.4522016e+04
   2.0500000e+02   3.4502836e+04
   2.0600000e+02   3.4482855e+04
   2.0700000e+02   3.4467688e+04
   2.0800000e+02   3.4456203e+04
   2.0900000e+02   3.4444598e+04
   2.1000000e+02   3.4432953e+04
   2.1100000e+02   3.4421168e+04
   2.1200000e+02   3.4407668e+04
   2.1300000e+02   3.4392500e+04
   2.1400000e+02   3.4375699e+04
   2.1500000e+02   3.4357309e+04
   2.1600000e+02   3.4337367e+04
   2.1700000e+02   3.4315926e+04
   2.1800000e+02   3.4293008e+04
   2.1900000e+02   3.4268664e+04
   2.2000000e+02   3.4242934e+04
   2.2100000e+02   3.4215797e+04
   2.2200000e+02   3.4187348e+04
   2.2300000e+02   3.4157609e+04
   2.2400000e+02   3.4126625e+04
   2.2500000e+02   3.4095152e+04
   2.2600000e+02   3.4062887e+04
   2.2700000e+02   3.4029348e+04
   2.2800000e+02   3.3994555e+04
   2.2900000e+02   3.3958551e+04
   2.3000000e+02   3.3921371e+04
   2.3100000e+02   3.3883059e+04
   2.3200000e+02   3.3843645e+04
   2.3300000e+02   3.3803195e+04
   2.3400000e+02   3.3761723e+04
   2.3500000e+02   3.3719234e+04
   2.3600000e+02   3.3675777e+04
   2.3700000e+02   3.3631414e+04
   2.3800000e+02   3.3586195e+04
   2.3900000e+02   3.3540141e+04
   2.4000000e+02   3.3493293e+04
   2.4100000e+02   3.3423316e+04
   2.4200000e+02   3.3352809e+04
   2.4300000e+02   3.3281789e+04
   2.4400000e+02   3.3210340e+04
   2.4500000e+02   3.3138449e+04
   2.4600000e+02   3.3066125e+04
   2.4700000e+02   3.2993398e+04
   2.4800000e+02   3.2920301e+04
   2.4900000e+02   3.2846902e+04
   2.5000000e+02   3.2773180e+04
   2.5100000e+02   3.2699213e+04
   2.5200000e+02   3.2625217e+04
   2.5300000e+02   3.2550939e+04
   2.5400000e+02   3.2476412e+04
   2.5500000e+02   3.2401656e+04
   2.5600000e+02   3.2326703e+04
   2.5700000e+02   3.2251580e+04
   2.5800000e+02   3.2176311e+04
   2.5900000e+02   3.2100926e+04
   2.6000000e+02   3.2025447e+04
   2.6100000e+02   3.1949906e+04
   2.6200000e+02   3.1874326e+04
   2.6300000e+02   3.1798736e+04
   2.6400000e+02   3.1723164e+04
   2.6500000e+02   3.1647637e+04
   2.6600000e+02   3.1572186e+04
   2.6700000e+02   3.1496834e+04
   2.6800000e+02   3.1421605e+04
   2.6900000e+02   3.1346527e+04
   2.7000000e+02   3.1271625e+04
   2.7100000e+02   3.1185850e+04
   2.7200000e+02   3.1100170e+04
   2.7300000e+02   3.1014615e+04
   2.7400000e+02   3.0929211e+04
   2.7500000e+02   3.0843984e+04
   2.7600000e+02   3.0758959e+04
   2.7700000e+02   3.0674160e+04
   2.7800000e+02   3.0589592e+04
   2.7900000e+02   3.0505303e+04
   2.8000000e+02   3.0421318e+04
   2.8100000e+02   3.0337668e+04
   2.8200000e+02   3.0254373e+04
   2.8300000e+02   3.0171461e+04
   2.8400000e+02   3.0088957e+04
   2.8500000e+02   3.0006885e+04
   2.8600000e+02   2.9925268e+04
   2.8700000e+02   2.9844125e+04
   2.8800000e+02   2.9763492e+04
   2.8900000e+02   2.9683387e+04
   2.9000000e+02   2.9603836e+04
   2.9100000e+02   2.9524863e+04
   2.9200000e+02   2.9446488e+04
   2.9300000e+02   2.9368736e+04
   2.9400000e+02   2.9291631e+04
   2.9500000e+02   2.9215195e+04
   2.9600000e+02   2.9139453e+04
   2.9700000e+02   2.9064426e+04
   2.9800000e+02   2.8990135e+04
   2.9900000e+02   2.8916604e+04
   3.0000000e+02   2.8843857e+04
   3.0100000e+02   2.8770350e+04
   3.0200000e+02   2.8697637e+04
   3.0300000e+02   2.8625740e+04
   3.0400000e+02   2.8554676e+04
   3.0500000e+02   2.8484469e+04
   3.0600000e+02   2.8415137e+04
   3.0700000e+02   2.8346695e+04
   3.0800000e+02   2.8279166e+04
   3.0900000e+02   2.8212566e+04
   3.1000000e+02   2.8146910e+04
   3.1100000e+02   2.8082209e+04
   3.1200000e+02   2.8018469e+04
   3.1300000e+02   2.7955729e+04
   3.1400000e+02   2.7894006e+04
   3.1500000e+02   2.7833314e+04
   3.1600000e+02   2.7773656e+04
   3.1700000e+02   2.7715049e+04
   3.1800000e+02   2.7657523e+04
   3.1900000e+02   2.7601088e+04
   3.2000000e+02   2.7545764e+04
   3.2100000e+02   2.7491561e+04
   3.2200000e+02   2.7438494e+04
   3.2300000e+02   2.7386578e+04
   3.2400000e+02   2.7335826e+04
   3.2500000e+02   2.7286252e+04
   3.2600000e+02   2.7237865e+04
   3.2700000e+02   2.7190678e+04
   3.2800000e+02   2.7144703e+04
   3.2900000e+02   2.7099951e+04
   3.3000000e+02   2.7056436e+04
   3.3100000e+02   2.7013389e+04
   3.3200000e+02   2.6971574e+04
   3.3300000e+02   2.6931002e+04
   3.3400000e+02   2.6891682e+04
   3.3500000e+02   2.6853625e+04
   3.3600000e+02   2.6816844e+04
   3.3700000e+02   2.6781350e+04
   3.3800000e+02   2.6747180e+04
   3.3900000e+02   2.6714311e+04
   3.4000000e+02   2.6682750e+04
   3.4100000e+02   2.6652506e+04
   3.4200000e+02   2.6623584e+04
   3.4300000e+02   2.6595994e+04
   3.4400000e+02   2.6569742e+04
   3.4500000e+02   2.6544832e+04
   3.4600000e+02   2.6521275e+04
   3.4700000e+02   2.6499074e+04
   3.4800000e+02   2.6478234e+04
   3.4900000e+02   2.6458760e+04
   3.5000000e+02   2.6440656e+04
   3.5100000e+02   2.6423928e+04
   3.5200000e+02   2.6408580e+04
   3.5300000e+02   2.6394611e+04
   3.5400000e+02   2.6382031e+04
   3.5500000e+02   2.6370838e+04
   3.5600000e+02   2.6361041e+04
   3.5700000e+02   2.6352637e+04
   3.5800000e+02   2.6345629e+04
   3.5900000e+02   2.6340016e+04
   7.1133672e-07   2.6335799e+04
   1.0000007e+00   2.6332600e+04
   2.0000007e+00   2.6330799e+04
   3.0000007e+00   2.6330398e+04
   4.0000010e+00   2.6331398e+04
   5.0000010e+00   2.6333799e+04
   6.0000010e+00   2.6337600e+04
   7.0000010e+00   2.6342801e+04
   8.0000010e+00   2.6349412e+04
   9.0000010e+00   2.6357508e+04
   1.0000001e+01   2.6367002e+04
   1.1000001e+01   2.6377891e+04
   1.2000001e+01   2.6390172e+04
   1.3000001e+01   2.6403840e+04
   1.4000001e+01   2.6418895e+04
   1.5000001e+01   2.6435334e+04
   1.6000000e+01   2.6453150e+04
   1.7000000e+01   2.6472342e+04
   1.8000000e+01   2.6492898e+04
   1.9000000e+01   2.6514820e+04
   2.0000000e+01   2.6538096e+04
   2.1000000e+01   2.6562727e+04
   2.2000000e+01   2.6588701e+04
   2.3000000e+01   2.6616016e+04
   2.4000000e+01   2.6644662e+04
   2.5000000e+01   2.6674637e+04
   2.6000000e+01   2.6705930e+04
   2.7000000e+01   2.6738531e+04
   2.8000000e+01   2.6772438e+04
   2.9000000e+01   2.6807633e+04
   3.0000000e+01   2.6844111e+04
   3.1000000e+01   2.6880594e+04
   3.2000000e+01   2.6918363e+04
   3.3000000e+01   2.6957408e+04
   3.4000000e+01   2.6997750e+04
   3.5000000e+01   2.7039346e+04
   3.6000000e+01   2.7082182e+04
   3.7000000e+01   2.7126250e+04
   3.8000000e+01   2.7171539e+04
   3.9000000e+01   2.7218033e+04
   4.0000000e+01   2.7265719e+04
   4.1000000e+01   2.7314586e+04
   4.2000000e+01   2.7364621e+04
   4.3000000e+01   2.7415813e+04
   4.4000000e+01   2.7468141e+04
   4.5000000e+01   2.7521596e+04
   4.6000000e+01   2.7576156e+04
   4.7000000e+01   2.7631809e+04
   4.8000000e+01   2.7688535e+04
   4.9000000e+01   2.7746324e+04
   5.0000000e+01   2.7805152e+04
   5.1000000e+01   2.7865008e+04
   5.2000000e+01   2.7925871e+04
   5.3000000e+01   2.7987725e+04
   5.4000000e+01   2.8050547e+04
   5.5000000e+01   2.8114326e+04
   5.6000000e+01   2.8179037e+04
   5.7000000e+01   2.8244664e+04
   5.8000000e+01   2.8311184e+04
   5.9000000e+01   2.8378590e+04
   6.0000000e+01   2.8446877e+04
   6.1000000e+01   2.8504924e+04
   6.2000000e+01   2.8563863e+04
   6.3000000e+01   2.8623672e+04
   6.4000000e+01   2.8684330e+04
   6.5000000e+01   2.8745822e+04
   6.6000000e+01   2.8808121e+04
   6.7000000e+01   2.8871211e+04
   6.8000000e+01   2.8935068e+04
   6.9000000e+01   2.8999670e+04
   7.0000000e+01   2.9064996e+04
   7.1000000e+01   2.9131025e+04
   7.2000000e+01   2.9197734e+04
   7.3000000e+01   2.9265098e+04
   7.4000000e+01   2.9333096e+04
   7.5000000e+01   2.9401703e+04
   7.6000000e+01   2.9470896e+04
   7.7000000e+01   2.9540654e+04
   7.8000000e+01   2.9610947e+04
   7.9000000e+01   2.9681756e+04
   8.0000000e+01   2.9753027e+04
   8.1000000e+01   2.9824758e+04
   8.2000000e+01   2.9896926e+04
   8.3000000e+01   2.9969506e+04
   8.4000000e+01   3.0042471e+04
   8.5000000e+01   3.0115795e+04
   8.6000000e+01   3.0189457e+04
   8.7000000e+01   3.0263424e+04
   8.8000000e+01   3.0337674e+04
   8.9000000e+01   3.0412182e+04
   9.0000000e+01   3.0486918e+04
   9.1000000e+01   3.0542385e+04
   9.2000000e+01   3.0598439e+04
   9.3000000e+01   3.0655045e+04
   9.4000000e+01   3.0712172e+04
   9.5000000e+01   3.0769787e+04
   9.6000000e+01   3.0827885e+04
   9.7000000e+01   3.0886422e+04
   9.8000000e+01   3.0945344e+04
   9.9000000e+01   3.1004625e+04
   1.0000000e+02   3.1064229e+04
   1.0100000e+02   3.1124125e+04
   1.0200000e+02   3.1184281e+04
   1.0300000e+02   3.1244664e+04
   1.0400000e+02   3.1305242e+04
   1.0500000e+02   3.1365986e+04
   1.0600000e+02   3.1426863e+04
   1.0700000e+02   3.1487844e+04
   1.0800000e+02   3.1548900e+04
   1.0900000e+02   3.1609994e+04
   1.1000000e+02   3.1671100e+04
   1.1100000e+02   3.1732180e+04
   1.1200000e+02   3.1793207e+04
   1.1300000e+02   3.1854150e+04
   1.1400000e+02   3.1914979e+04
   1.1500000e+02   3.1975664e+04
   1.1600000e+02   3.2036172e+04
   1.1700000e+02   3.2096479e+04
   1.1800000e+02   3.2156551e+04
   1.1900000e+02   3.2216359e+04
   1.2000000e+02   3.2275877e+04
   1.2100000e+02   3.2345654e+04
   1.2200000e+02   3.2414619e+04
   1.2300000e+02   3.2482770e+04
   1.2400000e+02   3.2550082e+04
   1.2500000e+02   3.2616531e+04
   1.2600000e+02   3.2682094e+04
   1.2700000e+02   3.2746750e+04
   1.2800000e+02   3.2810480e+04
   1.2900000e+02   3.2873254e+04
   1.3000000e+02   3.2935055e+04
   1.3100000e+02   3.2996004e+04
   1.3200000e+02   3.3055969e+04
   1.3300000e+02   3.3114918e+04
   1.3400000e+02   3.3172840e+04
   1.3500000e+02   3.3229707e+04
   1.3600000e+02   3.3285504e+04
   1.3700000e+02   3.3340207e+04
   1.3800000e+02   3.3393801e+04
   1.3900000e+02   3.3446266e+04
   1.4000000e+02   3.3497586e+04
   1.4100000e+02   3.3547738e+04
   1.4200000e+02   3.3596703e+04
   1.4300000e+02   3.3644465e+04
   1.4400000e+02   3.3691008e+04
   1.4500000e+02   3.3736313e+04
   1.4600000e+02   3.3780363e+04
   1.4700000e+02   3.3823141e+04
   1.4800000e+02   3.3864637e+04
   1.4900000e+02   3.3904836e+04
   1.5000000e+02   3.3943715e+04
   1.5100000e+02   3.3985355e+04
   1.5200000e+02   3.4025652e+04
   1.5300000e+02   3.4064590e+04
   1.5400000e+02   3.4102152e+04
   1.5500000e+02   3.4138332e+04
   1.5600000e+02   3.4173105e+04
   1.5700000e+02   3.4206473e+04
   1.5800000e+02   3.4238418e+04
   1.5900000e+02   3.4268922e+04
   1.6000000e+02   3.4297980e+04
   1.6100000e+02   3.4325586e+04
   1.6200000e+02   3.4351723e+04
   1.6300000e+02   3.4376383e+04
   1.6400000e+02   3.4399559e+04
   1.6500000e+02   3.4421242e+04
   1.6600000e+02   3.4441422e+04
   1.6700000e+02   3.4460094e+04
   1.6800000e+02   3.4477254e+04
   1.6900000e+02   3.4492891e+04
   1.7000000e+02   3.4506996e+04
   1.7100000e+02   3.4519570e+04
   1.7200000e+02   3.4530613e+04
   1.7300000e+02   3.4540105e+04
   1.7400000e+02   3.4548059e+04
   1.7500000e+02   3.4554457e+04
   1.7600000e+02   3.4559309e+04
   1.7700000e+02   3.4562602e+04
   1.7800000e+02   3.4564344e+04
   1.7900000e+02   3.4564523e+04
   1.8000000e+02   3.4563148e+04
   1.8100000e+02   3.4567254e+04
   1.8200000e+02   3.4569820e+04
   1.8300000e+02   3.4570855e+04
   1.8400000e+02   3.4570355e+04
   1.8500000e+02   3.4568324e+04
   1.8600000e+02   3.4564766e+04
   1.8700000e+02   3.4559684e+04
   1.8800000e+02   3.4553082e+04
   1.8900000e+02   3.4544969e+04
   1.9000000e+02   3.4535348e+04
   1.9100000e+02   3.4524219e+04
   1.9200000e+02   3.4511598e+04
   1.9300000e+02   3.4497480e+04
   1.9400000e+02   3.4481859e+04
   1.9500000e+02   3.4464762e+04
   1.9600000e+02   3.4446195e+04
   1.9700000e+02   3.4426160e+04
   1.9800000e+02   3.4404676e+04
   1.9900000e+02   3.4381742e+04
   2.0000000e+02   3.4357375e+04
   2.0100000e+02   3.4331582e+04
   2.0200000e+02   3.4304371e+04
   2.0300000e+02   3.4275758e+04
   2.0400000e+02   3.4245754e+04
   2.0500000e+02   3.4214363e+04
   2.0600000e+02   3.4181605e+04
   2.0700000e+02   3.4147492e+04
   2.0800000e+02   3.4112039e+04
   2.0900000e+02   3.4075250e+04
   2.1000000e+02   3.4037148e+04
   2.1100000e+02   3.4014195e+04
   2.1200000e+02   3.3990105e+04
   2.1300000e+02   3.3964898e+04
   2.1400000e+02   3.3938594e+04
   2.1500000e+02   3.3911207e+04
   2.1600000e+02   3.3882758e+04
   2.1700000e+02   3.3853262e+04
   2.1800000e+02   3.3822742e+04
   2.1900000e+02   3.3791219e+04
   2.2000000e+02   3.3758707e+04
   2.2100000e+02   3.3725230e+04
   2.2200000e+02   3.3690805e+04
   2.2300000e+02   3.3655457e+04
   2.2400000e+02   3.3619203e+04
   2.2500000e+02   3.3582070e+04
   2.2600000e+02   3.3544074e+04
   2.2700000e+02   3.3505246e+04
   2.2800000e+02   3.3465598e+04
   2.2900000e+02   3.3425156e+04
   2.3000000e+02   3.3383949e+04
   2.3100000e+02   3.3341988e+04
   2.3200000e+02   3.3299797e+04
   2.3300000e+02   3.3257137e+04
   2.3400000e+02   3.3213855e+04
   2.3500000e+02   3.3169984e+04
   2.3600000e+02   3.3125539e+04
   2.3700000e+02   3.3080547e+04
   2.3800000e+02   3.3035027e+04
   2.3900000e+02   3.2989016e+04
   2.4000000e+02   3.2942531e+04
   2.4100000e+02   3.2884445e+04
   2.4200000e+02   3.2825766e+04
   2.4300000e+02   3.2766521e+04
   2.4400000e+02   3.2706734e+04
   2.4500000e+02   3.2646434e+04
   2.4600000e+02   3.2585646e+04
   2.4700000e+02   3.2524396e+04
   2.4800000e+02   3.2462717e+04
   2.4900000e+02   3.2400629e+04
   2.5000000e+02   3.2338162e+04
   2.5100000e+02   3.2275344e+04
   2.5200000e+02   3.2212203e+04
   2.5300000e+02   3.2148764e+04
   2.5400000e+02   3.2085057e+04
   2.5500000e+02   3.2021109e+04
   2.5600000e+02   3.1956949e+04
   2.5700000e+02   3.1892605e+04
   2.5800000e+02   3.1828102e+04
   2.5900000e+02   3.1763471e+04
   2.6000000e+02   3.1698736e+04
   2.6100000e+02   3.1633928e+04
   2.6200000e+02   3.1569074e+04
   2.6300000e+02   3.1504203e+04
   2.6400000e+02   3.1439342e+04
   2.6500000e+02   3.1374512e+04
   2.6600000e+02   3.1309746e+04
   2.6700000e+02   3.1245074e+04
   2.6800000e+02   3.1180523e+04
   2.6900000e+02   3.1116119e+04
   2.7000000e+02   3.1051891e+04
   2.7100000e+02   3.0967816e+04
   2.7200000e+02   3.0883871e+04
   2.7300000e+02   3.0800084e+04
   2.7400000e+02   3.0716479e+04
   2.7500000e+02   3.0633082e+04
   2.7600000e+02   3.0549922e+04
   2.7700000e+02   3.0467020e+04
   2.7800000e+02   3.0384408e+04
   2.7900000e+02   3.0302107e+04
   2.8000000e+02   3.0220146e+04
   2.8100000e+02   3.0138547e+04
   2.8200000e+02   3.0057340e+04
   2.8300000e+02   2.9976545e+04
   2.8400000e+02   2.9896189e+04
   2.8500000e+02   2.9816299e+04
   2.8600000e+02   2.9736896e+04
   2.8700000e+02   2.9658006e+04
   2.8800000e+02   2.9579654e+04
   2.8900000e+02   2.9501863e+04
   2.9000000e+02   2.9424658e+04
   2.9100000e+02   2.9348061e+04
   2.9200000e+02   2.9272094e+04
   2.9300000e+02   2.9196783e+04
   2.9400000e+02   2.9122152e+04
   2.9500000e+02   2.9048217e+04
   2.9600000e+02   2.8975008e+04
   2.9700000e+02   2.8902541e+04
   2.9800000e+02   2.8830842e+04
   2.9900000e+02   2.8759930e+04
   3.0000000e+02   2.8689824e+04
   3.0100000e+02   2.8617152e+04
   3.0200000e+02   2.8545266e+04
   3.0300000e+02   2.8474184e+04
   3.0400000e+02   2.8403930e+04
   3.0500000e+02   2.8334521e+04
   3.0600000e+02   2.8265979e+04
   3.0700000e+02   2.8198320e+04
   3.0800000e+02   2.8131563e+04
   3.0900000e+02   2.8065729e+04
   3.1000000e+02   2.8000834e+04
   3.1100000e+02   2.7936896e+04
   3.1200000e+02   2.7873936e+04
   3.1300000e+02   2.7811965e+04
   3.1400000e+02   2.7751004e+04
   3.1500000e+02   2.7691068e+04
   3.1600000e+02   2.7632174e+04
   3.1700000e+02   2.7574338e+04
   3.1800000e+02   2.7517574e+04
   3.1900000e+02   2.7461898e+04
   3.2000000e+02   2.7407326e+04
   3.2100000e+02   2.7353869e+04
   3.2200000e+02   2.7301545e+04
   3.2300000e+02   2.7250365e+04
   3.2400000e+02   2.7200344e+04
   3.2500000e+02   2.7151496e+04
   3.2600000e+02   2.7103828e+04
   3.2700000e+02   2.7057359e+04
   3.2800000e+02   2.7012100e+04
   3.2900000e+02   2.6968059e+04
   3.3000000e+02   2.6925248e+04
   3.3100000e+02   2.6882520e+04
   3.3200000e+02   2.6841027e+04
   3.3300000e+02   2.6800783e+04
   3.3400000e+02   2.6761797e+04
   3.3500000e+02   2.6724078e+04
   3.3600000e+02   2.6687635e+04
   3.3700000e+02   2.6652479e+04
   3.3800000e+02   2.6618617e+04
   3.3900000e+02   2.6586063e+04
   3.4000000e+02   2.6554816e+04
   3.4100000e+02   2.6524893e+04
   3.4200000e+02   2.6496295e+04
   3.4300000e+02   2.6469033e+04
   3.4400000e+02   2.6443111e+04
   3.4500000e+02   2.6418537e+04
   3.4600000e+02   2.6395316e+04
   3.4700000e+02   2.6373457e+04
   3.4800000e+02   2.6353047e+04
   3.4900000e+02   2.6334008e+04
   3.5000000e+02   2.6316344e+04
   3.5100000e+02   2.6300057e+04
   3.5200000e+02   2.6285152e+04
   3.5300000e+02   2.6271631e+04
   3.5400000e+02   2.6259500e+04
   3.5500000e+02   2.6248760e+04
   3.5600000e+02   2.6239414e+04
   3.5700000e+02   2.6231463e+04
   3.5800000e+02   2.6224910e+04
   3.5900000e+02   2.6219758e+04
   1.4226848e-06   2.6216004e+04
