   0.0000000e+00   2.6444748e-02
   1.0000000e+00   5.2786969e-02
   2.0000000e+00   5.2878972e-02
   3.0000000e+00   5.2955631e-02
   4.0000000e+00   5.3032428e-02
   5.0000000e+00   5.3109381e-02
   6.0000000e+00   5.3186491e-02
   7.0000000e+00   5.3263757e-02
   8.0000000e+00   5.3341188e-02
   9.0000000e+00   5.3419344e-02
   1.0000000e+01   5.3497776e-02
   1.1000000e+01   5.3576313e-02
   1.2000000e+01   5.3654980e-02
   1.3000000e+01   5.3734086e-02
   1.4000000e+01   5.3813741e-02
   1.5000000e+01   5.3893652e-02
   1.6000000e+01   5.3973820e-02
   1.7000000e+01   5.4054230e-02
   1.8000000e+01   5.4134868e-02
   1.9000000e+01   5.4215729e-02
   2.0000000e+01   5.4296806e-02
   2.1000000e+01   5.4378085e-02
   2.2000000e+01   5.4459542e-02
   2.3000000e+01   5.4541159e-02
   2.4000000e+01   5.4622948e-02
   2.5000000e+01   5.4704908e-02
   2.6000000e+01   5.4787025e-02
   2.7000000e+01   5.4869305e-02
   2.8000000e+01   5.4951761e-02
   2.9000000e+01   5.5034388e-02
   3.0000000e+01   5.5117197e-02
   3.1000000e+01   5.5309549e-02
   3.2000000e+01   5.5502545e-02
   3.3000000e+01   5.5696175e-02
   3.4000000e+01   5.5890433e-02
   3.5000000e+01   5.6085858e-02
   3.6000000e+01   5.6282092e-02
   3.7000000e+01   5.6478862e-02
   3.8000000e+01   5.6676161e-02
   3.9000000e+01   5.6873981e-02
   4.0000000e+01   5.7072330e-02
   4.1000000e+01   5.7271197e-02
   4.2000000e+01   5.7470817e-02
   4.3000000e+01   5.7671700e-02
   4.4000000e+01   5.7873223e-02
   4.5000000e+01   5.8075387e-02
   4.6000000e+01   5.8278188e-02
   4.7000000e+01   5.8481611e-02
   4.8000000e+01   5.8685217e-02
   4.9000000e+01   5.8888998e-02
   5.0000000e+01   5.9093557e-02
   5.1000000e+01   5.9298884e-02
   5.2000000e+01   5.9504978e-02
   5.3000000e+01   5.9711829e-02
   5.4000000e+01   5.9919447e-02
   5.5000000e+01   6.0129348e-02
   5.6000000e+01   6.0340103e-02
   5.7000000e+01   6.0551688e-02
   5.8000000e+01   6.0764115e-02
   5.9000000e+01   6.0977358e-02
   6.0000000e+01   6.1191414e-02
   6.1000000e+01   6.1371487e-02
   6.2000000e+01   6.1551947e-02
   6.3000000e+01   6.1732791e-02
   6.4000000e+01   6.1914012e-02
   6.5000000e+01   6.2095601e-02
   6.6000000e+01   6.2277552e-02
   6.7000000e+01   6.2459867e-02
   6.8000000e+01   6.2642537e-02
   6.9000000e+01   6.2825553e-02
   7.0000000e+01   6.3008912e-02
   7.1000000e+01   6.3192606e-02
   7.2000000e+01   6.3376643e-02
   7.3000000e+01   6.3561007e-02
   7.4000000e+01   6.3745700e-02
   7.5000000e+01   6.3930698e-02
   7.6000000e+01   6.4116023e-02
   7.7000000e+01   6.4301662e-02
   7.8000000e+01   6.4487867e-02
   7.9000000e+01   6.4674832e-02
   8.0000000e+01   6.4861946e-02
   8.1000000e+01   6.5049216e-02
   8.2000000e+01   6.5236643e-02
   8.3000000e+01   6.5431230e-02
   8.4000000e+01   6.5628074e-02
   8.5000000e+01   6.5825559e-02
   8.6000000e+01   6.6023678e-02
   8.7000000e+01   6.6222385e-02
   8.8000000e+01   6.6421658e-02
   8.9000000e+01   6.6621475e-02
   9.0000000e+01   6.6821806e-02
   9.1000000e+01   6.6840991e-02
   9.2000000e+01   6.6856273e-02
   9.3000000e+01   6.6867597e-02
   9.4000000e+01   6.6874914e-02
   9.5000000e+01   6.6878170e-02
   9.6000000e+01   6.6877306e-02
   9.7000000e+01   6.6872269e-02
   9.8000000e+01   6.6863187e-02
   9.9000000e+01   6.6850811e-02
   1.0000000e+02   6.6833988e-02
   1.0100000e+02   6.6812649e-02
   1.0200000e+02   6.6786751e-02
   1.0300000e+02   6.6756234e-02
   1.0400000e+02   6.6721044e-02
   1.0500000e+02   6.6680282e-02
   1.0600000e+02   6.6621728e-02
   1.0700000e+02   6.6556267e-02
   1.0800000e+02   6.6483684e-02
   1.0900000e+02   6.6403851e-02
   1.1000000e+02   6.6316605e-02
   1.1100000e+02   6.6221811e-02
   1.1200000e+02   6.6119328e-02
   1.1300000e+02   6.6008985e-02
   1.1400000e+02   6.5887183e-02
   1.1500000e+02   6.5754890e-02
   1.1600000e+02   6.5642118e-02
   1.1700000e+02   6.5576240e-02
   1.1800000e+02   6.5508984e-02
   1.1900000e+02   6.5440424e-02
   1.2000000e+02   6.5370537e-02
   1.2100000e+02   6.4706549e-02
   1.2200000e+02   6.4023525e-02
   1.2300000e+02   6.3320942e-02
   1.2400000e+02   6.2598273e-02
   1.2500000e+02   6.1854966e-02
   1.2600000e+02   6.1090462e-02
   1.2700000e+02   6.0268022e-02
   1.2800000e+02   5.9375998e-02
   1.2900000e+02   5.8484141e-02
   1.3000000e+02   5.7579316e-02
   1.3100000e+02   5.6661271e-02
   1.3200000e+02   5.5729702e-02
   1.3300000e+02   5.4784287e-02
   1.3400000e+02   5.3824697e-02
   1.3500000e+02   5.2850604e-02
   1.3600000e+02   5.1892489e-02
   1.3700000e+02   5.1108390e-02
   1.3800000e+02   5.0642777e-02
   1.3900000e+02   5.0215330e-02
   1.4000000e+02   4.9797527e-02
   1.4100000e+02   4.9388111e-02
   1.4200000e+02   4.8985966e-02
   1.4300000e+02   4.8590180e-02
   1.4400000e+02   4.8200089e-02
   1.4500000e+02   4.7815256e-02
   1.4600000e+02   4.7435559e-02
   1.4700000e+02   4.7174484e-02
   1.4800000e+02   4.6932686e-02
   1.4900000e+02   4.6698529e-02
   1.5000000e+02   4.6472926e-02
   1.5100000e+02   4.6567567e-02
   1.5200000e+02   4.6691686e-02
   1.5300000e+02   4.6799567e-02
   1.5400000e+02   4.6892025e-02
   1.5500000e+02   4.6969578e-02
   1.5600000e+02   4.7032699e-02
   1.5700000e+02   4.7081854e-02
   1.5800000e+02   4.7151983e-02
   1.5900000e+02   4.7242146e-02
   1.6000000e+02   4.7308933e-02
   1.6100000e+02   4.7352988e-02
   1.6200000e+02   4.7402889e-02
   1.6300000e+02   4.7451988e-02
   1.6400000e+02   4.7485806e-02
   1.6500000e+02   4.7504615e-02
   1.6600000e+02   4.7508884e-02
   1.6700000e+02   4.7499083e-02
   1.6800000e+02   4.7475625e-02
   1.6900000e+02   4.7438912e-02
   1.7000000e+02   4.7389321e-02
   1.7100000e+02   4.7327191e-02
   1.7200000e+02   4.7252852e-02
   1.7300000e+02   4.7140423e-02
   1.7400000e+02   4.6669032e-02
   1.7500000e+02   4.6128299e-02
   1.7600000e+02   4.5505103e-02
   1.7700000e+02   4.4794023e-02
   1.7800000e+02   4.3988850e-02
   1.7900000e+02   4.3107200e-02
   1.8000000e+02   4.2146470e-02
   1.8100000e+02   4.1840941e-02
   1.8200000e+02   4.1503433e-02
   1.8300000e+02   4.1137751e-02
   1.8400000e+02   4.0747833e-02
   1.8500000e+02   4.0337782e-02
   1.8600000e+02   3.9911911e-02
   1.8700000e+02   3.9673515e-02
   1.8800000e+02   3.9984692e-02
   1.8900000e+02   4.0285196e-02
   1.9000000e+02   4.0581219e-02
   1.9100000e+02   4.0874276e-02
   1.9200000e+02   4.1175589e-02
   1.9300000e+02   4.1479915e-02
   1.9400000e+02   4.1787647e-02
   1.9500000e+02   4.2100187e-02
   1.9600000e+02   4.2418942e-02
   1.9700000e+02   4.2745274e-02
   1.9800000e+02   4.3080535e-02
   1.9900000e+02   4.3425567e-02
   2.0000000e+02   4.3781884e-02
   2.0100000e+02   4.4151206e-02
   2.0200000e+02   4.4534836e-02
   2.0300000e+02   4.4934053e-02
   2.0400000e+02   4.5350127e-02
   2.0500000e+02   4.5784347e-02
   2.0600000e+02   4.6237972e-02
   2.0700000e+02   4.6908237e-02
   2.0800000e+02   4.7754899e-02
   2.0900000e+02   4.8643447e-02
   2.1000000e+02   4.9576055e-02
   2.1100000e+02   5.0374288e-02
   2.1200000e+02   5.1151130e-02
   2.1300000e+02   5.1907498e-02
   2.1400000e+02   5.2644283e-02
   2.1500000e+02   5.3362347e-02
   2.1600000e+02   5.4062530e-02
   2.1700000e+02   5.4745641e-02
   2.1800000e+02   5.5412464e-02
   2.1900000e+02   5.6063768e-02
   2.2000000e+02   5.6700282e-02
   2.2100000e+02   5.7321008e-02
   2.2200000e+02   5.7927810e-02
   2.2300000e+02   5.8521543e-02
   2.2400000e+02   5.9102878e-02
   2.2500000e+02   5.9697721e-02
   2.2600000e+02   6.0296539e-02
   2.2700000e+02   6.0879037e-02
   2.2800000e+02   6.1445314e-02
   2.2900000e+02   6.1996076e-02
   2.3000000e+02   6.2531993e-02
   2.3100000e+02   6.3053720e-02
   2.3200000e+02   6.3561864e-02
   2.3300000e+02   6.4057015e-02
   2.3400000e+02   6.4539760e-02
   2.3500000e+02   6.5008983e-02
   2.3600000e+02   6.5465748e-02
   2.3700000e+02   6.5911479e-02
   2.3800000e+02   6.6346660e-02
   2.3900000e+02   6.6771768e-02
   2.4000000e+02   6.7187235e-02
   2.4100000e+02   6.7033984e-02
   2.4200000e+02   6.6882290e-02
   2.4300000e+02   6.6732146e-02
   2.4400000e+02   6.6583574e-02
   2.4500000e+02   6.6436566e-02
   2.4600000e+02   6.6291131e-02
   2.4700000e+02   6.6147283e-02
   2.4800000e+02   6.6005021e-02
   2.4900000e+02   6.5864354e-02
   2.5000000e+02   6.5725282e-02
   2.5100000e+02   6.5589994e-02
   2.5200000e+02   6.5464966e-02
   2.5300000e+02   6.5340385e-02
   2.5400000e+02   6.5216258e-02
   2.5500000e+02   6.5092586e-02
   2.5600000e+02   6.4969361e-02
   2.5700000e+02   6.4846590e-02
   2.5800000e+02   6.4724267e-02
   2.5900000e+02   6.4602382e-02
   2.6000000e+02   6.4480945e-02
   2.6100000e+02   6.4359941e-02
   2.6200000e+02   6.4239383e-02
   2.6300000e+02   6.4119250e-02
   2.6400000e+02   6.3999556e-02
   2.6500000e+02   6.3880295e-02
   2.6600000e+02   6.3761458e-02
   2.6700000e+02   6.3643046e-02
   2.6800000e+02   6.3525058e-02
   2.6900000e+02   6.3407488e-02
   2.7000000e+02   6.3290328e-02
   2.7100000e+02   6.3048549e-02
   2.7200000e+02   6.2806055e-02
   2.7300000e+02   6.2562868e-02
   2.7400000e+02   6.2318988e-02
   2.7500000e+02   6.2074423e-02
   2.7600000e+02   6.1829180e-02
   2.7700000e+02   6.1583266e-02
   2.7800000e+02   6.1336685e-02
   2.7900000e+02   6.1089449e-02
   2.8000000e+02   6.0841564e-02
   2.8100000e+02   6.0593035e-02
   2.8200000e+02   6.0343865e-02
   2.8300000e+02   6.0094070e-02
   2.8400000e+02   5.9843644e-02
   2.8500000e+02   5.9592605e-02
   2.8600000e+02   5.9340954e-02
   2.8700000e+02   5.9088696e-02
   2.8800000e+02   5.8835838e-02
   2.8900000e+02   5.8582392e-02
   2.9000000e+02   5.8328353e-02
   2.9100000e+02   5.8073733e-02
   2.9200000e+02   5.7818539e-02
   2.9300000e+02   5.7562776e-02
   2.9400000e+02   5.7306446e-02
   2.9500000e+02   5.7049558e-02
   2.9600000e+02   5.6792118e-02
   2.9700000e+02   5.6534130e-02
   2.9800000e+02   5.6275599e-02
   2.9900000e+02   5.6016531e-02
   3.0000000e+02   5.5756934e-02
   3.0100000e+02   5.5563055e-02
   3.0200000e+02   5.5369504e-02
   3.0300000e+02   5.5176273e-02
   3.0400000e+02   5.4983366e-02
   3.0500000e+02   5.4790780e-02
   3.0600000e+02   5.4598507e-02
   3.0700000e+02   5.4406542e-02
   3.0800000e+02   5.4214884e-02
   3.0900000e+02   5.4023530e-02
   3.1000000e+02   5.3832479e-02
   3.1100000e+02   5.3641722e-02
   3.1200000e+02   5.3451259e-02
   3.1300000e+02   5.3261090e-02
   3.1400000e+02   5.3071205e-02
   3.1500000e+02   5.2881606e-02
   3.1600000e+02   5.2692287e-02
   3.1700000e+02   5.2503247e-02
   3.1800000e+02   5.2314483e-02
   3.1900000e+02   5.2125987e-02
   3.2000000e+02   5.1937766e-02
   3.2100000e+02   5.1749807e-02
   3.2200000e+02   5.1562112e-02
   3.2300000e+02   5.1374678e-02
   3.2400000e+02   5.1187500e-02
   3.2500000e+02   5.1000576e-02
   3.2600000e+02   5.0813906e-02
   3.2700000e+02   5.0627485e-02
   3.2800000e+02   5.0441306e-02
   3.2900000e+02   5.0255377e-02
   3.3000000e+02   5.0069682e-02
   3.3100000e+02   5.0017372e-02
   3.3200000e+02   4.9965058e-02
   3.3300000e+02   4.9912743e-02
   3.3400000e+02   4.9860422e-02
   3.3500000e+02   4.9808100e-02
   3.3600000e+02   4.9755774e-02
   3.3700000e+02   4.9703445e-02
   3.3800000e+02   4.9651116e-02
   3.3900000e+02   4.9598787e-02
   3.4000000e+02   4.9546450e-02
   3.4100000e+02   4.9494114e-02
   3.4200000e+02   4.9441773e-02
   3.4300000e+02   4.9389429e-02
   3.4400000e+02   4.9337085e-02
   3.4500000e+02   4.9284738e-02
   3.4600000e+02   4.9232386e-02
   3.4700000e+02   4.9180035e-02
   3.4800000e+02   4.9127679e-02
   3.4900000e+02   4.9075320e-02
   3.5000000e+02   4.9022961e-02
   3.5100000e+02   4.8970599e-02
   3.5200000e+02   4.8918236e-02
   3.5300000e+02   4.8865866e-02
   3.5400000e+02   4.8813496e-02
   3.5500000e+02   4.8761126e-02
   3.5600000e+02   4.8708752e-02
   3.5700000e+02   4.8656370e-02
   3.5800000e+02   4.8603993e-02
   3.5900000e+02   4.8551612e-02
   7.1133672e-07   4.8499227e-02
   1.0000007e+00   4.8613463e-02
   2.0000007e+00   4.8727740e-02
   3.0000007e+00   4.8842050e-02
   4.0000010e+00   4.8956398e-02
   5.0000010e+00   4.9070783e-02
   6.0000010e+00   4.9185205e-02
   7.0000010e+00   4.9299657e-02
   8.0000010e+00   4.9414150e-02
   9.0000010e+00   4.9528677e-02
   1.0000001e+01   4.9643237e-02
   1.1000001e+01   4.9757835e-02
   1.2000001e+01   4.9872465e-02
   1.3000001e+01   4.9987130e-02
   1.4000001e+01   5.0101832e-02
   1.5000001e+01   5.0216563e-02
   1.6000000e+01   5.0331332e-02
   1.7000000e+01   5.0446130e-02
   1.8000000e+01   5.0560962e-02
   1.9000000e+01   5.0675828e-02
   2.0000000e+01   5.0790727e-02
   2.1000000e+01   5.0905656e-02
   2.2000000e+01   5.1020619e-02
   2.3000000e+01   5.1135615e-02
   2.4000000e+01   5.1250767e-02
   2.5000000e+01   5.1366013e-02
   2.6000000e+01   5.1481303e-02
   2.7000000e+01   5.1596642e-02
   2.8000000e+01   5.1712021e-02
   2.9000000e+01   5.1827446e-02
   3.0000000e+01   5.1942918e-02
   3.1000000e+01   5.2153118e-02
   3.2000000e+01   5.2363575e-02
   3.3000000e+01   5.2574284e-02
   3.4000000e+01   5.2785240e-02
   3.5000000e+01   5.2996453e-02
   3.6000000e+01   5.3207912e-02
   3.7000000e+01   5.3419620e-02
   3.8000000e+01   5.3631578e-02
   3.9000000e+01   5.3843781e-02
   4.0000000e+01   5.4056231e-02
   4.1000000e+01   5.4268926e-02
   4.2000000e+01   5.4481871e-02
   4.3000000e+01   5.4695055e-02
   4.4000000e+01   5.4908484e-02
   4.5000000e+01   5.5122156e-02
   4.6000000e+01   5.5336066e-02
   4.7000000e+01   5.5550218e-02
   4.8000000e+01   5.5764612e-02
   4.9000000e+01   5.5979244e-02
   5.0000000e+01   5.6194115e-02
   5.1000000e+01   5.6409225e-02
   5.2000000e+01   5.6624569e-02
   5.3000000e+01   5.6840152e-02
   5.4000000e+01   5.7055969e-02
   5.5000000e+01   5.7272017e-02
   5.6000000e+01   5.7488304e-02
   5.7000000e+01   5.7704821e-02
   5.8000000e+01   5.7921570e-02
   5.9000000e+01   5.8138557e-02
   6.0000000e+01   5.8355771e-02
   6.1000000e+01   5.8576193e-02
   6.2000000e+01   5.8795981e-02
   6.3000000e+01   5.9015136e-02
   6.4000000e+01   5.9233654e-02
   6.5000000e+01   5.9451532e-02
   6.6000000e+01   5.9668768e-02
   6.7000000e+01   5.9885368e-02
   6.8000000e+01   6.0101330e-02
   6.9000000e+01   6.0316648e-02
   7.0000000e+01   6.0531322e-02
   7.1000000e+01   6.0745351e-02
   7.2000000e+01   6.0958736e-02
   7.3000000e+01   6.1171472e-02
   7.4000000e+01   6.1383564e-02
   7.5000000e+01   6.1595008e-02
   7.6000000e+01   6.1805803e-02
   7.7000000e+01   6.2015943e-02
   7.8000000e+01   6.2225435e-02
   7.9000000e+01   6.2434278e-02
   8.0000000e+01   6.2641382e-02
   8.1000000e+01   6.2847666e-02
   8.2000000e+01   6.3053183e-02
   8.3000000e+01   6.3257940e-02
   8.4000000e+01   6.3461937e-02
   8.5000000e+01   6.3665159e-02
   8.6000000e+01   6.3867621e-02
   8.7000000e+01   6.4069323e-02
   8.8000000e+01   6.4270258e-02
   8.9000000e+01   6.4470425e-02
   9.0000000e+01   6.4669825e-02
   9.1000000e+01   6.4547308e-02
   9.2000000e+01   6.4434603e-02
   9.3000000e+01   6.4331308e-02
   9.4000000e+01   6.4236999e-02
   9.5000000e+01   6.4151302e-02
   9.6000000e+01   6.4074755e-02
   9.7000000e+01   6.4006656e-02
   9.8000000e+01   6.3946016e-02
   9.9000000e+01   6.3892514e-02
   1.0000000e+02   6.3845865e-02
   1.0100000e+02   6.3805774e-02
   1.0200000e+02   6.3771978e-02
   1.0300000e+02   6.3744232e-02
   1.0400000e+02   6.3722275e-02
   1.0500000e+02   6.3705884e-02
   1.0600000e+02   6.3694850e-02
   1.0700000e+02   6.3688949e-02
   1.0800000e+02   6.3687995e-02
   1.0900000e+02   6.3691780e-02
   1.1000000e+02   6.3700140e-02
   1.1100000e+02   6.3712902e-02
   1.1200000e+02   6.3729890e-02
   1.1300000e+02   6.3750960e-02
   1.1400000e+02   6.3775957e-02
   1.1500000e+02   6.3804738e-02
   1.1600000e+02   6.3837171e-02
   1.1700000e+02   6.3873120e-02
   1.1800000e+02   6.3912474e-02
   1.1900000e+02   6.3955106e-02
   1.2000000e+02   6.4000905e-02
   1.2100000e+02   6.3899644e-02
   1.2200000e+02   6.3795313e-02
   1.2300000e+02   6.3688688e-02
   1.2400000e+02   6.3579828e-02
   1.2500000e+02   6.3468769e-02
   1.2600000e+02   6.3355565e-02
   1.2700000e+02   6.3240267e-02
   1.2800000e+02   6.3122913e-02
   1.2900000e+02   6.3003547e-02
   1.3000000e+02   6.2882222e-02
   1.3100000e+02   6.2763825e-02
   1.3200000e+02   6.2644705e-02
   1.3300000e+02   6.2524594e-02
   1.3400000e+02   6.2403519e-02
   1.3500000e+02   6.2281504e-02
   1.3600000e+02   6.2158573e-02
   1.3700000e+02   6.2034760e-02
   1.3800000e+02   6.1910085e-02
   1.3900000e+02   6.1784569e-02
   1.4000000e+02   6.1658241e-02
   1.4100000e+02   6.1531123e-02
   1.4200000e+02   6.1403248e-02
   1.4300000e+02   6.1274633e-02
   1.4400000e+02   6.1145302e-02
   1.4500000e+02   6.1015286e-02
   1.4600000e+02   6.0884602e-02
   1.4700000e+02   6.0753275e-02
   1.4800000e+02   6.0621329e-02
   1.4900000e+02   6.0488787e-02
   1.5000000e+02   6.0355667e-02
   1.5100000e+02   6.0227308e-02
   1.5200000e+02   6.0099564e-02
   1.5300000e+02   5.9972383e-02
   1.5400000e+02   5.9845682e-02
   1.5500000e+02   5.9719417e-02
   1.5600000e+02   5.9593529e-02
   1.5700000e+02   5.9467968e-02
   1.5800000e+02   5.9342682e-02
   1.5900000e+02   5.9217628e-02
   1.6000000e+02   5.9092764e-02
   1.6100000e+02   5.8968056e-02
   1.6200000e+02   5.8843456e-02
   1.6300000e+02   5.8718938e-02
   1.6400000e+02   5.8594476e-02
   1.6500000e+02   5.8470026e-02
   1.6600000e+02   5.8345575e-02
   1.6700000e+02   5.8221087e-02
   1.6800000e+02   5.8096547e-02
   1.6900000e+02   5.7971921e-02
   1.7000000e+02   5.7847206e-02
   1.7100000e+02   5.7722367e-02
   1.7200000e+02   5.7597399e-02
   1.7300000e+02   5.7472277e-02
   1.7400000e+02   5.7346992e-02
   1.7500000e+02   5.7221524e-02
   1.7600000e+02   5.7095867e-02
   1.7700000e+02   5.6970008e-02
   1.7800000e+02   5.6843933e-02
   1.7900000e+02   5.6717638e-02
   1.8000000e+02   5.6591108e-02
   1.8100000e+02   5.6621801e-02
   1.8200000e+02   5.6652278e-02
   1.8300000e+02   5.6682568e-02
   1.8400000e+02   5.6712709e-02
   1.8500000e+02   5.6742739e-02
   1.8600000e+02   5.6772672e-02
   1.8700000e+02   5.6802537e-02
   1.8800000e+02   5.6832369e-02
   1.8900000e+02   5.6862187e-02
   1.9000000e+02   5.6892011e-02
   1.9100000e+02   5.6921873e-02
   1.9200000e+02   5.6951780e-02
   1.9300000e+02   5.6981627e-02
   1.9400000e+02   5.7010956e-02
   1.9500000e+02   5.7040285e-02
   1.9600000e+02   5.7069648e-02
   1.9700000e+02   5.7099044e-02
   1.9800000e+02   5.7128504e-02
   1.9900000e+02   5.7158031e-02
   2.0000000e+02   5.7187643e-02
   2.0100000e+02   5.7217352e-02
   2.0200000e+02   5.7247166e-02
   2.0300000e+02   5.7277106e-02
   2.0400000e+02   5.7307173e-02
   2.0500000e+02   5.7337373e-02
   2.0600000e+02   5.7367723e-02
   2.0700000e+02   5.7398230e-02
   2.0800000e+02   5.7428896e-02
   2.0900000e+02   5.7459734e-02
   2.1000000e+02   5.7490744e-02
   2.1100000e+02   5.7666257e-02
   2.1200000e+02   5.7839788e-02
   2.1300000e+02   5.8011357e-02
   2.1400000e+02   5.8180984e-02
   2.1500000e+02   5.8348689e-02
   2.1600000e+02   5.8514483e-02
   2.1700000e+02   5.8678392e-02
   2.1800000e+02   5.8840431e-02
   2.1900000e+02   5.9000615e-02
   2.2000000e+02   5.9158962e-02
   2.2100000e+02   5.9315491e-02
   2.2200000e+02   5.9470218e-02
   2.2300000e+02   5.9623156e-02
   2.2400000e+02   5.9774321e-02
   2.2500000e+02   5.9923731e-02
   2.2600000e+02   6.0071394e-02
   2.2700000e+02   6.0217340e-02
   2.2800000e+02   6.0361572e-02
   2.2900000e+02   6.0504101e-02
   2.3000000e+02   6.0644943e-02
   2.3100000e+02   6.0784120e-02
   2.3200000e+02   6.0938556e-02
   2.3300000e+02   6.1099499e-02
   2.3400000e+02   6.1260715e-02
   2.3500000e+02   6.1422128e-02
   2.3600000e+02   6.1583739e-02
   2.3700000e+02   6.1745521e-02
   2.3800000e+02   6.1907470e-02
   2.3900000e+02   6.2069561e-02
   2.4000000e+02   6.2231790e-02
   2.4100000e+02   6.2294565e-02
   2.4200000e+02   6.2355585e-02
   2.4300000e+02   6.2414877e-02
   2.4400000e+02   6.2472481e-02
   2.4500000e+02   6.2528409e-02
   2.4600000e+02   6.2582709e-02
   2.4700000e+02   6.2635385e-02
   2.4800000e+02   6.2686473e-02
   2.4900000e+02   6.2735997e-02
   2.5000000e+02   6.2783986e-02
   2.5100000e+02   6.2830463e-02
   2.5200000e+02   6.2875442e-02
   2.5300000e+02   6.2918954e-02
   2.5400000e+02   6.2961027e-02
   2.5500000e+02   6.3001662e-02
   2.5600000e+02   6.3040897e-02
   2.5700000e+02   6.3078754e-02
   2.5800000e+02   6.3115247e-02
   2.5900000e+02   6.3150398e-02
   2.6000000e+02   6.3184224e-02
   2.6100000e+02   6.3216738e-02
   2.6200000e+02   6.3247971e-02
   2.6300000e+02   6.3277937e-02
   2.6400000e+02   6.3306652e-02
   2.6500000e+02   6.3334137e-02
   2.6600000e+02   6.3360400e-02
   2.6700000e+02   6.3385457e-02
   2.6800000e+02   6.3409336e-02
   2.6900000e+02   6.3432038e-02
   2.7000000e+02   6.3453592e-02
   2.7100000e+02   6.3162409e-02
   2.7200000e+02   6.2871106e-02
   2.7300000e+02   6.2579684e-02
   2.7400000e+02   6.2288158e-02
   2.7500000e+02   6.1996516e-02
   2.7600000e+02   6.1704766e-02
   2.7700000e+02   6.1412901e-02
   2.7800000e+02   6.1120927e-02
   2.7900000e+02   6.0828838e-02
   2.8000000e+02   6.0536642e-02
   2.8100000e+02   6.0244333e-02
   2.8200000e+02   5.9951916e-02
   2.8300000e+02   5.9659388e-02
   2.8400000e+02   5.9366751e-02
   2.8500000e+02   5.9074003e-02
   2.8600000e+02   5.8781151e-02
   2.8700000e+02   5.8488186e-02
   2.8800000e+02   5.8195114e-02
   2.8900000e+02   5.7901934e-02
   2.9000000e+02   5.7608645e-02
   2.9100000e+02   5.7315253e-02
   2.9200000e+02   5.7021748e-02
   2.9300000e+02   5.6728143e-02
   2.9400000e+02   5.6434426e-02
   2.9500000e+02   5.6140602e-02
   2.9600000e+02   5.5846676e-02
   2.9700000e+02   5.5552647e-02
   2.9800000e+02   5.5258505e-02
   2.9900000e+02   5.4964267e-02
   3.0000000e+02   5.4669917e-02
   3.0100000e+02   5.4502141e-02
   3.0200000e+02   5.4334428e-02
   3.0300000e+02   5.4166771e-02
   3.0400000e+02   5.3999178e-02
   3.0500000e+02   5.3831641e-02
   3.0600000e+02   5.3664166e-02
   3.0700000e+02   5.3496748e-02
   3.0800000e+02   5.3329393e-02
   3.0900000e+02   5.3162090e-02
   3.1000000e+02   5.2994851e-02
   3.1100000e+02   5.2827671e-02
   3.1200000e+02   5.2660547e-02
   3.1300000e+02   5.2493483e-02
   3.1400000e+02   5.2326478e-02
   3.1500000e+02   5.2159529e-02
   3.1600000e+02   5.1992636e-02
   3.1700000e+02   5.1825803e-02
   3.1800000e+02   5.1659029e-02
   3.1900000e+02   5.1492311e-02
   3.2000000e+02   5.1325649e-02
   3.2100000e+02   5.1159047e-02
   3.2200000e+02   5.0992500e-02
   3.2300000e+02   5.0826009e-02
   3.2400000e+02   5.0659582e-02
   3.2500000e+02   5.0493203e-02
   3.2600000e+02   5.0326884e-02
   3.2700000e+02   5.0160620e-02
   3.2800000e+02   4.9994413e-02
   3.2900000e+02   4.9828265e-02
   3.3000000e+02   4.9662169e-02
   3.3100000e+02   4.9609389e-02
   3.3200000e+02   4.9556602e-02
   3.3300000e+02   4.9503811e-02
   3.3400000e+02   4.9451016e-02
   3.3500000e+02   4.9398217e-02
   3.3600000e+02   4.9345411e-02
   3.3700000e+02   4.9292602e-02
   3.3800000e+02   4.9239788e-02
   3.3900000e+02   4.9186971e-02
   3.4000000e+02   4.9134150e-02
   3.4100000e+02   4.9081318e-02
   3.4200000e+02   4.9028486e-02
   3.4300000e+02   4.8975650e-02
   3.4400000e+02   4.8922811e-02
   3.4500000e+02   4.8869964e-02
   3.4600000e+02   4.8817109e-02
   3.4700000e+02   4.8764259e-02
   3.4800000e+02   4.8711397e-02
   3.4900000e+02   4.8658531e-02
   3.5000000e+02   4.8605662e-02
   3.5100000e+02   4.8552789e-02
   3.5200000e+02   4.8499908e-02
   3.5300000e+02   4.8447028e-02
   3.5400000e+02   4.8394140e-02
   3.5500000e+02   4.8341244e-02
   3.5600000e+02   4.8288349e-02
   3.5700000e+02   4.8235450e-02
   3.5800000e+02   4.8182540e-02
   3.5900000e+02   4.8129629e-02
   1.4226848e-06   4.8076715e-02
