   0.0000000e+00   1.0573962e+02
   1.0000000e+00   2.4285673e+01
   2.0000000e+00   2.4244652e+01
   3.0000000e+00   2.4202604e+01
   4.0000000e+00   2.4159279e+01
   5.0000000e+00   2.4114704e+01
   6.0000000e+00   2.4068907e+01
   7.0000000e+00   2.4021917e+01
   8.0000000e+00   2.3973766e+01
   9.0000000e+00   2.3924469e+01
   1.0000000e+01   2.3874062e+01
   1.1000000e+01   2.3822592e+01
   1.2000000e+01   2.3770113e+01
   1.3000000e+01   2.3716650e+01
   1.4000000e+01   2.3662216e+01
   1.5000000e+01   2.3606852e+01
   1.6000000e+01   2.3550566e+01
   1.7000000e+01   2.3493397e+01
   1.8000000e+01   2.3435661e+01
   1.9000000e+01   2.3377316e+01
   2.0000000e+01   2.3318014e+01
   2.1000000e+01   2.3257755e+01
   2.2000000e+01   2.3196552e+01
   2.3000000e+01   2.3134426e+01
   2.4000000e+01   2.3071398e+01
   2.5000000e+01   2.3006899e+01
   2.6000000e+01   2.2940821e+01
   2.7000000e+01   2.2873751e+01
   2.8000000e+01   2.2805717e+01
   2.9000000e+01   2.2736732e+01
   3.0000000e+01   2.2666809e+01
   3.1000000e+01   2.2589926e+01
   3.2000000e+01   2.2511971e+01
   3.3000000e+01   2.2432972e+01
   3.4000000e+01   2.2352955e+01
   3.5000000e+01   2.2271950e+01
   3.6000000e+01   2.2189987e+01
   3.7000000e+01   2.2107109e+01
   3.8000000e+01   2.2023346e+01
   3.9000000e+01   2.1938719e+01
   4.0000000e+01   2.1853260e+01
   4.1000000e+01   2.1766998e+01
   4.2000000e+01   2.1679966e+01
   4.3000000e+01   2.1592186e+01
   4.4000000e+01   2.1503693e+01
   4.5000000e+01   2.1414516e+01
   4.6000000e+01   2.1324690e+01
   4.7000000e+01   2.1234245e+01
   4.8000000e+01   2.1143211e+01
   4.9000000e+01   2.1051617e+01
   5.0000000e+01   2.0959488e+01
   5.1000000e+01   2.0866858e+01
   5.2000000e+01   2.0773750e+01
   5.3000000e+01   2.0680202e+01
   5.4000000e+01   2.0586241e+01
   5.5000000e+01   2.0491894e+01
   5.6000000e+01   2.0397196e+01
   5.7000000e+01   2.0302170e+01
   5.8000000e+01   2.0206844e+01
   5.9000000e+01   2.0111252e+01
   6.0000000e+01   2.0015419e+01
   6.1000000e+01   1.9914970e+01
   6.2000000e+01   1.9814228e+01
   6.3000000e+01   1.9713224e+01
   6.4000000e+01   1.9611980e+01
   6.5000000e+01   1.9510521e+01
   6.6000000e+01   1.9408875e+01
   6.7000000e+01   1.9307072e+01
   6.8000000e+01   1.9205145e+01
   6.9000000e+01   1.9103128e+01
   7.0000000e+01   1.9001024e+01
   7.1000000e+01   1.8898859e+01
   7.2000000e+01   1.8796654e+01
   7.3000000e+01   1.8694439e+01
   7.4000000e+01   1.8592230e+01
   7.5000000e+01   1.8489973e+01
   7.6000000e+01   1.8387676e+01
   7.7000000e+01   1.8285444e+01
   7.8000000e+01   1.8183308e+01
   7.9000000e+01   1.8081289e+01
   8.0000000e+01   1.7979408e+01
   8.1000000e+01   1.7877691e+01
   8.2000000e+01   1.7776188e+01
   8.3000000e+01   1.7674984e+01
   8.4000000e+01   1.7573978e+01
   8.5000000e+01   1.7473194e+01
   8.6000000e+01   1.7372646e+01
   8.7000000e+01   1.7272348e+01
   8.8000000e+01   1.7172319e+01
   8.9000000e+01   1.7072573e+01
   9.0000000e+01   1.6973063e+01
   9.1000000e+01   1.6860037e+01
   9.2000000e+01   1.6746300e+01
   9.3000000e+01   1.6631844e+01
   9.4000000e+01   1.6516134e+01
   9.5000000e+01   1.6399366e+01
   9.6000000e+01   1.6281807e+01
   9.7000000e+01   1.6163462e+01
   9.8000000e+01   1.6044350e+01
   9.9000000e+01   1.5924480e+01
   1.0000000e+02   1.5803849e+01
   1.0100000e+02   1.5683683e+01
   1.0200000e+02   1.5564690e+01
   1.0300000e+02   1.5445458e+01
   1.0400000e+02   1.5326061e+01
   1.0500000e+02   1.5206539e+01
   1.0600000e+02   1.5086990e+01
   1.0700000e+02   1.4967406e+01
   1.0800000e+02   1.4847846e+01
   1.0900000e+02   1.4728363e+01
   1.1000000e+02   1.4597339e+01
   1.1100000e+02   1.4449446e+01
   1.1200000e+02   1.4300478e+01
   1.1300000e+02   1.4150894e+01
   1.1400000e+02   1.4000850e+01
   1.1500000e+02   1.3850486e+01
   1.1600000e+02   1.3699810e+01
   1.1700000e+02   1.3548841e+01
   1.1800000e+02   1.3397905e+01
   1.1900000e+02   1.3269199e+01
   1.2000000e+02   1.3148371e+01
   1.2100000e+02   1.3052442e+01
   1.2200000e+02   1.2949973e+01
   1.2300000e+02   1.2841814e+01
   1.2400000e+02   1.2727400e+01
   1.2500000e+02   1.2605556e+01
   1.2600000e+02   1.2479420e+01
   1.2700000e+02   1.2350202e+01
   1.2800000e+02   1.2199436e+01
   1.2900000e+02   1.2041163e+01
   1.3000000e+02   1.1881792e+01
   1.3100000e+02   1.1721751e+01
   1.3200000e+02   1.1563333e+01
   1.3300000e+02   1.1409954e+01
   1.3400000e+02   1.1256907e+01
   1.3500000e+02   1.1101458e+01
   1.3600000e+02   1.0944781e+01
   1.3700000e+02   1.0789050e+01
   1.3800000e+02   1.0633737e+01
   1.3900000e+02   1.0480102e+01
   1.4000000e+02   1.0328407e+01
   1.4100000e+02   1.0178799e+01
   1.4200000e+02   1.0031414e+01
   1.4300000e+02   9.8863783e+00
   1.4400000e+02   9.7486591e+00
   1.4500000e+02   9.6145458e+00
   1.4600000e+02   9.4827404e+00
   1.4700000e+02   9.3528996e+00
   1.4800000e+02   9.2253904e+00
   1.4900000e+02   9.1000080e+00
   1.5000000e+02   8.9779758e+00
   1.5100000e+02   8.9430485e+00
   1.5200000e+02   8.9092655e+00
   1.5300000e+02   8.8766136e+00
   1.5400000e+02   8.8450756e+00
   1.5500000e+02   8.8146362e+00
   1.5600000e+02   8.7852802e+00
   1.5700000e+02   8.7569933e+00
   1.5800000e+02   8.7296820e+00
   1.5900000e+02   8.7062731e+00
   1.6000000e+02   8.6834249e+00
   1.6100000e+02   8.6611767e+00
   1.6200000e+02   8.6394606e+00
   1.6300000e+02   8.6183233e+00
   1.6400000e+02   8.5978251e+00
   1.6500000e+02   8.5779877e+00
   1.6600000e+02   8.5593405e+00
   1.6700000e+02   8.5432005e+00
   1.6800000e+02   8.5278788e+00
   1.6900000e+02   8.5133848e+00
   1.7000000e+02   8.4997120e+00
   1.7100000e+02   8.4868565e+00
   1.7200000e+02   8.4748125e+00
   1.7300000e+02   8.4635706e+00
   1.7400000e+02   8.4531116e+00
   1.7500000e+02   8.4431982e+00
   1.7600000e+02   8.4341030e+00
   1.7700000e+02   8.4259758e+00
   1.7800000e+02   8.4188004e+00
   1.7900000e+02   8.4124832e+00
   1.8000000e+02   8.4069977e+00
   1.8100000e+02   8.4538183e+00
   1.8200000e+02   8.4987831e+00
   1.8300000e+02   8.5420656e+00
   1.8400000e+02   8.5831900e+00
   1.8500000e+02   8.6219893e+00
   1.8600000e+02   8.6574411e+00
   1.8700000e+02   8.6916370e+00
   1.8800000e+02   8.7249470e+00
   1.8900000e+02   8.7575588e+00
   1.9000000e+02   8.7896442e+00
   1.9100000e+02   8.8213596e+00
   1.9200000e+02   8.8528194e+00
   1.9300000e+02   8.8841782e+00
   1.9400000e+02   8.9155540e+00
   1.9500000e+02   8.9470577e+00
   1.9600000e+02   8.9787893e+00
   1.9700000e+02   9.0108414e+00
   1.9800000e+02   9.0432968e+00
   1.9900000e+02   9.0762320e+00
   2.0000000e+02   9.1118965e+00
   2.0100000e+02   9.1492710e+00
   2.0200000e+02   9.1872282e+00
   2.0300000e+02   9.2257805e+00
   2.0400000e+02   9.2649536e+00
   2.0500000e+02   9.3047752e+00
   2.0600000e+02   9.3449202e+00
   2.0700000e+02   9.3850193e+00
   2.0800000e+02   9.4256840e+00
   2.0900000e+02   9.4673834e+00
   2.1000000e+02   9.5101051e+00
   2.1100000e+02   9.6372995e+00
   2.1200000e+02   9.7656050e+00
   2.1300000e+02   9.8949776e+00
   2.1400000e+02   1.0025375e+01
   2.1500000e+02   1.0156755e+01
   2.1600000e+02   1.0289082e+01
   2.1700000e+02   1.0422314e+01
   2.1800000e+02   1.0556417e+01
   2.1900000e+02   1.0691359e+01
   2.2000000e+02   1.0827482e+01
   2.2100000e+02   1.0964493e+01
   2.2200000e+02   1.1102307e+01
   2.2300000e+02   1.1240891e+01
   2.2400000e+02   1.1380210e+01
   2.2500000e+02   1.1520142e+01
   2.2600000e+02   1.1660759e+01
   2.2700000e+02   1.1802046e+01
   2.2800000e+02   1.1943974e+01
   2.2900000e+02   1.2086939e+01
   2.3000000e+02   1.2230847e+01
   2.3100000e+02   1.2375126e+01
   2.3200000e+02   1.2519766e+01
   2.3300000e+02   1.2664761e+01
   2.3400000e+02   1.2810102e+01
   2.3500000e+02   1.2955793e+01
   2.3600000e+02   1.3101830e+01
   2.3700000e+02   1.3248214e+01
   2.3800000e+02   1.3394945e+01
   2.3900000e+02   1.3542028e+01
   2.4000000e+02   1.3689466e+01
   2.4100000e+02   1.3782444e+01
   2.4200000e+02   1.3874843e+01
   2.4300000e+02   1.3961180e+01
   2.4400000e+02   1.4049944e+01
   2.4500000e+02   1.4141175e+01
   2.4600000e+02   1.4234816e+01
   2.4700000e+02   1.4330806e+01
   2.4800000e+02   1.4429090e+01
   2.4900000e+02   1.4529616e+01
   2.5000000e+02   1.4632334e+01
   2.5100000e+02   1.4737189e+01
   2.5200000e+02   1.4844091e+01
   2.5300000e+02   1.4953039e+01
   2.5400000e+02   1.5063987e+01
   2.5500000e+02   1.5176887e+01
   2.5600000e+02   1.5291693e+01
   2.5700000e+02   1.5408360e+01
   2.5800000e+02   1.5526845e+01
   2.5900000e+02   1.5647104e+01
   2.6000000e+02   1.5769095e+01
   2.6100000e+02   1.5892776e+01
   2.6200000e+02   1.6018105e+01
   2.6300000e+02   1.6145041e+01
   2.6400000e+02   1.6273542e+01
   2.6500000e+02   1.6403568e+01
   2.6600000e+02   1.6535082e+01
   2.6700000e+02   1.6668827e+01
   2.6800000e+02   1.6803442e+01
   2.6900000e+02   1.6938919e+01
   2.7000000e+02   1.7075245e+01
   2.7100000e+02   1.7144470e+01
   2.7200000e+02   1.7214060e+01
   2.7300000e+02   1.7284002e+01
   2.7400000e+02   1.7354282e+01
   2.7500000e+02   1.7424887e+01
   2.7600000e+02   1.7495800e+01
   2.7700000e+02   1.7567005e+01
   2.7800000e+02   1.7638491e+01
   2.7900000e+02   1.7710243e+01
   2.8000000e+02   1.7782244e+01
   2.8100000e+02   1.7854473e+01
   2.8200000e+02   1.7926916e+01
   2.8300000e+02   1.7999556e+01
   2.8400000e+02   1.8072376e+01
   2.8500000e+02   1.8145361e+01
   2.8600000e+02   1.8218491e+01
   2.8700000e+02   1.8291750e+01
   2.8800000e+02   1.8365122e+01
   2.8900000e+02   1.8438581e+01
   2.9000000e+02   1.8512115e+01
   2.9100000e+02   1.8585703e+01
   2.9200000e+02   1.8659306e+01
   2.9300000e+02   1.8732924e+01
   2.9400000e+02   1.8806534e+01
   2.9500000e+02   1.8880116e+01
   2.9600000e+02   1.8953650e+01
   2.9700000e+02   1.9027117e+01
   2.9800000e+02   1.9100494e+01
   2.9900000e+02   1.9173761e+01
   3.0000000e+02   1.9246895e+01
   3.0100000e+02   1.9303469e+01
   3.0200000e+02   1.9359751e+01
   3.0300000e+02   1.9415722e+01
   3.0400000e+02   1.9471361e+01
   3.0500000e+02   1.9526640e+01
   3.0600000e+02   1.9581541e+01
   3.0700000e+02   1.9636042e+01
   3.0800000e+02   1.9690123e+01
   3.0900000e+02   1.9743763e+01
   3.1000000e+02   1.9796938e+01
   3.1100000e+02   1.9849625e+01
   3.1200000e+02   1.9901804e+01
   3.1300000e+02   1.9953455e+01
   3.1400000e+02   2.0004557e+01
   3.1500000e+02   2.0055086e+01
   3.1600000e+02   2.0105024e+01
   3.1700000e+02   2.0154346e+01
   3.1800000e+02   2.0203028e+01
   3.1900000e+02   2.0251051e+01
   3.2000000e+02   2.0298399e+01
   3.2100000e+02   2.0345049e+01
   3.2200000e+02   2.0390974e+01
   3.2300000e+02   2.0436161e+01
   3.2400000e+02   2.0480589e+01
   3.2500000e+02   2.0524233e+01
   3.2600000e+02   2.0567076e+01
   3.2700000e+02   2.0609100e+01
   3.2800000e+02   2.0650282e+01
   3.2900000e+02   2.0690607e+01
   3.3000000e+02   2.0730051e+01
   3.3100000e+02   2.0752403e+01
   3.3200000e+02   2.0773762e+01
   3.3300000e+02   2.0794127e+01
   3.3400000e+02   2.0813484e+01
   3.3500000e+02   2.0831820e+01
   3.3600000e+02   2.0849117e+01
   3.3700000e+02   2.0865364e+01
   3.3800000e+02   2.0880548e+01
   3.3900000e+02   2.0894655e+01
   3.4000000e+02   2.0907675e+01
   3.4100000e+02   2.0919594e+01
   3.4200000e+02   2.0930401e+01
   3.4300000e+02   2.0940084e+01
   3.4400000e+02   2.0948639e+01
   3.4500000e+02   2.0956053e+01
   3.4600000e+02   2.0962309e+01
   3.4700000e+02   2.0967411e+01
   3.4800000e+02   2.0971350e+01
   3.4900000e+02   2.0974115e+01
   3.5000000e+02   2.0975700e+01
   3.5100000e+02   2.0976103e+01
   3.5200000e+02   2.0975321e+01
   3.5300000e+02   2.0973352e+01
   3.5400000e+02   2.0970188e+01
   3.5500000e+02   2.0965830e+01
   3.5600000e+02   2.0960276e+01
   3.5700000e+02   2.0953524e+01
   3.5800000e+02   2.0945576e+01
   3.5900000e+02   2.0936430e+01
   7.1133672e-07   2.0926086e+01
   1.0000007e+00   2.0897226e+01
   2.0000007e+00   2.0867149e+01
   3.0000007e+00   2.0835865e+01
   4.0000010e+00   2.0803377e+01
   5.0000010e+00   2.0769693e+01
   6.0000010e+00   2.0734821e+01
   7.0000010e+00   2.0698772e+01
   8.0000010e+00   2.0661554e+01
   9.0000010e+00   2.0623178e+01
   1.0000001e+01   2.0583652e+01
   1.1000001e+01   2.0542992e+01
   1.2000001e+01   2.0501209e+01
   1.3000001e+01   2.0458313e+01
   1.4000001e+01   2.0414322e+01
   1.5000001e+01   2.0369244e+01
   1.6000000e+01   2.0323097e+01
   1.7000000e+01   2.0275896e+01
   1.8000000e+01   2.0227659e+01
   1.9000000e+01   2.0178396e+01
   2.0000000e+01   2.0128130e+01
   2.1000000e+01   2.0076878e+01
   2.2000000e+01   2.0024652e+01
   2.3000000e+01   1.9971476e+01
   2.4000000e+01   1.9917362e+01
   2.5000000e+01   1.9862337e+01
   2.6000000e+01   1.9806414e+01
   2.7000000e+01   1.9749605e+01
   2.8000000e+01   1.9691942e+01
   2.9000000e+01   1.9633448e+01
   3.0000000e+01   1.9574137e+01
   3.1000000e+01   1.9494915e+01
   3.2000000e+01   1.9414927e+01
   3.3000000e+01   1.9334198e+01
   3.4000000e+01   1.9252754e+01
   3.5000000e+01   1.9170618e+01
   3.6000000e+01   1.9087814e+01
   3.7000000e+01   1.9004372e+01
   3.8000000e+01   1.8920309e+01
   3.9000000e+01   1.8835653e+01
   4.0000000e+01   1.8750435e+01
   4.1000000e+01   1.8664673e+01
   4.2000000e+01   1.8578396e+01
   4.3000000e+01   1.8491627e+01
   4.4000000e+01   1.8404392e+01
   4.5000000e+01   1.8316719e+01
   4.6000000e+01   1.8228630e+01
   4.7000000e+01   1.8140150e+01
   4.8000000e+01   1.8051304e+01
   4.9000000e+01   1.7962122e+01
   5.0000000e+01   1.7872620e+01
   5.1000000e+01   1.7782829e+01
   5.2000000e+01   1.7692770e+01
   5.3000000e+01   1.7602468e+01
   5.4000000e+01   1.7511948e+01
   5.5000000e+01   1.7421234e+01
   5.6000000e+01   1.7330349e+01
   5.7000000e+01   1.7239317e+01
   5.8000000e+01   1.7148161e+01
   5.9000000e+01   1.7056902e+01
   6.0000000e+01   1.6965563e+01
   6.1000000e+01   1.6697548e+01
   6.2000000e+01   1.6429552e+01
   6.3000000e+01   1.6161629e+01
   6.4000000e+01   1.5893824e+01
   6.5000000e+01   1.5626184e+01
   6.6000000e+01   1.5358756e+01
   6.7000000e+01   1.5091583e+01
   6.8000000e+01   1.4824711e+01
   6.9000000e+01   1.4558179e+01
   7.0000000e+01   1.4292031e+01
   7.1000000e+01   1.4026306e+01
   7.2000000e+01   1.3761044e+01
   7.3000000e+01   1.3496281e+01
   7.4000000e+01   1.3232054e+01
   7.5000000e+01   1.2968399e+01
   7.6000000e+01   1.2705351e+01
   7.7000000e+01   1.2442941e+01
   7.8000000e+01   1.2181202e+01
   7.9000000e+01   1.1920164e+01
   8.0000000e+01   1.1659858e+01
   8.1000000e+01   1.1400310e+01
   8.2000000e+01   1.1141546e+01
   8.3000000e+01   1.0883595e+01
   8.4000000e+01   1.0626478e+01
   8.5000000e+01   1.0370220e+01
   8.6000000e+01   1.0114843e+01
   8.7000000e+01   9.8603678e+00
   8.8000000e+01   9.6068115e+00
   8.9000000e+01   9.3541937e+00
   9.0000000e+01   9.1025333e+00
   9.1000000e+01   9.0119915e+00
   9.2000000e+01   8.9221010e+00
   9.3000000e+01   8.8328657e+00
   9.4000000e+01   8.7442884e+00
   9.5000000e+01   8.6563692e+00
   9.6000000e+01   8.5691090e+00
   9.7000000e+01   8.4825096e+00
   9.8000000e+01   8.3965769e+00
   9.9000000e+01   8.3113108e+00
   1.0000000e+02   8.2267103e+00
   1.0100000e+02   8.1427794e+00
   1.0200000e+02   8.0595150e+00
   1.0300000e+02   7.9769192e+00
   1.0400000e+02   7.8949909e+00
   1.0500000e+02   7.8137298e+00
   1.0600000e+02   7.7331347e+00
   1.0700000e+02   7.6532059e+00
   1.0800000e+02   7.5739412e+00
   1.0900000e+02   7.4953394e+00
   1.1000000e+02   7.4173985e+00
   1.1100000e+02   7.3401175e+00
   1.1200000e+02   7.2634945e+00
   1.1300000e+02   7.1875277e+00
   1.1400000e+02   7.1122136e+00
   1.1500000e+02   7.0375504e+00
   1.1600000e+02   6.9635358e+00
   1.1700000e+02   6.8901658e+00
   1.1800000e+02   6.8174391e+00
   1.1900000e+02   6.7453508e+00
   1.2000000e+02   6.6738992e+00
   1.2100000e+02   6.6554008e+00
   1.2200000e+02   6.6372452e+00
   1.2300000e+02   6.6194344e+00
   1.2400000e+02   6.6019702e+00
   1.2500000e+02   6.5848536e+00
   1.2600000e+02   6.5680881e+00
   1.2700000e+02   6.5516734e+00
   1.2800000e+02   6.5356121e+00
   1.2900000e+02   6.5199060e+00
   1.3000000e+02   6.5045547e+00
   1.3100000e+02   6.4895487e+00
   1.3200000e+02   6.4748988e+00
   1.3300000e+02   6.4606094e+00
   1.3400000e+02   6.4466810e+00
   1.3500000e+02   6.4331150e+00
   1.3600000e+02   6.4199133e+00
   1.3700000e+02   6.4070773e+00
   1.3800000e+02   6.3946080e+00
   1.3900000e+02   6.3825059e+00
   1.4000000e+02   6.3707733e+00
   1.4100000e+02   6.3594108e+00
   1.4200000e+02   6.3484192e+00
   1.4300000e+02   6.3377995e+00
   1.4400000e+02   6.3275528e+00
   1.4500000e+02   6.3176794e+00
   1.4600000e+02   6.3081803e+00
   1.4700000e+02   6.2990565e+00
   1.4800000e+02   6.2903080e+00
   1.4900000e+02   6.2819357e+00
   1.5000000e+02   6.2739396e+00
   1.5100000e+02   6.2733898e+00
   1.5200000e+02   6.2731910e+00
   1.5300000e+02   6.2733436e+00
   1.5400000e+02   6.2738485e+00
   1.5500000e+02   6.2747068e+00
   1.5600000e+02   6.2759185e+00
   1.5700000e+02   6.2774844e+00
   1.5800000e+02   6.2794061e+00
   1.5900000e+02   6.2816834e+00
   1.6000000e+02   6.2843165e+00
   1.6100000e+02   6.2873068e+00
   1.6200000e+02   6.2906551e+00
   1.6300000e+02   6.2943606e+00
   1.6400000e+02   6.2984252e+00
   1.6500000e+02   6.3028483e+00
   1.6600000e+02   6.3076305e+00
   1.6700000e+02   6.3127732e+00
   1.6800000e+02   6.3182764e+00
   1.6900000e+02   6.3241396e+00
   1.7000000e+02   6.3303647e+00
   1.7100000e+02   6.3369513e+00
   1.7200000e+02   6.3438993e+00
   1.7300000e+02   6.3512096e+00
   1.7400000e+02   6.3588824e+00
   1.7500000e+02   6.3669186e+00
   1.7600000e+02   6.3753176e+00
   1.7700000e+02   6.3840799e+00
   1.7800000e+02   6.3932061e+00
   1.7900000e+02   6.4026961e+00
   1.8000000e+02   6.4125504e+00
   1.8100000e+02   6.4328694e+00
   1.8200000e+02   6.4534950e+00
   1.8300000e+02   6.4744296e+00
   1.8400000e+02   6.4956760e+00
   1.8500000e+02   6.5172358e+00
   1.8600000e+02   6.5391111e+00
   1.8700000e+02   6.5613046e+00
   1.8800000e+02   6.5838184e+00
   1.8900000e+02   6.6066542e+00
   1.9000000e+02   6.6298132e+00
   1.9100000e+02   6.6532989e+00
   1.9200000e+02   6.6771116e+00
   1.9300000e+02   6.7012548e+00
   1.9400000e+02   6.7257304e+00
   1.9500000e+02   6.7505393e+00
   1.9600000e+02   6.7756829e+00
   1.9700000e+02   6.8011627e+00
   1.9800000e+02   6.8269806e+00
   1.9900000e+02   6.8531365e+00
   2.0000000e+02   6.8796339e+00
   2.0100000e+02   6.9064727e+00
   2.0200000e+02   6.9336548e+00
   2.0300000e+02   6.9611812e+00
   2.0400000e+02   6.9890528e+00
   2.0500000e+02   7.0172710e+00
   2.0600000e+02   7.0458364e+00
   2.0700000e+02   7.0747509e+00
   2.0800000e+02   7.1040149e+00
   2.0900000e+02   7.1336284e+00
   2.1000000e+02   7.1635590e+00
   2.1100000e+02   7.2339611e+00
   2.1200000e+02   7.3048425e+00
   2.1300000e+02   7.3762069e+00
   2.1400000e+02   7.4480572e+00
   2.1500000e+02   7.5203934e+00
   2.1600000e+02   7.5932169e+00
   2.1700000e+02   7.6665282e+00
   2.1800000e+02   7.7403283e+00
   2.1900000e+02   7.8146191e+00
   2.2000000e+02   7.8894005e+00
   2.2100000e+02   7.9646735e+00
   2.2200000e+02   8.0404396e+00
   2.2300000e+02   8.1166983e+00
   2.2400000e+02   8.1934509e+00
   2.2500000e+02   8.2706976e+00
   2.2600000e+02   8.3484392e+00
   2.2700000e+02   8.4266748e+00
   2.2800000e+02   8.5054054e+00
   2.2900000e+02   8.5846310e+00
   2.3000000e+02   8.6643524e+00
   2.3100000e+02   8.7445679e+00
   2.3200000e+02   8.8252230e+00
   2.3300000e+02   8.9063492e+00
   2.3400000e+02   8.9879665e+00
   2.3500000e+02   9.0700760e+00
   2.3600000e+02   9.1526775e+00
   2.3700000e+02   9.2357702e+00
   2.3800000e+02   9.3193531e+00
   2.3900000e+02   9.4034262e+00
   2.4000000e+02   9.4879875e+00
   2.4100000e+02   9.6970034e+00
   2.4200000e+02   9.9065561e+00
   2.4300000e+02   1.0116646e+01
   2.4400000e+02   1.0327269e+01
   2.4500000e+02   1.0538426e+01
   2.4600000e+02   1.0750115e+01
   2.4700000e+02   1.0962334e+01
   2.4800000e+02   1.1175079e+01
   2.4900000e+02   1.1388347e+01
   2.5000000e+02   1.1602132e+01
   2.5100000e+02   1.1816431e+01
   2.5200000e+02   1.2031236e+01
   2.5300000e+02   1.2246542e+01
   2.5400000e+02   1.2462341e+01
   2.5500000e+02   1.2678626e+01
   2.5600000e+02   1.2895390e+01
   2.5700000e+02   1.3112619e+01
   2.5800000e+02   1.3330308e+01
   2.5900000e+02   1.3548444e+01
   2.6000000e+02   1.3767015e+01
   2.6100000e+02   1.3986011e+01
   2.6200000e+02   1.4205417e+01
   2.6300000e+02   1.4425221e+01
   2.6400000e+02   1.4645408e+01
   2.6500000e+02   1.4865964e+01
   2.6600000e+02   1.5086871e+01
   2.6700000e+02   1.5308115e+01
   2.6800000e+02   1.5529678e+01
   2.6900000e+02   1.5751541e+01
   2.7000000e+02   1.5973687e+01
   2.7100000e+02   1.6060667e+01
   2.7200000e+02   1.6148123e+01
   2.7300000e+02   1.6236046e+01
   2.7400000e+02   1.6324421e+01
   2.7500000e+02   1.6413237e+01
   2.7600000e+02   1.6502481e+01
   2.7700000e+02   1.6592140e+01
   2.7800000e+02   1.6682199e+01
   2.7900000e+02   1.6772648e+01
   2.8000000e+02   1.6863470e+01
   2.8100000e+02   1.6954651e+01
   2.8200000e+02   1.7046173e+01
   2.8300000e+02   1.7138025e+01
   2.8400000e+02   1.7230188e+01
   2.8500000e+02   1.7322649e+01
   2.8600000e+02   1.7415388e+01
   2.8700000e+02   1.7508390e+01
   2.8800000e+02   1.7601637e+01
   2.8900000e+02   1.7695114e+01
   2.9000000e+02   1.7788797e+01
   2.9100000e+02   1.7882673e+01
   2.9200000e+02   1.7976725e+01
   2.9300000e+02   1.8070925e+01
   2.9400000e+02   1.8165262e+01
   2.9500000e+02   1.8259714e+01
   2.9600000e+02   1.8354258e+01
   2.9700000e+02   1.8448877e+01
   2.9800000e+02   1.8543549e+01
   2.9900000e+02   1.8638254e+01
   3.0000000e+02   1.8732967e+01
   3.0100000e+02   1.8792385e+01
   3.0200000e+02   1.8851503e+01
   3.0300000e+02   1.8910303e+01
   3.0400000e+02   1.8968760e+01
   3.0500000e+02   1.9026857e+01
   3.0600000e+02   1.9084572e+01
   3.0700000e+02   1.9141880e+01
   3.0800000e+02   1.9198765e+01
   3.0900000e+02   1.9255201e+01
   3.1000000e+02   1.9311169e+01
   3.1100000e+02   1.9366646e+01
   3.1200000e+02   1.9421612e+01
   3.1300000e+02   1.9476044e+01
   3.1400000e+02   1.9529921e+01
   3.1500000e+02   1.9583223e+01
   3.1600000e+02   1.9635925e+01
   3.1700000e+02   1.9688011e+01
   3.1800000e+02   1.9739454e+01
   3.1900000e+02   1.9790237e+01
   3.2000000e+02   1.9840338e+01
   3.2100000e+02   1.9889736e+01
   3.2200000e+02   1.9938410e+01
   3.2300000e+02   1.9986341e+01
   3.2400000e+02   2.0033508e+01
   3.2500000e+02   2.0079891e+01
   3.2600000e+02   2.0125469e+01
   3.2700000e+02   2.0170225e+01
   3.2800000e+02   2.0214138e+01
   3.2900000e+02   2.0257189e+01
   3.3000000e+02   2.0299362e+01
   3.3100000e+02   2.0322304e+01
   3.3200000e+02   2.0344273e+01
   3.3300000e+02   2.0365255e+01
   3.3400000e+02   2.0385233e+01
   3.3500000e+02   2.0404192e+01
   3.3600000e+02   2.0422121e+01
   3.3700000e+02   2.0439005e+01
   3.3800000e+02   2.0454832e+01
   3.3900000e+02   2.0469587e+01
   3.4000000e+02   2.0483259e+01
   3.4100000e+02   2.0495838e+01
   3.4200000e+02   2.0507313e+01
   3.4300000e+02   2.0517672e+01
   3.4400000e+02   2.0526909e+01
   3.4500000e+02   2.0535009e+01
   3.4600000e+02   2.0541971e+01
   3.4700000e+02   2.0547783e+01
   3.4800000e+02   2.0552437e+01
   3.4900000e+02   2.0555927e+01
   3.5000000e+02   2.0558250e+01
   3.5100000e+02   2.0559401e+01
   3.5200000e+02   2.0559372e+01
   3.5300000e+02   2.0558161e+01
   3.5400000e+02   2.0555765e+01
   3.5500000e+02   2.0552183e+01
   3.5600000e+02   2.0547411e+01
   3.5700000e+02   2.0541452e+01
   3.5800000e+02   2.0534302e+01
   3.5900000e+02   2.0525961e+01
   1.4226848e-06   2.0516432e+01
