   0.0000000e+00  -3.3381548e-19
   1.0000000e+00   5.2970561e-04
   2.0000000e+00   1.9727228e-03
   3.0000000e+00   3.4214717e-03
   4.0000000e+00   4.8748334e-03
   5.0000000e+00   6.3320417e-03
   6.0000000e+00   7.7921613e-03
   7.0000000e+00   9.2543447e-03
   8.0000000e+00   1.0717602e-02
   9.0000000e+00   1.2181325e-02
   1.0000000e+01   1.3644408e-02
   1.1000000e+01   1.5105397e-02
   1.2000000e+01   1.6563354e-02
   1.3000000e+01   1.8017396e-02
   1.4000000e+01   1.9466501e-02
   1.5000000e+01   2.0909725e-02
   1.6000000e+01   2.2347510e-02
   1.7000000e+01   2.3779567e-02
   1.8000000e+01   2.5205787e-02
   1.9000000e+01   2.6624935e-02
   2.0000000e+01   2.8037077e-02
   2.1000000e+01   2.9442955e-02
   2.2000000e+01   3.0842787e-02
   2.3000000e+01   3.2236550e-02
   2.4000000e+01   3.3624195e-02
   2.5000000e+01   3.5005745e-02
   2.6000000e+01   3.6382806e-02
   2.7000000e+01   3.7756775e-02
   2.8000000e+01   3.9127696e-02
   2.9000000e+01   4.0495817e-02
   3.0000000e+01   4.1861542e-02
   3.1000000e+01   4.3372661e-02
   3.2000000e+01   4.4893347e-02
   3.3000000e+01   4.6423458e-02
   3.4000000e+01   4.7963034e-02
   3.5000000e+01   4.9511876e-02
   3.6000000e+01   5.1069822e-02
   3.7000000e+01   5.2636683e-02
   3.8000000e+01   5.4212194e-02
   3.9000000e+01   5.5796009e-02
   4.0000000e+01   5.7387959e-02
   4.1000000e+01   5.8987942e-02
   4.2000000e+01   6.0595803e-02
   4.3000000e+01   6.2211365e-02
   4.4000000e+01   6.3834511e-02
   4.5000000e+01   6.5465048e-02
   4.6000000e+01   6.7102678e-02
   4.7000000e+01   6.8747289e-02
   4.8000000e+01   7.0398882e-02
   4.9000000e+01   7.2057337e-02
   5.0000000e+01   7.3722519e-02
   5.1000000e+01   7.5394288e-02
   5.2000000e+01   7.7072531e-02
   5.3000000e+01   7.8757010e-02
   5.4000000e+01   8.0447562e-02
   5.5000000e+01   8.2144052e-02
   5.6000000e+01   8.3846353e-02
   5.7000000e+01   8.5554361e-02
   5.8000000e+01   8.7267935e-02
   5.9000000e+01   8.8986911e-02
   6.0000000e+01   9.0711184e-02
   6.1000000e+01   9.2624687e-02
   6.2000000e+01   9.4547622e-02
   6.3000000e+01   9.6479952e-02
   6.4000000e+01   9.8421641e-02
   6.5000000e+01   1.0037266e-01
   6.6000000e+01   1.0233300e-01
   6.7000000e+01   1.0430259e-01
   6.8000000e+01   1.0628141e-01
   6.9000000e+01   1.0826941e-01
   7.0000000e+01   1.1026648e-01
   7.1000000e+01   1.1227255e-01
   7.2000000e+01   1.1428757e-01
   7.3000000e+01   1.1631151e-01
   7.4000000e+01   1.1834428e-01
   7.5000000e+01   1.2038581e-01
   7.6000000e+01   1.2243600e-01
   7.7000000e+01   1.2449479e-01
   7.8000000e+01   1.2656213e-01
   7.9000000e+01   1.2863794e-01
   8.0000000e+01   1.3072217e-01
   8.1000000e+01   1.3281475e-01
   8.2000000e+01   1.3491558e-01
   8.3000000e+01   1.3702457e-01
   8.4000000e+01   1.3914204e-01
   8.5000000e+01   1.4126803e-01
   8.6000000e+01   1.4340252e-01
   8.7000000e+01   1.4554550e-01
   8.8000000e+01   1.4769694e-01
   8.9000000e+01   1.4985688e-01
   9.0000000e+01   1.5202522e-01
   9.1000000e+01   1.5508218e-01
   9.2000000e+01   1.5821165e-01
   9.3000000e+01   1.6141522e-01
   9.4000000e+01   1.6469450e-01
   9.5000000e+01   1.6805507e-01
   9.6000000e+01   1.7150030e-01
   9.7000000e+01   1.7503096e-01
   9.8000000e+01   1.7864797e-01
   9.9000000e+01   1.8235217e-01
   1.0000000e+02   1.8614452e-01
   1.0100000e+02   1.9002594e-01
   1.0200000e+02   1.9400269e-01
   1.0300000e+02   1.9808435e-01
   1.0400000e+02   2.0227525e-01
   1.0500000e+02   2.0658007e-01
   1.0600000e+02   2.1100374e-01
   1.0700000e+02   2.1555157e-01
   1.0800000e+02   2.2022901e-01
   1.0900000e+02   2.2504170e-01
   1.1000000e+02   2.2999562e-01
   1.1100000e+02   2.3506181e-01
   1.1200000e+02   2.4019198e-01
   1.1300000e+02   2.4538033e-01
   1.1400000e+02   2.5062209e-01
   1.1500000e+02   2.5591269e-01
   1.1600000e+02   2.6124778e-01
   1.1700000e+02   2.6662278e-01
   1.1800000e+02   2.7203292e-01
   1.1900000e+02   2.7747428e-01
   1.2000000e+02   2.8303364e-01
   1.2100000e+02   2.8914648e-01
   1.2200000e+02   2.9539639e-01
   1.2300000e+02   3.0176914e-01
   1.2400000e+02   3.0825078e-01
   1.2500000e+02   3.1482545e-01
   1.2600000e+02   3.2147375e-01
   1.2700000e+02   3.2817939e-01
   1.2800000e+02   3.3492714e-01
   1.2900000e+02   3.4165823e-01
   1.3000000e+02   3.4834814e-01
   1.3100000e+02   3.5498646e-01
   1.3200000e+02   3.6156315e-01
   1.3300000e+02   3.6807239e-01
   1.3400000e+02   3.7451613e-01
   1.3500000e+02   3.8088754e-01
   1.3600000e+02   3.8717389e-01
   1.3700000e+02   3.9336488e-01
   1.3800000e+02   3.9945510e-01
   1.3900000e+02   4.0543824e-01
   1.4000000e+02   4.1130939e-01
   1.4100000e+02   4.1706416e-01
   1.4200000e+02   4.2269823e-01
   1.4300000e+02   4.2820734e-01
   1.4400000e+02   4.3358749e-01
   1.4500000e+02   4.3884832e-01
   1.4600000e+02   4.4399065e-01
   1.4700000e+02   4.4901201e-01
   1.4800000e+02   4.5390922e-01
   1.4900000e+02   4.5867953e-01
   1.5000000e+02   4.6332058e-01
   1.5100000e+02   4.6443257e-01
   1.5200000e+02   4.6551880e-01
   1.5300000e+02   4.6657982e-01
   1.5400000e+02   4.6761599e-01
   1.5500000e+02   4.6862778e-01
   1.5600000e+02   4.6961561e-01
   1.5700000e+02   4.7057983e-01
   1.5800000e+02   4.7152096e-01
   1.5900000e+02   4.7243914e-01
   1.6000000e+02   4.7334340e-01
   1.6100000e+02   4.7423264e-01
   1.6200000e+02   4.7510600e-01
   1.6300000e+02   4.7596234e-01
   1.6400000e+02   4.7680062e-01
   1.6500000e+02   4.7761986e-01
   1.6600000e+02   4.7841913e-01
   1.6700000e+02   4.7919893e-01
   1.6800000e+02   4.7996357e-01
   1.6900000e+02   4.8071310e-01
   1.7000000e+02   4.8144755e-01
   1.7100000e+02   4.8216704e-01
   1.7200000e+02   4.8287156e-01
   1.7300000e+02   4.8356128e-01
   1.7400000e+02   4.8423615e-01
   1.7500000e+02   4.8489621e-01
   1.7600000e+02   4.8554096e-01
   1.7700000e+02   4.8617062e-01
   1.7800000e+02   4.8678610e-01
   1.7900000e+02   4.8738816e-01
   1.8000000e+02   4.8797736e-01
   1.8100000e+02   4.8650283e-01
   1.8200000e+02   4.8507461e-01
   1.8300000e+02   4.8368824e-01
   1.8400000e+02   4.8233941e-01
   1.8500000e+02   4.8102266e-01
   1.8600000e+02   4.7973177e-01
   1.8700000e+02   4.7845748e-01
   1.8800000e+02   4.7719529e-01
   1.8900000e+02   4.7594133e-01
   1.9000000e+02   4.7469190e-01
   1.9100000e+02   4.7344360e-01
   1.9200000e+02   4.7219321e-01
   1.9300000e+02   4.7093767e-01
   1.9400000e+02   4.6967429e-01
   1.9500000e+02   4.6840048e-01
   1.9600000e+02   4.6711376e-01
   1.9700000e+02   4.6581188e-01
   1.9800000e+02   4.6449271e-01
   1.9900000e+02   4.6315432e-01
   2.0000000e+02   4.6179479e-01
   2.0100000e+02   4.6041775e-01
   2.0200000e+02   4.5902482e-01
   2.0300000e+02   4.5761508e-01
   2.0400000e+02   4.5618767e-01
   2.0500000e+02   4.5474178e-01
   2.0600000e+02   4.5327657e-01
   2.0700000e+02   4.5179075e-01
   2.0800000e+02   4.5028275e-01
   2.0900000e+02   4.4875219e-01
   2.1000000e+02   4.4719946e-01
   2.1100000e+02   4.4120538e-01
   2.1200000e+02   4.3519628e-01
   2.1300000e+02   4.2917433e-01
   2.1400000e+02   4.2314157e-01
   2.1500000e+02   4.1710007e-01
   2.1600000e+02   4.1105175e-01
   2.1700000e+02   4.0499857e-01
   2.1800000e+02   3.9894238e-01
   2.1900000e+02   3.9288494e-01
   2.2000000e+02   3.8682798e-01
   2.2100000e+02   3.8077563e-01
   2.2200000e+02   3.7473056e-01
   2.2300000e+02   3.6869520e-01
   2.2400000e+02   3.6267197e-01
   2.2500000e+02   3.5666323e-01
   2.2600000e+02   3.5067111e-01
   2.2700000e+02   3.4469801e-01
   2.2800000e+02   3.3874619e-01
   2.2900000e+02   3.3281800e-01
   2.3000000e+02   3.2691649e-01
   2.3100000e+02   3.2104450e-01
   2.3200000e+02   3.1520373e-01
   2.3300000e+02   3.0939579e-01
   2.3400000e+02   3.0362245e-01
   2.3500000e+02   2.9788539e-01
   2.3600000e+02   2.9218638e-01
   2.3700000e+02   2.8652716e-01
   2.3800000e+02   2.8090945e-01
   2.3900000e+02   2.7533507e-01
   2.4000000e+02   2.6980576e-01
   2.4100000e+02   2.6723972e-01
   2.4200000e+02   2.6462615e-01
   2.4300000e+02   2.6195818e-01
   2.4400000e+02   2.5921375e-01
   2.4500000e+02   2.5639483e-01
   2.4600000e+02   2.5350365e-01
   2.4700000e+02   2.5054237e-01
   2.4800000e+02   2.4751310e-01
   2.4900000e+02   2.4441783e-01
   2.5000000e+02   2.4125856e-01
   2.5100000e+02   2.3803726e-01
   2.5200000e+02   2.3475569e-01
   2.5300000e+02   2.3141557e-01
   2.5400000e+02   2.2801864e-01
   2.5500000e+02   2.2456661e-01
   2.5600000e+02   2.2106114e-01
   2.5700000e+02   2.1750389e-01
   2.5800000e+02   2.1389641e-01
   2.5900000e+02   2.1024023e-01
   2.6000000e+02   2.0653686e-01
   2.6100000e+02   2.0278771e-01
   2.6200000e+02   1.9899420e-01
   2.6300000e+02   1.9515772e-01
   2.6400000e+02   1.9127961e-01
   2.6500000e+02   1.8736115e-01
   2.6600000e+02   1.8340358e-01
   2.6700000e+02   1.7940816e-01
   2.6800000e+02   1.7537771e-01
   2.6900000e+02   1.7131092e-01
   2.7000000e+02   1.6720645e-01
   2.7100000e+02   1.6646039e-01
   2.7200000e+02   1.6571011e-01
   2.7300000e+02   1.6495562e-01
   2.7400000e+02   1.6419694e-01
   2.7500000e+02   1.6343409e-01
   2.7600000e+02   1.6266710e-01
   2.7700000e+02   1.6189599e-01
   2.7800000e+02   1.6112077e-01
   2.7900000e+02   1.6034149e-01
   2.8000000e+02   1.5955813e-01
   2.8100000e+02   1.5877075e-01
   2.8200000e+02   1.5797935e-01
   2.8300000e+02   1.5718396e-01
   2.8400000e+02   1.5638462e-01
   2.8500000e+02   1.5558133e-01
   2.8600000e+02   1.5477413e-01
   2.8700000e+02   1.5396304e-01
   2.8800000e+02   1.5314810e-01
   2.8900000e+02   1.5232931e-01
   2.9000000e+02   1.5150674e-01
   2.9100000e+02   1.5068038e-01
   2.9200000e+02   1.4985026e-01
   2.9300000e+02   1.4901641e-01
   2.9400000e+02   1.4817886e-01
   2.9500000e+02   1.4733762e-01
   2.9600000e+02   1.4649270e-01
   2.9700000e+02   1.4564416e-01
   2.9800000e+02   1.4479196e-01
   2.9900000e+02   1.4393617e-01
   3.0000000e+02   1.4307678e-01
   3.0100000e+02   1.4287126e-01
   3.0200000e+02   1.4266415e-01
   3.0300000e+02   1.4245544e-01
   3.0400000e+02   1.4224517e-01
   3.0500000e+02   1.4203334e-01
   3.0600000e+02   1.4181992e-01
   3.0700000e+02   1.4160500e-01
   3.0800000e+02   1.4138854e-01
   3.0900000e+02   1.4117056e-01
   3.1000000e+02   1.4095110e-01
   3.1100000e+02   1.4073013e-01
   3.1200000e+02   1.4050770e-01
   3.1300000e+02   1.4028379e-01
   3.1400000e+02   1.4005844e-01
   3.1500000e+02   1.3983163e-01
   3.1600000e+02   1.3960339e-01
   3.1700000e+02   1.3937373e-01
   3.1800000e+02   1.3914268e-01
   3.1900000e+02   1.3891022e-01
   3.2000000e+02   1.3867636e-01
   3.2100000e+02   1.3844115e-01
   3.2200000e+02   1.3820456e-01
   3.2300000e+02   1.3796665e-01
   3.2400000e+02   1.3772738e-01
   3.2500000e+02   1.3748679e-01
   3.2600000e+02   1.3724488e-01
   3.2700000e+02   1.3700166e-01
   3.2800000e+02   1.3675717e-01
   3.2900000e+02   1.3651140e-01
   3.3000000e+02   1.3626435e-01
   3.3100000e+02   1.3659298e-01
   3.3200000e+02   1.3692120e-01
   3.3300000e+02   1.3724898e-01
   3.3400000e+02   1.3757634e-01
   3.3500000e+02   1.3790329e-01
   3.3600000e+02   1.3822982e-01
   3.3700000e+02   1.3855593e-01
   3.3800000e+02   1.3888167e-01
   3.3900000e+02   1.3920699e-01
   3.4000000e+02   1.3953194e-01
   3.4100000e+02   1.3985649e-01
   3.4200000e+02   1.4018066e-01
   3.4300000e+02   1.4050446e-01
   3.4400000e+02   1.4082788e-01
   3.4500000e+02   1.4115095e-01
   3.4600000e+02   1.4147365e-01
   3.4700000e+02   1.4179599e-01
   3.4800000e+02   1.4211799e-01
   3.4900000e+02   1.4243963e-01
   3.5000000e+02   1.4276096e-01
   3.5100000e+02   1.4308192e-01
   3.5200000e+02   1.4340256e-01
   3.5300000e+02   1.4372288e-01
   3.5400000e+02   1.4404288e-01
   3.5500000e+02   1.4436254e-01
   3.5600000e+02   1.4468190e-01
   3.5700000e+02   1.4500096e-01
   3.5800000e+02   1.4531972e-01
   3.5900000e+02   1.4563815e-01
   7.1133672e-07   1.4595631e-01
   1.0000007e+00   1.4686923e-01
   2.0000007e+00   1.4778270e-01
   3.0000007e+00   1.4869669e-01
   4.0000010e+00   1.4961122e-01
   5.0000010e+00   1.5052629e-01
   6.0000010e+00   1.5144189e-01
   7.0000010e+00   1.5235801e-01
   8.0000010e+00   1.5327464e-01
   9.0000010e+00   1.5419179e-01
   1.0000001e+01   1.5510947e-01
   1.1000001e+01   1.5602763e-01
   1.2000001e+01   1.5694630e-01
   1.3000001e+01   1.5786546e-01
   1.4000001e+01   1.5878512e-01
   1.5000001e+01   1.5970528e-01
   1.6000000e+01   1.6062590e-01
   1.7000000e+01   1.6154701e-01
   1.8000000e+01   1.6246860e-01
   1.9000000e+01   1.6339064e-01
   2.0000000e+01   1.6431314e-01
   2.1000000e+01   1.6523612e-01
   2.2000000e+01   1.6615954e-01
   2.3000000e+01   1.6708341e-01
   2.4000000e+01   1.6800773e-01
   2.5000000e+01   1.6893251e-01
   2.6000000e+01   1.6985771e-01
   2.7000000e+01   1.7078336e-01
   2.8000000e+01   1.7170943e-01
   2.9000000e+01   1.7263596e-01
   3.0000000e+01   1.7356290e-01
   3.1000000e+01   1.7517634e-01
   3.2000000e+01   1.7679167e-01
   3.3000000e+01   1.7840888e-01
   3.4000000e+01   1.8002798e-01
   3.5000000e+01   1.8164894e-01
   3.6000000e+01   1.8327178e-01
   3.7000000e+01   1.8489648e-01
   3.8000000e+01   1.8652302e-01
   3.9000000e+01   1.8815142e-01
   4.0000000e+01   1.8978168e-01
   4.1000000e+01   1.9141376e-01
   4.2000000e+01   1.9304769e-01
   4.3000000e+01   1.9468345e-01
   4.4000000e+01   1.9632103e-01
   4.5000000e+01   1.9796042e-01
   4.6000000e+01   1.9960165e-01
   4.7000000e+01   2.0124468e-01
   4.8000000e+01   2.0288950e-01
   4.9000000e+01   2.0453615e-01
   5.0000000e+01   2.0618460e-01
   5.1000000e+01   2.0783482e-01
   5.2000000e+01   2.0948684e-01
   5.3000000e+01   2.1114065e-01
   5.4000000e+01   2.1279624e-01
   5.5000000e+01   2.1445361e-01
   5.6000000e+01   2.1611275e-01
   5.7000000e+01   2.1777366e-01
   5.8000000e+01   2.1943633e-01
   5.9000000e+01   2.2110076e-01
   6.0000000e+01   2.2276697e-01
   6.1000000e+01   2.3194487e-01
   6.2000000e+01   2.4112822e-01
   6.3000000e+01   2.5031683e-01
   6.4000000e+01   2.5951058e-01
   6.5000000e+01   2.6870924e-01
   6.6000000e+01   2.7791280e-01
   6.7000000e+01   2.8712100e-01
   6.8000000e+01   2.9633379e-01
   6.9000000e+01   3.0555099e-01
   7.0000000e+01   3.1477252e-01
   7.1000000e+01   3.2399824e-01
   7.2000000e+01   3.3322805e-01
   7.3000000e+01   3.4246182e-01
   7.4000000e+01   3.5169947e-01
   7.5000000e+01   3.6094084e-01
   7.6000000e+01   3.7018588e-01
   7.7000000e+01   3.7943447e-01
   7.8000000e+01   3.8868651e-01
   7.9000000e+01   3.9794192e-01
   8.0000000e+01   4.0720060e-01
   8.1000000e+01   4.1646248e-01
   8.2000000e+01   4.2572749e-01
   8.3000000e+01   4.3499547e-01
   8.4000000e+01   4.4426644e-01
   8.5000000e+01   4.5354027e-01
   8.6000000e+01   4.6281692e-01
   8.7000000e+01   4.7209629e-01
   8.8000000e+01   4.8137838e-01
   8.9000000e+01   4.9066299e-01
   9.0000000e+01   4.9995017e-01
   9.1000000e+01   5.0257415e-01
   9.2000000e+01   5.0519055e-01
   9.3000000e+01   5.0779945e-01
   9.4000000e+01   5.1040089e-01
   9.5000000e+01   5.1299518e-01
   9.6000000e+01   5.1558214e-01
   9.7000000e+01   5.1816207e-01
   9.8000000e+01   5.2073497e-01
   9.9000000e+01   5.2330101e-01
   1.0000000e+02   5.2586007e-01
   1.0100000e+02   5.2841252e-01
   1.0200000e+02   5.3095835e-01
   1.0300000e+02   5.3349757e-01
   1.0400000e+02   5.3603035e-01
   1.0500000e+02   5.3855664e-01
   1.0600000e+02   5.4107678e-01
   1.0700000e+02   5.4359066e-01
   1.0800000e+02   5.4609835e-01
   1.0900000e+02   5.4860002e-01
   1.1000000e+02   5.5109566e-01
   1.1100000e+02   5.5358547e-01
   1.1200000e+02   5.5606937e-01
   1.1300000e+02   5.5854750e-01
   1.1400000e+02   5.6102002e-01
   1.1500000e+02   5.6348675e-01
   1.1600000e+02   5.6594801e-01
   1.1700000e+02   5.6840378e-01
   1.1800000e+02   5.7085407e-01
   1.1900000e+02   5.7329905e-01
   1.2000000e+02   5.7573861e-01
   1.2100000e+02   5.7578927e-01
   1.2200000e+02   5.7583946e-01
   1.2300000e+02   5.7588923e-01
   1.2400000e+02   5.7593858e-01
   1.2500000e+02   5.7598740e-01
   1.2600000e+02   5.7603586e-01
   1.2700000e+02   5.7608384e-01
   1.2800000e+02   5.7613140e-01
   1.2900000e+02   5.7617849e-01
   1.3000000e+02   5.7622528e-01
   1.3100000e+02   5.7627153e-01
   1.3200000e+02   5.7631737e-01
   1.3300000e+02   5.7636273e-01
   1.3400000e+02   5.7640755e-01
   1.3500000e+02   5.7645184e-01
   1.3600000e+02   5.7649565e-01
   1.3700000e+02   5.7653892e-01
   1.3800000e+02   5.7658160e-01
   1.3900000e+02   5.7662368e-01
   1.4000000e+02   5.7666522e-01
   1.4100000e+02   5.7670617e-01
   1.4200000e+02   5.7674652e-01
   1.4300000e+02   5.7678628e-01
   1.4400000e+02   5.7682544e-01
   1.4500000e+02   5.7686388e-01
   1.4600000e+02   5.7690173e-01
   1.4700000e+02   5.7693893e-01
   1.4800000e+02   5.7697552e-01
   1.4900000e+02   5.7701141e-01
   1.5000000e+02   5.7704663e-01
   1.5100000e+02   5.7679570e-01
   1.5200000e+02   5.7654482e-01
   1.5300000e+02   5.7629389e-01
   1.5400000e+02   5.7604313e-01
   1.5500000e+02   5.7579231e-01
   1.5600000e+02   5.7554173e-01
   1.5700000e+02   5.7529116e-01
   1.5800000e+02   5.7504070e-01
   1.5900000e+02   5.7479036e-01
   1.6000000e+02   5.7454014e-01
   1.6100000e+02   5.7429010e-01
   1.6200000e+02   5.7404023e-01
   1.6300000e+02   5.7379049e-01
   1.6400000e+02   5.7354093e-01
   1.6500000e+02   5.7329154e-01
   1.6600000e+02   5.7304239e-01
   1.6700000e+02   5.7279348e-01
   1.6800000e+02   5.7254469e-01
   1.6900000e+02   5.7229620e-01
   1.7000000e+02   5.7204795e-01
   1.7100000e+02   5.7179999e-01
   1.7200000e+02   5.7155222e-01
   1.7300000e+02   5.7130474e-01
   1.7400000e+02   5.7105750e-01
   1.7500000e+02   5.7081062e-01
   1.7600000e+02   5.7056397e-01
   1.7700000e+02   5.7031769e-01
   1.7800000e+02   5.7007164e-01
   1.7900000e+02   5.6982595e-01
   1.8000000e+02   5.6958061e-01
   1.8100000e+02   5.6888920e-01
   1.8200000e+02   5.6820107e-01
   1.8300000e+02   5.6751627e-01
   1.8400000e+02   5.6683481e-01
   1.8500000e+02   5.6615651e-01
   1.8600000e+02   5.6548148e-01
   1.8700000e+02   5.6480962e-01
   1.8800000e+02   5.6414086e-01
   1.8900000e+02   5.6347519e-01
   1.9000000e+02   5.6281263e-01
   1.9100000e+02   5.6215310e-01
   1.9200000e+02   5.6149662e-01
   1.9300000e+02   5.6084311e-01
   1.9400000e+02   5.6019253e-01
   1.9500000e+02   5.5954492e-01
   1.9600000e+02   5.5890024e-01
   1.9700000e+02   5.5825847e-01
   1.9800000e+02   5.5761957e-01
   1.9900000e+02   5.5698347e-01
   2.0000000e+02   5.5635023e-01
   2.0100000e+02   5.5571973e-01
   2.0200000e+02   5.5509204e-01
   2.0300000e+02   5.5446708e-01
   2.0400000e+02   5.5384487e-01
   2.0500000e+02   5.5322534e-01
   2.0600000e+02   5.5260855e-01
   2.0700000e+02   5.5199432e-01
   2.0800000e+02   5.5138284e-01
   2.0900000e+02   5.5077398e-01
   2.1000000e+02   5.5016762e-01
   2.1100000e+02   5.4744458e-01
   2.1200000e+02   5.4472005e-01
   2.1300000e+02   5.4199398e-01
   2.1400000e+02   5.3926665e-01
   2.1500000e+02   5.3653812e-01
   2.1600000e+02   5.3380847e-01
   2.1700000e+02   5.3107774e-01
   2.1800000e+02   5.2834612e-01
   2.1900000e+02   5.2561367e-01
   2.2000000e+02   5.2288038e-01
   2.2100000e+02   5.2014649e-01
   2.2200000e+02   5.1741195e-01
   2.2300000e+02   5.1467693e-01
   2.2400000e+02   5.1194143e-01
   2.2500000e+02   5.0920558e-01
   2.2600000e+02   5.0646949e-01
   2.2700000e+02   5.0373304e-01
   2.2800000e+02   5.0099653e-01
   2.2900000e+02   4.9825990e-01
   2.3000000e+02   4.9552315e-01
   2.3100000e+02   4.9278647e-01
   2.3200000e+02   4.9004981e-01
   2.3300000e+02   4.8731309e-01
   2.3400000e+02   4.8457628e-01
   2.3500000e+02   4.8183939e-01
   2.3600000e+02   4.7910246e-01
   2.3700000e+02   4.7636551e-01
   2.3800000e+02   4.7362855e-01
   2.3900000e+02   4.7089159e-01
   2.4000000e+02   4.6815464e-01
   2.4100000e+02   4.5967883e-01
   2.4200000e+02   4.5120659e-01
   2.4300000e+02   4.4273800e-01
   2.4400000e+02   4.3427309e-01
   2.4500000e+02   4.2581186e-01
   2.4600000e+02   4.1735435e-01
   2.4700000e+02   4.0890056e-01
   2.4800000e+02   4.0045062e-01
   2.4900000e+02   3.9200449e-01
   2.5000000e+02   3.8356224e-01
   2.5100000e+02   3.7512386e-01
   2.5200000e+02   3.6668938e-01
   2.5300000e+02   3.5825890e-01
   2.5400000e+02   3.4983239e-01
   2.5500000e+02   3.4140989e-01
   2.5600000e+02   3.3299142e-01
   2.5700000e+02   3.2457703e-01
   2.5800000e+02   3.1616676e-01
   2.5900000e+02   3.0776060e-01
   2.6000000e+02   2.9935858e-01
   2.6100000e+02   2.9096073e-01
   2.6200000e+02   2.8256714e-01
   2.6300000e+02   2.7417773e-01
   2.6400000e+02   2.6579261e-01
   2.6500000e+02   2.5741178e-01
   2.6600000e+02   2.4903521e-01
   2.6700000e+02   2.4066301e-01
   2.6800000e+02   2.3229514e-01
   2.6900000e+02   2.2393166e-01
   2.7000000e+02   2.1557258e-01
   2.7100000e+02   2.1397567e-01
   2.7200000e+02   2.1237351e-01
   2.7300000e+02   2.1076606e-01
   2.7400000e+02   2.0915337e-01
   2.7500000e+02   2.0753540e-01
   2.7600000e+02   2.0591216e-01
   2.7700000e+02   2.0428362e-01
   2.7800000e+02   2.0264985e-01
   2.7900000e+02   2.0101076e-01
   2.8000000e+02   1.9936642e-01
   2.8100000e+02   1.9771677e-01
   2.8200000e+02   1.9606185e-01
   2.8300000e+02   1.9440162e-01
   2.8400000e+02   1.9273613e-01
   2.8500000e+02   1.9106531e-01
   2.8600000e+02   1.8938923e-01
   2.8700000e+02   1.8770784e-01
   2.8800000e+02   1.8602113e-01
   2.8900000e+02   1.8432915e-01
   2.9000000e+02   1.8263185e-01
   2.9100000e+02   1.8092924e-01
   2.9200000e+02   1.7922132e-01
   2.9300000e+02   1.7750809e-01
   2.9400000e+02   1.7578956e-01
   2.9500000e+02   1.7406571e-01
   2.9600000e+02   1.7233653e-01
   2.9700000e+02   1.7060205e-01
   2.9800000e+02   1.6886224e-01
   2.9900000e+02   1.6711712e-01
   3.0000000e+02   1.6536665e-01
   3.0100000e+02   1.6499799e-01
   3.0200000e+02   1.6462898e-01
   3.0300000e+02   1.6425964e-01
   3.0400000e+02   1.6388997e-01
   3.0500000e+02   1.6351995e-01
   3.0600000e+02   1.6314961e-01
   3.0700000e+02   1.6277894e-01
   3.0800000e+02   1.6240793e-01
   3.0900000e+02   1.6203661e-01
   3.1000000e+02   1.6166496e-01
   3.1100000e+02   1.6129299e-01
   3.1200000e+02   1.6092068e-01
   3.1300000e+02   1.6054806e-01
   3.1400000e+02   1.6017511e-01
   3.1500000e+02   1.5980186e-01
   3.1600000e+02   1.5942827e-01
   3.1700000e+02   1.5905438e-01
   3.1800000e+02   1.5868016e-01
   3.1900000e+02   1.5830563e-01
   3.2000000e+02   1.5793079e-01
   3.2100000e+02   1.5755562e-01
   3.2200000e+02   1.5718018e-01
   3.2300000e+02   1.5680438e-01
   3.2400000e+02   1.5642829e-01
   3.2500000e+02   1.5605189e-01
   3.2600000e+02   1.5567519e-01
   3.2700000e+02   1.5529816e-01
   3.2800000e+02   1.5492083e-01
   3.2900000e+02   1.5454321e-01
   3.3000000e+02   1.5416527e-01
   3.3100000e+02   1.5444684e-01
   3.3200000e+02   1.5472844e-01
   3.3300000e+02   1.5501004e-01
   3.3400000e+02   1.5529166e-01
   3.3500000e+02   1.5557331e-01
   3.3600000e+02   1.5585496e-01
   3.3700000e+02   1.5613662e-01
   3.3800000e+02   1.5641831e-01
   3.3900000e+02   1.5670003e-01
   3.4000000e+02   1.5698174e-01
   3.4100000e+02   1.5726347e-01
   3.4200000e+02   1.5754525e-01
   3.4300000e+02   1.5782703e-01
   3.4400000e+02   1.5810883e-01
   3.4500000e+02   1.5839066e-01
   3.4600000e+02   1.5867250e-01
   3.4700000e+02   1.5895435e-01
   3.4800000e+02   1.5923624e-01
   3.4900000e+02   1.5951815e-01
   3.5000000e+02   1.5980007e-01
   3.5100000e+02   1.6008204e-01
   3.5200000e+02   1.6036402e-01
   3.5300000e+02   1.6064602e-01
   3.5400000e+02   1.6092804e-01
   3.5500000e+02   1.6121009e-01
   3.5600000e+02   1.6149217e-01
   3.5700000e+02   1.6177426e-01
   3.5800000e+02   1.6205637e-01
   3.5900000e+02   1.6233853e-01
   1.4226848e-06   1.6262068e-01
