   0.0000000e+00   1.5020213e+04
   1.0000000e+00   3.1245807e+04
   2.0000000e+00   3.1239498e+04
   3.0000000e+00   3.1234188e+04
   4.0000000e+00   3.1230117e+04
   5.0000000e+00   3.1227283e+04
   6.0000000e+00   3.1225695e+04
   7.0000000e+00   3.1225355e+04
   8.0000000e+00   3.1226271e+04
   9.0000000e+00   3.1228457e+04
   1.0000000e+01   3.1231910e+04
   1.1000000e+01   3.1236643e+04
   1.2000000e+01   3.1242611e+04
   1.3000000e+01   3.1249824e+04
   1.4000000e+01   3.1258338e+04
   1.5000000e+01   3.1268152e+04
   1.6000000e+01   3.1279232e+04
   1.7000000e+01   3.1291535e+04
   1.8000000e+01   3.1304766e+04
   1.9000000e+01   3.1319018e+04
   2.0000000e+01   3.1334695e+04
   2.1000000e+01   3.1351785e+04
   2.2000000e+01   3.1370275e+04
   2.3000000e+01   3.1390166e+04
   2.4000000e+01   3.1411441e+04
   2.5000000e+01   3.1434738e+04
   2.6000000e+01   3.1460189e+04
   2.7000000e+01   3.1487088e+04
   2.8000000e+01   3.1515420e+04
   2.9000000e+01   3.1545180e+04
   3.0000000e+01   3.1576354e+04
   3.1000000e+01   3.1611074e+04
   3.2000000e+01   3.1647035e+04
   3.3000000e+01   3.1684229e+04
   3.4000000e+01   3.1722641e+04
   3.5000000e+01   3.1762262e+04
   3.6000000e+01   3.1803084e+04
   3.7000000e+01   3.1845059e+04
   3.8000000e+01   3.1888180e+04
   3.9000000e+01   3.1932467e+04
   4.0000000e+01   3.1977910e+04
   4.1000000e+01   3.2024496e+04
   4.2000000e+01   3.2072201e+04
   4.3000000e+01   3.2121029e+04
   4.4000000e+01   3.2170961e+04
   4.5000000e+01   3.2221982e+04
   4.6000000e+01   3.2274084e+04
   4.7000000e+01   3.2327244e+04
   4.8000000e+01   3.2381447e+04
   4.9000000e+01   3.2436678e+04
   5.0000000e+01   3.2492920e+04
   5.1000000e+01   3.2550160e+04
   5.2000000e+01   3.2608379e+04
   5.3000000e+01   3.2667563e+04
   5.4000000e+01   3.2727689e+04
   5.5000000e+01   3.2788746e+04
   5.6000000e+01   3.2850715e+04
   5.7000000e+01   3.2913574e+04
   5.8000000e+01   3.2977301e+04
   5.9000000e+01   3.3041879e+04
   6.0000000e+01   3.3107285e+04
   6.1000000e+01   3.3172738e+04
   6.2000000e+01   3.3238996e+04
   6.3000000e+01   3.3306031e+04
   6.4000000e+01   3.3373832e+04
   6.5000000e+01   3.3442363e+04
   6.6000000e+01   3.3511613e+04
   6.7000000e+01   3.3581488e+04
   6.8000000e+01   3.3651977e+04
   6.9000000e+01   3.3723016e+04
   7.0000000e+01   3.3794664e+04
   7.1000000e+01   3.3866910e+04
   7.2000000e+01   3.3939719e+04
   7.3000000e+01   3.4013039e+04
   7.4000000e+01   3.4086879e+04
   7.5000000e+01   3.4161574e+04
   7.6000000e+01   3.4237152e+04
   7.7000000e+01   3.4313242e+04
   7.8000000e+01   3.4389766e+04
   7.9000000e+01   3.4466691e+04
   8.0000000e+01   3.4543988e+04
   8.1000000e+01   3.4621637e+04
   8.2000000e+01   3.4699418e+04
   8.3000000e+01   3.4776863e+04
   8.4000000e+01   3.4854551e+04
   8.5000000e+01   3.4932465e+04
   8.6000000e+01   3.5010582e+04
   8.7000000e+01   3.5088879e+04
   8.8000000e+01   3.5167320e+04
   8.9000000e+01   3.5245887e+04
   9.0000000e+01   3.5324879e+04
   9.1000000e+01   3.5390781e+04
   9.2000000e+01   3.5455820e+04
   9.3000000e+01   3.5519930e+04
   9.4000000e+01   3.5583992e+04
   9.5000000e+01   3.5647430e+04
   9.6000000e+01   3.5709656e+04
   9.7000000e+01   3.5770621e+04
   9.8000000e+01   3.5830164e+04
   9.9000000e+01   3.5888199e+04
   1.0000000e+02   3.5944715e+04
   1.0100000e+02   3.5997254e+04
   1.0200000e+02   3.6044078e+04
   1.0300000e+02   3.6087410e+04
   1.0400000e+02   3.6126840e+04
   1.0500000e+02   3.6162000e+04
   1.0600000e+02   3.6192391e+04
   1.0700000e+02   3.6217715e+04
   1.0800000e+02   3.6237496e+04
   1.0900000e+02   3.6251367e+04
   1.1000000e+02   3.6282875e+04
   1.1100000e+02   3.6344992e+04
   1.1200000e+02   3.6407664e+04
   1.1300000e+02   3.6470262e+04
   1.1400000e+02   3.6532676e+04
   1.1500000e+02   3.6594840e+04
   1.1600000e+02   3.6656891e+04
   1.1700000e+02   3.6718996e+04
   1.1800000e+02   3.6780809e+04
   1.1900000e+02   3.6791625e+04
   1.2000000e+02   3.6778363e+04
   1.2100000e+02   3.6679434e+04
   1.2200000e+02   3.6587379e+04
   1.2300000e+02   3.6501012e+04
   1.2400000e+02   3.6422449e+04
   1.2500000e+02   3.6355438e+04
   1.2600000e+02   3.6293742e+04
   1.2700000e+02   3.6235563e+04
   1.2800000e+02   3.6226422e+04
   1.2900000e+02   3.6236742e+04
   1.3000000e+02   3.6252754e+04
   1.3100000e+02   3.6274359e+04
   1.3200000e+02   3.6296352e+04
   1.3300000e+02   3.6310262e+04
   1.3400000e+02   3.6327941e+04
   1.3500000e+02   3.6357168e+04
   1.3600000e+02   3.6395961e+04
   1.3700000e+02   3.6439125e+04
   1.3800000e+02   3.6488223e+04
   1.3900000e+02   3.6540910e+04
   1.4000000e+02   3.6596941e+04
   1.4100000e+02   3.6656227e+04
   1.4200000e+02   3.6718730e+04
   1.4300000e+02   3.6784414e+04
   1.4400000e+02   3.6838727e+04
   1.4500000e+02   3.6891750e+04
   1.4600000e+02   3.6947309e+04
   1.4700000e+02   3.7006402e+04
   1.4800000e+02   3.7068438e+04
   1.4900000e+02   3.7134363e+04
   1.5000000e+02   3.7200422e+04
   1.5100000e+02   3.7240813e+04
   1.5200000e+02   3.7279781e+04
   1.5300000e+02   3.7317320e+04
   1.5400000e+02   3.7353418e+04
   1.5500000e+02   3.7388074e+04
   1.5600000e+02   3.7421313e+04
   1.5700000e+02   3.7453117e+04
   1.5800000e+02   3.7483617e+04
   1.5900000e+02   3.7503000e+04
   1.6000000e+02   3.7521809e+04
   1.6100000e+02   3.7539965e+04
   1.6200000e+02   3.7557754e+04
   1.6300000e+02   3.7575133e+04
   1.6400000e+02   3.7591898e+04
   1.6500000e+02   3.7608070e+04
   1.6600000e+02   3.7621871e+04
   1.6700000e+02   3.7628777e+04
   1.6800000e+02   3.7634168e+04
   1.6900000e+02   3.7638008e+04
   1.7000000e+02   3.7640324e+04
   1.7100000e+02   3.7641113e+04
   1.7200000e+02   3.7640344e+04
   1.7300000e+02   3.7638031e+04
   1.7400000e+02   3.7634336e+04
   1.7500000e+02   3.7629977e+04
   1.7600000e+02   3.7624035e+04
   1.7700000e+02   3.7615969e+04
   1.7800000e+02   3.7605770e+04
   1.7900000e+02   3.7593633e+04
   1.8000000e+02   3.7579594e+04
   1.8100000e+02   3.7543453e+04
   1.8200000e+02   3.7510500e+04
   1.8300000e+02   3.7480453e+04
   1.8400000e+02   3.7455180e+04
   1.8500000e+02   3.7435559e+04
   1.8600000e+02   3.7425355e+04
   1.8700000e+02   3.7418207e+04
   1.8800000e+02   3.7413188e+04
   1.8900000e+02   3.7409941e+04
   1.9000000e+02   3.7408148e+04
   1.9100000e+02   3.7407539e+04
   1.9200000e+02   3.7407961e+04
   1.9300000e+02   3.7409129e+04
   1.9400000e+02   3.7410828e+04
   1.9500000e+02   3.7412879e+04
   1.9600000e+02   3.7415133e+04
   1.9700000e+02   3.7417453e+04
   1.9800000e+02   3.7419707e+04
   1.9900000e+02   3.7421766e+04
   2.0000000e+02   3.7416563e+04
   2.0100000e+02   3.7407172e+04
   2.0200000e+02   3.7397109e+04
   2.0300000e+02   3.7386410e+04
   2.0400000e+02   3.7375059e+04
   2.0500000e+02   3.7363031e+04
   2.0600000e+02   3.7351426e+04
   2.0700000e+02   3.7341004e+04
   2.0800000e+02   3.7330035e+04
   2.0900000e+02   3.7317406e+04
   2.1000000e+02   3.7303156e+04
   2.1100000e+02   3.7331359e+04
   2.1200000e+02   3.7356824e+04
   2.1300000e+02   3.7379648e+04
   2.1400000e+02   3.7399895e+04
   2.1500000e+02   3.7417605e+04
   2.1600000e+02   3.7432832e+04
   2.1700000e+02   3.7445617e+04
   2.1800000e+02   3.7456039e+04
   2.1900000e+02   3.7464160e+04
   2.2000000e+02   3.7468945e+04
   2.2100000e+02   3.7471098e+04
   2.2200000e+02   3.7470754e+04
   2.2300000e+02   3.7467941e+04
   2.2400000e+02   3.7462656e+04
   2.2500000e+02   3.7455141e+04
   2.2600000e+02   3.7445191e+04
   2.2700000e+02   3.7432793e+04
   2.2800000e+02   3.7417957e+04
   2.2900000e+02   3.7399625e+04
   2.3000000e+02   3.7377965e+04
   2.3100000e+02   3.7354340e+04
   2.3200000e+02   3.7328730e+04
   2.3300000e+02   3.7301199e+04
   2.3400000e+02   3.7271738e+04
   2.3500000e+02   3.7240223e+04
   2.3600000e+02   3.7206629e+04
   2.3700000e+02   3.7170914e+04
   2.3800000e+02   3.7133055e+04
   2.3900000e+02   3.7093008e+04
   2.4000000e+02   3.7050738e+04
   2.4100000e+02   3.6979934e+04
   2.4200000e+02   3.6913566e+04
   2.4300000e+02   3.6863898e+04
   2.4400000e+02   3.6813262e+04
   2.4500000e+02   3.6761520e+04
   2.4600000e+02   3.6708727e+04
   2.4700000e+02   3.6654945e+04
   2.4800000e+02   3.6600238e+04
   2.4900000e+02   3.6544660e+04
   2.5000000e+02   3.6488234e+04
   2.5100000e+02   3.6430957e+04
   2.5200000e+02   3.6373055e+04
   2.5300000e+02   3.6314492e+04
   2.5400000e+02   3.6255320e+04
   2.5500000e+02   3.6195582e+04
   2.5600000e+02   3.6135332e+04
   2.5700000e+02   3.6074613e+04
   2.5800000e+02   3.6013473e+04
   2.5900000e+02   3.5951957e+04
   2.6000000e+02   3.5890113e+04
   2.6100000e+02   3.5827980e+04
   2.6200000e+02   3.5765602e+04
   2.6300000e+02   3.5703023e+04
   2.6400000e+02   3.5640281e+04
   2.6500000e+02   3.5577430e+04
   2.6600000e+02   3.5514496e+04
   2.6700000e+02   3.5450051e+04
   2.6800000e+02   3.5386563e+04
   2.6900000e+02   3.5324051e+04
   2.7000000e+02   3.5262586e+04
   2.7100000e+02   3.5175500e+04
   2.7200000e+02   3.5088492e+04
   2.7300000e+02   3.5001586e+04
   2.7400000e+02   3.4914813e+04
   2.7500000e+02   3.4828195e+04
   2.7600000e+02   3.4741766e+04
   2.7700000e+02   3.4655543e+04
   2.7800000e+02   3.4569559e+04
   2.7900000e+02   3.4483836e+04
   2.8000000e+02   3.4398387e+04
   2.8100000e+02   3.4313281e+04
   2.8200000e+02   3.4228512e+04
   2.8300000e+02   3.4144113e+04
   2.8400000e+02   3.4060121e+04
   2.8500000e+02   3.3976543e+04
   2.8600000e+02   3.3893402e+04
   2.8700000e+02   3.3810723e+04
   2.8800000e+02   3.3728535e+04
   2.8900000e+02   3.3646859e+04
   2.9000000e+02   3.3565719e+04
   2.9100000e+02   3.3485141e+04
   2.9200000e+02   3.3405219e+04
   2.9300000e+02   3.3325910e+04
   2.9400000e+02   3.3247238e+04
   2.9500000e+02   3.3169223e+04
   2.9600000e+02   3.3091883e+04
   2.9700000e+02   3.3015254e+04
   2.9800000e+02   3.2939344e+04
   2.9900000e+02   3.2864184e+04
   3.0000000e+02   3.2789793e+04
   3.0100000e+02   3.2714172e+04
   3.0200000e+02   3.2639336e+04
   3.0300000e+02   3.2565301e+04
   3.0400000e+02   3.2492096e+04
   3.0500000e+02   3.2419744e+04
   3.0600000e+02   3.2348281e+04
   3.0700000e+02   3.2277705e+04
   3.0800000e+02   3.2208037e+04
   3.0900000e+02   3.2139295e+04
   3.1000000e+02   3.2071514e+04
   3.1100000e+02   3.2004701e+04
   3.1200000e+02   3.1938873e+04
   3.1300000e+02   3.1874047e+04
   3.1400000e+02   3.1810240e+04
   3.1500000e+02   3.1747471e+04
   3.1600000e+02   3.1685754e+04
   3.1700000e+02   3.1625109e+04
   3.1800000e+02   3.1565566e+04
   3.1900000e+02   3.1507125e+04
   3.2000000e+02   3.1449803e+04
   3.2100000e+02   3.1393615e+04
   3.2200000e+02   3.1338582e+04
   3.2300000e+02   3.1284711e+04
   3.2400000e+02   3.1232021e+04
   3.2500000e+02   3.1180527e+04
   3.2600000e+02   3.1130240e+04
   3.2700000e+02   3.1081176e+04
   3.2800000e+02   3.1033348e+04
   3.2900000e+02   3.0986770e+04
   3.3000000e+02   3.0941449e+04
   3.3100000e+02   3.0896799e+04
   3.3200000e+02   3.0853467e+04
   3.3300000e+02   3.0811416e+04
   3.3400000e+02   3.0770652e+04
   3.3500000e+02   3.0731193e+04
   3.3600000e+02   3.0693045e+04
   3.3700000e+02   3.0656221e+04
   3.3800000e+02   3.0620729e+04
   3.3900000e+02   3.0586578e+04
   3.4000000e+02   3.0553781e+04
   3.4100000e+02   3.0522342e+04
   3.4200000e+02   3.0492271e+04
   3.4300000e+02   3.0463582e+04
   3.4400000e+02   3.0436275e+04
   3.4500000e+02   3.0410361e+04
   3.4600000e+02   3.0385865e+04
   3.4700000e+02   3.0362773e+04
   3.4800000e+02   3.0341092e+04
   3.4900000e+02   3.0320832e+04
   3.5000000e+02   3.0302006e+04
   3.5100000e+02   3.0284605e+04
   3.5200000e+02   3.0268635e+04
   3.5300000e+02   3.0254098e+04
   3.5400000e+02   3.0240996e+04
   3.5500000e+02   3.0229336e+04
   3.5600000e+02   3.0219117e+04
   3.5700000e+02   3.0210344e+04
   3.5800000e+02   3.0203020e+04
   3.5900000e+02   3.0197143e+04
   7.1133672e-07   3.0192717e+04
   1.0000007e+00   3.0189371e+04
   2.0000007e+00   3.0187477e+04
   3.0000007e+00   3.0187039e+04
   4.0000010e+00   3.0188057e+04
   5.0000010e+00   3.0190537e+04
   6.0000010e+00   3.0194471e+04
   7.0000010e+00   3.0199857e+04
   8.0000010e+00   3.0206695e+04
   9.0000010e+00   3.0214982e+04
   1.0000001e+01   3.0224721e+04
   1.1000001e+01   3.0235900e+04
   1.2000001e+01   3.0248523e+04
   1.3000001e+01   3.0262584e+04
   1.4000001e+01   3.0278080e+04
   1.5000001e+01   3.0295006e+04
   1.6000000e+01   3.0313355e+04
   1.7000000e+01   3.0333127e+04
   1.8000000e+01   3.0354314e+04
   1.9000000e+01   3.0376910e+04
   2.0000000e+01   3.0400908e+04
   2.1000000e+01   3.0426303e+04
   2.2000000e+01   3.0453086e+04
   2.3000000e+01   3.0481250e+04
   2.4000000e+01   3.0510787e+04
   2.5000000e+01   3.0541689e+04
   2.6000000e+01   3.0573953e+04
   2.7000000e+01   3.0607594e+04
   2.8000000e+01   3.0642572e+04
   2.9000000e+01   3.0678877e+04
   3.0000000e+01   3.0716494e+04
   3.1000000e+01   3.0754457e+04
   3.2000000e+01   3.0793730e+04
   3.3000000e+01   3.0834311e+04
   3.4000000e+01   3.0876180e+04
   3.5000000e+01   3.0919330e+04
   3.6000000e+01   3.0963748e+04
   3.7000000e+01   3.1009418e+04
   3.8000000e+01   3.1056332e+04
   3.9000000e+01   3.1104471e+04
   4.0000000e+01   3.1153822e+04
   4.1000000e+01   3.1204373e+04
   4.2000000e+01   3.1256109e+04
   4.3000000e+01   3.1309014e+04
   4.4000000e+01   3.1363072e+04
   4.5000000e+01   3.1418266e+04
   4.6000000e+01   3.1474582e+04
   4.7000000e+01   3.1532002e+04
   4.8000000e+01   3.1590506e+04
   4.9000000e+01   3.1650080e+04
   5.0000000e+01   3.1710707e+04
   5.1000000e+01   3.1772367e+04
   5.2000000e+01   3.1835045e+04
   5.3000000e+01   3.1898723e+04
   5.4000000e+01   3.1963375e+04
   5.5000000e+01   3.2028984e+04
   5.6000000e+01   3.2095531e+04
   5.7000000e+01   3.2162992e+04
   5.8000000e+01   3.2231352e+04
   5.9000000e+01   3.2300582e+04
   6.0000000e+01   3.2370668e+04
   6.1000000e+01   3.2404178e+04
   6.2000000e+01   3.2439143e+04
   6.3000000e+01   3.2475537e+04
   6.4000000e+01   3.2513338e+04
   6.5000000e+01   3.2552527e+04
   6.6000000e+01   3.2593078e+04
   6.7000000e+01   3.2634969e+04
   6.8000000e+01   3.2678178e+04
   6.9000000e+01   3.2722678e+04
   7.0000000e+01   3.2768445e+04
   7.1000000e+01   3.2815457e+04
   7.2000000e+01   3.2863684e+04
   7.3000000e+01   3.2913098e+04
   7.4000000e+01   3.2963680e+04
   7.5000000e+01   3.3015398e+04
   7.6000000e+01   3.3068227e+04
   7.7000000e+01   3.3122133e+04
   7.8000000e+01   3.3177098e+04
   7.9000000e+01   3.3233090e+04
   8.0000000e+01   3.3290074e+04
   8.1000000e+01   3.3348031e+04
   8.2000000e+01   3.3406926e+04
   8.3000000e+01   3.3466730e+04
   8.4000000e+01   3.3527414e+04
   8.5000000e+01   3.3588949e+04
   8.6000000e+01   3.3651305e+04
   8.7000000e+01   3.3714445e+04
   8.8000000e+01   3.3778352e+04
   8.9000000e+01   3.3842984e+04
   9.0000000e+01   3.3908309e+04
   9.1000000e+01   3.3982941e+04
   9.2000000e+01   3.4057668e+04
   9.3000000e+01   3.4132465e+04
   9.4000000e+01   3.4207301e+04
   9.5000000e+01   3.4282145e+04
   9.6000000e+01   3.4356980e+04
   9.7000000e+01   3.4431773e+04
   9.8000000e+01   3.4506488e+04
   9.9000000e+01   3.4581105e+04
   1.0000000e+02   3.4655586e+04
   1.0100000e+02   3.4729910e+04
   1.0200000e+02   3.4804047e+04
   1.0300000e+02   3.4877965e+04
   1.0400000e+02   3.4951645e+04
   1.0500000e+02   3.5025047e+04
   1.0600000e+02   3.5098156e+04
   1.0700000e+02   3.5170938e+04
   1.0800000e+02   3.5243367e+04
   1.0900000e+02   3.5315414e+04
   1.1000000e+02   3.5387055e+04
   1.1100000e+02   3.5458262e+04
   1.1200000e+02   3.5529004e+04
   1.1300000e+02   3.5599266e+04
   1.1400000e+02   3.5669004e+04
   1.1500000e+02   3.5738211e+04
   1.1600000e+02   3.5806844e+04
   1.1700000e+02   3.5874887e+04
   1.1800000e+02   3.5942316e+04
   1.1900000e+02   3.6009098e+04
   1.2000000e+02   3.6075211e+04
   1.2100000e+02   3.6148867e+04
   1.2200000e+02   3.6221730e+04
   1.2300000e+02   3.6293781e+04
   1.2400000e+02   3.6364996e+04
   1.2500000e+02   3.6435352e+04
   1.2600000e+02   3.6504824e+04
   1.2700000e+02   3.6573395e+04
   1.2800000e+02   3.6641035e+04
   1.2900000e+02   3.6707730e+04
   1.3000000e+02   3.6773453e+04
   1.3100000e+02   3.6838227e+04
   1.3200000e+02   3.6901996e+04
   1.3300000e+02   3.6964742e+04
   1.3400000e+02   3.7026445e+04
   1.3500000e+02   3.7087078e+04
   1.3600000e+02   3.7146629e+04
   1.3700000e+02   3.7205074e+04
   1.3800000e+02   3.7262395e+04
   1.3900000e+02   3.7318574e+04
   1.4000000e+02   3.7373594e+04
   1.4100000e+02   3.7427434e+04
   1.4200000e+02   3.7480078e+04
   1.4300000e+02   3.7531504e+04
   1.4400000e+02   3.7581707e+04
   1.4500000e+02   3.7630656e+04
   1.4600000e+02   3.7678348e+04
   1.4700000e+02   3.7724754e+04
   1.4800000e+02   3.7769871e+04
   1.4900000e+02   3.7813680e+04
   1.5000000e+02   3.7856160e+04
   1.5100000e+02   3.7894602e+04
   1.5200000e+02   3.7931680e+04
   1.5300000e+02   3.7967387e+04
   1.5400000e+02   3.8001703e+04
   1.5500000e+02   3.8034629e+04
   1.5600000e+02   3.8066137e+04
   1.5700000e+02   3.8096227e+04
   1.5800000e+02   3.8124883e+04
   1.5900000e+02   3.8152098e+04
   1.6000000e+02   3.8177859e+04
   1.6100000e+02   3.8202156e+04
   1.6200000e+02   3.8224984e+04
   1.6300000e+02   3.8246332e+04
   1.6400000e+02   3.8266191e+04
   1.6500000e+02   3.8284551e+04
   1.6600000e+02   3.8301414e+04
   1.6700000e+02   3.8316762e+04
   1.6800000e+02   3.8330594e+04
   1.6900000e+02   3.8342906e+04
   1.7000000e+02   3.8353688e+04
   1.7100000e+02   3.8362941e+04
   1.7200000e+02   3.8370652e+04
   1.7300000e+02   3.8376828e+04
   1.7400000e+02   3.8381457e+04
   1.7500000e+02   3.8384535e+04
   1.7600000e+02   3.8386066e+04
   1.7700000e+02   3.8386051e+04
   1.7800000e+02   3.8384477e+04
   1.7900000e+02   3.8381344e+04
   1.8000000e+02   3.8376660e+04
   1.8100000e+02   3.8368434e+04
   1.8200000e+02   3.8358652e+04
   1.8300000e+02   3.8347320e+04
   1.8400000e+02   3.8334434e+04
   1.8500000e+02   3.8319992e+04
   1.8600000e+02   3.8304012e+04
   1.8700000e+02   3.8286480e+04
   1.8800000e+02   3.8267406e+04
   1.8900000e+02   3.8246793e+04
   1.9000000e+02   3.8224648e+04
   1.9100000e+02   3.8200969e+04
   1.9200000e+02   3.8175766e+04
   1.9300000e+02   3.8149039e+04
   1.9400000e+02   3.8120797e+04
   1.9500000e+02   3.8091047e+04
   1.9600000e+02   3.8059789e+04
   1.9700000e+02   3.8027039e+04
   1.9800000e+02   3.7992805e+04
   1.9900000e+02   3.7957090e+04
   2.0000000e+02   3.7919906e+04
   2.0100000e+02   3.7881262e+04
   2.0200000e+02   3.7841168e+04
   2.0300000e+02   3.7799629e+04
   2.0400000e+02   3.7756664e+04
   2.0500000e+02   3.7712277e+04
   2.0600000e+02   3.7666484e+04
   2.0700000e+02   3.7619293e+04
   2.0800000e+02   3.7570723e+04
   2.0900000e+02   3.7520777e+04
   2.1000000e+02   3.7469609e+04
   2.1100000e+02   3.7442617e+04
   2.1200000e+02   3.7414277e+04
   2.1300000e+02   3.7384578e+04
   2.1400000e+02   3.7353547e+04
   2.1500000e+02   3.7321199e+04
   2.1600000e+02   3.7287551e+04
   2.1700000e+02   3.7252625e+04
   2.1800000e+02   3.7216441e+04
   2.1900000e+02   3.7179020e+04
   2.2000000e+02   3.7140375e+04
   2.2100000e+02   3.7100535e+04
   2.2200000e+02   3.7059512e+04
   2.2300000e+02   3.7017336e+04
   2.2400000e+02   3.6974020e+04
   2.2500000e+02   3.6929586e+04
   2.2600000e+02   3.6884059e+04
   2.2700000e+02   3.6837461e+04
   2.2800000e+02   3.6789816e+04
   2.2900000e+02   3.6741145e+04
   2.3000000e+02   3.6691465e+04
   2.3100000e+02   3.6640805e+04
   2.3200000e+02   3.6589328e+04
   2.3300000e+02   3.6536984e+04
   2.3400000e+02   3.6483742e+04
   2.3500000e+02   3.6429629e+04
   2.3600000e+02   3.6374672e+04
   2.3700000e+02   3.6318887e+04
   2.3800000e+02   3.6262305e+04
   2.3900000e+02   3.6204945e+04
   2.4000000e+02   3.6146836e+04
   2.4100000e+02   3.6113086e+04
   2.4200000e+02   3.6079008e+04
   2.4300000e+02   3.6044641e+04
   2.4400000e+02   3.6010004e+04
   2.4500000e+02   3.5975125e+04
   2.4600000e+02   3.5940031e+04
   2.4700000e+02   3.5904746e+04
   2.4800000e+02   3.5869297e+04
   2.4900000e+02   3.5833719e+04
   2.5000000e+02   3.5798027e+04
   2.5100000e+02   3.5762258e+04
   2.5200000e+02   3.5726434e+04
   2.5300000e+02   3.5690586e+04
   2.5400000e+02   3.5654738e+04
   2.5500000e+02   3.5618918e+04
   2.5600000e+02   3.5583156e+04
   2.5700000e+02   3.5547484e+04
   2.5800000e+02   3.5511918e+04
   2.5900000e+02   3.5476496e+04
   2.6000000e+02   3.5441234e+04
   2.6100000e+02   3.5406176e+04
   2.6200000e+02   3.5371336e+04
   2.6300000e+02   3.5336746e+04
   2.6400000e+02   3.5302438e+04
   2.6500000e+02   3.5268434e+04
   2.6600000e+02   3.5234758e+04
   2.6700000e+02   3.5201449e+04
   2.6800000e+02   3.5168520e+04
   2.6900000e+02   3.5136008e+04
   2.7000000e+02   3.5103938e+04
   2.7100000e+02   3.5017707e+04
   2.7200000e+02   3.4931586e+04
   2.7300000e+02   3.4845598e+04
   2.7400000e+02   3.4759770e+04
   2.7500000e+02   3.4674137e+04
   2.7600000e+02   3.4588719e+04
   2.7700000e+02   3.4503535e+04
   2.7800000e+02   3.4418629e+04
   2.7900000e+02   3.4334016e+04
   2.8000000e+02   3.4249719e+04
   2.8100000e+02   3.4165777e+04
   2.8200000e+02   3.4082207e+04
   2.8300000e+02   3.3999031e+04
   2.8400000e+02   3.3916285e+04
   2.8500000e+02   3.3833988e+04
   2.8600000e+02   3.3752168e+04
   2.8700000e+02   3.3670848e+04
   2.8800000e+02   3.3590055e+04
   2.8900000e+02   3.3509816e+04
   2.9000000e+02   3.3430148e+04
   2.9100000e+02   3.3351082e+04
   2.9200000e+02   3.3272645e+04
   2.9300000e+02   3.3194848e+04
   2.9400000e+02   3.3117730e+04
   2.9500000e+02   3.3041305e+04
   2.9600000e+02   3.2965598e+04
   2.9700000e+02   3.2890637e+04
   2.9800000e+02   3.2816438e+04
   2.9900000e+02   3.2743025e+04
   3.0000000e+02   3.2670424e+04
   3.0100000e+02   3.2595414e+04
   3.0200000e+02   3.2521188e+04
   3.0300000e+02   3.2447766e+04
   3.0400000e+02   3.2375172e+04
   3.0500000e+02   3.2303424e+04
   3.0600000e+02   3.2232545e+04
   3.0700000e+02   3.2162551e+04
   3.0800000e+02   3.2093467e+04
   3.0900000e+02   3.2025307e+04
   3.1000000e+02   3.1958094e+04
   3.1100000e+02   3.1891844e+04
   3.1200000e+02   3.1826580e+04
   3.1300000e+02   3.1762316e+04
   3.1400000e+02   3.1699072e+04
   3.1500000e+02   3.1636869e+04
   3.1600000e+02   3.1575719e+04
   3.1700000e+02   3.1515641e+04
   3.1800000e+02   3.1456654e+04
   3.1900000e+02   3.1398768e+04
   3.2000000e+02   3.1342006e+04
   3.2100000e+02   3.1286379e+04
   3.2200000e+02   3.1231902e+04
   3.2300000e+02   3.1178594e+04
   3.2400000e+02   3.1126465e+04
   3.2500000e+02   3.1075533e+04
   3.2600000e+02   3.1025811e+04
   3.2700000e+02   3.0977309e+04
   3.2800000e+02   3.0930043e+04
   3.2900000e+02   3.0884027e+04
   3.3000000e+02   3.0839270e+04
   3.3100000e+02   3.0794809e+04
   3.3200000e+02   3.0751617e+04
   3.3300000e+02   3.0709709e+04
   3.3400000e+02   3.0669098e+04
   3.3500000e+02   3.0629791e+04
   3.3600000e+02   3.0591801e+04
   3.3700000e+02   3.0555139e+04
   3.3800000e+02   3.0519813e+04
   3.3900000e+02   3.0485832e+04
   3.4000000e+02   3.0453207e+04
   3.4100000e+02   3.0421945e+04
   3.4200000e+02   3.0392057e+04
   3.4300000e+02   3.0363547e+04
   3.4400000e+02   3.0336424e+04
   3.4500000e+02   3.0310697e+04
   3.4600000e+02   3.0286369e+04
   3.4700000e+02   3.0263453e+04
   3.4800000e+02   3.0241947e+04
   3.4900000e+02   3.0221863e+04
   3.5000000e+02   3.0203203e+04
   3.5100000e+02   3.0185973e+04
   3.5200000e+02   3.0170174e+04
   3.5300000e+02   3.0155814e+04
   3.5400000e+02   3.0142898e+04
   3.5500000e+02   3.0131422e+04
   3.5600000e+02   3.0121396e+04
   3.5700000e+02   3.0112820e+04
   3.5800000e+02   3.0105693e+04
   3.5900000e+02   3.0100021e+04
   1.4226848e-06   3.0095805e+04
