   0.0000000e+00   1.4780339e-02
   1.0000000e+00   4.3670334e-02
   2.0000000e+00   4.3731604e-02
   3.0000000e+00   4.3774560e-02
   4.0000000e+00   4.3811765e-02
   5.0000000e+00   4.3843299e-02
   6.0000000e+00   4.3869220e-02
   7.0000000e+00   4.3889597e-02
   8.0000000e+00   4.3904483e-02
   9.0000000e+00   4.3914121e-02
   1.0000000e+01   4.3918438e-02
   1.1000000e+01   4.3917462e-02
   1.2000000e+01   4.3911289e-02
   1.3000000e+01   4.3900087e-02
   1.4000000e+01   4.3883976e-02
   1.5000000e+01   4.3862958e-02
   1.6000000e+01   4.3837130e-02
   1.7000000e+01   4.3806538e-02
   1.8000000e+01   4.3758128e-02
   1.9000000e+01   4.3695264e-02
   2.0000000e+01   4.3632392e-02
   2.1000000e+01   4.3569509e-02
   2.2000000e+01   4.3506578e-02
   2.3000000e+01   4.3443590e-02
   2.4000000e+01   4.3380558e-02
   2.5000000e+01   4.3342207e-02
   2.6000000e+01   4.3331258e-02
   2.7000000e+01   4.3323778e-02
   2.8000000e+01   4.3319710e-02
   2.9000000e+01   4.3319002e-02
   3.0000000e+01   4.3321617e-02
   3.1000000e+01   4.3432776e-02
   3.2000000e+01   4.3544181e-02
   3.3000000e+01   4.3655921e-02
   3.4000000e+01   4.3767996e-02
   3.5000000e+01   4.3880381e-02
   3.6000000e+01   4.3993071e-02
   3.7000000e+01   4.4106066e-02
   3.8000000e+01   4.4219363e-02
   3.9000000e+01   4.4332951e-02
   4.0000000e+01   4.4446841e-02
   4.1000000e+01   4.4561025e-02
   4.2000000e+01   4.4675566e-02
   4.3000000e+01   4.4790614e-02
   4.4000000e+01   4.4905979e-02
   4.5000000e+01   4.5021672e-02
   4.6000000e+01   4.5137681e-02
   4.7000000e+01   4.5254007e-02
   4.8000000e+01   4.5370512e-02
   4.9000000e+01   4.5487203e-02
   5.0000000e+01   4.5604240e-02
   5.1000000e+01   4.5721631e-02
   5.2000000e+01   4.5839362e-02
   5.3000000e+01   4.5957439e-02
   5.4000000e+01   4.6075851e-02
   5.5000000e+01   4.6194598e-02
   5.6000000e+01   4.6313681e-02
   5.7000000e+01   4.6433091e-02
   5.8000000e+01   4.6552826e-02
   5.9000000e+01   4.6672884e-02
   6.0000000e+01   4.6793260e-02
   6.1000000e+01   4.6922885e-02
   6.2000000e+01   4.7053620e-02
   6.3000000e+01   4.7185455e-02
   6.4000000e+01   4.7318373e-02
   6.5000000e+01   4.7452353e-02
   6.6000000e+01   4.7587417e-02
   6.7000000e+01   4.7724254e-02
   6.8000000e+01   4.7862042e-02
   6.9000000e+01   4.8000764e-02
   7.0000000e+01   4.8140407e-02
   7.1000000e+01   4.8280958e-02
   7.2000000e+01   4.8422404e-02
   7.3000000e+01   4.8564732e-02
   7.4000000e+01   4.8707936e-02
   7.5000000e+01   4.8851747e-02
   7.6000000e+01   4.8996296e-02
   7.7000000e+01   4.9141634e-02
   7.8000000e+01   4.9287837e-02
   7.9000000e+01   4.9434938e-02
   8.0000000e+01   4.9582757e-02
   8.1000000e+01   4.9731281e-02
   8.2000000e+01   4.9880508e-02
   8.3000000e+01   5.0032455e-02
   8.4000000e+01   5.0185688e-02
   8.5000000e+01   5.0339740e-02
   8.6000000e+01   5.0494585e-02
   8.7000000e+01   5.0650209e-02
   8.8000000e+01   5.0806597e-02
   8.9000000e+01   5.0963733e-02
   9.0000000e+01   5.1121593e-02
   9.1000000e+01   5.0972059e-02
   9.2000000e+01   5.0801232e-02
   9.3000000e+01   5.0608076e-02
   9.4000000e+01   5.0423082e-02
   9.5000000e+01   5.0228428e-02
   9.6000000e+01   5.0003711e-02
   9.7000000e+01   4.9747918e-02
   9.8000000e+01   4.9459849e-02
   9.9000000e+01   4.9138285e-02
   1.0000000e+02   4.8781935e-02
   1.0100000e+02   4.8312880e-02
   1.0200000e+02   4.7676407e-02
   1.0300000e+02   4.6945810e-02
   1.0400000e+02   4.6109200e-02
   1.0500000e+02   4.5155931e-02
   1.0600000e+02   4.4070933e-02
   1.0700000e+02   4.2844646e-02
   1.0800000e+02   4.1462943e-02
   1.0900000e+02   3.9910197e-02
   1.1000000e+02   3.8952075e-02
   1.1100000e+02   3.9006840e-02
   1.1200000e+02   3.9097365e-02
   1.1300000e+02   3.9202165e-02
   1.1400000e+02   3.9318323e-02
   1.1500000e+02   3.9443508e-02
   1.1600000e+02   3.9583884e-02
   1.1700000e+02   3.9745621e-02
   1.1800000e+02   3.9913096e-02
   1.1900000e+02   3.8460076e-02
   1.2000000e+02   3.6273032e-02
   1.2100000e+02   3.1394865e-02
   1.2200000e+02   2.6776893e-02
   1.2300000e+02   2.2379426e-02
   1.2400000e+02   1.8268041e-02
   1.2500000e+02   1.4560425e-02
   1.2600000e+02   1.1055705e-02
   1.2700000e+02   7.6917578e-03
   1.2800000e+02   5.9234621e-03
   1.2900000e+02   4.7988417e-03
   1.3000000e+02   3.8745767e-03
   1.3100000e+02   3.1410009e-03
   1.3200000e+02   2.4369215e-03
   1.3300000e+02   1.4928910e-03
   1.3400000e+02   6.8749511e-04
   1.3500000e+02   2.6773030e-04
   1.3600000e+02   1.7119289e-04
   1.3700000e+02   2.3614019e-04
   1.3800000e+02   5.1701587e-04
   1.3900000e+02   9.3066436e-04
   1.4000000e+02   1.4677487e-03
   1.4100000e+02   2.1271554e-03
   1.4200000e+02   2.9080927e-03
   1.4300000e+02   3.8101086e-03
   1.4400000e+02   4.3725492e-03
   1.4500000e+02   4.9169259e-03
   1.4600000e+02   5.5650934e-03
   1.4700000e+02   6.3528302e-03
   1.4800000e+02   7.2585074e-03
   1.4900000e+02   8.3114561e-03
   1.5000000e+02   9.3947425e-03
   1.5100000e+02   9.3932208e-03
   1.5200000e+02   9.3863104e-03
   1.5300000e+02   9.3742274e-03
   1.5400000e+02   9.3571804e-03
   1.5500000e+02   9.3353624e-03
   1.5600000e+02   9.3089603e-03
   1.5700000e+02   9.2781512e-03
   1.5800000e+02   9.2497272e-03
   1.5900000e+02   8.9142518e-03
   1.6000000e+02   8.6042946e-03
   1.6100000e+02   8.3177201e-03
   1.6200000e+02   8.0628004e-03
   1.6300000e+02   7.8375731e-03
   1.6400000e+02   7.6378109e-03
   1.6500000e+02   7.4635698e-03
   1.6600000e+02   7.2600297e-03
   1.6700000e+02   6.8846103e-03
   1.6800000e+02   6.5075243e-03
   1.6900000e+02   6.1277598e-03
   1.7000000e+02   5.7454859e-03
   1.7100000e+02   5.3608576e-03
   1.7200000e+02   4.9740211e-03
   1.7300000e+02   4.5855641e-03
   1.7400000e+02   4.1977470e-03
   1.7500000e+02   3.8357815e-03
   1.7600000e+02   3.4713654e-03
   1.7700000e+02   3.0871939e-03
   1.7800000e+02   2.6833010e-03
   1.7900000e+02   2.2667793e-03
   1.8000000e+02   1.8390436e-03
   1.8100000e+02   5.8297953e-04
   1.8200000e+02  -5.2007521e-04
   1.8300000e+02  -1.4804105e-03
   1.8400000e+02  -2.2396969e-03
   1.8500000e+02  -2.7705105e-03
   1.8600000e+02  -2.9539007e-03
   1.8700000e+02  -2.9916444e-03
   1.8800000e+02  -2.9133030e-03
   1.8900000e+02  -2.7305305e-03
   1.9000000e+02  -2.4536953e-03
   1.9100000e+02  -2.0920741e-03
   1.9200000e+02  -1.6511037e-03
   1.9300000e+02  -1.1401244e-03
   1.9400000e+02  -5.6607212e-04
   1.9500000e+02   6.5170272e-05
   1.9600000e+02   7.4827630e-04
   1.9700000e+02   1.4784602e-03
   1.9800000e+02   2.2513960e-03
   1.9900000e+02   3.0631856e-03
   2.0000000e+02   3.6895974e-03
   2.0100000e+02   4.2272336e-03
   2.0200000e+02   4.7873487e-03
   2.0300000e+02   5.3704898e-03
   2.0400000e+02   5.9755952e-03
   2.0500000e+02   6.6016316e-03
   2.0600000e+02   7.2823013e-03
   2.0700000e+02   8.0472725e-03
   2.0800000e+02   8.8401791e-03
   2.0900000e+02   9.6215596e-03
   2.1000000e+02   1.0392010e-02
   2.1100000e+02   1.2161718e-02
   2.1200000e+02   1.3878822e-02
   2.1300000e+02   1.5545087e-02
   2.1400000e+02   1.7162187e-02
   2.1500000e+02   1.8731715e-02
   2.1600000e+02   2.0255188e-02
   2.1700000e+02   2.1734040e-02
   2.1800000e+02   2.3169639e-02
   2.1900000e+02   2.4563270e-02
   2.2000000e+02   2.5882641e-02
   2.2100000e+02   2.7148841e-02
   2.2200000e+02   2.8366012e-02
   2.2300000e+02   2.9534437e-02
   2.2400000e+02   3.0654317e-02
   2.2500000e+02   3.1733092e-02
   2.2600000e+02   3.2762926e-02
   2.2700000e+02   3.3742931e-02
   2.2800000e+02   3.4673009e-02
   2.2900000e+02   3.5519000e-02
   2.3000000e+02   3.6286034e-02
   2.3100000e+02   3.7017059e-02
   2.3200000e+02   3.7711084e-02
   2.3300000e+02   3.8366932e-02
   2.3400000e+02   3.8983341e-02
   2.3500000e+02   3.9558966e-02
   2.3600000e+02   4.0092386e-02
   2.3700000e+02   4.0582072e-02
   2.3800000e+02   4.1026417e-02
   2.3900000e+02   4.1423723e-02
   2.4000000e+02   4.1772198e-02
   2.4100000e+02   4.1588057e-02
   2.4200000e+02   4.1561682e-02
   2.4300000e+02   4.2086124e-02
   2.4400000e+02   4.2589068e-02
   2.4500000e+02   4.3065287e-02
   2.4600000e+02   4.3516040e-02
   2.4700000e+02   4.3942593e-02
   2.4800000e+02   4.4346146e-02
   2.4900000e+02   4.4727832e-02
   2.5000000e+02   4.5088727e-02
   2.5100000e+02   4.5430485e-02
   2.5200000e+02   4.5755941e-02
   2.5300000e+02   4.6063170e-02
   2.5400000e+02   4.6353027e-02
   2.5500000e+02   4.6626337e-02
   2.5600000e+02   4.6883870e-02
   2.5700000e+02   4.7126368e-02
   2.5800000e+02   4.7354531e-02
   2.5900000e+02   4.7569025e-02
   2.6000000e+02   4.7770478e-02
   2.6100000e+02   4.7959495e-02
   2.6200000e+02   4.8136644e-02
   2.6300000e+02   4.8302472e-02
   2.6400000e+02   4.8457488e-02
   2.6500000e+02   4.8602194e-02
   2.6600000e+02   4.8737049e-02
   2.6700000e+02   4.8817538e-02
   2.6800000e+02   4.8918333e-02
   2.6900000e+02   4.9040813e-02
   2.7000000e+02   4.9186554e-02
   2.7100000e+02   4.9009115e-02
   2.7200000e+02   4.8831515e-02
   2.7300000e+02   4.8653752e-02
   2.7400000e+02   4.8475832e-02
   2.7500000e+02   4.8297744e-02
   2.7600000e+02   4.8119508e-02
   2.7700000e+02   4.7941107e-02
   2.7800000e+02   4.7762558e-02
   2.7900000e+02   4.7583856e-02
   2.8000000e+02   4.7404997e-02
   2.8100000e+02   4.7225989e-02
   2.8200000e+02   4.7046833e-02
   2.8300000e+02   4.6867531e-02
   2.8400000e+02   4.6688080e-02
   2.8500000e+02   4.6508487e-02
   2.8600000e+02   4.6328746e-02
   2.8700000e+02   4.6148870e-02
   2.8800000e+02   4.5968849e-02
   2.8900000e+02   4.5788687e-02
   2.9000000e+02   4.5608390e-02
   2.9100000e+02   4.5427952e-02
   2.9200000e+02   4.5247380e-02
   2.9300000e+02   4.5066673e-02
   2.9400000e+02   4.4885833e-02
   2.9500000e+02   4.4704862e-02
   2.9600000e+02   4.4523757e-02
   2.9700000e+02   4.4342522e-02
   2.9800000e+02   4.4161160e-02
   2.9900000e+02   4.3979671e-02
   3.0000000e+02   4.3798052e-02
   3.0100000e+02   4.3667760e-02
   3.0200000e+02   4.3537453e-02
   3.0300000e+02   4.3407142e-02
   3.0400000e+02   4.3276828e-02
   3.0500000e+02   4.3146502e-02
   3.0600000e+02   4.3016173e-02
   3.0700000e+02   4.2885840e-02
   3.0800000e+02   4.2755499e-02
   3.0900000e+02   4.2625152e-02
   3.1000000e+02   4.2494800e-02
   3.1100000e+02   4.2364441e-02
   3.1200000e+02   4.2234074e-02
   3.1300000e+02   4.2103704e-02
   3.1400000e+02   4.1973326e-02
   3.1500000e+02   4.1842945e-02
   3.1600000e+02   4.1712560e-02
   3.1700000e+02   4.1582167e-02
   3.1800000e+02   4.1451767e-02
   3.1900000e+02   4.1321363e-02
   3.2000000e+02   4.1190956e-02
   3.2100000e+02   4.1060545e-02
   3.2200000e+02   4.0930122e-02
   3.2300000e+02   4.0799700e-02
   3.2400000e+02   4.0669270e-02
   3.2500000e+02   4.0538836e-02
   3.2600000e+02   4.0408395e-02
   3.2700000e+02   4.0277954e-02
   3.2800000e+02   4.0147506e-02
   3.2900000e+02   4.0017050e-02
   3.3000000e+02   3.9886590e-02
   3.3100000e+02   3.9847292e-02
   3.3200000e+02   3.9807986e-02
   3.3300000e+02   3.9768688e-02
   3.3400000e+02   3.9729394e-02
   3.3500000e+02   3.9690100e-02
   3.3600000e+02   3.9650820e-02
   3.3700000e+02   3.9611552e-02
   3.3800000e+02   3.9572287e-02
   3.3900000e+02   3.9533023e-02
   3.4000000e+02   3.9493773e-02
   3.4100000e+02   3.9454527e-02
   3.4200000e+02   3.9415285e-02
   3.4300000e+02   3.9376054e-02
   3.4400000e+02   3.9336827e-02
   3.4500000e+02   3.9297599e-02
   3.4600000e+02   3.9258383e-02
   3.4700000e+02   3.9219171e-02
   3.4800000e+02   3.9179966e-02
   3.4900000e+02   3.9140768e-02
   3.5000000e+02   3.9101571e-02
   3.5100000e+02   3.9062385e-02
   3.5200000e+02   3.9023198e-02
   3.5300000e+02   3.8984019e-02
   3.5400000e+02   3.8944844e-02
   3.5500000e+02   3.8905676e-02
   3.5600000e+02   3.8866512e-02
   3.5700000e+02   3.8827352e-02
   3.5800000e+02   3.8788199e-02
   3.5900000e+02   3.8749050e-02
   7.1133672e-07   3.8709905e-02
   1.0000007e+00   3.8774569e-02
   2.0000007e+00   3.8839243e-02
   3.0000007e+00   3.8903918e-02
   4.0000010e+00   3.8968604e-02
   5.0000010e+00   3.9033297e-02
   6.0000010e+00   3.9097998e-02
   7.0000010e+00   3.9162703e-02
   8.0000010e+00   3.9227419e-02
   9.0000010e+00   3.9292134e-02
   1.0000001e+01   3.9356861e-02
   1.1000001e+01   3.9421596e-02
   1.2000001e+01   3.9486334e-02
   1.3000001e+01   3.9551083e-02
   1.4000001e+01   3.9615836e-02
   1.5000001e+01   3.9680593e-02
   1.6000000e+01   3.9745361e-02
   1.7000000e+01   3.9810132e-02
   1.8000000e+01   3.9874911e-02
   1.9000000e+01   3.9939694e-02
   2.0000000e+01   4.0004488e-02
   2.1000000e+01   4.0069286e-02
   2.2000000e+01   4.0134091e-02
   2.3000000e+01   4.0198900e-02
   2.4000000e+01   4.0263753e-02
   2.5000000e+01   4.0328629e-02
   2.6000000e+01   4.0393520e-02
   2.7000000e+01   4.0458418e-02
   2.8000000e+01   4.0523332e-02
   2.9000000e+01   4.0588249e-02
   3.0000000e+01   4.0653177e-02
   3.1000000e+01   4.0812358e-02
   3.2000000e+01   4.0971663e-02
   3.3000000e+01   4.1131087e-02
   3.4000000e+01   4.1290637e-02
   3.5000000e+01   4.1450310e-02
   3.6000000e+01   4.1610103e-02
   3.7000000e+01   4.1770015e-02
   3.8000000e+01   4.1930050e-02
   3.9000000e+01   4.2090204e-02
   4.0000000e+01   4.2250473e-02
   4.1000000e+01   4.2410865e-02
   4.2000000e+01   4.2571373e-02
   4.3000000e+01   4.2732000e-02
   4.4000000e+01   4.2892743e-02
   4.5000000e+01   4.3053601e-02
   4.6000000e+01   4.3214574e-02
   4.7000000e+01   4.3375663e-02
   4.8000000e+01   4.3536868e-02
   4.9000000e+01   4.3698184e-02
   5.0000000e+01   4.3859620e-02
   5.1000000e+01   4.4021159e-02
   5.2000000e+01   4.4182815e-02
   5.3000000e+01   4.4344585e-02
   5.4000000e+01   4.4506468e-02
   5.5000000e+01   4.4668455e-02
   5.6000000e+01   4.4830557e-02
   5.7000000e+01   4.4992771e-02
   5.8000000e+01   4.5155089e-02
   5.9000000e+01   4.5317519e-02
   6.0000000e+01   4.5480058e-02
   6.1000000e+01   4.5573801e-02
   6.2000000e+01   4.5668554e-02
   6.3000000e+01   4.5764275e-02
   6.4000000e+01   4.5860946e-02
   6.5000000e+01   4.5958534e-02
   6.6000000e+01   4.6057012e-02
   6.7000000e+01   4.6156354e-02
   6.8000000e+01   4.6256542e-02
   6.9000000e+01   4.6357539e-02
   7.0000000e+01   4.6459332e-02
   7.1000000e+01   4.6561893e-02
   7.2000000e+01   4.6665199e-02
   7.3000000e+01   4.6769235e-02
   7.4000000e+01   4.6873976e-02
   7.5000000e+01   4.6979405e-02
   7.6000000e+01   4.7085501e-02
   7.7000000e+01   4.7192242e-02
   7.8000000e+01   4.7299616e-02
   7.9000000e+01   4.7407605e-02
   8.0000000e+01   4.7516186e-02
   8.1000000e+01   4.7625348e-02
   8.2000000e+01   4.7735073e-02
   8.3000000e+01   4.7845349e-02
   8.4000000e+01   4.7956161e-02
   8.5000000e+01   4.8067492e-02
   8.6000000e+01   4.8179328e-02
   8.7000000e+01   4.8291657e-02
   8.8000000e+01   4.8404463e-02
   8.9000000e+01   4.8517831e-02
   9.0000000e+01   4.8631471e-02
   9.1000000e+01   4.8423037e-02
   9.2000000e+01   4.8214905e-02
   9.3000000e+01   4.8007086e-02
   9.4000000e+01   4.7799584e-02
   9.5000000e+01   4.7592420e-02
   9.6000000e+01   4.7385857e-02
   9.7000000e+01   4.7179800e-02
   9.8000000e+01   4.6974067e-02
   9.9000000e+01   4.6768665e-02
   1.0000000e+02   4.6563603e-02
   1.0100000e+02   4.6358891e-02
   1.0200000e+02   4.6154529e-02
   1.0300000e+02   4.5950532e-02
   1.0400000e+02   4.5746908e-02
   1.0500000e+02   4.5543652e-02
   1.0600000e+02   4.5340788e-02
   1.0700000e+02   4.5138311e-02
   1.0800000e+02   4.4936225e-02
   1.0900000e+02   4.4734545e-02
   1.1000000e+02   4.4533271e-02
   1.1100000e+02   4.4332415e-02
   1.1200000e+02   4.4131972e-02
   1.1300000e+02   4.3931954e-02
   1.1400000e+02   4.3732364e-02
   1.1500000e+02   4.3533210e-02
   1.1600000e+02   4.3334492e-02
   1.1700000e+02   4.3136217e-02
   1.1800000e+02   4.2938393e-02
   1.1900000e+02   4.2741023e-02
   1.2000000e+02   4.2544108e-02
   1.2100000e+02   4.2435434e-02
   1.2200000e+02   4.2326909e-02
   1.2300000e+02   4.2218532e-02
   1.2400000e+02   4.2110305e-02
   1.2500000e+02   4.2002235e-02
   1.2600000e+02   4.1894324e-02
   1.2700000e+02   4.1786566e-02
   1.2800000e+02   4.1678969e-02
   1.2900000e+02   4.1571535e-02
   1.3000000e+02   4.1464265e-02
   1.3100000e+02   4.1358568e-02
   1.3200000e+02   4.1253369e-02
   1.3300000e+02   4.1148584e-02
   1.3400000e+02   4.1044205e-02
   1.3500000e+02   4.0940233e-02
   1.3600000e+02   4.0836658e-02
   1.3700000e+02   4.0733479e-02
   1.3800000e+02   4.0630691e-02
   1.3900000e+02   4.0528294e-02
   1.4000000e+02   4.0426277e-02
   1.4100000e+02   4.0324640e-02
   1.4200000e+02   4.0223379e-02
   1.4300000e+02   4.0122490e-02
   1.4400000e+02   4.0021967e-02
   1.4500000e+02   3.9921809e-02
   1.4600000e+02   3.9822020e-02
   1.4700000e+02   3.9722584e-02
   1.4800000e+02   3.9623503e-02
   1.4900000e+02   3.9524779e-02
   1.5000000e+02   3.9426405e-02
   1.5100000e+02   3.9223090e-02
   1.5200000e+02   3.9019879e-02
   1.5300000e+02   3.8816765e-02
   1.5400000e+02   3.8613763e-02
   1.5500000e+02   3.8410865e-02
   1.5600000e+02   3.8208079e-02
   1.5700000e+02   3.8005412e-02
   1.5800000e+02   3.7802860e-02
   1.5900000e+02   3.7600432e-02
   1.6000000e+02   3.7398126e-02
   1.6100000e+02   3.7195947e-02
   1.6200000e+02   3.6993895e-02
   1.6300000e+02   3.6791973e-02
   1.6400000e+02   3.6590189e-02
   1.6500000e+02   3.6388543e-02
   1.6600000e+02   3.6187038e-02
   1.6700000e+02   3.5985682e-02
   1.6800000e+02   3.5784468e-02
   1.6900000e+02   3.5583403e-02
   1.7000000e+02   3.5382491e-02
   1.7100000e+02   3.5181731e-02
   1.7200000e+02   3.4981132e-02
   1.7300000e+02   3.4780689e-02
   1.7400000e+02   3.4580410e-02
   1.7500000e+02   3.4380294e-02
   1.7600000e+02   3.4180339e-02
   1.7700000e+02   3.3980556e-02
   1.7800000e+02   3.3780940e-02
   1.7900000e+02   3.3581499e-02
   1.8000000e+02   3.3382226e-02
   1.8100000e+02   3.3091370e-02
   1.8200000e+02   3.2800838e-02
   1.8300000e+02   3.2510620e-02
   1.8400000e+02   3.2220706e-02
   1.8500000e+02   3.1931084e-02
   1.8600000e+02   3.1641744e-02
   1.8700000e+02   3.1352680e-02
   1.8800000e+02   3.1063879e-02
   1.8900000e+02   3.0775337e-02
   1.9000000e+02   3.0487040e-02
   1.9100000e+02   3.0198984e-02
   1.9200000e+02   2.9911160e-02
   1.9300000e+02   2.9623520e-02
   1.9400000e+02   2.9335920e-02
   1.9500000e+02   2.9048499e-02
   1.9600000e+02   2.8761251e-02
   1.9700000e+02   2.8474171e-02
   1.9800000e+02   2.8187251e-02
   1.9900000e+02   2.7900485e-02
   2.0000000e+02   2.7613867e-02
   2.0100000e+02   2.7327389e-02
   2.0200000e+02   2.7041050e-02
   2.0300000e+02   2.6754839e-02
   2.0400000e+02   2.6468754e-02
   2.0500000e+02   2.6182787e-02
   2.0600000e+02   2.5896933e-02
   2.0700000e+02   2.5611185e-02
   2.0800000e+02   2.5325542e-02
   2.0900000e+02   2.5039997e-02
   2.1000000e+02   2.4758758e-02
   2.1100000e+02   2.5120303e-02
   2.1200000e+02   2.5479404e-02
   2.1300000e+02   2.5835667e-02
   2.1400000e+02   2.6189171e-02
   2.1500000e+02   2.6540006e-02
   2.1600000e+02   2.6888251e-02
   2.1700000e+02   2.7233992e-02
   2.1800000e+02   2.7577303e-02
   2.1900000e+02   2.7918259e-02
   2.2000000e+02   2.8256930e-02
   2.2100000e+02   2.8593387e-02
   2.2200000e+02   2.8927697e-02
   2.2300000e+02   2.9259920e-02
   2.2400000e+02   2.9590121e-02
   2.2500000e+02   2.9918358e-02
   2.2600000e+02   3.0244691e-02
   2.2700000e+02   3.0569185e-02
   2.2800000e+02   3.0891884e-02
   2.2900000e+02   3.1212846e-02
   2.3000000e+02   3.1532113e-02
   2.3100000e+02   3.1849734e-02
   2.3200000e+02   3.2170665e-02
   2.3300000e+02   3.2492399e-02
   2.3400000e+02   3.2813165e-02
   2.3500000e+02   3.3132982e-02
   2.3600000e+02   3.3451881e-02
   2.3700000e+02   3.3769883e-02
   2.3800000e+02   3.4087021e-02
   2.3900000e+02   3.4403320e-02
   2.4000000e+02   3.4718804e-02
   2.4100000e+02   3.5289619e-02
   2.4200000e+02   3.5859048e-02
   2.4300000e+02   3.6427118e-02
   2.4400000e+02   3.6993835e-02
   2.4500000e+02   3.7559226e-02
   2.4600000e+02   3.8123287e-02
   2.4700000e+02   3.8686037e-02
   2.4800000e+02   3.9247490e-02
   2.4900000e+02   3.9807651e-02
   2.5000000e+02   4.0366534e-02
   2.5100000e+02   4.0924150e-02
   2.5200000e+02   4.1480508e-02
   2.5300000e+02   4.2035621e-02
   2.5400000e+02   4.2589501e-02
   2.5500000e+02   4.3142151e-02
   2.5600000e+02   4.3693587e-02
   2.5700000e+02   4.4243816e-02
   2.5800000e+02   4.4792850e-02
   2.5900000e+02   4.5340698e-02
   2.6000000e+02   4.5887370e-02
   2.6100000e+02   4.6432871e-02
   2.6200000e+02   4.6977218e-02
   2.6300000e+02   4.7520414e-02
   2.6400000e+02   4.8062474e-02
   2.6500000e+02   4.8603397e-02
   2.6600000e+02   4.9143206e-02
   2.6700000e+02   4.9681898e-02
   2.6800000e+02   5.0219484e-02
   2.6900000e+02   5.0755978e-02
   2.7000000e+02   5.1291380e-02
   2.7100000e+02   5.1037110e-02
   2.7200000e+02   5.0782435e-02
   2.7300000e+02   5.0527342e-02
   2.7400000e+02   5.0271846e-02
   2.7500000e+02   5.0015941e-02
   2.7600000e+02   4.9759623e-02
   2.7700000e+02   4.9502902e-02
   2.7800000e+02   4.9245771e-02
   2.7900000e+02   4.8988234e-02
   2.8000000e+02   4.8730295e-02
   2.8100000e+02   4.8471946e-02
   2.8200000e+02   4.8213195e-02
   2.8300000e+02   4.7954042e-02
   2.8400000e+02   4.7694486e-02
   2.8500000e+02   4.7434524e-02
   2.8600000e+02   4.7174163e-02
   2.8700000e+02   4.6913400e-02
   2.8800000e+02   4.6652239e-02
   2.8900000e+02   4.6390675e-02
   2.9000000e+02   4.6128716e-02
   2.9100000e+02   4.5866355e-02
   2.9200000e+02   4.5603603e-02
   2.9300000e+02   4.5340452e-02
   2.9400000e+02   4.5076903e-02
   2.9500000e+02   4.4812959e-02
   2.9600000e+02   4.4548620e-02
   2.9700000e+02   4.4283889e-02
   2.9800000e+02   4.4018764e-02
   2.9900000e+02   4.3753244e-02
   3.0000000e+02   4.3487336e-02
   3.0100000e+02   4.3356266e-02
   3.0200000e+02   4.3225192e-02
   3.0300000e+02   4.3094102e-02
   3.0400000e+02   4.2963006e-02
   3.0500000e+02   4.2831901e-02
   3.0600000e+02   4.2700786e-02
   3.0700000e+02   4.2569667e-02
   3.0800000e+02   4.2438541e-02
   3.0900000e+02   4.2307403e-02
   3.1000000e+02   4.2176258e-02
   3.1100000e+02   4.2045102e-02
   3.1200000e+02   4.1913938e-02
   3.1300000e+02   4.1782767e-02
   3.1400000e+02   4.1651588e-02
   3.1500000e+02   4.1520402e-02
   3.1600000e+02   4.1389205e-02
   3.1700000e+02   4.1258000e-02
   3.1800000e+02   4.1126788e-02
   3.1900000e+02   4.0995564e-02
   3.2000000e+02   4.0864334e-02
   3.2100000e+02   4.0733099e-02
   3.2200000e+02   4.0601850e-02
   3.2300000e+02   4.0470596e-02
   3.2400000e+02   4.0339336e-02
   3.2500000e+02   4.0208064e-02
   3.2600000e+02   4.0076785e-02
   3.2700000e+02   3.9945498e-02
   3.2800000e+02   3.9814204e-02
   3.2900000e+02   3.9682899e-02
   3.3000000e+02   3.9551590e-02
   3.3100000e+02   3.9512854e-02
   3.3200000e+02   3.9474126e-02
   3.3300000e+02   3.9435390e-02
   3.3400000e+02   3.9396651e-02
   3.3500000e+02   3.9357916e-02
   3.3600000e+02   3.9319173e-02
   3.3700000e+02   3.9280429e-02
   3.3800000e+02   3.9241683e-02
   3.3900000e+02   3.9202940e-02
   3.4000000e+02   3.9164189e-02
   3.4100000e+02   3.9125439e-02
   3.4200000e+02   3.9086685e-02
   3.4300000e+02   3.9047927e-02
   3.4400000e+02   3.9009172e-02
   3.4500000e+02   3.8970411e-02
   3.4600000e+02   3.8931649e-02
   3.4700000e+02   3.8892884e-02
   3.4800000e+02   3.8854115e-02
   3.4900000e+02   3.8815349e-02
   3.5000000e+02   3.8776580e-02
   3.5100000e+02   3.8737804e-02
   3.5200000e+02   3.8699031e-02
   3.5300000e+02   3.8660251e-02
   3.5400000e+02   3.8621470e-02
   3.5500000e+02   3.8582690e-02
   3.5600000e+02   3.8543906e-02
   3.5700000e+02   3.8505118e-02
   3.5800000e+02   3.8466331e-02
   3.5900000e+02   3.8427539e-02
   1.4226848e-06   3.8388751e-02
