   0.0000000e+00   2.9536866e-18
   1.0000000e+00   5.5830384e-04
   2.0000000e+00   1.3409593e-03
   3.0000000e+00   2.1287659e-03
   4.0000000e+00   2.9216704e-03
   5.0000000e+00   3.7195869e-03
   6.0000000e+00   4.5223255e-03
   7.0000000e+00   5.3297328e-03
   8.0000000e+00   6.1415615e-03
   9.0000000e+00   6.9577694e-03
   1.0000000e+01   7.7780155e-03
   1.1000000e+01   8.6017484e-03
   1.2000000e+01   9.4286911e-03
   1.3000000e+01   1.0258581e-02
   1.4000000e+01   1.1091047e-02
   1.5000000e+01   1.1925752e-02
   1.6000000e+01   1.2763159e-02
   1.7000000e+01   1.3603298e-02
   1.8000000e+01   1.4446302e-02
   1.9000000e+01   1.5292035e-02
   2.0000000e+01   1.6140984e-02
   2.1000000e+01   1.6993575e-02
   2.2000000e+01   1.7849904e-02
   2.3000000e+01   1.8709932e-02
   2.4000000e+01   1.9573605e-02
   2.5000000e+01   2.0440906e-02
   2.6000000e+01   2.1311821e-02
   2.7000000e+01   2.2186067e-02
   2.8000000e+01   2.3063436e-02
   2.9000000e+01   2.3943875e-02
   3.0000000e+01   2.4827441e-02
   3.1000000e+01   2.5839115e-02
   3.2000000e+01   2.6861222e-02
   3.3000000e+01   2.7893677e-02
   3.4000000e+01   2.8936528e-02
   3.5000000e+01   2.9989643e-02
   3.6000000e+01   3.1052927e-02
   3.7000000e+01   3.2126252e-02
   3.8000000e+01   3.3209443e-02
   3.9000000e+01   3.4302257e-02
   4.0000000e+01   3.5404585e-02
   4.1000000e+01   3.6516353e-02
   4.2000000e+01   3.7637468e-02
   4.3000000e+01   3.8767803e-02
   4.4000000e+01   3.9907280e-02
   4.5000000e+01   4.1055739e-02
   4.6000000e+01   4.2212982e-02
   4.7000000e+01   4.3378904e-02
   4.8000000e+01   4.4553537e-02
   4.9000000e+01   4.5736816e-02
   5.0000000e+01   4.6928633e-02
   5.1000000e+01   4.8128899e-02
   5.2000000e+01   4.9337525e-02
   5.3000000e+01   5.0554343e-02
   5.4000000e+01   5.1779214e-02
   5.5000000e+01   5.3012036e-02
   5.6000000e+01   5.4252703e-02
   5.7000000e+01   5.5501156e-02
   5.8000000e+01   5.6757275e-02
   5.9000000e+01   5.8020931e-02
   6.0000000e+01   5.9292044e-02
   6.1000000e+01   6.0772341e-02
   6.2000000e+01   6.2262628e-02
   6.3000000e+01   6.3762501e-02
   6.4000000e+01   6.5271571e-02
   6.5000000e+01   6.6789456e-02
   6.6000000e+01   6.8315804e-02
   6.7000000e+01   6.9850221e-02
   6.8000000e+01   7.1392305e-02
   6.9000000e+01   7.2941676e-02
   7.0000000e+01   7.4497938e-02
   7.1000000e+01   7.6060735e-02
   7.2000000e+01   7.7629752e-02
   7.3000000e+01   7.9204671e-02
   7.4000000e+01   8.0785103e-02
   7.5000000e+01   8.2370721e-02
   7.6000000e+01   8.3961204e-02
   7.7000000e+01   8.5556254e-02
   7.8000000e+01   8.7155573e-02
   7.9000000e+01   8.8758864e-02
   8.0000000e+01   9.0365835e-02
   8.1000000e+01   9.1976188e-02
   8.2000000e+01   9.3590148e-02
   8.3000000e+01   9.5208533e-02
   8.4000000e+01   9.6831195e-02
   8.5000000e+01   9.8458029e-02
   8.6000000e+01   1.0008894e-01
   8.7000000e+01   1.0172381e-01
   8.8000000e+01   1.0336260e-01
   8.9000000e+01   1.0500520e-01
   9.0000000e+01   1.0665154e-01
   9.1000000e+01   1.0807763e-01
   9.2000000e+01   1.0951142e-01
   9.3000000e+01   1.1095282e-01
   9.4000000e+01   1.1240175e-01
   9.5000000e+01   1.1385813e-01
   9.6000000e+01   1.1532184e-01
   9.7000000e+01   1.1679284e-01
   9.8000000e+01   1.1827103e-01
   9.9000000e+01   1.1975632e-01
   1.0000000e+02   1.2124867e-01
   1.0100000e+02   1.2274799e-01
   1.0200000e+02   1.2425422e-01
   1.0300000e+02   1.2576728e-01
   1.0400000e+02   1.2728706e-01
   1.0500000e+02   1.2881353e-01
   1.0600000e+02   1.3034661e-01
   1.0700000e+02   1.3188627e-01
   1.0800000e+02   1.3343248e-01
   1.0900000e+02   1.3498519e-01
   1.1000000e+02   1.3654435e-01
   1.1100000e+02   1.3810992e-01
   1.1200000e+02   1.3968185e-01
   1.1300000e+02   1.4126009e-01
   1.1400000e+02   1.4284460e-01
   1.1500000e+02   1.4443533e-01
   1.1600000e+02   1.4603221e-01
   1.1700000e+02   1.4763519e-01
   1.1800000e+02   1.4924423e-01
   1.1900000e+02   1.5085928e-01
   1.2000000e+02   1.5248027e-01
   1.2100000e+02   1.5383039e-01
   1.2200000e+02   1.5519170e-01
   1.2300000e+02   1.5656736e-01
   1.2400000e+02   1.5796067e-01
   1.2500000e+02   1.5937507e-01
   1.2600000e+02   1.6081414e-01
   1.2700000e+02   1.6228165e-01
   1.2800000e+02   1.6378155e-01
   1.2900000e+02   1.6531801e-01
   1.3000000e+02   1.6689542e-01
   1.3100000e+02   1.6851841e-01
   1.3200000e+02   1.7019178e-01
   1.3300000e+02   1.7192061e-01
   1.3400000e+02   1.7371026e-01
   1.3500000e+02   1.7555946e-01
   1.3600000e+02   1.7742111e-01
   1.3700000e+02   1.7928921e-01
   1.3800000e+02   1.8116006e-01
   1.3900000e+02   1.8303038e-01
   1.4000000e+02   1.8489715e-01
   1.4100000e+02   1.8675767e-01
   1.4200000e+02   1.8860948e-01
   1.4300000e+02   1.9045031e-01
   1.4400000e+02   1.9227807e-01
   1.4500000e+02   1.9409092e-01
   1.4600000e+02   1.9588710e-01
   1.4700000e+02   1.9766504e-01
   1.4800000e+02   1.9942330e-01
   1.4900000e+02   2.0116057e-01
   1.5000000e+02   2.0287566e-01
   1.5100000e+02   2.0340198e-01
   1.5200000e+02   2.0389973e-01
   1.5300000e+02   2.0437309e-01
   1.5400000e+02   2.0484513e-01
   1.5500000e+02   2.0532043e-01
   1.5600000e+02   2.0579895e-01
   1.5700000e+02   2.0628074e-01
   1.5800000e+02   2.0676579e-01
   1.5900000e+02   2.0725411e-01
   1.6000000e+02   2.0774572e-01
   1.6100000e+02   2.0824063e-01
   1.6200000e+02   2.0873886e-01
   1.6300000e+02   2.0924042e-01
   1.6400000e+02   2.0974532e-01
   1.6500000e+02   2.1025358e-01
   1.6600000e+02   2.1076524e-01
   1.6700000e+02   2.1128029e-01
   1.6800000e+02   2.1179871e-01
   1.6900000e+02   2.1232057e-01
   1.7000000e+02   2.1284579e-01
   1.7100000e+02   2.1337444e-01
   1.7200000e+02   2.1390648e-01
   1.7300000e+02   2.1444193e-01
   1.7400000e+02   2.1498077e-01
   1.7500000e+02   2.1552305e-01
   1.7600000e+02   2.1606889e-01
   1.7700000e+02   2.1661830e-01
   1.7800000e+02   2.1717128e-01
   1.7900000e+02   2.1772787e-01
   1.8000000e+02   2.1828809e-01
   1.8100000e+02   2.1765095e-01
   1.8200000e+02   2.1699966e-01
   1.8300000e+02   2.1633376e-01
   1.8400000e+02   2.1565273e-01
   1.8500000e+02   2.1495606e-01
   1.8600000e+02   2.1424325e-01
   1.8700000e+02   2.1351379e-01
   1.8800000e+02   2.1276721e-01
   1.8900000e+02   2.1200298e-01
   1.9000000e+02   2.1122058e-01
   1.9100000e+02   2.1041949e-01
   1.9200000e+02   2.0960015e-01
   1.9300000e+02   2.0876634e-01
   1.9400000e+02   2.0791873e-01
   1.9500000e+02   2.0705807e-01
   1.9600000e+02   2.0618516e-01
   1.9700000e+02   2.0530081e-01
   1.9800000e+02   2.0440589e-01
   1.9900000e+02   2.0350127e-01
   2.0000000e+02   2.0258790e-01
   2.0100000e+02   2.0166674e-01
   2.0200000e+02   2.0073879e-01
   2.0300000e+02   1.9980511e-01
   2.0400000e+02   1.9886681e-01
   2.0500000e+02   1.9792503e-01
   2.0600000e+02   1.9698103e-01
   2.0700000e+02   1.9603601e-01
   2.0800000e+02   1.9509134e-01
   2.0900000e+02   1.9414836e-01
   2.1000000e+02   1.9320852e-01
   2.1100000e+02   1.9245544e-01
   2.1200000e+02   1.9169080e-01
   2.1300000e+02   1.9091336e-01
   2.1400000e+02   1.9012181e-01
   2.1500000e+02   1.8931483e-01
   2.1600000e+02   1.8849106e-01
   2.1700000e+02   1.8764906e-01
   2.1800000e+02   1.8678734e-01
   2.1900000e+02   1.8590435e-01
   2.2000000e+02   1.8499850e-01
   2.2100000e+02   1.8406811e-01
   2.2200000e+02   1.8311146e-01
   2.2300000e+02   1.8211448e-01
   2.2400000e+02   1.8105975e-01
   2.2500000e+02   1.7995064e-01
   2.2600000e+02   1.7879097e-01
   2.2700000e+02   1.7758435e-01
   2.2800000e+02   1.7633410e-01
   2.2900000e+02   1.7504339e-01
   2.3000000e+02   1.7371516e-01
   2.3100000e+02   1.7235216e-01
   2.3200000e+02   1.7095698e-01
   2.3300000e+02   1.6953205e-01
   2.3400000e+02   1.6807966e-01
   2.3500000e+02   1.6660196e-01
   2.3600000e+02   1.6510098e-01
   2.3700000e+02   1.6357860e-01
   2.3800000e+02   1.6203663e-01
   2.3900000e+02   1.6047673e-01
   2.4000000e+02   1.5890047e-01
   2.4100000e+02   1.5810838e-01
   2.4200000e+02   1.5730950e-01
   2.4300000e+02   1.5650386e-01
   2.4400000e+02   1.5569146e-01
   2.4500000e+02   1.5487237e-01
   2.4600000e+02   1.5404661e-01
   2.4700000e+02   1.5321420e-01
   2.4800000e+02   1.5237518e-01
   2.4900000e+02   1.5152955e-01
   2.5000000e+02   1.5067738e-01
   2.5100000e+02   1.4981869e-01
   2.5200000e+02   1.4895350e-01
   2.5300000e+02   1.4808184e-01
   2.5400000e+02   1.4720376e-01
   2.5500000e+02   1.4631924e-01
   2.5600000e+02   1.4542834e-01
   2.5700000e+02   1.4453109e-01
   2.5800000e+02   1.4362749e-01
   2.5900000e+02   1.4271761e-01
   2.6000000e+02   1.4180145e-01
   2.6100000e+02   1.4087902e-01
   2.6200000e+02   1.3995038e-01
   2.6300000e+02   1.3901556e-01
   2.6400000e+02   1.3807458e-01
   2.6500000e+02   1.3712749e-01
   2.6600000e+02   1.3617429e-01
   2.6700000e+02   1.3521504e-01
   2.6800000e+02   1.3424979e-01
   2.6900000e+02   1.3327853e-01
   2.7000000e+02   1.3230133e-01
   2.7100000e+02   1.3155231e-01
   2.7200000e+02   1.3080178e-01
   2.7300000e+02   1.3004977e-01
   2.7400000e+02   1.2929632e-01
   2.7500000e+02   1.2854145e-01
   2.7600000e+02   1.2778522e-01
   2.7700000e+02   1.2702766e-01
   2.7800000e+02   1.2626891e-01
   2.7900000e+02   1.2550902e-01
   2.8000000e+02   1.2474798e-01
   2.8100000e+02   1.2398584e-01
   2.8200000e+02   1.2322257e-01
   2.8300000e+02   1.2245820e-01
   2.8400000e+02   1.2169271e-01
   2.8500000e+02   1.2092613e-01
   2.8600000e+02   1.2015846e-01
   2.8700000e+02   1.1938973e-01
   2.8800000e+02   1.1861991e-01
   2.8900000e+02   1.1784904e-01
   2.9000000e+02   1.1707713e-01
   2.9100000e+02   1.1630417e-01
   2.9200000e+02   1.1553016e-01
   2.9300000e+02   1.1475515e-01
   2.9400000e+02   1.1397910e-01
   2.9500000e+02   1.1320204e-01
   2.9600000e+02   1.1242398e-01
   2.9700000e+02   1.1164491e-01
   2.9800000e+02   1.1086484e-01
   2.9900000e+02   1.1008379e-01
   3.0000000e+02   1.0930176e-01
   3.0100000e+02   1.0896958e-01
   3.0200000e+02   1.0863555e-01
   3.0300000e+02   1.0829967e-01
   3.0400000e+02   1.0796196e-01
   3.0500000e+02   1.0762241e-01
   3.0600000e+02   1.0728107e-01
   3.0700000e+02   1.0693792e-01
   3.0800000e+02   1.0659298e-01
   3.0900000e+02   1.0624627e-01
   3.1000000e+02   1.0589780e-01
   3.1100000e+02   1.0554758e-01
   3.1200000e+02   1.0519562e-01
   3.1300000e+02   1.0484194e-01
   3.1400000e+02   1.0448654e-01
   3.1500000e+02   1.0412943e-01
   3.1600000e+02   1.0377064e-01
   3.1700000e+02   1.0341016e-01
   3.1800000e+02   1.0304802e-01
   3.1900000e+02   1.0268421e-01
   3.2000000e+02   1.0231878e-01
   3.2100000e+02   1.0195170e-01
   3.2200000e+02   1.0158300e-01
   3.2300000e+02   1.0121270e-01
   3.2400000e+02   1.0084078e-01
   3.2500000e+02   1.0046729e-01
   3.2600000e+02   1.0009222e-01
   3.2700000e+02   9.9715583e-02
   3.2800000e+02   9.9337399e-02
   3.2900000e+02   9.8957673e-02
   3.3000000e+02   9.8576412e-02
   3.3100000e+02   9.8753162e-02
   3.3200000e+02   9.8929487e-02
   3.3300000e+02   9.9105410e-02
   3.3400000e+02   9.9280909e-02
   3.3500000e+02   9.9456012e-02
   3.3600000e+02   9.9630706e-02
   3.3700000e+02   9.9805005e-02
   3.3800000e+02   9.9978901e-02
   3.3900000e+02   1.0015240e-01
   3.4000000e+02   1.0032551e-01
   3.4100000e+02   1.0049822e-01
   3.4200000e+02   1.0067056e-01
   3.4300000e+02   1.0084251e-01
   3.4400000e+02   1.0101408e-01
   3.4500000e+02   1.0118526e-01
   3.4600000e+02   1.0135608e-01
   3.4700000e+02   1.0152653e-01
   3.4800000e+02   1.0169660e-01
   3.4900000e+02   1.0186631e-01
   3.5000000e+02   1.0203566e-01
   3.5100000e+02   1.0220465e-01
   3.5200000e+02   1.0237329e-01
   3.5300000e+02   1.0254156e-01
   3.5400000e+02   1.0270949e-01
   3.5500000e+02   1.0287707e-01
   3.5600000e+02   1.0304430e-01
   3.5700000e+02   1.0321120e-01
   3.5800000e+02   1.0337776e-01
   3.5900000e+02   1.0354398e-01
   7.1133672e-07   1.0370987e-01
   1.0000007e+00   1.0446326e-01
   2.0000007e+00   1.0521726e-01
   3.0000007e+00   1.0597187e-01
   4.0000010e+00   1.0672709e-01
   5.0000010e+00   1.0748293e-01
   6.0000010e+00   1.0823935e-01
   7.0000010e+00   1.0899637e-01
   8.0000010e+00   1.0975398e-01
   9.0000010e+00   1.1051218e-01
   1.0000001e+01   1.1127096e-01
   1.1000001e+01   1.1203032e-01
   1.2000001e+01   1.1279026e-01
   1.3000001e+01   1.1355076e-01
   1.4000001e+01   1.1431182e-01
   1.5000001e+01   1.1507344e-01
   1.6000000e+01   1.1583562e-01
   1.7000000e+01   1.1659835e-01
   1.8000000e+01   1.1736163e-01
   1.9000000e+01   1.1812543e-01
   2.0000000e+01   1.1888978e-01
   2.1000000e+01   1.1965466e-01
   2.2000000e+01   1.2042007e-01
   2.3000000e+01   1.2118600e-01
   2.4000000e+01   1.2195245e-01
   2.5000000e+01   1.2271941e-01
   2.6000000e+01   1.2348689e-01
   2.7000000e+01   1.2425487e-01
   2.8000000e+01   1.2502337e-01
   2.9000000e+01   1.2579235e-01
   3.0000000e+01   1.2656185e-01
   3.1000000e+01   1.2803219e-01
   3.2000000e+01   1.2950420e-01
   3.3000000e+01   1.3097785e-01
   3.4000000e+01   1.3245310e-01
   3.5000000e+01   1.3392994e-01
   3.6000000e+01   1.3540827e-01
   3.7000000e+01   1.3688812e-01
   3.8000000e+01   1.3836943e-01
   3.9000000e+01   1.3985218e-01
   4.0000000e+01   1.4133632e-01
   4.1000000e+01   1.4282183e-01
   4.2000000e+01   1.4430867e-01
   4.3000000e+01   1.4579684e-01
   4.4000000e+01   1.4728627e-01
   4.5000000e+01   1.4877695e-01
   4.6000000e+01   1.5026884e-01
   4.7000000e+01   1.5176190e-01
   4.8000000e+01   1.5325616e-01
   4.9000000e+01   1.5475154e-01
   5.0000000e+01   1.5624802e-01
   5.1000000e+01   1.5774557e-01
   5.2000000e+01   1.5924419e-01
   5.3000000e+01   1.6074383e-01
   5.4000000e+01   1.6224447e-01
   5.5000000e+01   1.6374609e-01
   5.6000000e+01   1.6524866e-01
   5.7000000e+01   1.6675214e-01
   5.8000000e+01   1.6825657e-01
   5.9000000e+01   1.6976184e-01
   6.0000000e+01   1.7126797e-01
   6.1000000e+01   1.7273347e-01
   6.2000000e+01   1.7419964e-01
   6.3000000e+01   1.7566644e-01
   6.4000000e+01   1.7713393e-01
   6.5000000e+01   1.7860211e-01
   6.6000000e+01   1.8007101e-01
   6.7000000e+01   1.8154064e-01
   6.8000000e+01   1.8301101e-01
   6.9000000e+01   1.8448214e-01
   7.0000000e+01   1.8595405e-01
   7.1000000e+01   1.8742673e-01
   7.2000000e+01   1.8890022e-01
   7.3000000e+01   1.9037451e-01
   7.4000000e+01   1.9184965e-01
   7.5000000e+01   1.9332564e-01
   7.6000000e+01   1.9480245e-01
   7.7000000e+01   1.9628015e-01
   7.8000000e+01   1.9775873e-01
   7.9000000e+01   1.9923820e-01
   8.0000000e+01   2.0071857e-01
   8.1000000e+01   2.0219986e-01
   8.2000000e+01   2.0368208e-01
   8.3000000e+01   2.0516524e-01
   8.4000000e+01   2.0664935e-01
   8.5000000e+01   2.0813440e-01
   8.6000000e+01   2.0962043e-01
   8.7000000e+01   2.1110745e-01
   8.8000000e+01   2.1259546e-01
   8.9000000e+01   2.1408448e-01
   9.0000000e+01   2.1557449e-01
   9.1000000e+01   2.1812084e-01
   9.2000000e+01   2.2068110e-01
   9.3000000e+01   2.2325541e-01
   9.4000000e+01   2.2584395e-01
   9.5000000e+01   2.2844687e-01
   9.6000000e+01   2.3106433e-01
   9.7000000e+01   2.3369652e-01
   9.8000000e+01   2.3634356e-01
   9.9000000e+01   2.3900564e-01
   1.0000000e+02   2.4168289e-01
   1.0100000e+02   2.4437548e-01
   1.0200000e+02   2.4708360e-01
   1.0300000e+02   2.4980742e-01
   1.0400000e+02   2.5254706e-01
   1.0500000e+02   2.5530270e-01
   1.0600000e+02   2.5807455e-01
   1.0700000e+02   2.6086271e-01
   1.0800000e+02   2.6366737e-01
   1.0900000e+02   2.6648870e-01
   1.1000000e+02   2.6932690e-01
   1.1100000e+02   2.7218208e-01
   1.1200000e+02   2.7505448e-01
   1.1300000e+02   2.7794421e-01
   1.1400000e+02   2.8085145e-01
   1.1500000e+02   2.8377640e-01
   1.1600000e+02   2.8671920e-01
   1.1700000e+02   2.8968003e-01
   1.1800000e+02   2.9265910e-01
   1.1900000e+02   2.9565659e-01
   1.2000000e+02   2.9867259e-01
   1.2100000e+02   3.0539918e-01
   1.2200000e+02   3.1211954e-01
   1.2300000e+02   3.1883332e-01
   1.2400000e+02   3.2554018e-01
   1.2500000e+02   3.3223978e-01
   1.2600000e+02   3.3893177e-01
   1.2700000e+02   3.4561586e-01
   1.2800000e+02   3.5229167e-01
   1.2900000e+02   3.5895893e-01
   1.3000000e+02   3.6561728e-01
   1.3100000e+02   3.7226638e-01
   1.3200000e+02   3.7890595e-01
   1.3300000e+02   3.8553569e-01
   1.3400000e+02   3.9215520e-01
   1.3500000e+02   3.9876422e-01
   1.3600000e+02   4.0536246e-01
   1.3700000e+02   4.1194957e-01
   1.3800000e+02   4.1852522e-01
   1.3900000e+02   4.2508915e-01
   1.4000000e+02   4.3164098e-01
   1.4100000e+02   4.3818054e-01
   1.4200000e+02   4.4470736e-01
   1.4300000e+02   4.5122126e-01
   1.4400000e+02   4.5772186e-01
   1.4500000e+02   4.6420890e-01
   1.4600000e+02   4.7068208e-01
   1.4700000e+02   4.7714111e-01
   1.4800000e+02   4.8358563e-01
   1.4900000e+02   4.9001542e-01
   1.5000000e+02   4.9643013e-01
   1.5100000e+02   4.9630567e-01
   1.5200000e+02   4.9617943e-01
   1.5300000e+02   4.9605140e-01
   1.5400000e+02   4.9592161e-01
   1.5500000e+02   4.9579009e-01
   1.5600000e+02   4.9565685e-01
   1.5700000e+02   4.9552190e-01
   1.5800000e+02   4.9538532e-01
   1.5900000e+02   4.9524713e-01
   1.6000000e+02   4.9510729e-01
   1.6100000e+02   4.9496585e-01
   1.6200000e+02   4.9482286e-01
   1.6300000e+02   4.9467835e-01
   1.6400000e+02   4.9453229e-01
   1.6500000e+02   4.9438477e-01
   1.6600000e+02   4.9423572e-01
   1.6700000e+02   4.9408525e-01
   1.6800000e+02   4.9393335e-01
   1.6900000e+02   4.9378005e-01
   1.7000000e+02   4.9362534e-01
   1.7100000e+02   4.9346927e-01
   1.7200000e+02   4.9331182e-01
   1.7300000e+02   4.9315310e-01
   1.7400000e+02   4.9299303e-01
   1.7500000e+02   4.9283165e-01
   1.7600000e+02   4.9266905e-01
   1.7700000e+02   4.9250513e-01
   1.7800000e+02   4.9234003e-01
   1.7900000e+02   4.9217370e-01
   1.8000000e+02   4.9200618e-01
   1.8100000e+02   4.8615456e-01
   1.8200000e+02   4.8031706e-01
   1.8300000e+02   4.7449389e-01
   1.8400000e+02   4.6868506e-01
   1.8500000e+02   4.6289068e-01
   1.8600000e+02   4.5711091e-01
   1.8700000e+02   4.5134571e-01
   1.8800000e+02   4.4559526e-01
   1.8900000e+02   4.3985963e-01
   1.9000000e+02   4.3413889e-01
   1.9100000e+02   4.2843315e-01
   1.9200000e+02   4.2274249e-01
   1.9300000e+02   4.1706699e-01
   1.9400000e+02   4.1140673e-01
   1.9500000e+02   4.0576175e-01
   1.9600000e+02   4.0013218e-01
   1.9700000e+02   3.9451811e-01
   1.9800000e+02   3.8891959e-01
   1.9900000e+02   3.8333669e-01
   2.0000000e+02   3.7776950e-01
   2.0100000e+02   3.7221813e-01
   2.0200000e+02   3.6668503e-01
   2.0300000e+02   3.6117169e-01
   2.0400000e+02   3.5567868e-01
   2.0500000e+02   3.5020661e-01
   2.0600000e+02   3.4475607e-01
   2.0700000e+02   3.3932766e-01
   2.0800000e+02   3.3392203e-01
   2.0900000e+02   3.2853985e-01
   2.1000000e+02   3.2318175e-01
   2.1100000e+02   3.1956434e-01
   2.1200000e+02   3.1592861e-01
   2.1300000e+02   3.1227401e-01
   2.1400000e+02   3.0860007e-01
   2.1500000e+02   3.0490634e-01
   2.1600000e+02   3.0119228e-01
   2.1700000e+02   2.9745743e-01
   2.1800000e+02   2.9370120e-01
   2.1900000e+02   2.8992313e-01
   2.2000000e+02   2.8612265e-01
   2.2100000e+02   2.8229919e-01
   2.2200000e+02   2.7845219e-01
   2.2300000e+02   2.7458110e-01
   2.2400000e+02   2.7068532e-01
   2.2500000e+02   2.6676422e-01
   2.2600000e+02   2.6281726e-01
   2.2700000e+02   2.5884375e-01
   2.2800000e+02   2.5484312e-01
   2.2900000e+02   2.5081459e-01
   2.3000000e+02   2.4675760e-01
   2.3100000e+02   2.4267140e-01
   2.3200000e+02   2.3855533e-01
   2.3300000e+02   2.3440865e-01
   2.3400000e+02   2.3023061e-01
   2.3500000e+02   2.2602050e-01
   2.3600000e+02   2.2177751e-01
   2.3700000e+02   2.1750087e-01
   2.3800000e+02   2.1318975e-01
   2.3900000e+02   2.0884337e-01
   2.4000000e+02   2.0446086e-01
   2.4100000e+02   2.0298141e-01
   2.4200000e+02   2.0150055e-01
   2.4300000e+02   2.0001826e-01
   2.4400000e+02   1.9853455e-01
   2.4500000e+02   1.9704944e-01
   2.4600000e+02   1.9556291e-01
   2.4700000e+02   1.9407499e-01
   2.4800000e+02   1.9258566e-01
   2.4900000e+02   1.9109495e-01
   2.5000000e+02   1.8960285e-01
   2.5100000e+02   1.8810938e-01
   2.5200000e+02   1.8661451e-01
   2.5300000e+02   1.8511829e-01
   2.5400000e+02   1.8362069e-01
   2.5500000e+02   1.8212172e-01
   2.5600000e+02   1.8062140e-01
   2.5700000e+02   1.7911972e-01
   2.5800000e+02   1.7761669e-01
   2.5900000e+02   1.7611231e-01
   2.6000000e+02   1.7460661e-01
   2.6100000e+02   1.7309955e-01
   2.6200000e+02   1.7159116e-01
   2.6300000e+02   1.7008145e-01
   2.6400000e+02   1.6857041e-01
   2.6500000e+02   1.6705807e-01
   2.6600000e+02   1.6554441e-01
   2.6700000e+02   1.6402942e-01
   2.6800000e+02   1.6251314e-01
   2.6900000e+02   1.6099554e-01
   2.7000000e+02   1.5947667e-01
   2.7100000e+02   1.5856594e-01
   2.7200000e+02   1.5765488e-01
   2.7300000e+02   1.5674345e-01
   2.7400000e+02   1.5583168e-01
   2.7500000e+02   1.5491958e-01
   2.7600000e+02   1.5400711e-01
   2.7700000e+02   1.5309431e-01
   2.7800000e+02   1.5218113e-01
   2.7900000e+02   1.5126763e-01
   2.8000000e+02   1.5035379e-01
   2.8100000e+02   1.4943959e-01
   2.8200000e+02   1.4852504e-01
   2.8300000e+02   1.4761016e-01
   2.8400000e+02   1.4669493e-01
   2.8500000e+02   1.4577936e-01
   2.8600000e+02   1.4486343e-01
   2.8700000e+02   1.4394715e-01
   2.8800000e+02   1.4303055e-01
   2.8900000e+02   1.4211361e-01
   2.9000000e+02   1.4119633e-01
   2.9100000e+02   1.4027870e-01
   2.9200000e+02   1.3936073e-01
   2.9300000e+02   1.3844240e-01
   2.9400000e+02   1.3752376e-01
   2.9500000e+02   1.3660477e-01
   2.9600000e+02   1.3568544e-01
   2.9700000e+02   1.3476576e-01
   2.9800000e+02   1.3384576e-01
   2.9900000e+02   1.3292542e-01
   3.0000000e+02   1.3200474e-01
   3.0100000e+02   1.3146871e-01
   3.0200000e+02   1.3093226e-01
   3.0300000e+02   1.3039537e-01
   3.0400000e+02   1.2985808e-01
   3.0500000e+02   1.2932034e-01
   3.0600000e+02   1.2878218e-01
   3.0700000e+02   1.2824360e-01
   3.0800000e+02   1.2770461e-01
   3.0900000e+02   1.2716520e-01
   3.1000000e+02   1.2662537e-01
   3.1100000e+02   1.2608512e-01
   3.1200000e+02   1.2554446e-01
   3.1300000e+02   1.2500338e-01
   3.1400000e+02   1.2446190e-01
   3.1500000e+02   1.2392001e-01
   3.1600000e+02   1.2337770e-01
   3.1700000e+02   1.2283500e-01
   3.1800000e+02   1.2229188e-01
   3.1900000e+02   1.2174836e-01
   3.2000000e+02   1.2120444e-01
   3.2100000e+02   1.2066010e-01
   3.2200000e+02   1.2011538e-01
   3.2300000e+02   1.1957026e-01
   3.2400000e+02   1.1902472e-01
   3.2500000e+02   1.1847880e-01
   3.2600000e+02   1.1793248e-01
   3.2700000e+02   1.1738577e-01
   3.2800000e+02   1.1683866e-01
   3.2900000e+02   1.1629115e-01
   3.3000000e+02   1.1574326e-01
   3.3100000e+02   1.1586137e-01
   3.3200000e+02   1.1597944e-01
   3.3300000e+02   1.1609747e-01
   3.3400000e+02   1.1621547e-01
   3.3500000e+02   1.1633343e-01
   3.3600000e+02   1.1645137e-01
   3.3700000e+02   1.1656926e-01
   3.3800000e+02   1.1668711e-01
   3.3900000e+02   1.1680493e-01
   3.4000000e+02   1.1692272e-01
   3.4100000e+02   1.1704047e-01
   3.4200000e+02   1.1715820e-01
   3.4300000e+02   1.1727589e-01
   3.4400000e+02   1.1739354e-01
   3.4500000e+02   1.1751116e-01
   3.4600000e+02   1.1762875e-01
   3.4700000e+02   1.1774631e-01
   3.4800000e+02   1.1786384e-01
   3.4900000e+02   1.1798134e-01
   3.5000000e+02   1.1809880e-01
   3.5100000e+02   1.1821623e-01
   3.5200000e+02   1.1833364e-01
   3.5300000e+02   1.1845102e-01
   3.5400000e+02   1.1856837e-01
   3.5500000e+02   1.1868569e-01
   3.5600000e+02   1.1880297e-01
   3.5700000e+02   1.1892023e-01
   3.5800000e+02   1.1903746e-01
   3.5900000e+02   1.1915466e-01
   1.4226848e-06   1.1927183e-01
