   0.0000000e+00   1.4904413e+04
   1.0000000e+00   2.3533848e+04
   2.0000000e+00   2.3530000e+04
   3.0000000e+00   2.3527270e+04
   4.0000000e+00   2.3525777e+04
   5.0000000e+00   2.3525527e+04
   6.0000000e+00   2.3526520e+04
   7.0000000e+00   2.3528762e+04
   8.0000000e+00   2.3532252e+04
   9.0000000e+00   2.3536994e+04
   1.0000000e+01   2.3542986e+04
   1.1000000e+01   2.3550240e+04
   1.2000000e+01   2.3558754e+04
   1.3000000e+01   2.3568527e+04
   1.4000000e+01   2.3579566e+04
   1.5000000e+01   2.3591873e+04
   1.6000000e+01   2.3605438e+04
   1.7000000e+01   2.3620262e+04
   1.8000000e+01   2.3636340e+04
   1.9000000e+01   2.3653670e+04
   2.0000000e+01   2.3672244e+04
   2.1000000e+01   2.3692059e+04
   2.2000000e+01   2.3713105e+04
   2.3000000e+01   2.3735385e+04
   2.4000000e+01   2.3758887e+04
   2.5000000e+01   2.3783609e+04
   2.6000000e+01   2.3809537e+04
   2.7000000e+01   2.3836674e+04
   2.8000000e+01   2.3865021e+04
   2.9000000e+01   2.3894576e+04
   3.0000000e+01   2.3925328e+04
   3.1000000e+01   2.3959689e+04
   3.2000000e+01   2.3995191e+04
   3.3000000e+01   2.4031834e+04
   3.4000000e+01   2.4069607e+04
   3.5000000e+01   2.4108502e+04
   3.6000000e+01   2.4148514e+04
   3.7000000e+01   2.4189633e+04
   3.8000000e+01   2.4231855e+04
   3.9000000e+01   2.4275172e+04
   4.0000000e+01   2.4319574e+04
   4.1000000e+01   2.4365051e+04
   4.2000000e+01   2.4411594e+04
   4.3000000e+01   2.4459195e+04
   4.4000000e+01   2.4507842e+04
   4.5000000e+01   2.4557531e+04
   4.6000000e+01   2.4608260e+04
   4.7000000e+01   2.4660000e+04
   4.8000000e+01   2.4712742e+04
   4.9000000e+01   2.4766471e+04
   5.0000000e+01   2.4821174e+04
   5.1000000e+01   2.4876838e+04
   5.2000000e+01   2.4933449e+04
   5.3000000e+01   2.4990994e+04
   5.4000000e+01   2.5049457e+04
   5.5000000e+01   2.5108824e+04
   5.6000000e+01   2.5169080e+04
   5.7000000e+01   2.5230209e+04
   5.8000000e+01   2.5292197e+04
   5.9000000e+01   2.5355021e+04
   6.0000000e+01   2.5418672e+04
   6.1000000e+01   2.5481947e+04
   6.2000000e+01   2.5545904e+04
   6.3000000e+01   2.5610527e+04
   6.4000000e+01   2.5675801e+04
   6.5000000e+01   2.5741709e+04
   6.6000000e+01   2.5808236e+04
   6.7000000e+01   2.5875363e+04
   6.8000000e+01   2.5943076e+04
   6.9000000e+01   2.6011355e+04
   7.0000000e+01   2.6080201e+04
   7.1000000e+01   2.6149576e+04
   7.2000000e+01   2.6219461e+04
   7.3000000e+01   2.6289836e+04
   7.4000000e+01   2.6360680e+04
   7.5000000e+01   2.6431975e+04
   7.6000000e+01   2.6503699e+04
   7.7000000e+01   2.6575832e+04
   7.8000000e+01   2.6648352e+04
   7.9000000e+01   2.6721238e+04
   8.0000000e+01   2.6794471e+04
   8.1000000e+01   2.6868316e+04
   8.2000000e+01   2.6943057e+04
   8.3000000e+01   2.7018143e+04
   8.4000000e+01   2.7093549e+04
   8.5000000e+01   2.7169254e+04
   8.6000000e+01   2.7245230e+04
   8.7000000e+01   2.7321453e+04
   8.8000000e+01   2.7397898e+04
   8.9000000e+01   2.7474541e+04
   9.0000000e+01   2.7551354e+04
   9.1000000e+01   2.7628473e+04
   9.2000000e+01   2.7705691e+04
   9.3000000e+01   2.7782988e+04
   9.4000000e+01   2.7860338e+04
   9.5000000e+01   2.7937715e+04
   9.6000000e+01   2.8015092e+04
   9.7000000e+01   2.8092445e+04
   9.8000000e+01   2.8169746e+04
   9.9000000e+01   2.8246971e+04
   1.0000000e+02   2.8324096e+04
   1.0100000e+02   2.8401090e+04
   1.0200000e+02   2.8477930e+04
   1.0300000e+02   2.8554592e+04
   1.0400000e+02   2.8631047e+04
   1.0500000e+02   2.8707270e+04
   1.0600000e+02   2.8783250e+04
   1.0700000e+02   2.8858959e+04
   1.0800000e+02   2.8934359e+04
   1.0900000e+02   2.9009379e+04
   1.1000000e+02   2.9083947e+04
   1.1100000e+02   2.9158129e+04
   1.1200000e+02   2.9231904e+04
   1.1300000e+02   2.9305238e+04
   1.1400000e+02   2.9378109e+04
   1.1500000e+02   2.9450490e+04
   1.1600000e+02   2.9522354e+04
   1.1700000e+02   2.9593586e+04
   1.1800000e+02   2.9664205e+04
   1.1900000e+02   2.9734232e+04
   1.2000000e+02   2.9803643e+04
   1.2100000e+02   2.9871166e+04
   1.2200000e+02   2.9938088e+04
   1.2300000e+02   3.0004273e+04
   1.2400000e+02   3.0069588e+04
   1.2500000e+02   3.0133873e+04
   1.2600000e+02   3.0196949e+04
   1.2700000e+02   3.0258881e+04
   1.2800000e+02   3.0319379e+04
   1.2900000e+02   3.0378016e+04
   1.3000000e+02   3.0434504e+04
   1.3100000e+02   3.0488494e+04
   1.3200000e+02   3.0539615e+04
   1.3300000e+02   3.0587451e+04
   1.3400000e+02   3.0634061e+04
   1.3500000e+02   3.0695838e+04
   1.3600000e+02   3.0756539e+04
   1.3700000e+02   3.0815371e+04
   1.3800000e+02   3.0872281e+04
   1.3900000e+02   3.0927258e+04
   1.4000000e+02   3.0980301e+04
   1.4100000e+02   3.1031420e+04
   1.4200000e+02   3.1080633e+04
   1.4300000e+02   3.1127959e+04
   1.4400000e+02   3.1173424e+04
   1.4500000e+02   3.1217049e+04
   1.4600000e+02   3.1258729e+04
   1.4700000e+02   3.1298621e+04
   1.4800000e+02   3.1336756e+04
   1.4900000e+02   3.1373156e+04
   1.5000000e+02   3.1407848e+04
   1.5100000e+02   3.1444215e+04
   1.5200000e+02   3.1479518e+04
   1.5300000e+02   3.1517779e+04
   1.5400000e+02   3.1555572e+04
   1.5500000e+02   3.1591971e+04
   1.5600000e+02   3.1626975e+04
   1.5700000e+02   3.1660568e+04
   1.5800000e+02   3.1692740e+04
   1.5900000e+02   3.1723479e+04
   1.6000000e+02   3.1752770e+04
   1.6100000e+02   3.1780604e+04
   1.6200000e+02   3.1806971e+04
   1.6300000e+02   3.1831855e+04
   1.6400000e+02   3.1855250e+04
   1.6500000e+02   3.1877146e+04
   1.6600000e+02   3.1897537e+04
   1.6700000e+02   3.1916414e+04
   1.6800000e+02   3.1933770e+04
   1.6900000e+02   3.1949592e+04
   1.7000000e+02   3.1963881e+04
   1.7100000e+02   3.1976625e+04
   1.7200000e+02   3.1987820e+04
   1.7300000e+02   3.1997459e+04
   1.7400000e+02   3.2005535e+04
   1.7500000e+02   3.2012047e+04
   1.7600000e+02   3.2016986e+04
   1.7700000e+02   3.2020348e+04
   1.7800000e+02   3.2022129e+04
   1.7900000e+02   3.2022326e+04
   1.8000000e+02   3.2020938e+04
   1.8100000e+02   3.2022434e+04
   1.8200000e+02   3.2022500e+04
   1.8300000e+02   3.2021141e+04
   1.8400000e+02   3.2018367e+04
   1.8500000e+02   3.2014186e+04
   1.8600000e+02   3.2008605e+04
   1.8700000e+02   3.2001637e+04
   1.8800000e+02   3.1993291e+04
   1.8900000e+02   3.1983578e+04
   1.9000000e+02   3.1972504e+04
   1.9100000e+02   3.1960340e+04
   1.9200000e+02   3.1948074e+04
   1.9300000e+02   3.1934668e+04
   1.9400000e+02   3.1920143e+04
   1.9500000e+02   3.1904498e+04
   1.9600000e+02   3.1887730e+04
   1.9700000e+02   3.1869836e+04
   1.9800000e+02   3.1850807e+04
   1.9900000e+02   3.1830635e+04
   2.0000000e+02   3.1809311e+04
   2.0100000e+02   3.1786822e+04
   2.0200000e+02   3.1763154e+04
   2.0300000e+02   3.1738295e+04
   2.0400000e+02   3.1712221e+04
   2.0500000e+02   3.1684910e+04
   2.0600000e+02   3.1656336e+04
   2.0700000e+02   3.1626473e+04
   2.0800000e+02   3.1595279e+04
   2.0900000e+02   3.1562725e+04
   2.1000000e+02   3.1528760e+04
   2.1100000e+02   3.1484529e+04
   2.1200000e+02   3.1438721e+04
   2.1300000e+02   3.1391363e+04
   2.1400000e+02   3.1342488e+04
   2.1500000e+02   3.1292133e+04
   2.1600000e+02   3.1240330e+04
   2.1700000e+02   3.1187125e+04
   2.1800000e+02   3.1132563e+04
   2.1900000e+02   3.1076693e+04
   2.2000000e+02   3.1019574e+04
   2.2100000e+02   3.0961262e+04
   2.2200000e+02   3.0905098e+04
   2.2300000e+02   3.0852355e+04
   2.2400000e+02   3.0798004e+04
   2.2500000e+02   3.0742086e+04
   2.2600000e+02   3.0684746e+04
   2.2700000e+02   3.0626129e+04
   2.2800000e+02   3.0566354e+04
   2.2900000e+02   3.0505531e+04
   2.3000000e+02   3.0443734e+04
   2.3100000e+02   3.0381045e+04
   2.3200000e+02   3.0317551e+04
   2.3300000e+02   3.0253318e+04
   2.3400000e+02   3.0188402e+04
   2.3500000e+02   3.0122850e+04
   2.3600000e+02   3.0056707e+04
   2.3700000e+02   2.9990012e+04
   2.3800000e+02   2.9922803e+04
   2.3900000e+02   2.9855107e+04
   2.4000000e+02   2.9786959e+04
   2.4100000e+02   2.9712785e+04
   2.4200000e+02   2.9637979e+04
   2.4300000e+02   2.9562568e+04
   2.4400000e+02   2.9486578e+04
   2.4500000e+02   2.9410031e+04
   2.4600000e+02   2.9332953e+04
   2.4700000e+02   2.9255369e+04
   2.4800000e+02   2.9177305e+04
   2.4900000e+02   2.9098781e+04
   2.5000000e+02   2.9019830e+04
   2.5100000e+02   2.8940475e+04
   2.5200000e+02   2.8860738e+04
   2.5300000e+02   2.8780650e+04
   2.5400000e+02   2.8700232e+04
   2.5500000e+02   2.8619514e+04
   2.5600000e+02   2.8538520e+04
   2.5700000e+02   2.8457275e+04
   2.5800000e+02   2.8375809e+04
   2.5900000e+02   2.8294143e+04
   2.6000000e+02   2.8212303e+04
   2.6100000e+02   2.8130293e+04
   2.6200000e+02   2.8048313e+04
   2.6300000e+02   2.7966334e+04
   2.6400000e+02   2.7884291e+04
   2.6500000e+02   2.7802207e+04
   2.6600000e+02   2.7720105e+04
   2.6700000e+02   2.7638014e+04
   2.6800000e+02   2.7555959e+04
   2.6900000e+02   2.7473949e+04
   2.7000000e+02   2.7391992e+04
   2.7100000e+02   2.7308811e+04
   2.7200000e+02   2.7225758e+04
   2.7300000e+02   2.7142842e+04
   2.7400000e+02   2.7060072e+04
   2.7500000e+02   2.6977504e+04
   2.7600000e+02   2.6895170e+04
   2.7700000e+02   2.6813219e+04
   2.7800000e+02   2.6731561e+04
   2.7900000e+02   2.6650186e+04
   2.8000000e+02   2.6569119e+04
   2.8100000e+02   2.6488387e+04
   2.8200000e+02   2.6408010e+04
   2.8300000e+02   2.6328014e+04
   2.8400000e+02   2.6248422e+04
   2.8500000e+02   2.6169258e+04
   2.8600000e+02   2.6090541e+04
   2.8700000e+02   2.6012301e+04
   2.8800000e+02   2.5934559e+04
   2.8900000e+02   2.5857396e+04
   2.9000000e+02   2.5780775e+04
   2.9100000e+02   2.5704721e+04
   2.9200000e+02   2.5629314e+04
   2.9300000e+02   2.5554520e+04
   2.9400000e+02   2.5480355e+04
   2.9500000e+02   2.5406842e+04
   2.9600000e+02   2.5333998e+04
   2.9700000e+02   2.5261848e+04
   2.9800000e+02   2.5190406e+04
   2.9900000e+02   2.5119699e+04
   3.0000000e+02   2.5049742e+04
   3.0100000e+02   2.4978270e+04
   3.0200000e+02   2.4907568e+04
   3.0300000e+02   2.4837629e+04
   3.0400000e+02   2.4768488e+04
   3.0500000e+02   2.4700172e+04
   3.0600000e+02   2.4632697e+04
   3.0700000e+02   2.4566080e+04
   3.0800000e+02   2.4500342e+04
   3.0900000e+02   2.4435498e+04
   3.1000000e+02   2.4371564e+04
   3.1100000e+02   2.4308559e+04
   3.1200000e+02   2.4246494e+04
   3.1300000e+02   2.4185387e+04
   3.1400000e+02   2.4125252e+04
   3.1500000e+02   2.4066105e+04
   3.1600000e+02   2.4007961e+04
   3.1700000e+02   2.3950834e+04
   3.1800000e+02   2.3894740e+04
   3.1900000e+02   2.3839689e+04
   3.2000000e+02   2.3785701e+04
   3.2100000e+02   2.3732785e+04
   3.2200000e+02   2.3680951e+04
   3.2300000e+02   2.3630213e+04
   3.2400000e+02   2.3580580e+04
   3.2500000e+02   2.3532064e+04
   3.2600000e+02   2.3484678e+04
   3.2700000e+02   2.3438434e+04
   3.2800000e+02   2.3393338e+04
   3.2900000e+02   2.3349406e+04
   3.3000000e+02   2.3306645e+04
   3.3100000e+02   2.3265029e+04
   3.3200000e+02   2.3224574e+04
   3.3300000e+02   2.3185281e+04
   3.3400000e+02   2.3147137e+04
   3.3500000e+02   2.3110170e+04
   3.3600000e+02   2.3074402e+04
   3.3700000e+02   2.3039842e+04
   3.3800000e+02   2.3006494e+04
   3.3900000e+02   2.2974365e+04
   3.4000000e+02   2.2943467e+04
   3.4100000e+02   2.2913803e+04
   3.4200000e+02   2.2885379e+04
   3.4300000e+02   2.2858203e+04
   3.4400000e+02   2.2832283e+04
   3.4500000e+02   2.2807623e+04
   3.4600000e+02   2.2784250e+04
   3.4700000e+02   2.2762236e+04
   3.4800000e+02   2.2741498e+04
   3.4900000e+02   2.2722047e+04
   3.5000000e+02   2.2703879e+04
   3.5100000e+02   2.2687004e+04
   3.5200000e+02   2.2671426e+04
   3.5300000e+02   2.2657145e+04
   3.5400000e+02   2.2644166e+04
   3.5500000e+02   2.2632496e+04
   3.5600000e+02   2.2622133e+04
   3.5700000e+02   2.2613082e+04
   3.5800000e+02   2.2605377e+04
   3.5900000e+02   2.2599055e+04
   7.1133672e-07   2.2594063e+04
   1.0000007e+00   2.2590203e+04
   2.0000007e+00   2.2587662e+04
   3.0000007e+00   2.2586443e+04
   4.0000010e+00   2.2586545e+04
   5.0000010e+00   2.2587973e+04
   6.0000010e+00   2.2590727e+04
   7.0000010e+00   2.2594807e+04
   8.0000010e+00   2.2600221e+04
   9.0000010e+00   2.2606959e+04
   1.0000001e+01   2.2615021e+04
   1.1000001e+01   2.2624414e+04
   1.2000001e+01   2.2635135e+04
   1.3000001e+01   2.2647184e+04
   1.4000001e+01   2.2660559e+04
   1.5000001e+01   2.2675254e+04
   1.6000000e+01   2.2691268e+04
   1.7000000e+01   2.2708594e+04
   1.8000000e+01   2.2727230e+04
   1.9000000e+01   2.2747176e+04
   2.0000000e+01   2.2768428e+04
   2.1000000e+01   2.2790977e+04
   2.2000000e+01   2.2814822e+04
   2.3000000e+01   2.2839961e+04
   2.4000000e+01   2.2866387e+04
   2.5000000e+01   2.2894092e+04
   2.6000000e+01   2.2923072e+04
   2.7000000e+01   2.2953322e+04
   2.8000000e+01   2.2984855e+04
   2.9000000e+01   2.3017639e+04
   3.0000000e+01   2.3051672e+04
   3.1000000e+01   2.3085799e+04
   3.2000000e+01   2.3121182e+04
   3.3000000e+01   2.3157809e+04
   3.4000000e+01   2.3195672e+04
   3.5000000e+01   2.3234764e+04
   3.6000000e+01   2.3275072e+04
   3.7000000e+01   2.3316592e+04
   3.8000000e+01   2.3359313e+04
   3.9000000e+01   2.3403225e+04
   4.0000000e+01   2.3448313e+04
   4.1000000e+01   2.3494574e+04
   4.2000000e+01   2.3541992e+04
   4.3000000e+01   2.3590557e+04
   4.4000000e+01   2.3640252e+04
   4.5000000e+01   2.3691072e+04
   4.6000000e+01   2.3742998e+04
   4.7000000e+01   2.3796018e+04
   4.8000000e+01   2.3850119e+04
   4.9000000e+01   2.3905285e+04
   5.0000000e+01   2.3961504e+04
   5.1000000e+01   2.4018756e+04
   5.2000000e+01   2.4077029e+04
   5.3000000e+01   2.4136305e+04
   5.4000000e+01   2.4196549e+04
   5.5000000e+01   2.4257762e+04
   5.6000000e+01   2.4319930e+04
   5.7000000e+01   2.4383033e+04
   5.8000000e+01   2.4447053e+04
   5.9000000e+01   2.4511973e+04
   6.0000000e+01   2.4577766e+04
   6.1000000e+01   2.4643207e+04
   6.2000000e+01   2.4709506e+04
   6.3000000e+01   2.4776643e+04
   6.4000000e+01   2.4844596e+04
   6.5000000e+01   2.4913346e+04
   6.6000000e+01   2.4982867e+04
   6.7000000e+01   2.5053145e+04
   6.8000000e+01   2.5124150e+04
   6.9000000e+01   2.5195861e+04
   7.0000000e+01   2.5268260e+04
   7.1000000e+01   2.5341320e+04
   7.2000000e+01   2.5415018e+04
   7.3000000e+01   2.5489330e+04
   7.4000000e+01   2.5564234e+04
   7.5000000e+01   2.5639705e+04
   7.6000000e+01   2.5715717e+04
   7.7000000e+01   2.5792248e+04
   7.8000000e+01   2.5869271e+04
   7.9000000e+01   2.5946762e+04
   8.0000000e+01   2.6024697e+04
   8.1000000e+01   2.6103051e+04
   8.2000000e+01   2.6181793e+04
   8.3000000e+01   2.6260900e+04
   8.4000000e+01   2.6340350e+04
   8.5000000e+01   2.6420113e+04
   8.6000000e+01   2.6500162e+04
   8.7000000e+01   2.6580473e+04
   8.8000000e+01   2.6661016e+04
   8.9000000e+01   2.6741768e+04
   9.0000000e+01   2.6822701e+04
   9.1000000e+01   2.6901041e+04
   9.2000000e+01   2.6979537e+04
   9.3000000e+01   2.7058164e+04
   9.4000000e+01   2.7136893e+04
   9.5000000e+01   2.7215697e+04
   9.6000000e+01   2.7294551e+04
   9.7000000e+01   2.7373422e+04
   9.8000000e+01   2.7452287e+04
   9.9000000e+01   2.7531115e+04
   1.0000000e+02   2.7609887e+04
   1.0100000e+02   2.7688568e+04
   1.0200000e+02   2.7767131e+04
   1.0300000e+02   2.7845547e+04
   1.0400000e+02   2.7923789e+04
   1.0500000e+02   2.8001828e+04
   1.0600000e+02   2.8079637e+04
   1.0700000e+02   2.8157189e+04
   1.0800000e+02   2.8234455e+04
   1.0900000e+02   2.8311408e+04
   1.1000000e+02   2.8388021e+04
   1.1100000e+02   2.8464270e+04
   1.1200000e+02   2.8540119e+04
   1.1300000e+02   2.8615549e+04
   1.1400000e+02   2.8690529e+04
   1.1500000e+02   2.8765031e+04
   1.1600000e+02   2.8839033e+04
   1.1700000e+02   2.8912504e+04
   1.1800000e+02   2.8985420e+04
   1.1900000e+02   2.9057754e+04
   1.2000000e+02   2.9129480e+04
   1.2100000e+02   2.9159555e+04
   1.2200000e+02   2.9189354e+04
   1.2300000e+02   2.9218850e+04
   1.2400000e+02   2.9248012e+04
   1.2500000e+02   2.9276814e+04
   1.2600000e+02   2.9305234e+04
   1.2700000e+02   2.9333242e+04
   1.2800000e+02   2.9360809e+04
   1.2900000e+02   2.9387916e+04
   1.3000000e+02   2.9414529e+04
   1.3100000e+02   2.9440627e+04
   1.3200000e+02   2.9466188e+04
   1.3300000e+02   2.9491178e+04
   1.3400000e+02   2.9515580e+04
   1.3500000e+02   2.9539367e+04
   1.3600000e+02   2.9562514e+04
   1.3700000e+02   2.9585000e+04
   1.3800000e+02   2.9606797e+04
   1.3900000e+02   2.9627887e+04
   1.4000000e+02   2.9648244e+04
   1.4100000e+02   2.9667848e+04
   1.4200000e+02   2.9686676e+04
   1.4300000e+02   2.9704707e+04
   1.4400000e+02   2.9721918e+04
   1.4500000e+02   2.9738291e+04
   1.4600000e+02   2.9753803e+04
   1.4700000e+02   2.9768436e+04
   1.4800000e+02   2.9782170e+04
   1.4900000e+02   2.9794994e+04
   1.5000000e+02   2.9806889e+04
   1.5100000e+02   2.9848148e+04
   1.5200000e+02   2.9888074e+04
   1.5300000e+02   2.9926650e+04
   1.5400000e+02   2.9963867e+04
   1.5500000e+02   2.9999707e+04
   1.5600000e+02   3.0034162e+04
   1.5700000e+02   3.0067223e+04
   1.5800000e+02   3.0098871e+04
   1.5900000e+02   3.0129104e+04
   1.6000000e+02   3.0157908e+04
   1.6100000e+02   3.0185273e+04
   1.6200000e+02   3.0211191e+04
   1.6300000e+02   3.0235654e+04
   1.6400000e+02   3.0258652e+04
   1.6500000e+02   3.0280176e+04
   1.6600000e+02   3.0300225e+04
   1.6700000e+02   3.0318785e+04
   1.6800000e+02   3.0335850e+04
   1.6900000e+02   3.0351420e+04
   1.7000000e+02   3.0365486e+04
   1.7100000e+02   3.0378041e+04
   1.7200000e+02   3.0389084e+04
   1.7300000e+02   3.0398609e+04
   1.7400000e+02   3.0406613e+04
   1.7500000e+02   3.0413094e+04
   1.7600000e+02   3.0418047e+04
   1.7700000e+02   3.0421473e+04
   1.7800000e+02   3.0423367e+04
   1.7900000e+02   3.0423730e+04
   1.8000000e+02   3.0422563e+04
   1.8100000e+02   3.0457057e+04
   1.8200000e+02   3.0490094e+04
   1.8300000e+02   3.0521676e+04
   1.8400000e+02   3.0551814e+04
   1.8500000e+02   3.0580508e+04
   1.8600000e+02   3.0607750e+04
   1.8700000e+02   3.0633547e+04
   1.8800000e+02   3.0657902e+04
   1.8900000e+02   3.0680820e+04
   1.9000000e+02   3.0702307e+04
   1.9100000e+02   3.0722363e+04
   1.9200000e+02   3.0740998e+04
   1.9300000e+02   3.0758217e+04
   1.9400000e+02   3.0774025e+04
   1.9500000e+02   3.0788436e+04
   1.9600000e+02   3.0801451e+04
   1.9700000e+02   3.0813076e+04
   1.9800000e+02   3.0823328e+04
   1.9900000e+02   3.0832209e+04
   2.0000000e+02   3.0839732e+04
   2.0100000e+02   3.0845145e+04
   2.0200000e+02   3.0848793e+04
   2.0300000e+02   3.0850945e+04
   2.0400000e+02   3.0851596e+04
   2.0500000e+02   3.0850744e+04
   2.0600000e+02   3.0848391e+04
   2.0700000e+02   3.0844531e+04
   2.0800000e+02   3.0839166e+04
   2.0900000e+02   3.0832295e+04
   2.1000000e+02   3.0823912e+04
   2.1100000e+02   3.0789434e+04
   2.1200000e+02   3.0753990e+04
   2.1300000e+02   3.0717611e+04
   2.1400000e+02   3.0680324e+04
   2.1500000e+02   3.0642162e+04
   2.1600000e+02   3.0603150e+04
   2.1700000e+02   3.0563320e+04
   2.1800000e+02   3.0522709e+04
   2.1900000e+02   3.0481346e+04
   2.2000000e+02   3.0439264e+04
   2.2100000e+02   3.0396502e+04
   2.2200000e+02   3.0353092e+04
   2.2300000e+02   3.0309074e+04
   2.2400000e+02   3.0264498e+04
   2.2500000e+02   3.0219389e+04
   2.2600000e+02   3.0173791e+04
   2.2700000e+02   3.0127746e+04
   2.2800000e+02   3.0081293e+04
   2.2900000e+02   3.0034477e+04
   2.3000000e+02   2.9987348e+04
   2.3100000e+02   2.9939949e+04
   2.3200000e+02   2.9892326e+04
   2.3300000e+02   2.9844535e+04
   2.3400000e+02   2.9796623e+04
   2.3500000e+02   2.9748645e+04
   2.3600000e+02   2.9700652e+04
   2.3700000e+02   2.9652703e+04
   2.3800000e+02   2.9604834e+04
   2.3900000e+02   2.9557121e+04
   2.4000000e+02   2.9509637e+04
   2.4100000e+02   2.9437799e+04
   2.4200000e+02   2.9365344e+04
   2.4300000e+02   2.9292299e+04
   2.4400000e+02   2.9218686e+04
   2.4500000e+02   2.9144533e+04
   2.4600000e+02   2.9069865e+04
   2.4700000e+02   2.8994705e+04
   2.4800000e+02   2.8919078e+04
   2.4900000e+02   2.8843008e+04
   2.5000000e+02   2.8766527e+04
   2.5100000e+02   2.8689652e+04
   2.5200000e+02   2.8612414e+04
   2.5300000e+02   2.8534838e+04
   2.5400000e+02   2.8456949e+04
   2.5500000e+02   2.8378773e+04
   2.5600000e+02   2.8300338e+04
   2.5700000e+02   2.8221664e+04
   2.5800000e+02   2.8142785e+04
   2.5900000e+02   2.8063723e+04
   2.6000000e+02   2.7984504e+04
   2.6100000e+02   2.7905154e+04
   2.6200000e+02   2.7825699e+04
   2.6300000e+02   2.7746168e+04
   2.6400000e+02   2.7666584e+04
   2.6500000e+02   2.7586973e+04
   2.6600000e+02   2.7507365e+04
   2.6700000e+02   2.7427781e+04
   2.6800000e+02   2.7348250e+04
   2.6900000e+02   2.7268797e+04
   2.7000000e+02   2.7189447e+04
   2.7100000e+02   2.7107070e+04
   2.7200000e+02   2.7024842e+04
   2.7300000e+02   2.6942756e+04
   2.7400000e+02   2.6860840e+04
   2.7500000e+02   2.6779111e+04
   2.7600000e+02   2.6697600e+04
   2.7700000e+02   2.6616330e+04
   2.7800000e+02   2.6535326e+04
   2.7900000e+02   2.6454611e+04
   2.8000000e+02   2.6374211e+04
   2.8100000e+02   2.6294148e+04
   2.8200000e+02   2.6214449e+04
   2.8300000e+02   2.6135137e+04
   2.8400000e+02   2.6056232e+04
   2.8500000e+02   2.5977762e+04
   2.8600000e+02   2.5899750e+04
   2.8700000e+02   2.5822215e+04
   2.8800000e+02   2.5745184e+04
   2.8900000e+02   2.5668678e+04
   2.9000000e+02   2.5592719e+04
   2.9100000e+02   2.5517330e+04
   2.9200000e+02   2.5442529e+04
   2.9300000e+02   2.5368344e+04
   2.9400000e+02   2.5294791e+04
   2.9500000e+02   2.5221895e+04
   2.9600000e+02   2.5149672e+04
   2.9700000e+02   2.5078146e+04
   2.9800000e+02   2.5007338e+04
   2.9900000e+02   2.4937268e+04
   3.0000000e+02   2.4867953e+04
   3.0100000e+02   2.4797453e+04
   3.0200000e+02   2.4727723e+04
   3.0300000e+02   2.4658787e+04
   3.0400000e+02   2.4590660e+04
   3.0500000e+02   2.4523359e+04
   3.0600000e+02   2.4456904e+04
   3.0700000e+02   2.4391311e+04
   3.0800000e+02   2.4326600e+04
   3.0900000e+02   2.4262787e+04
   3.1000000e+02   2.4199883e+04
   3.1100000e+02   2.4137912e+04
   3.1200000e+02   2.4076885e+04
   3.1300000e+02   2.4016820e+04
   3.1400000e+02   2.3957730e+04
   3.1500000e+02   2.3899635e+04
   3.1600000e+02   2.3842541e+04
   3.1700000e+02   2.3786469e+04
   3.1800000e+02   2.3731428e+04
   3.1900000e+02   2.3677436e+04
   3.2000000e+02   2.3624508e+04
   3.2100000e+02   2.3572652e+04
   3.2200000e+02   2.3521881e+04
   3.2300000e+02   2.3472201e+04
   3.2400000e+02   2.3423625e+04
   3.2500000e+02   2.3376168e+04
   3.2600000e+02   2.3329846e+04
   3.2700000e+02   2.3284664e+04
   3.2800000e+02   2.3240635e+04
   3.2900000e+02   2.3197768e+04
   3.3000000e+02   2.3156074e+04
   3.3100000e+02   2.3114818e+04
   3.3200000e+02   2.3074730e+04
   3.3300000e+02   2.3035816e+04
   3.3400000e+02   2.2998084e+04
   3.3500000e+02   2.2961545e+04
   3.3600000e+02   2.2926209e+04
   3.3700000e+02   2.2892084e+04
   3.3800000e+02   2.2859176e+04
   3.3900000e+02   2.2827494e+04
   3.4000000e+02   2.2797045e+04
   3.4100000e+02   2.2767828e+04
   3.4200000e+02   2.2739854e+04
   3.4300000e+02   2.2713131e+04
   3.4400000e+02   2.2687670e+04
   3.4500000e+02   2.2663473e+04
   3.4600000e+02   2.2640547e+04
   3.4700000e+02   2.2618922e+04
   3.4800000e+02   2.2598586e+04
   3.4900000e+02   2.2579535e+04
   3.5000000e+02   2.2561775e+04
   3.5100000e+02   2.2545311e+04
   3.5200000e+02   2.2530146e+04
   3.5300000e+02   2.2516285e+04
   3.5400000e+02   2.2503729e+04
   3.5500000e+02   2.2492482e+04
   3.5600000e+02   2.2482549e+04
   3.5700000e+02   2.2473932e+04
   3.5800000e+02   2.2466629e+04
   3.5900000e+02   2.2460645e+04
   1.4226848e-06   2.2455982e+04
