   0.0000000e+00   3.5277888e-02
   1.0000000e+00   6.3649572e-02
   2.0000000e+00   6.3810654e-02
   3.0000000e+00   6.3961320e-02
   4.0000000e+00   6.4111970e-02
   5.0000000e+00   6.4262614e-02
   6.0000000e+00   6.4413257e-02
   7.0000000e+00   6.4563893e-02
   8.0000000e+00   6.4714536e-02
   9.0000000e+00   6.4865209e-02
   1.0000000e+01   6.5015890e-02
   1.1000000e+01   6.5166600e-02
   1.2000000e+01   6.5317385e-02
   1.3000000e+01   6.5468222e-02
   1.4000000e+01   6.5619141e-02
   1.5000000e+01   6.5770142e-02
   1.6000000e+01   6.5921254e-02
   1.7000000e+01   6.6072442e-02
   1.8000000e+01   6.6223718e-02
   1.9000000e+01   6.6375047e-02
   2.0000000e+01   6.6526450e-02
   2.1000000e+01   6.6677906e-02
   2.2000000e+01   6.6829391e-02
   2.3000000e+01   6.6980898e-02
   2.4000000e+01   6.7132428e-02
   2.5000000e+01   6.7283988e-02
   2.6000000e+01   6.7435570e-02
   2.7000000e+01   6.7587167e-02
   2.8000000e+01   6.7738801e-02
   2.9000000e+01   6.7890480e-02
   3.0000000e+01   6.8042442e-02
   3.1000000e+01   6.8377964e-02
   3.2000000e+01   6.8713814e-02
   3.3000000e+01   6.9049992e-02
   3.4000000e+01   6.9386505e-02
   3.5000000e+01   6.9723338e-02
   3.6000000e+01   7.0060484e-02
   3.7000000e+01   7.0397951e-02
   3.8000000e+01   7.0735730e-02
   3.9000000e+01   7.1073823e-02
   4.0000000e+01   7.1412235e-02
   4.1000000e+01   7.1750961e-02
   4.2000000e+01   7.2090007e-02
   4.3000000e+01   7.2429366e-02
   4.4000000e+01   7.2769083e-02
   4.5000000e+01   7.3109105e-02
   4.6000000e+01   7.3449440e-02
   4.7000000e+01   7.3790088e-02
   4.8000000e+01   7.4131049e-02
   4.9000000e+01   7.4472316e-02
   5.0000000e+01   7.4813887e-02
   5.1000000e+01   7.5155765e-02
   5.2000000e+01   7.5497940e-02
   5.3000000e+01   7.5840406e-02
   5.4000000e+01   7.6183170e-02
   5.5000000e+01   7.6526240e-02
   5.6000000e+01   7.6869592e-02
   5.7000000e+01   7.7213250e-02
   5.8000000e+01   7.7557199e-02
   5.9000000e+01   7.7901438e-02
   6.0000000e+01   7.8245960e-02
   6.1000000e+01   7.8606144e-02
   6.2000000e+01   7.8961581e-02
   6.3000000e+01   7.9312302e-02
   6.4000000e+01   7.9658352e-02
   6.5000000e+01   7.9999760e-02
   6.6000000e+01   8.0336563e-02
   6.7000000e+01   8.0668800e-02
   6.8000000e+01   8.0996498e-02
   6.9000000e+01   8.1319749e-02
   7.0000000e+01   8.1639543e-02
   7.1000000e+01   8.1954874e-02
   7.2000000e+01   8.2265750e-02
   7.3000000e+01   8.2572192e-02
   7.4000000e+01   8.2874253e-02
   7.5000000e+01   8.3171979e-02
   7.6000000e+01   8.3465405e-02
   7.7000000e+01   8.3754577e-02
   7.8000000e+01   8.4039532e-02
   7.9000000e+01   8.4320314e-02
   8.0000000e+01   8.4596969e-02
   8.1000000e+01   8.4884003e-02
   8.2000000e+01   8.5196696e-02
   8.3000000e+01   8.5509077e-02
   8.4000000e+01   8.5821122e-02
   8.5000000e+01   8.6132847e-02
   8.6000000e+01   8.6444244e-02
   8.7000000e+01   8.6755313e-02
   8.8000000e+01   8.7066069e-02
   8.9000000e+01   8.7376513e-02
   9.0000000e+01   8.7686643e-02
   9.1000000e+01   8.7934546e-02
   9.2000000e+01   8.8183314e-02
   9.3000000e+01   8.8432938e-02
   9.4000000e+01   8.8683411e-02
   9.5000000e+01   8.8934727e-02
   9.6000000e+01   8.9186870e-02
   9.7000000e+01   8.9439839e-02
   9.8000000e+01   8.9693613e-02
   9.9000000e+01   8.9948192e-02
   1.0000000e+02   9.0203568e-02
   1.0100000e+02   9.0459719e-02
   1.0200000e+02   9.0716660e-02
   1.0300000e+02   9.0974361e-02
   1.0400000e+02   9.1232821e-02
   1.0500000e+02   9.1492034e-02
   1.0600000e+02   9.1752730e-02
   1.0700000e+02   9.2014670e-02
   1.0800000e+02   9.2277475e-02
   1.0900000e+02   9.2541136e-02
   1.1000000e+02   9.2805639e-02
   1.1100000e+02   9.3070999e-02
   1.1200000e+02   9.3337409e-02
   1.1300000e+02   9.3604624e-02
   1.1400000e+02   9.3872651e-02
   1.1500000e+02   9.4141491e-02
   1.1600000e+02   9.4411112e-02
   1.1700000e+02   9.4681524e-02
   1.1800000e+02   9.4952703e-02
   1.1900000e+02   9.5224656e-02
   1.2000000e+02   9.5497362e-02
   1.2100000e+02   9.5635124e-02
   1.2200000e+02   9.5778704e-02
   1.2300000e+02   9.5924035e-02
   1.2400000e+02   9.6066408e-02
   1.2500000e+02   9.6200354e-02
   1.2600000e+02   9.6319579e-02
   1.2700000e+02   9.6416749e-02
   1.2800000e+02   9.6483439e-02
   1.2900000e+02   9.6510738e-02
   1.3000000e+02   9.6487530e-02
   1.3100000e+02   9.6399464e-02
   1.3200000e+02   9.6231468e-02
   1.3300000e+02   9.5966004e-02
   1.3400000e+02   9.5699698e-02
   1.3500000e+02   9.6186295e-02
   1.3600000e+02   9.6669763e-02
   1.3700000e+02   9.7113222e-02
   1.3800000e+02   9.7514227e-02
   1.3900000e+02   9.7872466e-02
   1.4000000e+02   9.8188296e-02
   1.4100000e+02   9.8462507e-02
   1.4200000e+02   9.8696195e-02
   1.4300000e+02   9.8890699e-02
   1.4400000e+02   9.9047519e-02
   1.4500000e+02   9.9168248e-02
   1.4600000e+02   9.9254519e-02
   1.4700000e+02   9.9308036e-02
   1.4800000e+02   9.9330463e-02
   1.4900000e+02   9.9323474e-02
   1.5000000e+02   9.9288702e-02
   1.5100000e+02   9.9112540e-02
   1.5200000e+02   9.8939903e-02
   1.5300000e+02   9.8964646e-02
   1.5400000e+02   9.9028930e-02
   1.5500000e+02   9.9090382e-02
   1.5600000e+02   9.9149339e-02
   1.5700000e+02   9.9205725e-02
   1.5800000e+02   9.9259503e-02
   1.5900000e+02   9.9310637e-02
   1.6000000e+02   9.9359065e-02
   1.6100000e+02   9.9404745e-02
   1.6200000e+02   9.9447623e-02
   1.6300000e+02   9.9487543e-02
   1.6400000e+02   9.9524297e-02
   1.6500000e+02   9.9558145e-02
   1.6600000e+02   9.9589027e-02
   1.6700000e+02   9.9616900e-02
   1.6800000e+02   9.9641703e-02
   1.6900000e+02   9.9663392e-02
   1.7000000e+02   9.9681914e-02
   1.7100000e+02   9.9697202e-02
   1.7200000e+02   9.9709205e-02
   1.7300000e+02   9.9717870e-02
   1.7400000e+02   9.9723138e-02
   1.7500000e+02   9.9724911e-02
   1.7600000e+02   9.9723093e-02
   1.7700000e+02   9.9717602e-02
   1.7800000e+02   9.9708378e-02
   1.7900000e+02   9.9695332e-02
   1.8000000e+02   9.9678397e-02
   1.8100000e+02   9.9596359e-02
   1.8200000e+02   9.9513449e-02
   1.8300000e+02   9.9429831e-02
   1.8400000e+02   9.9345677e-02
   1.8500000e+02   9.9261165e-02
   1.8600000e+02   9.9176489e-02
   1.8700000e+02   9.9091828e-02
   1.8800000e+02   9.9007376e-02
   1.8900000e+02   9.8923326e-02
   1.9000000e+02   9.8839648e-02
   1.9100000e+02   9.8768935e-02
   1.9200000e+02   9.8759197e-02
   1.9300000e+02   9.8759979e-02
   1.9400000e+02   9.8772444e-02
   1.9500000e+02   9.8796278e-02
   1.9600000e+02   9.8831154e-02
   1.9700000e+02   9.8876663e-02
   1.9800000e+02   9.8932311e-02
   1.9900000e+02   9.8997541e-02
   2.0000000e+02   9.9071681e-02
   2.0100000e+02   9.9153951e-02
   2.0200000e+02   9.9243477e-02
   2.0300000e+02   9.9339254e-02
   2.0400000e+02   9.9440113e-02
   2.0500000e+02   9.9544764e-02
   2.0600000e+02   9.9651709e-02
   2.0700000e+02   9.9759318e-02
   2.0800000e+02   9.9865697e-02
   2.0900000e+02   9.9968769e-02
   2.1000000e+02   1.0006618e-01
   2.1100000e+02   9.9781699e-02
   2.1200000e+02   9.9478640e-02
   2.1300000e+02   9.9157333e-02
   2.1400000e+02   9.8818190e-02
   2.1500000e+02   9.8461732e-02
   2.1600000e+02   9.8088622e-02
   2.1700000e+02   9.7699627e-02
   2.1800000e+02   9.7295672e-02
   2.1900000e+02   9.6877865e-02
   2.2000000e+02   9.6447513e-02
   2.2100000e+02   9.6006133e-02
   2.2200000e+02   9.5704347e-02
   2.2300000e+02   9.5595248e-02
   2.2400000e+02   9.5444359e-02
   2.2500000e+02   9.5253035e-02
   2.2600000e+02   9.5028669e-02
   2.2700000e+02   9.4777763e-02
   2.2800000e+02   9.4505854e-02
   2.2900000e+02   9.4217665e-02
   2.3000000e+02   9.3917206e-02
   2.3100000e+02   9.3607917e-02
   2.3200000e+02   9.3292676e-02
   2.3300000e+02   9.2973948e-02
   2.3400000e+02   9.2653804e-02
   2.3500000e+02   9.2333980e-02
   2.3600000e+02   9.2015944e-02
   2.3700000e+02   9.1700912e-02
   2.3800000e+02   9.1389865e-02
   2.3900000e+02   9.1083638e-02
   2.4000000e+02   9.0782881e-02
   2.4100000e+02   9.0437062e-02
   2.4200000e+02   9.0090275e-02
   2.4300000e+02   8.9742512e-02
   2.4400000e+02   8.9393802e-02
   2.4500000e+02   8.9044154e-02
   2.4600000e+02   8.8693559e-02
   2.4700000e+02   8.8342056e-02
   2.4800000e+02   8.7989636e-02
   2.4900000e+02   8.7636307e-02
   2.5000000e+02   8.7282099e-02
   2.5100000e+02   8.6927004e-02
   2.5200000e+02   8.6571038e-02
   2.5300000e+02   8.6214207e-02
   2.5400000e+02   8.5856527e-02
   2.5500000e+02   8.5498013e-02
   2.5600000e+02   8.5138664e-02
   2.5700000e+02   8.4778488e-02
   2.5800000e+02   8.4417500e-02
   2.5900000e+02   8.4055707e-02
   2.6000000e+02   8.3693117e-02
   2.6100000e+02   8.3329760e-02
   2.6200000e+02   8.2965605e-02
   2.6300000e+02   8.2600698e-02
   2.6400000e+02   8.2235031e-02
   2.6500000e+02   8.1868611e-02
   2.6600000e+02   8.1501447e-02
   2.6700000e+02   8.1133559e-02
   2.6800000e+02   8.0764934e-02
   2.6900000e+02   8.0395602e-02
   2.7000000e+02   8.0025554e-02
   2.7100000e+02   7.9665028e-02
   2.7200000e+02   7.9305425e-02
   2.7300000e+02   7.8946732e-02
   2.7400000e+02   7.8588940e-02
   2.7500000e+02   7.8232042e-02
   2.7600000e+02   7.7876016e-02
   2.7700000e+02   7.7527575e-02
   2.7800000e+02   7.7180699e-02
   2.7900000e+02   7.6833919e-02
   2.8000000e+02   7.6487251e-02
   2.8100000e+02   7.6140665e-02
   2.8200000e+02   7.5794183e-02
   2.8300000e+02   7.5447798e-02
   2.8400000e+02   7.5101502e-02
   2.8500000e+02   7.4755311e-02
   2.8600000e+02   7.4409202e-02
   2.8700000e+02   7.4063189e-02
   2.8800000e+02   7.3717274e-02
   2.8900000e+02   7.3371448e-02
   2.9000000e+02   7.3025711e-02
   2.9100000e+02   7.2680064e-02
   2.9200000e+02   7.2334506e-02
   2.9300000e+02   7.1989037e-02
   2.9400000e+02   7.1643658e-02
   2.9500000e+02   7.1298368e-02
   2.9600000e+02   7.0953153e-02
   2.9700000e+02   7.0608035e-02
   2.9800000e+02   7.0262998e-02
   2.9900000e+02   6.9918051e-02
   3.0000000e+02   6.9573186e-02
   3.0100000e+02   6.9280997e-02
   3.0200000e+02   6.8988785e-02
   3.0300000e+02   6.8696573e-02
   3.0400000e+02   6.8404332e-02
   3.0500000e+02   6.8112083e-02
   3.0600000e+02   6.7819826e-02
   3.0700000e+02   6.7527547e-02
   3.0800000e+02   6.7235254e-02
   3.0900000e+02   6.6942953e-02
   3.1000000e+02   6.6650636e-02
   3.1100000e+02   6.6358313e-02
   3.1200000e+02   6.6065967e-02
   3.1300000e+02   6.5773621e-02
   3.1400000e+02   6.5481246e-02
   3.1500000e+02   6.5188870e-02
   3.1600000e+02   6.4896479e-02
   3.1700000e+02   6.4604074e-02
   3.1800000e+02   6.4311661e-02
   3.1900000e+02   6.4019233e-02
   3.2000000e+02   6.3726798e-02
   3.2100000e+02   6.3434340e-02
   3.2200000e+02   6.3141882e-02
   3.2300000e+02   6.2849410e-02
   3.2400000e+02   6.2556930e-02
   3.2500000e+02   6.2264435e-02
   3.2600000e+02   6.1971929e-02
   3.2700000e+02   6.1679415e-02
   3.2800000e+02   6.1386887e-02
   3.2900000e+02   6.1094351e-02
   3.3000000e+02   6.0801800e-02
   3.3100000e+02   6.0738493e-02
   3.3200000e+02   6.0675193e-02
   3.3300000e+02   6.0611896e-02
   3.3400000e+02   6.0548607e-02
   3.3500000e+02   6.0485326e-02
   3.3600000e+02   6.0422044e-02
   3.3700000e+02   6.0358770e-02
   3.3800000e+02   6.0295504e-02
   3.3900000e+02   6.0232241e-02
   3.4000000e+02   6.0168982e-02
   3.4100000e+02   6.0105730e-02
   3.4200000e+02   6.0042486e-02
   3.4300000e+02   5.9979241e-02
   3.4400000e+02   5.9916005e-02
   3.4500000e+02   5.9852775e-02
   3.4600000e+02   5.9789546e-02
   3.4700000e+02   5.9726324e-02
   3.4800000e+02   5.9663109e-02
   3.4900000e+02   5.9599899e-02
   3.5000000e+02   5.9536692e-02
   3.5100000e+02   5.9473537e-02
   3.5200000e+02   5.9410408e-02
   3.5300000e+02   5.9347287e-02
   3.5400000e+02   5.9284180e-02
   3.5500000e+02   5.9221085e-02
   3.5600000e+02   5.9158001e-02
   3.5700000e+02   5.9094921e-02
   3.5800000e+02   5.9031852e-02
   3.5900000e+02   5.8968797e-02
   7.1133672e-07   5.8905751e-02
   1.0000007e+00   5.9080232e-02
   2.0000007e+00   5.9254725e-02
   3.0000007e+00   5.9429221e-02
   4.0000010e+00   5.9603728e-02
   5.0000010e+00   5.9778243e-02
   6.0000010e+00   5.9952762e-02
   7.0000010e+00   6.0127292e-02
   8.0000010e+00   6.0301829e-02
   9.0000010e+00   6.0476370e-02
   1.0000001e+01   6.0650922e-02
   1.1000001e+01   6.0825478e-02
   1.2000001e+01   6.1000045e-02
   1.3000001e+01   6.1174616e-02
   1.4000001e+01   6.1349198e-02
   1.5000001e+01   6.1523784e-02
   1.6000000e+01   6.1698377e-02
   1.7000000e+01   6.1872981e-02
   1.8000000e+01   6.2047586e-02
   1.9000000e+01   6.2222205e-02
   2.0000000e+01   6.2396824e-02
   2.1000000e+01   6.2571459e-02
   2.2000000e+01   6.2746093e-02
   2.3000000e+01   6.2920809e-02
   2.4000000e+01   6.3095577e-02
   2.5000000e+01   6.3270360e-02
   2.6000000e+01   6.3445158e-02
   2.7000000e+01   6.3619971e-02
   2.8000000e+01   6.3794792e-02
   2.9000000e+01   6.3969634e-02
   3.0000000e+01   6.4144500e-02
   3.1000000e+01   6.4530201e-02
   3.2000000e+01   6.4915285e-02
   3.3000000e+01   6.5299749e-02
   3.4000000e+01   6.5683588e-02
   3.5000000e+01   6.6066824e-02
   3.6000000e+01   6.6449463e-02
   3.7000000e+01   6.6831507e-02
   3.8000000e+01   6.7212962e-02
   3.9000000e+01   6.7593828e-02
   4.0000000e+01   6.7974128e-02
   4.1000000e+01   6.8353862e-02
   4.2000000e+01   6.8733029e-02
   4.3000000e+01   6.9111630e-02
   4.4000000e+01   6.9489688e-02
   4.5000000e+01   6.9867201e-02
   4.6000000e+01   7.0244171e-02
   4.7000000e+01   7.0620611e-02
   4.8000000e+01   7.0996523e-02
   4.9000000e+01   7.1371913e-02
   5.0000000e+01   7.1746789e-02
   5.1000000e+01   7.2121143e-02
   5.2000000e+01   7.2494999e-02
   5.3000000e+01   7.2868355e-02
   5.4000000e+01   7.3241211e-02
   5.5000000e+01   7.3613584e-02
   5.6000000e+01   7.3985457e-02
   5.7000000e+01   7.4356869e-02
   5.8000000e+01   7.4727789e-02
   5.9000000e+01   7.5098246e-02
   6.0000000e+01   7.5468242e-02
   6.1000000e+01   7.5770013e-02
   6.2000000e+01   7.6072380e-02
   6.3000000e+01   7.6375328e-02
   6.4000000e+01   7.6678842e-02
   6.5000000e+01   7.6982930e-02
   6.6000000e+01   7.7287577e-02
   6.7000000e+01   7.7592783e-02
   6.8000000e+01   7.7898540e-02
   6.9000000e+01   7.8204840e-02
   7.0000000e+01   7.8511685e-02
   7.1000000e+01   7.8819066e-02
   7.2000000e+01   7.9126976e-02
   7.3000000e+01   7.9435408e-02
   7.4000000e+01   7.9744361e-02
   7.5000000e+01   8.0053829e-02
   7.6000000e+01   8.0363810e-02
   7.7000000e+01   8.0674291e-02
   7.8000000e+01   8.0985285e-02
   7.9000000e+01   8.1296757e-02
   8.0000000e+01   8.1608735e-02
   8.1000000e+01   8.1921183e-02
   8.2000000e+01   8.2234122e-02
   8.3000000e+01   8.2547538e-02
   8.4000000e+01   8.2861431e-02
   8.5000000e+01   8.3175786e-02
   8.6000000e+01   8.3490610e-02
   8.7000000e+01   8.3805881e-02
   8.8000000e+01   8.4121615e-02
   8.9000000e+01   8.4437802e-02
   9.0000000e+01   8.4754437e-02
   9.1000000e+01   8.5224666e-02
   9.2000000e+01   8.5696682e-02
   9.3000000e+01   8.6170480e-02
   9.4000000e+01   8.6646020e-02
   9.5000000e+01   8.7123297e-02
   9.6000000e+01   8.7602302e-02
   9.7000000e+01   8.8083006e-02
   9.8000000e+01   8.8565394e-02
   9.9000000e+01   8.9049466e-02
   1.0000000e+02   8.9535184e-02
   1.0100000e+02   9.0022527e-02
   1.0200000e+02   9.0511486e-02
   1.0300000e+02   9.1002047e-02
   1.0400000e+02   9.1494173e-02
   1.0500000e+02   9.1987848e-02
   1.0600000e+02   9.2483059e-02
   1.0700000e+02   9.2979781e-02
   1.0800000e+02   9.3477987e-02
   1.0900000e+02   9.3977660e-02
   1.1000000e+02   9.4478771e-02
   1.1100000e+02   9.4981290e-02
   1.1200000e+02   9.5485210e-02
   1.1300000e+02   9.5990494e-02
   1.1400000e+02   9.6497118e-02
   1.1500000e+02   9.7005047e-02
   1.1600000e+02   9.7514272e-02
   1.1700000e+02   9.8024748e-02
   1.1800000e+02   9.8536454e-02
   1.1900000e+02   9.9049360e-02
   1.2000000e+02   9.9563435e-02
   1.2100000e+02   9.8967008e-02
   1.2200000e+02   9.8372512e-02
   1.2300000e+02   9.7779907e-02
   1.2400000e+02   9.7189166e-02
   1.2500000e+02   9.6600249e-02
   1.2600000e+02   9.6013136e-02
   1.2700000e+02   9.5427781e-02
   1.2800000e+02   9.4844162e-02
   1.2900000e+02   9.4262250e-02
   1.3000000e+02   9.3682028e-02
   1.3100000e+02   9.3103476e-02
   1.3200000e+02   9.2526555e-02
   1.3300000e+02   9.1951273e-02
   1.3400000e+02   9.1377594e-02
   1.3500000e+02   9.0805501e-02
   1.3600000e+02   9.0234995e-02
   1.3700000e+02   8.9666046e-02
   1.3800000e+02   8.9098670e-02
   1.3900000e+02   8.8532835e-02
   1.4000000e+02   8.7968543e-02
   1.4100000e+02   8.7405786e-02
   1.4200000e+02   8.6844571e-02
   1.4300000e+02   8.6284883e-02
   1.4400000e+02   8.5726738e-02
   1.4500000e+02   8.5170120e-02
   1.4600000e+02   8.4615044e-02
   1.4700000e+02   8.4061511e-02
   1.4800000e+02   8.3509423e-02
   1.4900000e+02   8.2958922e-02
   1.5000000e+02   8.2410283e-02
   1.5100000e+02   8.2274862e-02
   1.5200000e+02   8.2139432e-02
   1.5300000e+02   8.2003996e-02
   1.5400000e+02   8.1868559e-02
   1.5500000e+02   8.1733115e-02
   1.5600000e+02   8.1597671e-02
   1.5700000e+02   8.1462234e-02
   1.5800000e+02   8.1326798e-02
   1.5900000e+02   8.1191376e-02
   1.6000000e+02   8.1055947e-02
   1.6100000e+02   8.0920540e-02
   1.6200000e+02   8.0785133e-02
   1.6300000e+02   8.0649748e-02
   1.6400000e+02   8.0514386e-02
   1.6500000e+02   8.0379032e-02
   1.6600000e+02   8.0243699e-02
   1.6700000e+02   8.0108382e-02
   1.6800000e+02   7.9973094e-02
   1.6900000e+02   7.9837829e-02
   1.7000000e+02   7.9702593e-02
   1.7100000e+02   7.9567373e-02
   1.7200000e+02   7.9432189e-02
   1.7300000e+02   7.9297043e-02
   1.7400000e+02   7.9161920e-02
   1.7500000e+02   7.9026826e-02
   1.7600000e+02   7.8891777e-02
   1.7700000e+02   7.8756757e-02
   1.7800000e+02   7.8621775e-02
   1.7900000e+02   7.8486830e-02
   1.8000000e+02   7.8351922e-02
   1.8100000e+02   7.9045892e-02
   1.8200000e+02   7.9735734e-02
   1.8300000e+02   8.0421463e-02
   1.8400000e+02   8.1103094e-02
   1.8500000e+02   8.1780620e-02
   1.8600000e+02   8.2454070e-02
   1.8700000e+02   8.3123438e-02
   1.8800000e+02   8.3788745e-02
   1.8900000e+02   8.4449984e-02
   1.9000000e+02   8.5107177e-02
   1.9100000e+02   8.5760318e-02
   1.9200000e+02   8.6409427e-02
   1.9300000e+02   8.7054491e-02
   1.9400000e+02   8.7695524e-02
   1.9500000e+02   8.8332541e-02
   1.9600000e+02   8.8965535e-02
   1.9700000e+02   8.9594506e-02
   1.9800000e+02   9.0219460e-02
   1.9900000e+02   9.0840407e-02
   2.0000000e+02   9.1457337e-02
   2.0100000e+02   9.2036456e-02
   2.0200000e+02   9.2592768e-02
   2.0300000e+02   9.3138084e-02
   2.0400000e+02   9.3671709e-02
   2.0500000e+02   9.4193190e-02
   2.0600000e+02   9.4702043e-02
   2.0700000e+02   9.5197760e-02
   2.0800000e+02   9.5679790e-02
   2.0900000e+02   9.6147597e-02
   2.1000000e+02   9.6600570e-02
   2.1100000e+02   9.6255742e-02
   2.1200000e+02   9.5915250e-02
   2.1300000e+02   9.5579438e-02
   2.1400000e+02   9.5248662e-02
   2.1500000e+02   9.4923280e-02
   2.1600000e+02   9.4603673e-02
   2.1700000e+02   9.4290271e-02
   2.1800000e+02   9.3983501e-02
   2.1900000e+02   9.3683809e-02
   2.2000000e+02   9.3391679e-02
   2.2100000e+02   9.3107611e-02
   2.2200000e+02   9.2832148e-02
   2.2300000e+02   9.2565827e-02
   2.2400000e+02   9.2309259e-02
   2.2500000e+02   9.2063054e-02
   2.2600000e+02   9.1827862e-02
   2.2700000e+02   9.1604374e-02
   2.2800000e+02   9.1393314e-02
   2.2900000e+02   9.1195442e-02
   2.3000000e+02   9.1011569e-02
   2.3100000e+02   9.0842538e-02
   2.3200000e+02   9.0689249e-02
   2.3300000e+02   9.0552643e-02
   2.3400000e+02   9.0433717e-02
   2.3500000e+02   9.0333506e-02
   2.3600000e+02   9.0253130e-02
   2.3700000e+02   9.0193748e-02
   2.3800000e+02   9.0156592e-02
   2.3900000e+02   9.0142965e-02
   2.4000000e+02   9.0154238e-02
   2.4100000e+02   8.9783803e-02
   2.4200000e+02   8.9413315e-02
   2.4300000e+02   8.9042760e-02
   2.4400000e+02   8.8672139e-02
   2.4500000e+02   8.8301457e-02
   2.4600000e+02   8.7930717e-02
   2.4700000e+02   8.7559916e-02
   2.4800000e+02   8.7189056e-02
   2.4900000e+02   8.6818121e-02
   2.5000000e+02   8.6447135e-02
   2.5100000e+02   8.6076088e-02
   2.5200000e+02   8.5704982e-02
   2.5300000e+02   8.5333817e-02
   2.5400000e+02   8.4962592e-02
   2.5500000e+02   8.4591299e-02
   2.5600000e+02   8.4219947e-02
   2.5700000e+02   8.3848536e-02
   2.5800000e+02   8.3477072e-02
   2.5900000e+02   8.3105542e-02
   2.6000000e+02   8.2733952e-02
   2.6100000e+02   8.2362309e-02
   2.6200000e+02   8.1990600e-02
   2.6300000e+02   8.1618838e-02
   2.6400000e+02   8.1247009e-02
   2.6500000e+02   8.0875121e-02
   2.6600000e+02   8.0503181e-02
   2.6700000e+02   8.0131181e-02
   2.6800000e+02   7.9759121e-02
   2.6900000e+02   7.9387002e-02
   2.7000000e+02   7.9014830e-02
   2.7100000e+02   7.8678451e-02
   2.7200000e+02   7.8342110e-02
   2.7300000e+02   7.8005798e-02
   2.7400000e+02   7.7669524e-02
   2.7500000e+02   7.7333279e-02
   2.7600000e+02   7.6997064e-02
   2.7700000e+02   7.6660886e-02
   2.7800000e+02   7.6324746e-02
   2.7900000e+02   7.5988635e-02
   2.8000000e+02   7.5652555e-02
   2.8100000e+02   7.5316511e-02
   2.8200000e+02   7.4980497e-02
   2.8300000e+02   7.4644521e-02
   2.8400000e+02   7.4308574e-02
   2.8500000e+02   7.3972657e-02
   2.8600000e+02   7.3636770e-02
   2.8700000e+02   7.3300920e-02
   2.8800000e+02   7.2965100e-02
   2.8900000e+02   7.2629325e-02
   2.9000000e+02   7.2293565e-02
   2.9100000e+02   7.1957842e-02
   2.9200000e+02   7.1622156e-02
   2.9300000e+02   7.1286500e-02
   2.9400000e+02   7.0950873e-02
   2.9500000e+02   7.0615284e-02
   2.9600000e+02   7.0279717e-02
   2.9700000e+02   6.9944188e-02
   2.9800000e+02   6.9608688e-02
   2.9900000e+02   6.9273219e-02
   3.0000000e+02   6.8937786e-02
   3.0100000e+02   6.8645291e-02
   3.0200000e+02   6.8352796e-02
   3.0300000e+02   6.8060294e-02
   3.0400000e+02   6.7767769e-02
   3.0500000e+02   6.7475237e-02
   3.0600000e+02   6.7182697e-02
   3.0700000e+02   6.6890150e-02
   3.0800000e+02   6.6597596e-02
   3.0900000e+02   6.6305019e-02
   3.1000000e+02   6.6012442e-02
   3.1100000e+02   6.5719850e-02
   3.1200000e+02   6.5427251e-02
   3.1300000e+02   6.5134637e-02
   3.1400000e+02   6.4842016e-02
   3.1500000e+02   6.4549387e-02
   3.1600000e+02   6.4256750e-02
   3.1700000e+02   6.3964099e-02
   3.1800000e+02   6.3671432e-02
   3.1900000e+02   6.3378766e-02
   3.2000000e+02   6.3086085e-02
   3.2100000e+02   6.2793396e-02
   3.2200000e+02   6.2500693e-02
   3.2300000e+02   6.2207986e-02
   3.2400000e+02   6.1915264e-02
   3.2500000e+02   6.1622534e-02
   3.2600000e+02   6.1329793e-02
   3.2700000e+02   6.1037041e-02
   3.2800000e+02   6.0744286e-02
   3.2900000e+02   6.0451511e-02
   3.3000000e+02   6.0158733e-02
   3.3100000e+02   6.0097076e-02
   3.3200000e+02   6.0035415e-02
   3.3300000e+02   5.9973747e-02
   3.3400000e+02   5.9912078e-02
   3.3500000e+02   5.9850413e-02
   3.3600000e+02   5.9788741e-02
   3.3700000e+02   5.9727065e-02
   3.3800000e+02   5.9665389e-02
   3.3900000e+02   5.9603710e-02
   3.4000000e+02   5.9542026e-02
   3.4100000e+02   5.9480347e-02
   3.4200000e+02   5.9418660e-02
   3.4300000e+02   5.9356973e-02
   3.4400000e+02   5.9295282e-02
   3.4500000e+02   5.9233591e-02
   3.4600000e+02   5.9171893e-02
   3.4700000e+02   5.9110198e-02
   3.4800000e+02   5.9048496e-02
   3.4900000e+02   5.8986794e-02
   3.5000000e+02   5.8925092e-02
   3.5100000e+02   5.8863383e-02
   3.5200000e+02   5.8801673e-02
   3.5300000e+02   5.8739960e-02
   3.5400000e+02   5.8678247e-02
   3.5500000e+02   5.8616534e-02
   3.5600000e+02   5.8554813e-02
   3.5700000e+02   5.8493089e-02
   3.5800000e+02   5.8431368e-02
   3.5900000e+02   5.8369644e-02
   1.4226848e-06   5.8307912e-02
