   0.0000000e+00   1.1899036e+02
   1.0000000e+00   2.0571636e+01
   2.0000000e+00   2.0505022e+01
   3.0000000e+00   2.0436922e+01
   4.0000000e+00   2.0366869e+01
   5.0000000e+00   2.0294872e+01
   6.0000000e+00   2.0221024e+01
   7.0000000e+00   2.0145332e+01
   8.0000000e+00   2.0067781e+01
   9.0000000e+00   1.9988379e+01
   1.0000000e+01   1.9907078e+01
   1.1000000e+01   1.9823334e+01
   1.2000000e+01   1.9737173e+01
   1.3000000e+01   1.9648073e+01
   1.4000000e+01   1.9558306e+01
   1.5000000e+01   1.9466690e+01
   1.6000000e+01   1.9372311e+01
   1.7000000e+01   1.9275925e+01
   1.8000000e+01   1.9178608e+01
   1.9000000e+01   1.9079542e+01
   2.0000000e+01   1.8978825e+01
   2.1000000e+01   1.8876780e+01
   2.2000000e+01   1.8773350e+01
   2.3000000e+01   1.8668470e+01
   2.4000000e+01   1.8561874e+01
   2.5000000e+01   1.8453779e+01
   2.6000000e+01   1.8344110e+01
   2.7000000e+01   1.8233103e+01
   2.8000000e+01   1.8120337e+01
   2.9000000e+01   1.8006046e+01
   3.0000000e+01   1.7890537e+01
   3.1000000e+01   1.7754452e+01
   3.2000000e+01   1.7615499e+01
   3.3000000e+01   1.7473730e+01
   3.4000000e+01   1.7328859e+01
   3.5000000e+01   1.7181400e+01
   3.6000000e+01   1.7031040e+01
   3.7000000e+01   1.6877882e+01
   3.8000000e+01   1.6722130e+01
   3.9000000e+01   1.6563761e+01
   4.0000000e+01   1.6402805e+01
   4.1000000e+01   1.6239338e+01
   4.2000000e+01   1.6073147e+01
   4.3000000e+01   1.5904880e+01
   4.4000000e+01   1.5734489e+01
   4.5000000e+01   1.5561438e+01
   4.6000000e+01   1.5385689e+01
   4.7000000e+01   1.5206848e+01
   4.8000000e+01   1.5024716e+01
   4.9000000e+01   1.4839782e+01
   5.0000000e+01   1.4652010e+01
   5.1000000e+01   1.4461790e+01
   5.2000000e+01   1.4269509e+01
   5.3000000e+01   1.4074294e+01
   5.4000000e+01   1.3876114e+01
   5.5000000e+01   1.3665605e+01
   5.6000000e+01   1.3439929e+01
   5.7000000e+01   1.3212081e+01
   5.8000000e+01   1.2982377e+01
   5.9000000e+01   1.2728023e+01
   6.0000000e+01   1.2462222e+01
   6.1000000e+01   1.2188899e+01
   6.2000000e+01   1.1930234e+01
   6.3000000e+01   1.1681979e+01
   6.4000000e+01   1.1454188e+01
   6.5000000e+01   1.1227724e+01
   6.6000000e+01   1.1001284e+01
   6.7000000e+01   1.0772509e+01
   6.8000000e+01   1.0544305e+01
   6.9000000e+01   1.0317312e+01
   7.0000000e+01   1.0091793e+01
   7.1000000e+01   9.8660774e+00
   7.2000000e+01   9.6404486e+00
   7.3000000e+01   9.4168615e+00
   7.4000000e+01   9.1965313e+00
   7.5000000e+01   8.9794273e+00
   7.6000000e+01   8.7655287e+00
   7.7000000e+01   8.5549355e+00
   7.8000000e+01   8.3383093e+00
   7.9000000e+01   8.1270771e+00
   8.0000000e+01   7.9218087e+00
   8.1000000e+01   7.7224722e+00
   8.2000000e+01   7.5289774e+00
   8.3000000e+01   7.3397436e+00
   8.4000000e+01   7.1560564e+00
   8.5000000e+01   6.9792433e+00
   8.6000000e+01   6.8091145e+00
   8.7000000e+01   6.6445732e+00
   8.8000000e+01   6.4851685e+00
   8.9000000e+01   6.3305659e+00
   9.0000000e+01   6.1803241e+00
   9.1000000e+01   6.1136651e+00
   9.2000000e+01   6.0497923e+00
   9.3000000e+01   5.9884801e+00
   9.4000000e+01   5.9295259e+00
   9.5000000e+01   5.8727460e+00
   9.6000000e+01   5.8179741e+00
   9.7000000e+01   5.7650652e+00
   9.8000000e+01   5.7138844e+00
   9.9000000e+01   5.6643138e+00
   1.0000000e+02   5.6162419e+00
   1.0100000e+02   5.5695705e+00
   1.0200000e+02   5.5242047e+00
   1.0300000e+02   5.4800758e+00
   1.0400000e+02   5.4370875e+00
   1.0500000e+02   5.3951669e+00
   1.0600000e+02   5.3542523e+00
   1.0700000e+02   5.3142867e+00
   1.0800000e+02   5.2752175e+00
   1.0900000e+02   5.2370005e+00
   1.1000000e+02   5.1995931e+00
   1.1100000e+02   5.1629534e+00
   1.1200000e+02   5.1270447e+00
   1.1300000e+02   5.0918317e+00
   1.1400000e+02   5.0572834e+00
   1.1500000e+02   5.0233698e+00
   1.1600000e+02   4.9900694e+00
   1.1700000e+02   4.9573550e+00
   1.1800000e+02   4.9252038e+00
   1.1900000e+02   4.8935900e+00
   1.2000000e+02   4.8624930e+00
   1.2100000e+02   4.8472047e+00
   1.2200000e+02   4.8322325e+00
   1.2300000e+02   4.8175697e+00
   1.2400000e+02   4.8032117e+00
   1.2500000e+02   4.7891536e+00
   1.2600000e+02   4.7753911e+00
   1.2700000e+02   4.7619176e+00
   1.2800000e+02   4.7487483e+00
   1.2900000e+02   4.7358642e+00
   1.3000000e+02   4.7232604e+00
   1.3100000e+02   4.7109361e+00
   1.3200000e+02   4.6988873e+00
   1.3300000e+02   4.6871119e+00
   1.3400000e+02   4.6756086e+00
   1.3500000e+02   4.6643758e+00
   1.3600000e+02   4.6534104e+00
   1.3700000e+02   4.6427107e+00
   1.3800000e+02   4.6322718e+00
   1.3900000e+02   4.6220918e+00
   1.4000000e+02   4.6121674e+00
   1.4100000e+02   4.6024995e+00
   1.4200000e+02   4.5930877e+00
   1.4300000e+02   4.5839286e+00
   1.4400000e+02   4.5750213e+00
   1.4500000e+02   4.5663643e+00
   1.4600000e+02   4.5579524e+00
   1.4700000e+02   4.5497813e+00
   1.4800000e+02   4.5418525e+00
   1.4900000e+02   4.5341659e+00
   1.5000000e+02   4.5267191e+00
   1.5100000e+02   4.5354176e+00
   1.5200000e+02   4.5443034e+00
   1.5300000e+02   4.5533781e+00
   1.5400000e+02   4.5626440e+00
   1.5500000e+02   4.5721030e+00
   1.5600000e+02   4.5817571e+00
   1.5700000e+02   4.5916085e+00
   1.5800000e+02   4.6016598e+00
   1.5900000e+02   4.6119132e+00
   1.6000000e+02   4.6223702e+00
   1.6100000e+02   4.6330338e+00
   1.6200000e+02   4.6439056e+00
   1.6300000e+02   4.6549883e+00
   1.6400000e+02   4.6662869e+00
   1.6500000e+02   4.6777997e+00
   1.6600000e+02   4.6895275e+00
   1.6700000e+02   4.7014732e+00
   1.6800000e+02   4.7136383e+00
   1.6900000e+02   4.7260246e+00
   1.7000000e+02   4.7386341e+00
   1.7100000e+02   4.7514687e+00
   1.7200000e+02   4.7645302e+00
   1.7300000e+02   4.7778206e+00
   1.7400000e+02   4.7913408e+00
   1.7500000e+02   4.8050933e+00
   1.7600000e+02   4.8190794e+00
   1.7700000e+02   4.8333015e+00
   1.7800000e+02   4.8477607e+00
   1.7900000e+02   4.8624597e+00
   1.8000000e+02   4.8773999e+00
   1.8100000e+02   4.9055901e+00
   1.8200000e+02   4.9340391e+00
   1.8300000e+02   4.9627509e+00
   1.8400000e+02   4.9917307e+00
   1.8500000e+02   5.0209818e+00
   1.8600000e+02   5.0505075e+00
   1.8700000e+02   5.0803103e+00
   1.8800000e+02   5.1103954e+00
   1.8900000e+02   5.1407671e+00
   1.9000000e+02   5.1714292e+00
   1.9100000e+02   5.2023854e+00
   1.9200000e+02   5.2336397e+00
   1.9300000e+02   5.2651954e+00
   1.9400000e+02   5.2970572e+00
   1.9500000e+02   5.3292289e+00
   1.9600000e+02   5.3617139e+00
   1.9700000e+02   5.3945179e+00
   1.9800000e+02   5.4276433e+00
   1.9900000e+02   5.4610949e+00
   2.0000000e+02   5.4948759e+00
   2.0100000e+02   5.5289903e+00
   2.0200000e+02   5.5634418e+00
   2.0300000e+02   5.5982356e+00
   2.0400000e+02   5.6333752e+00
   2.0500000e+02   5.6688652e+00
   2.0600000e+02   5.7047105e+00
   2.0700000e+02   5.7409139e+00
   2.0800000e+02   5.7774801e+00
   2.0900000e+02   5.8144131e+00
   2.1000000e+02   5.8517442e+00
   2.1100000e+02   5.8890834e+00
   2.1200000e+02   5.9267502e+00
   2.1300000e+02   5.9647527e+00
   2.1400000e+02   6.0030990e+00
   2.1500000e+02   6.0417972e+00
   2.1600000e+02   6.0808539e+00
   2.1700000e+02   6.1202774e+00
   2.1800000e+02   6.1600747e+00
   2.1900000e+02   6.2002511e+00
   2.2000000e+02   6.2408137e+00
   2.2100000e+02   6.2817688e+00
   2.2200000e+02   6.3231211e+00
   2.2300000e+02   6.3648777e+00
   2.2400000e+02   6.4070435e+00
   2.2500000e+02   6.4496241e+00
   2.2600000e+02   6.4926248e+00
   2.2700000e+02   6.5360503e+00
   2.2800000e+02   6.5799069e+00
   2.2900000e+02   6.6241989e+00
   2.3000000e+02   6.6689305e+00
   2.3100000e+02   6.7141056e+00
   2.3200000e+02   6.7597284e+00
   2.3300000e+02   6.8058038e+00
   2.3400000e+02   6.8523350e+00
   2.3500000e+02   6.8993258e+00
   2.3600000e+02   6.9467802e+00
   2.3700000e+02   6.9947000e+00
   2.3800000e+02   7.0430889e+00
   2.3900000e+02   7.0919499e+00
   2.4000000e+02   7.1412859e+00
   2.4100000e+02   7.2363343e+00
   2.4200000e+02   7.3316183e+00
   2.4300000e+02   7.4271417e+00
   2.4400000e+02   7.5229087e+00
   2.4500000e+02   7.6189241e+00
   2.4600000e+02   7.7151904e+00
   2.4700000e+02   7.8117108e+00
   2.4800000e+02   7.9084883e+00
   2.4900000e+02   8.0055246e+00
   2.5000000e+02   8.1028223e+00
   2.5100000e+02   8.2003851e+00
   2.5200000e+02   8.2982121e+00
   2.5300000e+02   8.3963041e+00
   2.5400000e+02   8.4946642e+00
   2.5500000e+02   8.5933113e+00
   2.5600000e+02   8.6923313e+00
   2.5700000e+02   8.7916212e+00
   2.5800000e+02   8.8911800e+00
   2.5900000e+02   8.9910059e+00
   2.6000000e+02   9.0910969e+00
   2.6100000e+02   9.1914492e+00
   2.6200000e+02   9.2920599e+00
   2.6300000e+02   9.3929243e+00
   2.6400000e+02   9.4940376e+00
   2.6500000e+02   9.5953960e+00
   2.6600000e+02   9.6969910e+00
   2.6700000e+02   9.7988195e+00
   2.6800000e+02   9.9008722e+00
   2.6900000e+02   1.0003145e+01
   2.7000000e+02   1.0105632e+01
   2.7100000e+02   1.0180573e+01
   2.7200000e+02   1.0255615e+01
   2.7300000e+02   1.0330784e+01
   2.7400000e+02   1.0406035e+01
   2.7500000e+02   1.0481375e+01
   2.7600000e+02   1.0556805e+01
   2.7700000e+02   1.0632321e+01
   2.7800000e+02   1.0707925e+01
   2.7900000e+02   1.0783613e+01
   2.8000000e+02   1.0859385e+01
   2.8100000e+02   1.0935236e+01
   2.8200000e+02   1.1011163e+01
   2.8300000e+02   1.1087159e+01
   2.8400000e+02   1.1163219e+01
   2.8500000e+02   1.1239336e+01
   2.8600000e+02   1.1315502e+01
   2.8700000e+02   1.1391708e+01
   2.8800000e+02   1.1468026e+01
   2.8900000e+02   1.1544372e+01
   2.9000000e+02   1.1620728e+01
   2.9100000e+02   1.1697078e+01
   2.9200000e+02   1.1773412e+01
   2.9300000e+02   1.1849715e+01
   2.9400000e+02   1.1925972e+01
   2.9500000e+02   1.2002170e+01
   2.9600000e+02   1.2078292e+01
   2.9700000e+02   1.2154323e+01
   2.9800000e+02   1.2230246e+01
   2.9900000e+02   1.2306046e+01
   3.0000000e+02   1.2381704e+01
   3.0100000e+02   1.2462726e+01
   3.0200000e+02   1.2543677e+01
   3.0300000e+02   1.2624537e+01
   3.0400000e+02   1.2705283e+01
   3.0500000e+02   1.2785898e+01
   3.0600000e+02   1.2866358e+01
   3.0700000e+02   1.2946643e+01
   3.0800000e+02   1.3026732e+01
   3.0900000e+02   1.3106605e+01
   3.1000000e+02   1.3186239e+01
   3.1100000e+02   1.3265615e+01
   3.1200000e+02   1.3344707e+01
   3.1300000e+02   1.3423500e+01
   3.1400000e+02   1.3501968e+01
   3.1500000e+02   1.3580091e+01
   3.1600000e+02   1.3657847e+01
   3.1700000e+02   1.3735216e+01
   3.1800000e+02   1.3812175e+01
   3.1900000e+02   1.3888704e+01
   3.2000000e+02   1.3964781e+01
   3.2100000e+02   1.4040383e+01
   3.2200000e+02   1.4115491e+01
   3.2300000e+02   1.4190084e+01
   3.2400000e+02   1.4264137e+01
   3.2500000e+02   1.4337634e+01
   3.2600000e+02   1.4410550e+01
   3.2700000e+02   1.4482867e+01
   3.2800000e+02   1.4554562e+01
   3.2900000e+02   1.4625617e+01
   3.3000000e+02   1.4696009e+01
   3.3100000e+02   1.4693915e+01
   3.3200000e+02   1.4690935e+01
   3.3300000e+02   1.4687057e+01
   3.3400000e+02   1.4682268e+01
   3.3500000e+02   1.4676560e+01
   3.3600000e+02   1.4669925e+01
   3.3700000e+02   1.4662350e+01
   3.3800000e+02   1.4653825e+01
   3.3900000e+02   1.4644342e+01
   3.4000000e+02   1.4633891e+01
   3.4100000e+02   1.4622465e+01
   3.4200000e+02   1.4610056e+01
   3.4300000e+02   1.4596657e+01
   3.4400000e+02   1.4582263e+01
   3.4500000e+02   1.4566867e+01
   3.4600000e+02   1.4550466e+01
   3.4700000e+02   1.4533053e+01
   3.4800000e+02   1.4514627e+01
   3.4900000e+02   1.4495184e+01
   3.5000000e+02   1.4474721e+01
   3.5100000e+02   1.4453238e+01
   3.5200000e+02   1.4430734e+01
   3.5300000e+02   1.4407207e+01
   3.5400000e+02   1.4382659e+01
   3.5500000e+02   1.4357091e+01
   3.5600000e+02   1.4330505e+01
   3.5700000e+02   1.4302903e+01
   3.5800000e+02   1.4274290e+01
   3.5900000e+02   1.4244668e+01
   7.1133672e-07   1.4214042e+01
   1.0000007e+00   1.4107437e+01
   2.0000007e+00   1.4000022e+01
   3.0000007e+00   1.3891819e+01
   4.0000010e+00   1.3782849e+01
   5.0000010e+00   1.3673137e+01
   6.0000010e+00   1.3562703e+01
   7.0000010e+00   1.3451574e+01
   8.0000010e+00   1.3339774e+01
   9.0000010e+00   1.3227325e+01
   1.0000001e+01   1.3114255e+01
   1.1000001e+01   1.3000587e+01
   1.2000001e+01   1.2886351e+01
   1.3000001e+01   1.2771570e+01
   1.4000001e+01   1.2656274e+01
   1.5000001e+01   1.2540489e+01
   1.6000000e+01   1.2424244e+01
   1.7000000e+01   1.2307565e+01
   1.8000000e+01   1.2190482e+01
   1.9000000e+01   1.2073023e+01
   2.0000000e+01   1.1955215e+01
   2.1000000e+01   1.1837089e+01
   2.2000000e+01   1.1718671e+01
   2.3000000e+01   1.1599991e+01
   2.4000000e+01   1.1481078e+01
   2.5000000e+01   1.1361961e+01
   2.6000000e+01   1.1242668e+01
   2.7000000e+01   1.1123228e+01
   2.8000000e+01   1.1003669e+01
   2.9000000e+01   1.0884020e+01
   3.0000000e+01   1.0764308e+01
   3.1000000e+01   1.0631266e+01
   3.2000000e+01   1.0498073e+01
   3.3000000e+01   1.0364760e+01
   3.4000000e+01   1.0231359e+01
   3.5000000e+01   1.0097899e+01
   3.6000000e+01   9.9644108e+00
   3.7000000e+01   9.8308992e+00
   3.8000000e+01   9.6974325e+00
   3.9000000e+01   9.5640430e+00
   4.0000000e+01   9.4307566e+00
   4.1000000e+01   9.2975979e+00
   4.2000000e+01   9.1645908e+00
   4.3000000e+01   9.0317612e+00
   4.4000000e+01   8.8991337e+00
   4.5000000e+01   8.7667313e+00
   4.6000000e+01   8.6345749e+00
   4.7000000e+01   8.5026903e+00
   4.8000000e+01   8.3710976e+00
   4.9000000e+01   8.2398195e+00
   5.0000000e+01   8.1088772e+00
   5.1000000e+01   7.9782896e+00
   5.2000000e+01   7.8480787e+00
   5.3000000e+01   7.7182627e+00
   5.4000000e+01   7.5888610e+00
   5.5000000e+01   7.4598918e+00
   5.6000000e+01   7.3313727e+00
   5.7000000e+01   7.2033210e+00
   5.8000000e+01   7.0757527e+00
   5.9000000e+01   6.9486847e+00
   6.0000000e+01   6.8221316e+00
   6.1000000e+01   6.7754331e+00
   6.2000000e+01   6.7288303e+00
   6.3000000e+01   6.6823320e+00
   6.4000000e+01   6.6359487e+00
   6.5000000e+01   6.5896897e+00
   6.6000000e+01   6.5435638e+00
   6.7000000e+01   6.4975815e+00
   6.8000000e+01   6.4517503e+00
   6.9000000e+01   6.4060802e+00
   7.0000000e+01   6.3605781e+00
   7.1000000e+01   6.3152509e+00
   7.2000000e+01   6.2701049e+00
   7.3000000e+01   6.2251492e+00
   7.4000000e+01   6.1803894e+00
   7.5000000e+01   6.1358323e+00
   7.6000000e+01   6.0914841e+00
   7.7000000e+01   6.0473509e+00
   7.8000000e+01   6.0034394e+00
   7.9000000e+01   5.9597540e+00
   8.0000000e+01   5.9163013e+00
   8.1000000e+01   5.8730860e+00
   8.2000000e+01   5.8301134e+00
   8.3000000e+01   5.7873874e+00
   8.4000000e+01   5.7449141e+00
   8.5000000e+01   5.7026963e+00
   8.6000000e+01   5.6607385e+00
   8.7000000e+01   5.6190453e+00
   8.8000000e+01   5.5776191e+00
   8.9000000e+01   5.5364647e+00
   9.0000000e+01   5.4955845e+00
   9.1000000e+01   5.4586644e+00
   9.2000000e+01   5.4220057e+00
   9.3000000e+01   5.3856120e+00
   9.4000000e+01   5.3494859e+00
   9.5000000e+01   5.3136301e+00
   9.6000000e+01   5.2780476e+00
   9.7000000e+01   5.2427402e+00
   9.8000000e+01   5.2077103e+00
   9.9000000e+01   5.1729603e+00
   1.0000000e+02   5.1384912e+00
   1.0100000e+02   5.1043053e+00
   1.0200000e+02   5.0704041e+00
   1.0300000e+02   5.0367894e+00
   1.0400000e+02   5.0034614e+00
   1.0500000e+02   4.9704223e+00
   1.0600000e+02   4.9376717e+00
   1.0700000e+02   4.9052114e+00
   1.0800000e+02   4.8730416e+00
   1.0900000e+02   4.8411632e+00
   1.1000000e+02   4.8095765e+00
   1.1100000e+02   4.7782826e+00
   1.1200000e+02   4.7472806e+00
   1.1300000e+02   4.7165704e+00
   1.1400000e+02   4.6861520e+00
   1.1500000e+02   4.6560254e+00
   1.1600000e+02   4.6261902e+00
   1.1700000e+02   4.5966454e+00
   1.1800000e+02   4.5673909e+00
   1.1900000e+02   4.5384264e+00
   1.2000000e+02   4.5097508e+00
   1.2100000e+02   4.4956250e+00
   1.2200000e+02   4.4817181e+00
   1.2300000e+02   4.4680300e+00
   1.2400000e+02   4.4545622e+00
   1.2500000e+02   4.4413147e+00
   1.2600000e+02   4.4282880e+00
   1.2700000e+02   4.4154825e+00
   1.2800000e+02   4.4028993e+00
   1.2900000e+02   4.3905377e+00
   1.3000000e+02   4.3783984e+00
   1.3100000e+02   4.3664818e+00
   1.3200000e+02   4.3547883e+00
   1.3300000e+02   4.3433170e+00
   1.3400000e+02   4.3320694e+00
   1.3500000e+02   4.3210444e+00
   1.3600000e+02   4.3102427e+00
   1.3700000e+02   4.2996635e+00
   1.3800000e+02   4.2893076e+00
   1.3900000e+02   4.2791748e+00
   1.4000000e+02   4.2692642e+00
   1.4100000e+02   4.2595763e+00
   1.4200000e+02   4.2501111e+00
   1.4300000e+02   4.2408681e+00
   1.4400000e+02   4.2318463e+00
   1.4500000e+02   4.2230468e+00
   1.4600000e+02   4.2144685e+00
   1.4700000e+02   4.2061114e+00
   1.4800000e+02   4.1979752e+00
   1.4900000e+02   4.1900592e+00
   1.5000000e+02   4.1823630e+00
   1.5100000e+02   4.1903119e+00
   1.5200000e+02   4.1984458e+00
   1.5300000e+02   4.2067661e+00
   1.5400000e+02   4.2152748e+00
   1.5500000e+02   4.2239733e+00
   1.5600000e+02   4.2328639e+00
   1.5700000e+02   4.2419467e+00
   1.5800000e+02   4.2512250e+00
   1.5900000e+02   4.2606997e+00
   1.6000000e+02   4.2703724e+00
   1.6100000e+02   4.2802448e+00
   1.6200000e+02   4.2903185e+00
   1.6300000e+02   4.3005953e+00
   1.6400000e+02   4.3110766e+00
   1.6500000e+02   4.3217640e+00
   1.6600000e+02   4.3326597e+00
   1.6700000e+02   4.3437643e+00
   1.6800000e+02   4.3550801e+00
   1.6900000e+02   4.3666091e+00
   1.7000000e+02   4.3783512e+00
   1.7100000e+02   4.3903098e+00
   1.7200000e+02   4.4024858e+00
   1.7300000e+02   4.4148803e+00
   1.7400000e+02   4.4274955e+00
   1.7500000e+02   4.4403329e+00
   1.7600000e+02   4.4533935e+00
   1.7700000e+02   4.4666800e+00
   1.7800000e+02   4.4801931e+00
   1.7900000e+02   4.4939342e+00
   1.8000000e+02   4.5079055e+00
   1.8100000e+02   4.5346632e+00
   1.8200000e+02   4.5616674e+00
   1.8300000e+02   4.5889220e+00
   1.8400000e+02   4.6164298e+00
   1.8500000e+02   4.6441941e+00
   1.8600000e+02   4.6722188e+00
   1.8700000e+02   4.7005072e+00
   1.8800000e+02   4.7290621e+00
   1.8900000e+02   4.7578874e+00
   1.9000000e+02   4.7869864e+00
   1.9100000e+02   4.8163624e+00
   1.9200000e+02   4.8460193e+00
   1.9300000e+02   4.8759599e+00
   1.9400000e+02   4.9061875e+00
   1.9500000e+02   4.9367061e+00
   1.9600000e+02   4.9675183e+00
   1.9700000e+02   4.9986281e+00
   1.9800000e+02   5.0300393e+00
   1.9900000e+02   5.0617547e+00
   2.0000000e+02   5.0937777e+00
   2.0100000e+02   5.1261115e+00
   2.0200000e+02   5.1587601e+00
   2.0300000e+02   5.1917262e+00
   2.0400000e+02   5.2250142e+00
   2.0500000e+02   5.2586260e+00
   2.0600000e+02   5.2925663e+00
   2.0700000e+02   5.3268371e+00
   2.0800000e+02   5.3614435e+00
   2.0900000e+02   5.3963885e+00
   2.1000000e+02   5.4316750e+00
   2.1100000e+02   5.4684534e+00
   2.1200000e+02   5.5055914e+00
   2.1300000e+02   5.5430908e+00
   2.1400000e+02   5.5809560e+00
   2.1500000e+02   5.6191893e+00
   2.1600000e+02   5.6577950e+00
   2.1700000e+02   5.6967759e+00
   2.1800000e+02   5.7361350e+00
   2.1900000e+02   5.7758756e+00
   2.2000000e+02   5.8160014e+00
   2.2100000e+02   5.8565149e+00
   2.2200000e+02   5.8974195e+00
   2.2300000e+02   5.9387178e+00
   2.2400000e+02   5.9804134e+00
   2.2500000e+02   6.0225086e+00
   2.2600000e+02   6.0650067e+00
   2.2700000e+02   6.1079106e+00
   2.2800000e+02   6.1512232e+00
   2.2900000e+02   6.1949463e+00
   2.3000000e+02   6.2390838e+00
   2.3100000e+02   6.2836370e+00
   2.3200000e+02   6.3286095e+00
   2.3300000e+02   6.3740029e+00
   2.3400000e+02   6.4198203e+00
   2.3500000e+02   6.4660630e+00
   2.3600000e+02   6.5127344e+00
   2.3700000e+02   6.5598350e+00
   2.3800000e+02   6.6073680e+00
   2.3900000e+02   6.6553345e+00
   2.4000000e+02   6.7037368e+00
   2.4100000e+02   6.7726240e+00
   2.4200000e+02   6.8418341e+00
   2.4300000e+02   6.9113684e+00
   2.4400000e+02   6.9812284e+00
   2.4500000e+02   7.0514154e+00
   2.4600000e+02   7.1219306e+00
   2.4700000e+02   7.1927738e+00
   2.4800000e+02   7.2639470e+00
   2.4900000e+02   7.3354492e+00
   2.5000000e+02   7.4072814e+00
   2.5100000e+02   7.4794431e+00
   2.5200000e+02   7.5519338e+00
   2.5300000e+02   7.6247530e+00
   2.5400000e+02   7.6978993e+00
   2.5500000e+02   7.7713718e+00
   2.5600000e+02   7.8451691e+00
   2.5700000e+02   7.9192891e+00
   2.5800000e+02   7.9937301e+00
   2.5900000e+02   8.0684900e+00
   2.6000000e+02   8.1435652e+00
   2.6100000e+02   8.2189531e+00
   2.6200000e+02   8.2946510e+00
   2.6300000e+02   8.3706551e+00
   2.6400000e+02   8.4469614e+00
   2.6500000e+02   8.5235653e+00
   2.6600000e+02   8.6004620e+00
   2.6700000e+02   8.6776476e+00
   2.6800000e+02   8.7551155e+00
   2.6900000e+02   8.8328609e+00
   2.7000000e+02   8.9108782e+00
   2.7100000e+02   8.9876747e+00
   2.7200000e+02   9.0648403e+00
   2.7300000e+02   9.1423683e+00
   2.7400000e+02   9.2202501e+00
   2.7500000e+02   9.2984781e+00
   2.7600000e+02   9.3770409e+00
   2.7700000e+02   9.4559326e+00
   2.7800000e+02   9.5351410e+00
   2.7900000e+02   9.6146564e+00
   2.8000000e+02   9.6944704e+00
   2.8100000e+02   9.7745695e+00
   2.8200000e+02   9.8549442e+00
   2.8300000e+02   9.9355822e+00
   2.8400000e+02   1.0016472e+01
   2.8500000e+02   1.0097600e+01
   2.8600000e+02   1.0178955e+01
   2.8700000e+02   1.0260524e+01
   2.8800000e+02   1.0342292e+01
   2.8900000e+02   1.0424245e+01
   2.9000000e+02   1.0506370e+01
   2.9100000e+02   1.0588652e+01
   2.9200000e+02   1.0671075e+01
   2.9300000e+02   1.0753625e+01
   2.9400000e+02   1.0836285e+01
   2.9500000e+02   1.0919039e+01
   2.9600000e+02   1.1001870e+01
   2.9700000e+02   1.1084764e+01
   2.9800000e+02   1.1167700e+01
   2.9900000e+02   1.1250664e+01
   3.0000000e+02   1.1333634e+01
   3.0100000e+02   1.1408184e+01
   3.0200000e+02   1.1482527e+01
   3.0300000e+02   1.1556642e+01
   3.0400000e+02   1.1630511e+01
   3.0500000e+02   1.1704115e+01
   3.0600000e+02   1.1777433e+01
   3.0700000e+02   1.1850447e+01
   3.0800000e+02   1.1923134e+01
   3.0900000e+02   1.1995476e+01
   3.1000000e+02   1.2067451e+01
   3.1100000e+02   1.2139037e+01
   3.1200000e+02   1.2210216e+01
   3.1300000e+02   1.2280965e+01
   3.1400000e+02   1.2351263e+01
   3.1500000e+02   1.2421089e+01
   3.1600000e+02   1.2490421e+01
   3.1700000e+02   1.2559239e+01
   3.1800000e+02   1.2627521e+01
   3.1900000e+02   1.2695244e+01
   3.2000000e+02   1.2762388e+01
   3.2100000e+02   1.2828931e+01
   3.2200000e+02   1.2894852e+01
   3.2300000e+02   1.2960128e+01
   3.2400000e+02   1.3024739e+01
   3.2500000e+02   1.3088664e+01
   3.2600000e+02   1.3151881e+01
   3.2700000e+02   1.3214371e+01
   3.2800000e+02   1.3276109e+01
   3.2900000e+02   1.3337078e+01
   3.3000000e+02   1.3397257e+01
   3.3100000e+02   1.3387871e+01
   3.3200000e+02   1.3377756e+01
   3.3300000e+02   1.3366908e+01
   3.3400000e+02   1.3355317e+01
   3.3500000e+02   1.3342977e+01
   3.3600000e+02   1.3329880e+01
   3.3700000e+02   1.3316019e+01
   3.3800000e+02   1.3301391e+01
   3.3900000e+02   1.3285988e+01
   3.4000000e+02   1.3269807e+01
   3.4100000e+02   1.3252843e+01
   3.4200000e+02   1.3235092e+01
   3.4300000e+02   1.3216551e+01
   3.4400000e+02   1.3197218e+01
   3.4500000e+02   1.3177090e+01
   3.4600000e+02   1.3156166e+01
   3.4700000e+02   1.3134445e+01
   3.4800000e+02   1.3111926e+01
   3.4900000e+02   1.3088603e+01
   3.5000000e+02   1.3064439e+01
   3.5100000e+02   1.3039500e+01
   3.5200000e+02   1.3013793e+01
   3.5300000e+02   1.2987324e+01
   3.5400000e+02   1.2960095e+01
   3.5500000e+02   1.2932114e+01
   3.5600000e+02   1.2903385e+01
   3.5700000e+02   1.2873916e+01
   3.5800000e+02   1.2843712e+01
   3.5900000e+02   1.2812780e+01
   1.4226848e-06   1.2781129e+01
