   0.0000000e+00   3.1236421e-19
   1.0000000e+00   5.2058836e-04
   2.0000000e+00   3.7118199e-03
   3.0000000e+00   6.9426345e-03
   4.0000000e+00   1.0208975e-02
   5.0000000e+00   1.3509724e-02
   6.0000000e+00   1.6844567e-02
   7.0000000e+00   2.0213077e-02
   8.0000000e+00   2.3616545e-02
   9.0000000e+00   2.7055522e-02
   1.0000000e+01   3.0531555e-02
   1.1000000e+01   3.4045469e-02
   1.2000000e+01   3.7598308e-02
   1.3000000e+01   4.1189577e-02
   1.4000000e+01   4.4820394e-02
   1.5000000e+01   4.8488636e-02
   1.6000000e+01   5.2193183e-02
   1.7000000e+01   5.5934623e-02
   1.8000000e+01   5.9712086e-02
   1.9000000e+01   6.3524507e-02
   2.0000000e+01   6.7372881e-02
   2.1000000e+01   7.1257509e-02
   2.2000000e+01   7.5178310e-02
   2.3000000e+01   7.9134986e-02
   2.4000000e+01   8.3127052e-02
   2.5000000e+01   8.7154604e-02
   2.6000000e+01   9.1217123e-02
   2.7000000e+01   9.5314458e-02
   2.8000000e+01   9.9446177e-02
   2.9000000e+01   1.0361232e-01
   3.0000000e+01   1.0781257e-01
   3.1000000e+01   1.1339440e-01
   3.2000000e+01   1.1911093e-01
   3.3000000e+01   1.2496363e-01
   3.4000000e+01   1.3095544e-01
   3.5000000e+01   1.3708822e-01
   3.6000000e+01   1.4336534e-01
   3.7000000e+01   1.4978911e-01
   3.8000000e+01   1.5636192e-01
   3.9000000e+01   1.6308682e-01
   4.0000000e+01   1.6996635e-01
   4.1000000e+01   1.7700304e-01
   4.2000000e+01   1.8419950e-01
   4.3000000e+01   1.9155857e-01
   4.4000000e+01   1.9908731e-01
   4.5000000e+01   2.0679301e-01
   4.6000000e+01   2.1468037e-01
   4.7000000e+01   2.2275423e-01
   4.8000000e+01   2.3101759e-01
   4.9000000e+01   2.3947246e-01
   5.0000000e+01   2.4812366e-01
   5.1000000e+01   2.5697568e-01
   5.2000000e+01   2.6603562e-01
   5.3000000e+01   2.7531344e-01
   5.4000000e+01   2.8481483e-01
   5.5000000e+01   2.9454580e-01
   5.6000000e+01   3.0446288e-01
   5.7000000e+01   3.1449986e-01
   5.8000000e+01   3.2465056e-01
   5.9000000e+01   3.3491001e-01
   6.0000000e+01   3.4512538e-01
   6.1000000e+01   3.5660625e-01
   6.2000000e+01   3.6781576e-01
   6.3000000e+01   3.7880167e-01
   6.4000000e+01   3.8959712e-01
   6.5000000e+01   4.0037161e-01
   6.6000000e+01   4.1112819e-01
   6.7000000e+01   4.2185488e-01
   6.8000000e+01   4.3252450e-01
   6.9000000e+01   4.4312507e-01
   7.0000000e+01   4.5364785e-01
   7.1000000e+01   4.6408454e-01
   7.2000000e+01   4.7440377e-01
   7.3000000e+01   4.8459005e-01
   7.4000000e+01   4.9463594e-01
   7.5000000e+01   5.0454050e-01
   7.6000000e+01   5.1430184e-01
   7.7000000e+01   5.2391684e-01
   7.8000000e+01   5.3338253e-01
   7.9000000e+01   5.4263467e-01
   8.0000000e+01   5.5167300e-01
   8.1000000e+01   5.6049645e-01
   8.2000000e+01   5.6910449e-01
   8.3000000e+01   5.7749736e-01
   8.4000000e+01   5.8566356e-01
   8.5000000e+01   5.9360218e-01
   8.6000000e+01   6.0132706e-01
   8.7000000e+01   6.0885566e-01
   8.8000000e+01   6.1619943e-01
   8.9000000e+01   6.2336850e-01
   9.0000000e+01   6.3037223e-01
   9.1000000e+01   6.3275933e-01
   9.2000000e+01   6.3504416e-01
   9.3000000e+01   6.3723481e-01
   9.4000000e+01   6.3933837e-01
   9.5000000e+01   6.4136159e-01
   9.6000000e+01   6.4331061e-01
   9.7000000e+01   6.4519113e-01
   9.8000000e+01   6.4700842e-01
   9.9000000e+01   6.4876729e-01
   1.0000000e+02   6.5047222e-01
   1.0100000e+02   6.5212715e-01
   1.0200000e+02   6.5373582e-01
   1.0300000e+02   6.5530193e-01
   1.0400000e+02   6.5682894e-01
   1.0500000e+02   6.5831977e-01
   1.0600000e+02   6.5977722e-01
   1.0700000e+02   6.6120374e-01
   1.0800000e+02   6.6260171e-01
   1.0900000e+02   6.6397303e-01
   1.1000000e+02   6.6531974e-01
   1.1100000e+02   6.6664362e-01
   1.1200000e+02   6.6794640e-01
   1.1300000e+02   6.6922975e-01
   1.1400000e+02   6.7049503e-01
   1.1500000e+02   6.7174369e-01
   1.1600000e+02   6.7297697e-01
   1.1700000e+02   6.7419589e-01
   1.1800000e+02   6.7540157e-01
   1.1900000e+02   6.7659497e-01
   1.2000000e+02   6.7777717e-01
   1.2100000e+02   6.7806697e-01
   1.2200000e+02   6.7835206e-01
   1.2300000e+02   6.7863268e-01
   1.2400000e+02   6.7890918e-01
   1.2500000e+02   6.7918187e-01
   1.2600000e+02   6.7945105e-01
   1.2700000e+02   6.7971694e-01
   1.2800000e+02   6.7997974e-01
   1.2900000e+02   6.8023968e-01
   1.3000000e+02   6.8049675e-01
   1.3100000e+02   6.8075132e-01
   1.3200000e+02   6.8100345e-01
   1.3300000e+02   6.8125325e-01
   1.3400000e+02   6.8150091e-01
   1.3500000e+02   6.8174654e-01
   1.3600000e+02   6.8199015e-01
   1.3700000e+02   6.8223208e-01
   1.3800000e+02   6.8247241e-01
   1.3900000e+02   6.8271142e-01
   1.4000000e+02   6.8294924e-01
   1.4100000e+02   6.8318588e-01
   1.4200000e+02   6.8342137e-01
   1.4300000e+02   6.8365580e-01
   1.4400000e+02   6.8388933e-01
   1.4500000e+02   6.8412185e-01
   1.4600000e+02   6.8435365e-01
   1.4700000e+02   6.8458480e-01
   1.4800000e+02   6.8481541e-01
   1.4900000e+02   6.8504548e-01
   1.5000000e+02   6.8527532e-01
   1.5100000e+02   6.8454665e-01
   1.5200000e+02   6.8381858e-01
   1.5300000e+02   6.8309122e-01
   1.5400000e+02   6.8236464e-01
   1.5500000e+02   6.8163872e-01
   1.5600000e+02   6.8091351e-01
   1.5700000e+02   6.8018895e-01
   1.5800000e+02   6.7946512e-01
   1.5900000e+02   6.7874187e-01
   1.6000000e+02   6.7801929e-01
   1.6100000e+02   6.7729735e-01
   1.6200000e+02   6.7657602e-01
   1.6300000e+02   6.7585540e-01
   1.6400000e+02   6.7513537e-01
   1.6500000e+02   6.7441595e-01
   1.6600000e+02   6.7369717e-01
   1.6700000e+02   6.7297900e-01
   1.6800000e+02   6.7226148e-01
   1.6900000e+02   6.7154455e-01
   1.7000000e+02   6.7082822e-01
   1.7100000e+02   6.7011255e-01
   1.7200000e+02   6.6939759e-01
   1.7300000e+02   6.6868317e-01
   1.7400000e+02   6.6796941e-01
   1.7500000e+02   6.6725636e-01
   1.7600000e+02   6.6654390e-01
   1.7700000e+02   6.6583204e-01
   1.7800000e+02   6.6512090e-01
   1.7900000e+02   6.6441035e-01
   1.8000000e+02   6.6370040e-01
   1.8100000e+02   6.6220254e-01
   1.8200000e+02   6.6070533e-01
   1.8300000e+02   6.5920860e-01
   1.8400000e+02   6.5771252e-01
   1.8500000e+02   6.5621704e-01
   1.8600000e+02   6.5472209e-01
   1.8700000e+02   6.5322775e-01
   1.8800000e+02   6.5173393e-01
   1.8900000e+02   6.5024060e-01
   1.9000000e+02   6.4874786e-01
   1.9100000e+02   6.4725566e-01
   1.9200000e+02   6.4576387e-01
   1.9300000e+02   6.4427269e-01
   1.9400000e+02   6.4278203e-01
   1.9500000e+02   6.4129180e-01
   1.9600000e+02   6.3980198e-01
   1.9700000e+02   6.3831270e-01
   1.9800000e+02   6.3682377e-01
   1.9900000e+02   6.3533533e-01
   2.0000000e+02   6.3384730e-01
   2.0100000e+02   6.3235962e-01
   2.0200000e+02   6.3087237e-01
   2.0300000e+02   6.2938547e-01
   2.0400000e+02   6.2789887e-01
   2.0500000e+02   6.2641257e-01
   2.0600000e+02   6.2492657e-01
   2.0700000e+02   6.2344074e-01
   2.0800000e+02   6.2195516e-01
   2.0900000e+02   6.2046975e-01
   2.1000000e+02   6.1898458e-01
   2.1100000e+02   6.1755615e-01
   2.1200000e+02   6.1612958e-01
   2.1300000e+02   6.1470455e-01
   2.1400000e+02   6.1328101e-01
   2.1500000e+02   6.1185861e-01
   2.1600000e+02   6.1043721e-01
   2.1700000e+02   6.0901672e-01
   2.1800000e+02   6.0759687e-01
   2.1900000e+02   6.0617769e-01
   2.2000000e+02   6.0475892e-01
   2.2100000e+02   6.0334045e-01
   2.2200000e+02   6.0192215e-01
   2.2300000e+02   6.0050398e-01
   2.2400000e+02   5.9908581e-01
   2.2500000e+02   5.9766752e-01
   2.2600000e+02   5.9624904e-01
   2.2700000e+02   5.9483033e-01
   2.2800000e+02   5.9341127e-01
   2.2900000e+02   5.9199172e-01
   2.3000000e+02   5.9057170e-01
   2.3100000e+02   5.8915114e-01
   2.3200000e+02   5.8773005e-01
   2.3300000e+02   5.8630818e-01
   2.3400000e+02   5.8488560e-01
   2.3500000e+02   5.8346224e-01
   2.3600000e+02   5.8203810e-01
   2.3700000e+02   5.8061320e-01
   2.3800000e+02   5.7918739e-01
   2.3900000e+02   5.7776070e-01
   2.4000000e+02   5.7633311e-01
   2.4100000e+02   5.7150984e-01
   2.4200000e+02   5.6669724e-01
   2.4300000e+02   5.6189525e-01
   2.4400000e+02   5.5710369e-01
   2.4500000e+02   5.5232239e-01
   2.4600000e+02   5.4755121e-01
   2.4700000e+02   5.4279000e-01
   2.4800000e+02   5.3803861e-01
   2.4900000e+02   5.3329694e-01
   2.5000000e+02   5.2856475e-01
   2.5100000e+02   5.2384192e-01
   2.5200000e+02   5.1912838e-01
   2.5300000e+02   5.1442385e-01
   2.5400000e+02   5.0972831e-01
   2.5500000e+02   5.0504160e-01
   2.5600000e+02   5.0036365e-01
   2.5700000e+02   4.9569499e-01
   2.5800000e+02   4.9103564e-01
   2.5900000e+02   4.8638549e-01
   2.6000000e+02   4.8174453e-01
   2.6100000e+02   4.7711280e-01
   2.6200000e+02   4.7249022e-01
   2.6300000e+02   4.6787676e-01
   2.6400000e+02   4.6327239e-01
   2.6500000e+02   4.5867720e-01
   2.6600000e+02   4.5409110e-01
   2.6700000e+02   4.4951418e-01
   2.6800000e+02   4.4494635e-01
   2.6900000e+02   4.4038764e-01
   2.7000000e+02   4.3583801e-01
   2.7100000e+02   4.3311822e-01
   2.7200000e+02   4.3040675e-01
   2.7300000e+02   4.2770299e-01
   2.7400000e+02   4.2500645e-01
   2.7500000e+02   4.2231655e-01
   2.7600000e+02   4.1963270e-01
   2.7700000e+02   4.1695461e-01
   2.7800000e+02   4.1428170e-01
   2.7900000e+02   4.1161361e-01
   2.8000000e+02   4.0894985e-01
   2.8100000e+02   4.0629008e-01
   2.8200000e+02   4.0363386e-01
   2.8300000e+02   4.0098092e-01
   2.8400000e+02   3.9833090e-01
   2.8500000e+02   3.9568350e-01
   2.8600000e+02   3.9303839e-01
   2.8700000e+02   3.9039531e-01
   2.8800000e+02   3.8775402e-01
   2.8900000e+02   3.8511503e-01
   2.9000000e+02   3.8247815e-01
   2.9100000e+02   3.7984338e-01
   2.9200000e+02   3.7721059e-01
   2.9300000e+02   3.7457973e-01
   2.9400000e+02   3.7195066e-01
   2.9500000e+02   3.6932334e-01
   2.9600000e+02   3.6669773e-01
   2.9700000e+02   3.6407381e-01
   2.9800000e+02   3.6145145e-01
   2.9900000e+02   3.5883069e-01
   3.0000000e+02   3.5621148e-01
   3.0100000e+02   3.5359976e-01
   3.0200000e+02   3.5098943e-01
   3.0300000e+02   3.4838060e-01
   3.0400000e+02   3.4577325e-01
   3.0500000e+02   3.4316736e-01
   3.0600000e+02   3.4056297e-01
   3.0700000e+02   3.3796003e-01
   3.0800000e+02   3.3535853e-01
   3.0900000e+02   3.3275843e-01
   3.1000000e+02   3.3015969e-01
   3.1100000e+02   3.2756227e-01
   3.1200000e+02   3.2496616e-01
   3.1300000e+02   3.2237127e-01
   3.1400000e+02   3.1977758e-01
   3.1500000e+02   3.1718498e-01
   3.1600000e+02   3.1459343e-01
   3.1700000e+02   3.1200287e-01
   3.1800000e+02   3.0941322e-01
   3.1900000e+02   3.0682439e-01
   3.2000000e+02   3.0423632e-01
   3.2100000e+02   3.0164891e-01
   3.2200000e+02   2.9906207e-01
   3.2300000e+02   2.9647577e-01
   3.2400000e+02   2.9388988e-01
   3.2500000e+02   2.9130432e-01
   3.2600000e+02   2.8871903e-01
   3.2700000e+02   2.8613392e-01
   3.2800000e+02   2.8354883e-01
   3.2900000e+02   2.8096375e-01
   3.3000000e+02   2.7837858e-01
   3.3100000e+02   2.7970225e-01
   3.3200000e+02   2.8102770e-01
   3.3300000e+02   2.8235492e-01
   3.3400000e+02   2.8368390e-01
   3.3500000e+02   2.8501463e-01
   3.3600000e+02   2.8634712e-01
   3.3700000e+02   2.8768137e-01
   3.3800000e+02   2.8901753e-01
   3.3900000e+02   2.9035559e-01
   3.4000000e+02   2.9169556e-01
   3.4100000e+02   2.9303756e-01
   3.4200000e+02   2.9438159e-01
   3.4300000e+02   2.9572767e-01
   3.4400000e+02   2.9707581e-01
   3.4500000e+02   2.9842612e-01
   3.4600000e+02   2.9977858e-01
   3.4700000e+02   3.0113325e-01
   3.4800000e+02   3.0249017e-01
   3.4900000e+02   3.0384934e-01
   3.5000000e+02   3.0521086e-01
   3.5100000e+02   3.0657470e-01
   3.5200000e+02   3.0794096e-01
   3.5300000e+02   3.0930960e-01
   3.5400000e+02   3.1068075e-01
   3.5500000e+02   3.1205434e-01
   3.5600000e+02   3.1343049e-01
   3.5700000e+02   3.1480914e-01
   3.5800000e+02   3.1619042e-01
   3.5900000e+02   3.1757429e-01
   7.1133672e-07   3.1896085e-01
   1.0000007e+00   3.2398790e-01
   2.0000007e+00   3.2900405e-01
   3.0000007e+00   3.3400932e-01
   4.0000010e+00   3.3900365e-01
   5.0000010e+00   3.4398714e-01
   6.0000010e+00   3.4895974e-01
   7.0000010e+00   3.5392156e-01
   8.0000010e+00   3.5887256e-01
   9.0000010e+00   3.6381277e-01
   1.0000001e+01   3.6874223e-01
   1.1000001e+01   3.7366101e-01
   1.2000001e+01   3.7856907e-01
   1.3000001e+01   3.8346648e-01
   1.4000001e+01   3.8835326e-01
   1.5000001e+01   3.9322937e-01
   1.6000000e+01   3.9809489e-01
   1.7000000e+01   4.0294978e-01
   1.8000000e+01   4.0779412e-01
   1.9000000e+01   4.1262788e-01
   2.0000000e+01   4.1745105e-01
   2.1000000e+01   4.2226374e-01
   2.2000000e+01   4.2706591e-01
   2.3000000e+01   4.3185762e-01
   2.4000000e+01   4.3663883e-01
   2.5000000e+01   4.4140962e-01
   2.6000000e+01   4.4616997e-01
   2.7000000e+01   4.5091993e-01
   2.8000000e+01   4.5565948e-01
   2.9000000e+01   4.6038869e-01
   3.0000000e+01   4.6510753e-01
   3.1000000e+01   4.7057566e-01
   3.2000000e+01   4.7603974e-01
   3.3000000e+01   4.8149973e-01
   3.4000000e+01   4.8695564e-01
   3.5000000e+01   4.9240750e-01
   3.6000000e+01   4.9785528e-01
   3.7000000e+01   5.0329900e-01
   3.8000000e+01   5.0873792e-01
   3.9000000e+01   5.1417196e-01
   4.0000000e+01   5.1960135e-01
   4.1000000e+01   5.2502620e-01
   4.2000000e+01   5.3044659e-01
   4.3000000e+01   5.3586268e-01
   4.4000000e+01   5.4127461e-01
   4.5000000e+01   5.4668254e-01
   4.6000000e+01   5.5208647e-01
   4.7000000e+01   5.5748653e-01
   4.8000000e+01   5.6288284e-01
   4.9000000e+01   5.6827557e-01
   5.0000000e+01   5.7366472e-01
   5.1000000e+01   5.7905048e-01
   5.2000000e+01   5.8443284e-01
   5.3000000e+01   5.8981198e-01
   5.4000000e+01   5.9518790e-01
   5.5000000e+01   6.0056078e-01
   5.6000000e+01   6.0593063e-01
   5.7000000e+01   6.1129749e-01
   5.8000000e+01   6.1666155e-01
   5.9000000e+01   6.2202275e-01
   6.0000000e+01   6.2738121e-01
   6.1000000e+01   6.2862629e-01
   6.2000000e+01   6.2987196e-01
   6.3000000e+01   6.3111836e-01
   6.4000000e+01   6.3236541e-01
   6.5000000e+01   6.3361311e-01
   6.6000000e+01   6.3486147e-01
   6.7000000e+01   6.3611048e-01
   6.8000000e+01   6.3736016e-01
   6.9000000e+01   6.3861048e-01
   7.0000000e+01   6.3986158e-01
   7.1000000e+01   6.4111334e-01
   7.2000000e+01   6.4236587e-01
   7.3000000e+01   6.4361912e-01
   7.4000000e+01   6.4487314e-01
   7.5000000e+01   6.4612794e-01
   7.6000000e+01   6.4738357e-01
   7.7000000e+01   6.4864004e-01
   7.8000000e+01   6.4989728e-01
   7.9000000e+01   6.5115535e-01
   8.0000000e+01   6.5241426e-01
   8.1000000e+01   6.5367401e-01
   8.2000000e+01   6.5493459e-01
   8.3000000e+01   6.5619606e-01
   8.4000000e+01   6.5745836e-01
   8.5000000e+01   6.5872163e-01
   8.6000000e+01   6.5998566e-01
   8.7000000e+01   6.6125059e-01
   8.8000000e+01   6.6251642e-01
   8.9000000e+01   6.6378313e-01
   9.0000000e+01   6.6505075e-01
   9.1000000e+01   6.6614294e-01
   9.2000000e+01   6.6723537e-01
   9.3000000e+01   6.6832793e-01
   9.4000000e+01   6.6942078e-01
   9.5000000e+01   6.7051381e-01
   9.6000000e+01   6.7160696e-01
   9.7000000e+01   6.7270035e-01
   9.8000000e+01   6.7379385e-01
   9.9000000e+01   6.7488760e-01
   1.0000000e+02   6.7598146e-01
   1.0100000e+02   6.7707545e-01
   1.0200000e+02   6.7816961e-01
   1.0300000e+02   6.7926395e-01
   1.0400000e+02   6.8035835e-01
   1.0500000e+02   6.8145293e-01
   1.0600000e+02   6.8254757e-01
   1.0700000e+02   6.8364239e-01
   1.0800000e+02   6.8473732e-01
   1.0900000e+02   6.8583238e-01
   1.1000000e+02   6.8692750e-01
   1.1100000e+02   6.8802279e-01
   1.1200000e+02   6.8911815e-01
   1.1300000e+02   6.9021356e-01
   1.1400000e+02   6.9130915e-01
   1.1500000e+02   6.9240481e-01
   1.1600000e+02   6.9350052e-01
   1.1700000e+02   6.9459641e-01
   1.1800000e+02   6.9569230e-01
   1.1900000e+02   6.9678837e-01
   1.2000000e+02   6.9788444e-01
   1.2100000e+02   6.9814157e-01
   1.2200000e+02   6.9839883e-01
   1.2300000e+02   6.9865608e-01
   1.2400000e+02   6.9891340e-01
   1.2500000e+02   6.9917071e-01
   1.2600000e+02   6.9942808e-01
   1.2700000e+02   6.9968545e-01
   1.2800000e+02   6.9994289e-01
   1.2900000e+02   7.0020044e-01
   1.3000000e+02   7.0045793e-01
   1.3100000e+02   7.0071548e-01
   1.3200000e+02   7.0097309e-01
   1.3300000e+02   7.0123070e-01
   1.3400000e+02   7.0148844e-01
   1.3500000e+02   7.0174611e-01
   1.3600000e+02   7.0200390e-01
   1.3700000e+02   7.0226169e-01
   1.3800000e+02   7.0251954e-01
   1.3900000e+02   7.0277745e-01
   1.4000000e+02   7.0303535e-01
   1.4100000e+02   7.0329338e-01
   1.4200000e+02   7.0355141e-01
   1.4300000e+02   7.0380950e-01
   1.4400000e+02   7.0406759e-01
   1.4500000e+02   7.0432574e-01
   1.4600000e+02   7.0458400e-01
   1.4700000e+02   7.0484221e-01
   1.4800000e+02   7.0510054e-01
   1.4900000e+02   7.0535886e-01
   1.5000000e+02   7.0561731e-01
   1.5100000e+02   7.0492482e-01
   1.5200000e+02   7.0423245e-01
   1.5300000e+02   7.0354021e-01
   1.5400000e+02   7.0284802e-01
   1.5500000e+02   7.0215583e-01
   1.5600000e+02   7.0146382e-01
   1.5700000e+02   7.0077193e-01
   1.5800000e+02   7.0008004e-01
   1.5900000e+02   6.9938833e-01
   1.6000000e+02   6.9869661e-01
   1.6100000e+02   6.9800502e-01
   1.6200000e+02   6.9731355e-01
   1.6300000e+02   6.9662213e-01
   1.6400000e+02   6.9593078e-01
   1.6500000e+02   6.9523960e-01
   1.6600000e+02   6.9454843e-01
   1.6700000e+02   6.9385737e-01
   1.6800000e+02   6.9316638e-01
   1.6900000e+02   6.9247550e-01
   1.7000000e+02   6.9178468e-01
   1.7100000e+02   6.9109398e-01
   1.7200000e+02   6.9040334e-01
   1.7300000e+02   6.8971282e-01
   1.7400000e+02   6.8902230e-01
   1.7500000e+02   6.8833196e-01
   1.7600000e+02   6.8764162e-01
   1.7700000e+02   6.8695146e-01
   1.7800000e+02   6.8626130e-01
   1.7900000e+02   6.8557119e-01
   1.8000000e+02   6.8488127e-01
   1.8100000e+02   6.8340927e-01
   1.8200000e+02   6.8193734e-01
   1.8300000e+02   6.8046534e-01
   1.8400000e+02   6.7899340e-01
   1.8500000e+02   6.7752153e-01
   1.8600000e+02   6.7604959e-01
   1.8700000e+02   6.7457771e-01
   1.8800000e+02   6.7310584e-01
   1.8900000e+02   6.7163402e-01
   1.9000000e+02   6.7016226e-01
   1.9100000e+02   6.6869044e-01
   1.9200000e+02   6.6721874e-01
   1.9300000e+02   6.6574699e-01
   1.9400000e+02   6.6427529e-01
   1.9500000e+02   6.6280365e-01
   1.9600000e+02   6.6133201e-01
   1.9700000e+02   6.5986031e-01
   1.9800000e+02   6.5838873e-01
   1.9900000e+02   6.5691715e-01
   2.0000000e+02   6.5544558e-01
   2.0100000e+02   6.5397406e-01
   2.0200000e+02   6.5250254e-01
   2.0300000e+02   6.5103102e-01
   2.0400000e+02   6.4955962e-01
   2.0500000e+02   6.4808816e-01
   2.0600000e+02   6.4661670e-01
   2.0700000e+02   6.4514530e-01
   2.0800000e+02   6.4367390e-01
   2.0900000e+02   6.4220250e-01
   2.1000000e+02   6.4073116e-01
   2.1100000e+02   6.3917708e-01
   2.1200000e+02   6.3762236e-01
   2.1300000e+02   6.3606697e-01
   2.1400000e+02   6.3451099e-01
   2.1500000e+02   6.3295436e-01
   2.1600000e+02   6.3139701e-01
   2.1700000e+02   6.2983906e-01
   2.1800000e+02   6.2828046e-01
   2.1900000e+02   6.2672120e-01
   2.2000000e+02   6.2516129e-01
   2.2100000e+02   6.2360078e-01
   2.2200000e+02   6.2203956e-01
   2.2300000e+02   6.2047768e-01
   2.2400000e+02   6.1891514e-01
   2.2500000e+02   6.1735195e-01
   2.2600000e+02   6.1578816e-01
   2.2700000e+02   6.1422360e-01
   2.2800000e+02   6.1265850e-01
   2.2900000e+02   6.1109275e-01
   2.3000000e+02   6.0952628e-01
   2.3100000e+02   6.0795915e-01
   2.3200000e+02   6.0639143e-01
   2.3300000e+02   6.0482299e-01
   2.3400000e+02   6.0325396e-01
   2.3500000e+02   6.0168421e-01
   2.3600000e+02   6.0011387e-01
   2.3700000e+02   5.9854281e-01
   2.3800000e+02   5.9697115e-01
   2.3900000e+02   5.9539878e-01
   2.4000000e+02   5.9382582e-01
   2.4100000e+02   5.9076965e-01
   2.4200000e+02   5.8772045e-01
   2.4300000e+02   5.8467823e-01
   2.4400000e+02   5.8164293e-01
   2.4500000e+02   5.7861453e-01
   2.4600000e+02   5.7559299e-01
   2.4700000e+02   5.7257843e-01
   2.4800000e+02   5.6957072e-01
   2.4900000e+02   5.6656992e-01
   2.5000000e+02   5.6357598e-01
   2.5100000e+02   5.6058896e-01
   2.5200000e+02   5.5760884e-01
   2.5300000e+02   5.5463552e-01
   2.5400000e+02   5.5166906e-01
   2.5500000e+02   5.4870945e-01
   2.5600000e+02   5.4575670e-01
   2.5700000e+02   5.4281080e-01
   2.5800000e+02   5.3987169e-01
   2.5900000e+02   5.3693944e-01
   2.6000000e+02   5.3401393e-01
   2.6100000e+02   5.3109533e-01
   2.6200000e+02   5.2818346e-01
   2.6300000e+02   5.2527839e-01
   2.6400000e+02   5.2238011e-01
   2.6500000e+02   5.1948863e-01
   2.6600000e+02   5.1660389e-01
   2.6700000e+02   5.1372594e-01
   2.6800000e+02   5.1085484e-01
   2.6900000e+02   5.0799042e-01
   2.7000000e+02   5.0513279e-01
   2.7100000e+02   5.0206363e-01
   2.7200000e+02   4.9898714e-01
   2.7300000e+02   4.9590328e-01
   2.7400000e+02   4.9281204e-01
   2.7500000e+02   4.8971343e-01
   2.7600000e+02   4.8660746e-01
   2.7700000e+02   4.8349404e-01
   2.7800000e+02   4.8037332e-01
   2.7900000e+02   4.7724515e-01
   2.8000000e+02   4.7410959e-01
   2.8100000e+02   4.7096664e-01
   2.8200000e+02   4.6781626e-01
   2.8300000e+02   4.6465850e-01
   2.8400000e+02   4.6149328e-01
   2.8500000e+02   4.5832068e-01
   2.8600000e+02   4.5514068e-01
   2.8700000e+02   4.5195323e-01
   2.8800000e+02   4.4875836e-01
   2.8900000e+02   4.4555607e-01
   2.9000000e+02   4.4234639e-01
   2.9100000e+02   4.3912926e-01
   2.9200000e+02   4.3590474e-01
   2.9300000e+02   4.3267280e-01
   2.9400000e+02   4.2943344e-01
   2.9500000e+02   4.2618668e-01
   2.9600000e+02   4.2293251e-01
   2.9700000e+02   4.1967094e-01
   2.9800000e+02   4.1640195e-01
   2.9900000e+02   4.1312557e-01
   3.0000000e+02   4.0984181e-01
   3.0100000e+02   4.0752926e-01
   3.0200000e+02   4.0522614e-01
   3.0300000e+02   4.0293241e-01
   3.0400000e+02   4.0064809e-01
   3.0500000e+02   3.9837325e-01
   3.0600000e+02   3.9610785e-01
   3.0700000e+02   3.9385191e-01
   3.0800000e+02   3.9160553e-01
   3.0900000e+02   3.8936859e-01
   3.1000000e+02   3.8714126e-01
   3.1100000e+02   3.8492346e-01
   3.1200000e+02   3.8271520e-01
   3.1300000e+02   3.8051656e-01
   3.1400000e+02   3.7832749e-01
   3.1500000e+02   3.7614805e-01
   3.1600000e+02   3.7397820e-01
   3.1700000e+02   3.7181801e-01
   3.1800000e+02   3.6966744e-01
   3.1900000e+02   3.6752656e-01
   3.2000000e+02   3.6539540e-01
   3.2100000e+02   3.6327392e-01
   3.2200000e+02   3.6116210e-01
   3.2300000e+02   3.5906005e-01
   3.2400000e+02   3.5696772e-01
   3.2500000e+02   3.5488513e-01
   3.2600000e+02   3.5281235e-01
   3.2700000e+02   3.5074931e-01
   3.2800000e+02   3.4869608e-01
   3.2900000e+02   3.4665266e-01
   3.3000000e+02   3.4461907e-01
   3.3100000e+02   3.4616482e-01
   3.3200000e+02   3.4770587e-01
   3.3300000e+02   3.4924218e-01
   3.3400000e+02   3.5077366e-01
   3.3500000e+02   3.5230038e-01
   3.3600000e+02   3.5382220e-01
   3.3700000e+02   3.5533917e-01
   3.3800000e+02   3.5685125e-01
   3.3900000e+02   3.5835835e-01
   3.4000000e+02   3.5986048e-01
   3.4100000e+02   3.6135760e-01
   3.4200000e+02   3.6284971e-01
   3.4300000e+02   3.6433676e-01
   3.4400000e+02   3.6581871e-01
   3.4500000e+02   3.6729556e-01
   3.4600000e+02   3.6876723e-01
   3.4700000e+02   3.7023377e-01
   3.4800000e+02   3.7169507e-01
   3.4900000e+02   3.7315118e-01
   3.5000000e+02   3.7460187e-01
   3.5100000e+02   3.7604606e-01
   3.5200000e+02   3.7748361e-01
   3.5300000e+02   3.7891439e-01
   3.5400000e+02   3.8033831e-01
   3.5500000e+02   3.8175529e-01
   3.5600000e+02   3.8316521e-01
   3.5700000e+02   3.8456798e-01
   3.5800000e+02   3.8596359e-01
   3.5900000e+02   3.8735190e-01
   1.4226848e-06   3.8873291e-01
