   0.0000000e+00   1.5065165e+04
   1.0000000e+00   3.6640438e+04
   2.0000000e+00   3.6629770e+04
   3.0000000e+00   3.6619301e+04
   4.0000000e+00   3.6610777e+04
   5.0000000e+00   3.6604270e+04
   6.0000000e+00   3.6599617e+04
   7.0000000e+00   3.6596801e+04
   8.0000000e+00   3.6595699e+04
   9.0000000e+00   3.6596469e+04
   1.0000000e+01   3.6599332e+04
   1.1000000e+01   3.6605465e+04
   1.2000000e+01   3.6614695e+04
   1.3000000e+01   3.6628492e+04
   1.4000000e+01   3.6641648e+04
   1.5000000e+01   3.6657297e+04
   1.6000000e+01   3.6678172e+04
   1.7000000e+01   3.6701250e+04
   1.8000000e+01   3.6723793e+04
   1.9000000e+01   3.6748766e+04
   2.0000000e+01   3.6775910e+04
   2.1000000e+01   3.6804754e+04
   2.2000000e+01   3.6834797e+04
   2.3000000e+01   3.6866172e+04
   2.4000000e+01   3.6900168e+04
   2.5000000e+01   3.6936156e+04
   2.6000000e+01   3.6974141e+04
   2.7000000e+01   3.7013461e+04
   2.8000000e+01   3.7055699e+04
   2.9000000e+01   3.7100301e+04
   3.0000000e+01   3.7146492e+04
   3.1000000e+01   3.7175668e+04
   3.2000000e+01   3.7205613e+04
   3.3000000e+01   3.7236156e+04
   3.4000000e+01   3.7268121e+04
   3.5000000e+01   3.7300125e+04
   3.6000000e+01   3.7332875e+04
   3.7000000e+01   3.7366305e+04
   3.8000000e+01   3.7399551e+04
   3.9000000e+01   3.7432285e+04
   4.0000000e+01   3.7464117e+04
   4.1000000e+01   3.7494875e+04
   4.2000000e+01   3.7525289e+04
   4.3000000e+01   3.7553730e+04
   4.4000000e+01   3.7579754e+04
   4.5000000e+01   3.7604242e+04
   4.6000000e+01   3.7627172e+04
   4.7000000e+01   3.7649129e+04
   4.8000000e+01   3.7670449e+04
   4.9000000e+01   3.7689914e+04
   5.0000000e+01   3.7707188e+04
   5.1000000e+01   3.7720852e+04
   5.2000000e+01   3.7729301e+04
   5.3000000e+01   3.7734164e+04
   5.4000000e+01   3.7735059e+04
   5.5000000e+01   3.7757906e+04
   5.6000000e+01   3.7814926e+04
   5.7000000e+01   3.7873797e+04
   5.8000000e+01   3.7934156e+04
   5.9000000e+01   3.8067852e+04
   6.0000000e+01   3.8248918e+04
   6.1000000e+01   3.8385410e+04
   6.2000000e+01   3.8498641e+04
   6.3000000e+01   3.8596871e+04
   6.4000000e+01   3.8638875e+04
   6.5000000e+01   3.8679762e+04
   6.6000000e+01   3.8724363e+04
   6.7000000e+01   3.8780410e+04
   6.8000000e+01   3.8841160e+04
   6.9000000e+01   3.8905520e+04
   7.0000000e+01   3.8973281e+04
   7.1000000e+01   3.9052605e+04
   7.2000000e+01   3.9142922e+04
   7.3000000e+01   3.9239035e+04
   7.4000000e+01   3.9337215e+04
   7.5000000e+01   3.9437840e+04
   7.6000000e+01   3.9541336e+04
   7.7000000e+01   3.9647652e+04
   7.8000000e+01   3.9794219e+04
   7.9000000e+01   3.9942574e+04
   8.0000000e+01   4.0090813e+04
   8.1000000e+01   4.0238758e+04
   8.2000000e+01   4.0386480e+04
   8.3000000e+01   4.0541047e+04
   8.4000000e+01   4.0697641e+04
   8.5000000e+01   4.0849332e+04
   8.6000000e+01   4.0994828e+04
   8.7000000e+01   4.1137359e+04
   8.8000000e+01   4.1277469e+04
   8.9000000e+01   4.1415301e+04
   9.0000000e+01   4.1551773e+04
   9.1000000e+01   4.1698156e+04
   9.2000000e+01   4.1842250e+04
   9.3000000e+01   4.1984305e+04
   9.4000000e+01   4.2124488e+04
   9.5000000e+01   4.2262953e+04
   9.6000000e+01   4.2399809e+04
   9.7000000e+01   4.2535184e+04
   9.8000000e+01   4.2669172e+04
   9.9000000e+01   4.2801879e+04
   1.0000000e+02   4.2933301e+04
   1.0100000e+02   4.3063457e+04
   1.0200000e+02   4.3192504e+04
   1.0300000e+02   4.3320359e+04
   1.0400000e+02   4.3447109e+04
   1.0500000e+02   4.3572809e+04
   1.0600000e+02   4.3697469e+04
   1.0700000e+02   4.3821094e+04
   1.0800000e+02   4.3943680e+04
   1.0900000e+02   4.4065219e+04
   1.1000000e+02   4.4185719e+04
   1.1100000e+02   4.4305195e+04
   1.1200000e+02   4.4423609e+04
   1.1300000e+02   4.4540938e+04
   1.1400000e+02   4.4657168e+04
   1.1500000e+02   4.4772273e+04
   1.1600000e+02   4.4886363e+04
   1.1700000e+02   4.4999281e+04
   1.1800000e+02   4.5111004e+04
   1.1900000e+02   4.5221523e+04
   1.2000000e+02   4.5330816e+04
   1.2100000e+02   4.5433051e+04
   1.2200000e+02   4.5534078e+04
   1.2300000e+02   4.5633879e+04
   1.2400000e+02   4.5732410e+04
   1.2500000e+02   4.5829656e+04
   1.2600000e+02   4.5925582e+04
   1.2700000e+02   4.6020156e+04
   1.2800000e+02   4.6113438e+04
   1.2900000e+02   4.6205301e+04
   1.3000000e+02   4.6295707e+04
   1.3100000e+02   4.6384625e+04
   1.3200000e+02   4.6472023e+04
   1.3300000e+02   4.6557871e+04
   1.3400000e+02   4.6642152e+04
   1.3500000e+02   4.6724852e+04
   1.3600000e+02   4.6805934e+04
   1.3700000e+02   4.6885363e+04
   1.3800000e+02   4.6963102e+04
   1.3900000e+02   4.7039129e+04
   1.4000000e+02   4.7113422e+04
   1.4100000e+02   4.7185969e+04
   1.4200000e+02   4.7256738e+04
   1.4300000e+02   4.7325707e+04
   1.4400000e+02   4.7392883e+04
   1.4500000e+02   4.7458203e+04
   1.4600000e+02   4.7521629e+04
   1.4700000e+02   4.7583109e+04
   1.4800000e+02   4.7642664e+04
   1.4900000e+02   4.7700266e+04
   1.5000000e+02   4.7755910e+04
   1.5100000e+02   4.7801992e+04
   1.5200000e+02   4.7846113e+04
   1.5300000e+02   4.7888258e+04
   1.5400000e+02   4.7928438e+04
   1.5500000e+02   4.7966602e+04
   1.5600000e+02   4.8002781e+04
   1.5700000e+02   4.8036957e+04
   1.5800000e+02   4.8069055e+04
   1.5900000e+02   4.8099055e+04
   1.6000000e+02   4.8126945e+04
   1.6100000e+02   4.8152711e+04
   1.6200000e+02   4.8176336e+04
   1.6300000e+02   4.8197820e+04
   1.6400000e+02   4.8217168e+04
   1.6500000e+02   4.8234340e+04
   1.6600000e+02   4.8249324e+04
   1.6700000e+02   4.8262109e+04
   1.6800000e+02   4.8272688e+04
   1.6900000e+02   4.8281051e+04
   1.7000000e+02   4.8287191e+04
   1.7100000e+02   4.8291105e+04
   1.7200000e+02   4.8292793e+04
   1.7300000e+02   4.8292238e+04
   1.7400000e+02   4.8289438e+04
   1.7500000e+02   4.8284387e+04
   1.7600000e+02   4.8277078e+04
   1.7700000e+02   4.8267516e+04
   1.7800000e+02   4.8255695e+04
   1.7900000e+02   4.8241609e+04
   1.8000000e+02   4.8225266e+04
   1.8100000e+02   4.8200590e+04
   1.8200000e+02   4.8173711e+04
   1.8300000e+02   4.8144617e+04
   1.8400000e+02   4.8113316e+04
   1.8500000e+02   4.8079816e+04
   1.8600000e+02   4.8044105e+04
   1.8700000e+02   4.8006188e+04
   1.8800000e+02   4.7966070e+04
   1.8900000e+02   4.7923758e+04
   1.9000000e+02   4.7879262e+04
   1.9100000e+02   4.7832582e+04
   1.9200000e+02   4.7783727e+04
   1.9300000e+02   4.7732707e+04
   1.9400000e+02   4.7679523e+04
   1.9500000e+02   4.7624191e+04
   1.9600000e+02   4.7566719e+04
   1.9700000e+02   4.7507121e+04
   1.9800000e+02   4.7445402e+04
   1.9900000e+02   4.7381574e+04
   2.0000000e+02   4.7315656e+04
   2.0100000e+02   4.7247652e+04
   2.0200000e+02   4.7177582e+04
   2.0300000e+02   4.7105453e+04
   2.0400000e+02   4.7031289e+04
   2.0500000e+02   4.6955098e+04
   2.0600000e+02   4.6876895e+04
   2.0700000e+02   4.6796695e+04
   2.0800000e+02   4.6714523e+04
   2.0900000e+02   4.6630395e+04
   2.1000000e+02   4.6544152e+04
   2.1100000e+02   4.6452074e+04
   2.1200000e+02   4.6358293e+04
   2.1300000e+02   4.6262824e+04
   2.1400000e+02   4.6165668e+04
   2.1500000e+02   4.6066840e+04
   2.1600000e+02   4.5966348e+04
   2.1700000e+02   4.5864211e+04
   2.1800000e+02   4.5760441e+04
   2.1900000e+02   4.5655047e+04
   2.2000000e+02   4.5548051e+04
   2.2100000e+02   4.5439477e+04
   2.2200000e+02   4.5329363e+04
   2.2300000e+02   4.5217703e+04
   2.2400000e+02   4.5104516e+04
   2.2500000e+02   4.4989832e+04
   2.2600000e+02   4.4873664e+04
   2.2700000e+02   4.4756039e+04
   2.2800000e+02   4.4636984e+04
   2.2900000e+02   4.4516531e+04
   2.3000000e+02   4.4394695e+04
   2.3100000e+02   4.4271508e+04
   2.3200000e+02   4.4146988e+04
   2.3300000e+02   4.4021168e+04
   2.3400000e+02   4.3894082e+04
   2.3500000e+02   4.3765754e+04
   2.3600000e+02   4.3636215e+04
   2.3700000e+02   4.3505496e+04
   2.3800000e+02   4.3373629e+04
   2.3900000e+02   4.3240648e+04
   2.4000000e+02   4.3106582e+04
   2.4100000e+02   4.3055469e+04
   2.4200000e+02   4.3003148e+04
   2.4300000e+02   4.2949672e+04
   2.4400000e+02   4.2895070e+04
   2.4500000e+02   4.2839391e+04
   2.4600000e+02   4.2782672e+04
   2.4700000e+02   4.2724945e+04
   2.4800000e+02   4.2666262e+04
   2.4900000e+02   4.2606660e+04
   2.5000000e+02   4.2546176e+04
   2.5100000e+02   4.2484855e+04
   2.5200000e+02   4.2422730e+04
   2.5300000e+02   4.2359848e+04
   2.5400000e+02   4.2296246e+04
   2.5500000e+02   4.2231867e+04
   2.5600000e+02   4.2166348e+04
   2.5700000e+02   4.2100191e+04
   2.5800000e+02   4.2033398e+04
   2.5900000e+02   4.1966012e+04
   2.6000000e+02   4.1898070e+04
   2.6100000e+02   4.1829613e+04
   2.6200000e+02   4.1760684e+04
   2.6300000e+02   4.1691324e+04
   2.6400000e+02   4.1621566e+04
   2.6500000e+02   4.1551457e+04
   2.6600000e+02   4.1481039e+04
   2.6700000e+02   4.1410348e+04
   2.6800000e+02   4.1339422e+04
   2.6900000e+02   4.1268305e+04
   2.7000000e+02   4.1197035e+04
   2.7100000e+02   4.1103082e+04
   2.7200000e+02   4.1009355e+04
   2.7300000e+02   4.0915816e+04
   2.7400000e+02   4.0822645e+04
   2.7500000e+02   4.0729859e+04
   2.7600000e+02   4.0637492e+04
   2.7700000e+02   4.0545574e+04
   2.7800000e+02   4.0454129e+04
   2.7900000e+02   4.0363188e+04
   2.8000000e+02   4.0272785e+04
   2.8100000e+02   4.0182945e+04
   2.8200000e+02   4.0093727e+04
   2.8300000e+02   4.0005156e+04
   2.8400000e+02   3.9917246e+04
   2.8500000e+02   3.9830035e+04
   2.8600000e+02   3.9743555e+04
   2.8700000e+02   3.9657840e+04
   2.8800000e+02   3.9572684e+04
   2.8900000e+02   3.9488301e+04
   2.9000000e+02   3.9404754e+04
   2.9100000e+02   3.9322070e+04
   2.9200000e+02   3.9240293e+04
   2.9300000e+02   3.9159445e+04
   2.9400000e+02   3.9079566e+04
   2.9500000e+02   3.9000688e+04
   2.9600000e+02   3.8922844e+04
   2.9700000e+02   3.8846066e+04
   2.9800000e+02   3.8770387e+04
   2.9900000e+02   3.8695848e+04
   3.0000000e+02   3.8622473e+04
   3.0100000e+02   3.8532836e+04
   3.0200000e+02   3.8444379e+04
   3.0300000e+02   3.8357152e+04
   3.0400000e+02   3.8271184e+04
   3.0500000e+02   3.8186516e+04
   3.0600000e+02   3.8103180e+04
   3.0700000e+02   3.8021211e+04
   3.0800000e+02   3.7940648e+04
   3.0900000e+02   3.7861523e+04
   3.1000000e+02   3.7783863e+04
   3.1100000e+02   3.7707707e+04
   3.1200000e+02   3.7633086e+04
   3.1300000e+02   3.7560027e+04
   3.1400000e+02   3.7488566e+04
   3.1500000e+02   3.7418730e+04
   3.1600000e+02   3.7350547e+04
   3.1700000e+02   3.7284047e+04
   3.1800000e+02   3.7219258e+04
   3.1900000e+02   3.7156203e+04
   3.2000000e+02   3.7094918e+04
   3.2100000e+02   3.7035422e+04
   3.2200000e+02   3.6977738e+04
   3.2300000e+02   3.6921898e+04
   3.2400000e+02   3.6867926e+04
   3.2500000e+02   3.6815840e+04
   3.2600000e+02   3.6765664e+04
   3.2700000e+02   3.6717422e+04
   3.2800000e+02   3.6671137e+04
   3.2900000e+02   3.6626828e+04
   3.3000000e+02   3.6584512e+04
   3.3100000e+02   3.6516719e+04
   3.3200000e+02   3.6450871e+04
   3.3300000e+02   3.6386992e+04
   3.3400000e+02   3.6325094e+04
   3.3500000e+02   3.6265199e+04
   3.3600000e+02   3.6207316e+04
   3.3700000e+02   3.6151469e+04
   3.3800000e+02   3.6097668e+04
   3.3900000e+02   3.6045930e+04
   3.4000000e+02   3.5996270e+04
   3.4100000e+02   3.5948703e+04
   3.4200000e+02   3.5903238e+04
   3.4300000e+02   3.5859895e+04
   3.4400000e+02   3.5818680e+04
   3.4500000e+02   3.5779609e+04
   3.4600000e+02   3.5742688e+04
   3.4700000e+02   3.5707930e+04
   3.4800000e+02   3.5675352e+04
   3.4900000e+02   3.5644949e+04
   3.5000000e+02   3.5616738e+04
   3.5100000e+02   3.5590727e+04
   3.5200000e+02   3.5566922e+04
   3.5300000e+02   3.5545320e+04
   3.5400000e+02   3.5525941e+04
   3.5500000e+02   3.5508781e+04
   3.5600000e+02   3.5493852e+04
   3.5700000e+02   3.5481152e+04
   3.5800000e+02   3.5470680e+04
   3.5900000e+02   3.5462453e+04
   7.1133672e-07   3.5456457e+04
   1.0000007e+00   3.5439496e+04
   2.0000007e+00   3.5424945e+04
   3.0000007e+00   3.5412809e+04
   4.0000010e+00   3.5403090e+04
   5.0000010e+00   3.5395785e+04
   6.0000010e+00   3.5390895e+04
   7.0000010e+00   3.5388418e+04
   8.0000010e+00   3.5388352e+04
   9.0000010e+00   3.5390699e+04
   1.0000001e+01   3.5395453e+04
   1.1000001e+01   3.5402605e+04
   1.2000001e+01   3.5412156e+04
   1.3000001e+01   3.5424102e+04
   1.4000001e+01   3.5438426e+04
   1.5000001e+01   3.5455133e+04
   1.6000000e+01   3.5474207e+04
   1.7000000e+01   3.5495645e+04
   1.8000000e+01   3.5519434e+04
   1.9000000e+01   3.5545566e+04
   2.0000000e+01   3.5574035e+04
   2.1000000e+01   3.5604816e+04
   2.2000000e+01   3.5637910e+04
   2.3000000e+01   3.5673301e+04
   2.4000000e+01   3.5710973e+04
   2.5000000e+01   3.5750910e+04
   2.6000000e+01   3.5793098e+04
   2.7000000e+01   3.5837527e+04
   2.8000000e+01   3.5884176e+04
   2.9000000e+01   3.5933027e+04
   3.0000000e+01   3.5984066e+04
   3.1000000e+01   3.6029801e+04
   3.2000000e+01   3.6077711e+04
   3.3000000e+01   3.6127777e+04
   3.4000000e+01   3.6179977e+04
   3.5000000e+01   3.6234289e+04
   3.6000000e+01   3.6290699e+04
   3.7000000e+01   3.6349262e+04
   3.8000000e+01   3.6409887e+04
   3.9000000e+01   3.6472527e+04
   4.0000000e+01   3.6537160e+04
   4.1000000e+01   3.6603758e+04
   4.2000000e+01   3.6672301e+04
   4.3000000e+01   3.6742758e+04
   4.4000000e+01   3.6815109e+04
   4.5000000e+01   3.6889316e+04
   4.6000000e+01   3.6965363e+04
   4.7000000e+01   3.7043215e+04
   4.8000000e+01   3.7122840e+04
   4.9000000e+01   3.7204215e+04
   5.0000000e+01   3.7287313e+04
   5.1000000e+01   3.7372090e+04
   5.2000000e+01   3.7458527e+04
   5.3000000e+01   3.7546590e+04
   5.4000000e+01   3.7636242e+04
   5.5000000e+01   3.7727453e+04
   5.6000000e+01   3.7820195e+04
   5.7000000e+01   3.7914426e+04
   5.8000000e+01   3.8010117e+04
   5.9000000e+01   3.8107234e+04
   6.0000000e+01   3.8205738e+04
   6.1000000e+01   3.8317574e+04
   6.2000000e+01   3.8430551e+04
   6.3000000e+01   3.8544629e+04
   6.4000000e+01   3.8659777e+04
   6.5000000e+01   3.8775957e+04
   6.6000000e+01   3.8893129e+04
   6.7000000e+01   3.9011266e+04
   6.8000000e+01   3.9130320e+04
   6.9000000e+01   3.9250250e+04
   7.0000000e+01   3.9371023e+04
   7.1000000e+01   3.9492609e+04
   7.2000000e+01   3.9614965e+04
   7.3000000e+01   3.9738055e+04
   7.4000000e+01   3.9861840e+04
   7.5000000e+01   3.9986277e+04
   7.6000000e+01   4.0111336e+04
   7.7000000e+01   4.0236973e+04
   7.8000000e+01   4.0363148e+04
   7.9000000e+01   4.0489824e+04
   8.0000000e+01   4.0616965e+04
   8.1000000e+01   4.0744523e+04
   8.2000000e+01   4.0872465e+04
   8.3000000e+01   4.1000746e+04
   8.4000000e+01   4.1129336e+04
   8.5000000e+01   4.1258184e+04
   8.6000000e+01   4.1387254e+04
   8.7000000e+01   4.1516508e+04
   8.8000000e+01   4.1645898e+04
   8.9000000e+01   4.1775395e+04
   9.0000000e+01   4.1904961e+04
   9.1000000e+01   4.2030664e+04
   9.2000000e+01   4.2156359e+04
   9.3000000e+01   4.2282000e+04
   9.4000000e+01   4.2407547e+04
   9.5000000e+01   4.2532961e+04
   9.6000000e+01   4.2658203e+04
   9.7000000e+01   4.2783234e+04
   9.8000000e+01   4.2908004e+04
   9.9000000e+01   4.3032488e+04
   1.0000000e+02   4.3156633e+04
   1.0100000e+02   4.3280406e+04
   1.0200000e+02   4.3403766e+04
   1.0300000e+02   4.3526668e+04
   1.0400000e+02   4.3649082e+04
   1.0500000e+02   4.3770965e+04
   1.0600000e+02   4.3892273e+04
   1.0700000e+02   4.4012969e+04
   1.0800000e+02   4.4133020e+04
   1.0900000e+02   4.4252383e+04
   1.1000000e+02   4.4371020e+04
   1.1100000e+02   4.4488898e+04
   1.1200000e+02   4.4605973e+04
   1.1300000e+02   4.4722203e+04
   1.1400000e+02   4.4837563e+04
   1.1500000e+02   4.4952008e+04
   1.1600000e+02   4.5065496e+04
   1.1700000e+02   4.5177996e+04
   1.1800000e+02   4.5289473e+04
   1.1900000e+02   4.5399895e+04
   1.2000000e+02   4.5509211e+04
   1.2100000e+02   4.5613707e+04
   1.2200000e+02   4.5717027e+04
   1.2300000e+02   4.5819148e+04
   1.2400000e+02   4.5920027e+04
   1.2500000e+02   4.6019641e+04
   1.2600000e+02   4.6117945e+04
   1.2700000e+02   4.6214914e+04
   1.2800000e+02   4.6310512e+04
   1.2900000e+02   4.6404711e+04
   1.3000000e+02   4.6497473e+04
   1.3100000e+02   4.6588773e+04
   1.3200000e+02   4.6678574e+04
   1.3300000e+02   4.6766852e+04
   1.3400000e+02   4.6853574e+04
   1.3500000e+02   4.6938715e+04
   1.3600000e+02   4.7022238e+04
   1.3700000e+02   4.7104117e+04
   1.3800000e+02   4.7184332e+04
   1.3900000e+02   4.7262844e+04
   1.4000000e+02   4.7339637e+04
   1.4100000e+02   4.7414676e+04
   1.4200000e+02   4.7487941e+04
   1.4300000e+02   4.7559402e+04
   1.4400000e+02   4.7629043e+04
   1.4500000e+02   4.7696832e+04
   1.4600000e+02   4.7762742e+04
   1.4700000e+02   4.7826762e+04
   1.4800000e+02   4.7888863e+04
   1.4900000e+02   4.7949023e+04
   1.5000000e+02   4.8007219e+04
   1.5100000e+02   4.8058258e+04
   1.5200000e+02   4.8107297e+04
   1.5300000e+02   4.8154324e+04
   1.5400000e+02   4.8199316e+04
   1.5500000e+02   4.8242262e+04
   1.5600000e+02   4.8283141e+04
   1.5700000e+02   4.8321934e+04
   1.5800000e+02   4.8358629e+04
   1.5900000e+02   4.8393207e+04
   1.6000000e+02   4.8425656e+04
   1.6100000e+02   4.8455957e+04
   1.6200000e+02   4.8484102e+04
   1.6300000e+02   4.8510078e+04
   1.6400000e+02   4.8533871e+04
   1.6500000e+02   4.8555473e+04
   1.6600000e+02   4.8574867e+04
   1.6700000e+02   4.8592043e+04
   1.6800000e+02   4.8607000e+04
   1.6900000e+02   4.8619723e+04
   1.7000000e+02   4.8630207e+04
   1.7100000e+02   4.8638441e+04
   1.7200000e+02   4.8644422e+04
   1.7300000e+02   4.8648141e+04
   1.7400000e+02   4.8649594e+04
   1.7500000e+02   4.8648777e+04
   1.7600000e+02   4.8645688e+04
   1.7700000e+02   4.8640320e+04
   1.7800000e+02   4.8632676e+04
   1.7900000e+02   4.8622746e+04
   1.8000000e+02   4.8610539e+04
   1.8100000e+02   4.8591984e+04
   1.8200000e+02   4.8571164e+04
   1.8300000e+02   4.8548074e+04
   1.8400000e+02   4.8522719e+04
   1.8500000e+02   4.8495105e+04
   1.8600000e+02   4.8465234e+04
   1.8700000e+02   4.8433109e+04
   1.8800000e+02   4.8398730e+04
   1.8900000e+02   4.8362113e+04
   1.9000000e+02   4.8323254e+04
   1.9100000e+02   4.8282164e+04
   1.9200000e+02   4.8238852e+04
   1.9300000e+02   4.8193324e+04
   1.9400000e+02   4.8145590e+04
   1.9500000e+02   4.8095660e+04
   1.9600000e+02   4.8043543e+04
   1.9700000e+02   4.7989254e+04
   1.9800000e+02   4.7932797e+04
   1.9900000e+02   4.7874195e+04
   2.0000000e+02   4.7813461e+04
   2.0100000e+02   4.7750602e+04
   2.0200000e+02   4.7685629e+04
   2.0300000e+02   4.7618566e+04
   2.0400000e+02   4.7549422e+04
   2.0500000e+02   4.7478211e+04
   2.0600000e+02   4.7404957e+04
   2.0700000e+02   4.7329676e+04
   2.0800000e+02   4.7252383e+04
   2.0900000e+02   4.7173105e+04
   2.1000000e+02   4.7091855e+04
   2.1100000e+02   4.7010066e+04
   2.1200000e+02   4.6926352e+04
   2.1300000e+02   4.6840746e+04
   2.1400000e+02   4.6753262e+04
   2.1500000e+02   4.6663926e+04
   2.1600000e+02   4.6572758e+04
   2.1700000e+02   4.6479781e+04
   2.1800000e+02   4.6385027e+04
   2.1900000e+02   4.6288516e+04
   2.2000000e+02   4.6190270e+04
   2.2100000e+02   4.6090316e+04
   2.2200000e+02   4.5988684e+04
   2.2300000e+02   4.5885402e+04
   2.2400000e+02   4.5780492e+04
   2.2500000e+02   4.5673984e+04
   2.2600000e+02   4.5565906e+04
   2.2700000e+02   4.5456289e+04
   2.2800000e+02   4.5345164e+04
   2.2900000e+02   4.5232555e+04
   2.3000000e+02   4.5118496e+04
   2.3100000e+02   4.5003020e+04
   2.3200000e+02   4.4886156e+04
   2.3300000e+02   4.4767934e+04
   2.3400000e+02   4.4648387e+04
   2.3500000e+02   4.4527551e+04
   2.3600000e+02   4.4405457e+04
   2.3700000e+02   4.4282137e+04
   2.3800000e+02   4.4157625e+04
   2.3900000e+02   4.4031957e+04
   2.4000000e+02   4.3905168e+04
   2.4100000e+02   4.3813688e+04
   2.4200000e+02   4.3721023e+04
   2.4300000e+02   4.3627219e+04
   2.4400000e+02   4.3532301e+04
   2.4500000e+02   4.3436309e+04
   2.4600000e+02   4.3339281e+04
   2.4700000e+02   4.3241258e+04
   2.4800000e+02   4.3142270e+04
   2.4900000e+02   4.3042359e+04
   2.5000000e+02   4.2941563e+04
   2.5100000e+02   4.2839918e+04
   2.5200000e+02   4.2737465e+04
   2.5300000e+02   4.2634242e+04
   2.5400000e+02   4.2530285e+04
   2.5500000e+02   4.2425637e+04
   2.5600000e+02   4.2320336e+04
   2.5700000e+02   4.2214422e+04
   2.5800000e+02   4.2107930e+04
   2.5900000e+02   4.2000906e+04
   2.6000000e+02   4.1893387e+04
   2.6100000e+02   4.1785410e+04
   2.6200000e+02   4.1677020e+04
   2.6300000e+02   4.1568254e+04
   2.6400000e+02   4.1459156e+04
   2.6500000e+02   4.1349762e+04
   2.6600000e+02   4.1240113e+04
   2.6700000e+02   4.1130250e+04
   2.6800000e+02   4.1020211e+04
   2.6900000e+02   4.0910039e+04
   2.7000000e+02   4.0799777e+04
   2.7100000e+02   4.0715840e+04
   2.7200000e+02   4.0632074e+04
   2.7300000e+02   4.0548527e+04
   2.7400000e+02   4.0465234e+04
   2.7500000e+02   4.0382234e+04
   2.7600000e+02   4.0299570e+04
   2.7700000e+02   4.0217289e+04
   2.7800000e+02   4.0135418e+04
   2.7900000e+02   4.0054000e+04
   2.8000000e+02   3.9973082e+04
   2.8100000e+02   3.9892695e+04
   2.8200000e+02   3.9812887e+04
   2.8300000e+02   3.9733684e+04
   2.8400000e+02   3.9655137e+04
   2.8500000e+02   3.9577277e+04
   2.8600000e+02   3.9500148e+04
   2.8700000e+02   3.9423789e+04
   2.8800000e+02   3.9348234e+04
   2.8900000e+02   3.9273520e+04
   2.9000000e+02   3.9199688e+04
   2.9100000e+02   3.9126773e+04
   2.9200000e+02   3.9054816e+04
   2.9300000e+02   3.8983852e+04
   2.9400000e+02   3.8913910e+04
   2.9500000e+02   3.8845039e+04
   2.9600000e+02   3.8777266e+04
   2.9700000e+02   3.8710629e+04
   2.9800000e+02   3.8645164e+04
   2.9900000e+02   3.8580906e+04
   3.0000000e+02   3.8517883e+04
   3.0100000e+02   3.8423668e+04
   3.0200000e+02   3.8330617e+04
   3.0300000e+02   3.8238758e+04
   3.0400000e+02   3.8148125e+04
   3.0500000e+02   3.8058750e+04
   3.0600000e+02   3.7970664e+04
   3.0700000e+02   3.7883902e+04
   3.0800000e+02   3.7798492e+04
   3.0900000e+02   3.7714461e+04
   3.1000000e+02   3.7631844e+04
   3.1100000e+02   3.7550668e+04
   3.1200000e+02   3.7470961e+04
   3.1300000e+02   3.7392758e+04
   3.1400000e+02   3.7316074e+04
   3.1500000e+02   3.7240945e+04
   3.1600000e+02   3.7167398e+04
   3.1700000e+02   3.7095457e+04
   3.1800000e+02   3.7025148e+04
   3.1900000e+02   3.6956500e+04
   3.2000000e+02   3.6889531e+04
   3.2100000e+02   3.6824266e+04
   3.2200000e+02   3.6760734e+04
   3.2300000e+02   3.6698953e+04
   3.2400000e+02   3.6638949e+04
   3.2500000e+02   3.6580738e+04
   3.2600000e+02   3.6524352e+04
   3.2700000e+02   3.6469797e+04
   3.2800000e+02   3.6417105e+04
   3.2900000e+02   3.6366293e+04
   3.3000000e+02   3.6317375e+04
   3.3100000e+02   3.6250098e+04
   3.3200000e+02   3.6184820e+04
   3.3300000e+02   3.6121563e+04
   3.3400000e+02   3.6060340e+04
   3.3500000e+02   3.6001172e+04
   3.3600000e+02   3.5944070e+04
   3.3700000e+02   3.5889066e+04
   3.3800000e+02   3.5836164e+04
   3.3900000e+02   3.5785379e+04
   3.4000000e+02   3.5736730e+04
   3.4100000e+02   3.5690234e+04
   3.4200000e+02   3.5645898e+04
   3.4300000e+02   3.5603742e+04
   3.4400000e+02   3.5563773e+04
   3.4500000e+02   3.5526004e+04
   3.4600000e+02   3.5490449e+04
   3.4700000e+02   3.5457117e+04
   3.4800000e+02   3.5426016e+04
   3.4900000e+02   3.5397180e+04
   3.5000000e+02   3.5370734e+04
   3.5100000e+02   3.5346566e+04
   3.5200000e+02   3.5324680e+04
   3.5300000e+02   3.5305070e+04
   3.5400000e+02   3.5287746e+04
   3.5500000e+02   3.5272723e+04
   3.5600000e+02   3.5259996e+04
   3.5700000e+02   3.5249570e+04
   3.5800000e+02   3.5241449e+04
   3.5900000e+02   3.5235637e+04
   1.4226848e-06   3.5232129e+04
