   0.0000000e+00   5.5619138e-03
   1.0000000e+00   3.1572998e-02
   2.0000000e+00   3.1616542e-02
   3.0000000e+00   3.1667754e-02
   4.0000000e+00   3.1718642e-02
   5.0000000e+00   3.1769201e-02
   6.0000000e+00   3.1819426e-02
   7.0000000e+00   3.1869363e-02
   8.0000000e+00   3.1918954e-02
   9.0000000e+00   3.1968188e-02
   1.0000000e+01   3.2017056e-02
   1.1000000e+01   3.2065552e-02
   1.2000000e+01   3.2113671e-02
   1.3000000e+01   3.2161400e-02
   1.4000000e+01   3.2208733e-02
   1.5000000e+01   3.2255661e-02
   1.6000000e+01   3.2302171e-02
   1.7000000e+01   3.2348931e-02
   1.8000000e+01   3.2396112e-02
   1.9000000e+01   3.2442823e-02
   2.0000000e+01   3.2488875e-02
   2.1000000e+01   3.2534264e-02
   2.2000000e+01   3.2578982e-02
   2.3000000e+01   3.2623012e-02
   2.4000000e+01   3.2666344e-02
   2.5000000e+01   3.2708965e-02
   2.6000000e+01   3.2750867e-02
   2.7000000e+01   3.2792035e-02
   2.8000000e+01   3.2832455e-02
   2.9000000e+01   3.2872122e-02
   3.0000000e+01   3.2911021e-02
   3.1000000e+01   3.2612432e-02
   3.2000000e+01   3.2288983e-02
   3.3000000e+01   3.1939056e-02
   3.4000000e+01   3.1562287e-02
   3.5000000e+01   3.1147614e-02
   3.6000000e+01   3.0699065e-02
   3.7000000e+01   3.0215042e-02
   3.8000000e+01   2.9689668e-02
   3.9000000e+01   2.9123781e-02
   4.0000000e+01   2.8516077e-02
   4.1000000e+01   2.7864743e-02
   4.2000000e+01   2.7167898e-02
   4.3000000e+01   2.6384756e-02
   4.4000000e+01   2.5510332e-02
   4.5000000e+01   2.4566550e-02
   4.6000000e+01   2.3548653e-02
   4.7000000e+01   2.2471381e-02
   4.8000000e+01   2.1345073e-02
   4.9000000e+01   2.0139143e-02
   5.0000000e+01   1.8849388e-02
   5.1000000e+01   1.7441347e-02
   5.2000000e+01   1.5876362e-02
   5.3000000e+01   1.4198188e-02
   5.4000000e+01   1.2398278e-02
   5.5000000e+01   1.1111991e-02
   5.6000000e+01   1.0630644e-02
   5.7000000e+01   1.0161089e-02
   5.8000000e+01   9.6913809e-03
   5.9000000e+01   1.0964897e-02
   6.0000000e+01   1.3338330e-02
   6.1000000e+01   1.4642808e-02
   6.2000000e+01   1.5314452e-02
   6.3000000e+01   1.5566151e-02
   6.4000000e+01   1.4410350e-02
   6.5000000e+01   1.3189728e-02
   6.6000000e+01   1.2017715e-02
   6.7000000e+01   1.1095512e-02
   6.8000000e+01   1.0251698e-02
   6.9000000e+01   9.4581936e-03
   7.0000000e+01   8.7108044e-03
   7.1000000e+01   8.2056867e-03
   7.2000000e+01   7.9404386e-03
   7.3000000e+01   7.7844262e-03
   7.4000000e+01   7.6450491e-03
   7.5000000e+01   7.5321267e-03
   7.6000000e+01   7.4568219e-03
   7.7000000e+01   7.4189138e-03
   7.8000000e+01   8.3641419e-03
   7.9000000e+01   9.3201026e-03
   8.0000000e+01   1.0238261e-02
   8.1000000e+01   1.1116602e-02
   8.2000000e+01   1.1957368e-02
   8.3000000e+01   1.2939546e-02
   8.4000000e+01   1.3942462e-02
   8.5000000e+01   1.4795713e-02
   8.6000000e+01   1.5469657e-02
   8.7000000e+01   1.6043698e-02
   8.8000000e+01   1.6537439e-02
   8.9000000e+01   1.6959244e-02
   9.0000000e+01   1.7336007e-02
   9.1000000e+01   1.7789690e-02
   9.2000000e+01   1.8182443e-02
   9.3000000e+01   1.8521320e-02
   9.4000000e+01   1.8812386e-02
   9.5000000e+01   1.9060820e-02
   9.6000000e+01   1.9271251e-02
   9.7000000e+01   1.9447720e-02
   9.8000000e+01   1.9593773e-02
   9.9000000e+01   1.9712577e-02
   1.0000000e+02   1.9807013e-02
   1.0100000e+02   1.9879475e-02
   1.0200000e+02   1.9932088e-02
   1.0300000e+02   1.9964166e-02
   1.0400000e+02   1.9979959e-02
   1.0500000e+02   1.9981878e-02
   1.0600000e+02   1.9971209e-02
   1.0700000e+02   1.9949120e-02
   1.0800000e+02   1.9916661e-02
   1.0900000e+02   1.9874783e-02
   1.1000000e+02   1.9824270e-02
   1.1100000e+02   1.9765906e-02
   1.1200000e+02   1.9700363e-02
   1.1300000e+02   1.9628281e-02
   1.1400000e+02   1.9550245e-02
   1.1500000e+02   1.9466761e-02
   1.1600000e+02   1.9378321e-02
   1.1700000e+02   1.9285215e-02
   1.1800000e+02   1.9187784e-02
   1.1900000e+02   1.9086827e-02
   1.2000000e+02   1.8982671e-02
   1.2100000e+02   1.8707691e-02
   1.2200000e+02   1.8432233e-02
   1.2300000e+02   1.8156374e-02
   1.2400000e+02   1.7880172e-02
   1.2500000e+02   1.7603682e-02
   1.2600000e+02   1.7326964e-02
   1.2700000e+02   1.7050039e-02
   1.2800000e+02   1.6772948e-02
   1.2900000e+02   1.6495736e-02
   1.3000000e+02   1.6218409e-02
   1.3100000e+02   1.5940990e-02
   1.3200000e+02   1.5663495e-02
   1.3300000e+02   1.5385958e-02
   1.3400000e+02   1.5108394e-02
   1.3500000e+02   1.4830795e-02
   1.3600000e+02   1.4553176e-02
   1.3700000e+02   1.4275562e-02
   1.3800000e+02   1.3997989e-02
   1.3900000e+02   1.3720495e-02
   1.4000000e+02   1.3443119e-02
   1.4100000e+02   1.3165881e-02
   1.4200000e+02   1.2888799e-02
   1.4300000e+02   1.2611859e-02
   1.4400000e+02   1.2335058e-02
   1.4500000e+02   1.2058412e-02
   1.4600000e+02   1.1781929e-02
   1.4700000e+02   1.1505639e-02
   1.4800000e+02   1.1229568e-02
   1.4900000e+02   1.0953742e-02
   1.5000000e+02   1.0678185e-02
   1.5100000e+02   1.0191928e-02
   1.5200000e+02   9.7070765e-03
   1.5300000e+02   9.2236046e-03
   1.5400000e+02   8.7414933e-03
   1.5500000e+02   8.2607241e-03
   1.5600000e+02   7.7812746e-03
   1.5700000e+02   7.3031159e-03
   1.5800000e+02   6.8262182e-03
   1.5900000e+02   6.3505573e-03
   1.6000000e+02   5.8761146e-03
   1.6100000e+02   5.4028751e-03
   1.6200000e+02   4.9308105e-03
   1.6300000e+02   4.4599068e-03
   1.6400000e+02   3.9901515e-03
   1.6500000e+02   3.5215318e-03
   1.6600000e+02   3.0540330e-03
   1.6700000e+02   2.5876388e-03
   1.6800000e+02   2.1223358e-03
   1.6900000e+02   1.6581097e-03
   1.7000000e+02   1.1949533e-03
   1.7100000e+02   7.3286123e-04
   1.7200000e+02   2.7182835e-04
   1.7300000e+02  -1.8815455e-04
   1.7400000e+02  -6.4709614e-04
   1.7500000e+02  -1.1050039e-03
   1.7600000e+02  -1.5618851e-03
   1.7700000e+02  -2.0177476e-03
   1.7800000e+02  -2.4725997e-03
   1.7900000e+02  -2.9264481e-03
   1.8000000e+02  -3.3793014e-03
   1.8100000e+02  -4.0026596e-03
   1.8200000e+02  -4.6239723e-03
   1.8300000e+02  -5.2432744e-03
   1.8400000e+02  -5.8605955e-03
   1.8500000e+02  -6.4759632e-03
   1.8600000e+02  -7.0894053e-03
   1.8700000e+02  -7.7009462e-03
   1.8800000e+02  -8.3106058e-03
   1.8900000e+02  -8.9184074e-03
   1.9000000e+02  -9.5243827e-03
   1.9100000e+02  -1.0128551e-02
   1.9200000e+02  -1.0730932e-02
   1.9300000e+02  -1.1331537e-02
   1.9400000e+02  -1.1930385e-02
   1.9500000e+02  -1.2527502e-02
   1.9600000e+02  -1.3122907e-02
   1.9700000e+02  -1.3716632e-02
   1.9800000e+02  -1.4308702e-02
   1.9900000e+02  -1.4899142e-02
   2.0000000e+02  -1.5487965e-02
   2.0100000e+02  -1.6075186e-02
   2.0200000e+02  -1.6660817e-02
   2.0300000e+02  -1.7244885e-02
   2.0400000e+02  -1.7827425e-02
   2.0500000e+02  -1.8408479e-02
   2.0600000e+02  -1.8988077e-02
   2.0700000e+02  -1.9566245e-02
   2.0800000e+02  -2.0143012e-02
   2.0900000e+02  -2.0718386e-02
   2.1000000e+02  -2.1297082e-02
   2.1100000e+02  -2.1970907e-02
   2.1200000e+02  -2.2638416e-02
   2.1300000e+02  -2.3299910e-02
   2.1400000e+02  -2.3955718e-02
   2.1500000e+02  -2.4606159e-02
   2.1600000e+02  -2.5251532e-02
   2.1700000e+02  -2.5892116e-02
   2.1800000e+02  -2.6528182e-02
   2.1900000e+02  -2.7159974e-02
   2.2000000e+02  -2.7787682e-02
   2.2100000e+02  -2.8411515e-02
   2.2200000e+02  -2.9031686e-02
   2.2300000e+02  -2.9648395e-02
   2.2400000e+02  -3.0261783e-02
   2.2500000e+02  -3.0872006e-02
   2.2600000e+02  -3.1479228e-02
   2.2700000e+02  -3.2083590e-02
   2.2800000e+02  -3.2685220e-02
   2.2900000e+02  -3.3284258e-02
   2.3000000e+02  -3.3880822e-02
   2.3100000e+02  -3.4475010e-02
   2.3200000e+02  -3.5066932e-02
   2.3300000e+02  -3.5656683e-02
   2.3400000e+02  -3.6244359e-02
   2.3500000e+02  -3.6830056e-02
   2.3600000e+02  -3.7413854e-02
   2.3700000e+02  -3.7995778e-02
   2.3800000e+02  -3.8575888e-02
   2.3900000e+02  -3.9154250e-02
   2.4000000e+02  -3.9730910e-02
   2.4100000e+02  -3.8379353e-02
   2.4200000e+02  -3.7032362e-02
   2.4300000e+02  -3.5689849e-02
   2.4400000e+02  -3.4351725e-02
   2.4500000e+02  -3.3017904e-02
   2.4600000e+02  -3.1688318e-02
   2.4700000e+02  -3.0362889e-02
   2.4800000e+02  -2.9041525e-02
   2.4900000e+02  -2.7724156e-02
   2.5000000e+02  -2.6410738e-02
   2.5100000e+02  -2.5101220e-02
   2.5200000e+02  -2.3795560e-02
   2.5300000e+02  -2.2493707e-02
   2.5400000e+02  -2.1195596e-02
   2.5500000e+02  -1.9903718e-02
   2.5600000e+02  -1.8628033e-02
   2.5700000e+02  -1.7357754e-02
   2.5800000e+02  -1.6092911e-02
   2.5900000e+02  -1.4833470e-02
   2.6000000e+02  -1.3579422e-02
   2.6100000e+02  -1.2330750e-02
   2.6200000e+02  -1.1087443e-02
   2.6300000e+02  -9.8494915e-03
   2.6400000e+02  -8.6168898e-03
   2.6500000e+02  -7.3896269e-03
   2.6600000e+02  -6.1676875e-03
   2.6700000e+02  -4.9510645e-03
   2.6800000e+02  -3.7397619e-03
   2.6900000e+02  -2.5337846e-03
   2.7000000e+02  -1.3331427e-03
   2.7100000e+02  -5.9242320e-04
   2.7200000e+02   1.5151520e-04
   2.7300000e+02   8.9650217e-04
   2.7400000e+02   1.6460957e-03
   2.7500000e+02   2.3999540e-03
   2.7600000e+02   3.1577440e-03
   2.7700000e+02   3.9191647e-03
   2.7800000e+02   4.6839509e-03
   2.7900000e+02   5.4518622e-03
   2.8000000e+02   6.2226802e-03
   2.8100000e+02   6.9962079e-03
   2.8200000e+02   7.7722692e-03
   2.8300000e+02   8.5507035e-03
   2.8400000e+02   9.3313679e-03
   2.8500000e+02   1.0114132e-02
   2.8600000e+02   1.0898882e-02
   2.8700000e+02   1.1685507e-02
   2.8800000e+02   1.2467813e-02
   2.8900000e+02   1.3250395e-02
   2.9000000e+02   1.4033755e-02
   2.9100000e+02   1.4817808e-02
   2.9200000e+02   1.5602482e-02
   2.9300000e+02   1.6387707e-02
   2.9400000e+02   1.7173417e-02
   2.9500000e+02   1.7959561e-02
   2.9600000e+02   1.8746084e-02
   2.9700000e+02   1.9532938e-02
   2.9800000e+02   2.0320080e-02
   2.9900000e+02   2.1107472e-02
   3.0000000e+02   2.1895077e-02
   3.0100000e+02   2.2251418e-02
   3.0200000e+02   2.2606751e-02
   3.0300000e+02   2.2961203e-02
   3.0400000e+02   2.3314888e-02
   3.0500000e+02   2.3667917e-02
   3.0600000e+02   2.4020387e-02
   3.0700000e+02   2.4372393e-02
   3.0800000e+02   2.4724022e-02
   3.0900000e+02   2.5075354e-02
   3.1000000e+02   2.5426466e-02
   3.1100000e+02   2.5777433e-02
   3.1200000e+02   2.6128326e-02
   3.1300000e+02   2.6479211e-02
   3.1400000e+02   2.6830150e-02
   3.1500000e+02   2.7181203e-02
   3.1600000e+02   2.7532423e-02
   3.1700000e+02   2.7883863e-02
   3.1800000e+02   2.8235577e-02
   3.1900000e+02   2.8587611e-02
   3.2000000e+02   2.8940009e-02
   3.2100000e+02   2.9292820e-02
   3.2200000e+02   2.9646086e-02
   3.2300000e+02   2.9999847e-02
   3.2400000e+02   3.0354142e-02
   3.2500000e+02   3.0709015e-02
   3.2600000e+02   3.1064499e-02
   3.2700000e+02   3.1420633e-02
   3.2800000e+02   3.1777449e-02
   3.2900000e+02   3.2134980e-02
   3.3000000e+02   3.2493263e-02
   3.3100000e+02   3.2493263e-02
   3.3200000e+02   3.2493331e-02
   3.3300000e+02   3.2493468e-02
   3.3400000e+02   3.2493673e-02
   3.3500000e+02   3.2493941e-02
   3.3600000e+02   3.2494199e-02
   3.3700000e+02   3.2494429e-02
   3.3800000e+02   3.2494675e-02
   3.3900000e+02   3.2494940e-02
   3.4000000e+02   3.2495212e-02
   3.4100000e+02   3.2495499e-02
   3.4200000e+02   3.2495797e-02
   3.4300000e+02   3.2496098e-02
   3.4400000e+02   3.2496408e-02
   3.4500000e+02   3.2496721e-02
   3.4600000e+02   3.2497033e-02
   3.4700000e+02   3.2497350e-02
   3.4800000e+02   3.2497663e-02
   3.4900000e+02   3.2497976e-02
   3.5000000e+02   3.2498281e-02
   3.5100000e+02   3.2498579e-02
   3.5200000e+02   3.2498870e-02
   3.5300000e+02   3.2499149e-02
   3.5400000e+02   3.2499414e-02
   3.5500000e+02   3.2499667e-02
   3.5600000e+02   3.2499902e-02
   3.5700000e+02   3.2500122e-02
   3.5800000e+02   3.2500319e-02
   3.5900000e+02   3.2500494e-02
   7.1133672e-07   3.2500651e-02
   1.0000007e+00   3.2477058e-02
   2.0000007e+00   3.2453708e-02
   3.0000007e+00   3.2430593e-02
   4.0000010e+00   3.2407716e-02
   5.0000010e+00   3.2385074e-02
   6.0000010e+00   3.2362666e-02
   7.0000010e+00   3.2340497e-02
   8.0000010e+00   3.2318559e-02
   9.0000010e+00   3.2296915e-02
   1.0000001e+01   3.2275539e-02
   1.1000001e+01   3.2254387e-02
   1.2000001e+01   3.2233462e-02
   1.3000001e+01   3.2212764e-02
   1.4000001e+01   3.2192294e-02
   1.5000001e+01   3.2172050e-02
   1.6000000e+01   3.2152031e-02
   1.7000000e+01   3.2132242e-02
   1.8000000e+01   3.2112684e-02
   1.9000000e+01   3.2093354e-02
   2.0000000e+01   3.2074254e-02
   2.1000000e+01   3.2055389e-02
   2.2000000e+01   3.2036752e-02
   2.3000000e+01   3.2018356e-02
   2.4000000e+01   3.2000188e-02
   2.5000000e+01   3.1982262e-02
   2.6000000e+01   3.1964570e-02
   2.7000000e+01   3.1947121e-02
   2.8000000e+01   3.1929910e-02
   2.9000000e+01   3.1912945e-02
   3.0000000e+01   3.1896219e-02
   3.1000000e+01   3.1738549e-02
   3.2000000e+01   3.1581402e-02
   3.3000000e+01   3.1424779e-02
   3.4000000e+01   3.1268682e-02
   3.5000000e+01   3.1113105e-02
   3.6000000e+01   3.0958051e-02
   3.7000000e+01   3.0805595e-02
   3.8000000e+01   3.0653808e-02
   3.9000000e+01   3.0502312e-02
   4.0000000e+01   3.0351102e-02
   4.1000000e+01   3.0200187e-02
   4.2000000e+01   3.0049568e-02
   4.3000000e+01   2.9899253e-02
   4.4000000e+01   2.9749241e-02
   4.5000000e+01   2.9599536e-02
   4.6000000e+01   2.9450145e-02
   4.7000000e+01   2.9301068e-02
   4.8000000e+01   2.9152310e-02
   4.9000000e+01   2.9003872e-02
   5.0000000e+01   2.8855758e-02
   5.1000000e+01   2.8707970e-02
   5.2000000e+01   2.8560514e-02
   5.3000000e+01   2.8413389e-02
   5.4000000e+01   2.8266598e-02
   5.5000000e+01   2.8120145e-02
   5.6000000e+01   2.7974030e-02
   5.7000000e+01   2.7828258e-02
   5.8000000e+01   2.7682828e-02
   5.9000000e+01   2.7537743e-02
   6.0000000e+01   2.7393006e-02
   6.1000000e+01   2.7381485e-02
   6.2000000e+01   2.7369928e-02
   6.3000000e+01   2.7358331e-02
   6.4000000e+01   2.7346697e-02
   6.5000000e+01   2.7335025e-02
   6.6000000e+01   2.7323317e-02
   6.7000000e+01   2.7311569e-02
   6.8000000e+01   2.7299782e-02
   6.9000000e+01   2.7287692e-02
   7.0000000e+01   2.7275505e-02
   7.1000000e+01   2.7263230e-02
   7.2000000e+01   2.7250871e-02
   7.3000000e+01   2.7238432e-02
   7.4000000e+01   2.7225913e-02
   7.5000000e+01   2.7213320e-02
   7.6000000e+01   2.7200652e-02
   7.7000000e+01   2.7187916e-02
   7.8000000e+01   2.7175112e-02
   7.9000000e+01   2.7162239e-02
   8.0000000e+01   2.7149303e-02
   8.1000000e+01   2.7136302e-02
   8.2000000e+01   2.7123239e-02
   8.3000000e+01   2.7110117e-02
   8.4000000e+01   2.7096935e-02
   8.5000000e+01   2.7083695e-02
   8.6000000e+01   2.7070398e-02
   8.7000000e+01   2.7057044e-02
   8.8000000e+01   2.7043637e-02
   8.9000000e+01   2.7030176e-02
   9.0000000e+01   2.7016660e-02
   9.1000000e+01   2.6902322e-02
   9.2000000e+01   2.6788188e-02
   9.3000000e+01   2.6674258e-02
   9.4000000e+01   2.6560528e-02
   9.5000000e+01   2.6446998e-02
   9.6000000e+01   2.6333669e-02
   9.7000000e+01   2.6220538e-02
   9.8000000e+01   2.6107600e-02
   9.9000000e+01   2.5994860e-02
   1.0000000e+02   2.5882313e-02
   1.0100000e+02   2.5769958e-02
   1.0200000e+02   2.5657797e-02
   1.0300000e+02   2.5545824e-02
   1.0400000e+02   2.5434041e-02
   1.0500000e+02   2.5322448e-02
   1.0600000e+02   2.5211042e-02
   1.0700000e+02   2.5099821e-02
   1.0800000e+02   2.4988785e-02
   1.0900000e+02   2.4877934e-02
   1.1000000e+02   2.4767267e-02
   1.1100000e+02   2.4656784e-02
   1.1200000e+02   2.4546482e-02
   1.1300000e+02   2.4436360e-02
   1.1400000e+02   2.4326419e-02
   1.1500000e+02   2.4216658e-02
   1.1600000e+02   2.4107076e-02
   1.1700000e+02   2.3997672e-02
   1.1800000e+02   2.3888446e-02
   1.1900000e+02   2.3779398e-02
   1.2000000e+02   2.3670526e-02
   1.2100000e+02   2.3449125e-02
   1.2200000e+02   2.3228044e-02
   1.2300000e+02   2.3007283e-02
   1.2400000e+02   2.2786839e-02
   1.2500000e+02   2.2566706e-02
   1.2600000e+02   2.2346891e-02
   1.2700000e+02   2.2127388e-02
   1.2800000e+02   2.1908199e-02
   1.2900000e+02   2.1689324e-02
   1.3000000e+02   2.1470761e-02
   1.3100000e+02   2.1252509e-02
   1.3200000e+02   2.1034567e-02
   1.3300000e+02   2.0816935e-02
   1.3400000e+02   2.0599613e-02
   1.3500000e+02   2.0382598e-02
   1.3600000e+02   2.0165892e-02
   1.3700000e+02   1.9949496e-02
   1.3800000e+02   1.9733405e-02
   1.3900000e+02   1.9517623e-02
   1.4000000e+02   1.9302147e-02
   1.4100000e+02   1.9086977e-02
   1.4200000e+02   1.8872114e-02
   1.4300000e+02   1.8657556e-02
   1.4400000e+02   1.8443301e-02
   1.4500000e+02   1.8229350e-02
   1.4600000e+02   1.8015703e-02
   1.4700000e+02   1.7802360e-02
   1.4800000e+02   1.7589318e-02
   1.4900000e+02   1.7376579e-02
   1.5000000e+02   1.7164141e-02
   1.5100000e+02   1.6801698e-02
   1.5200000e+02   1.6439734e-02
   1.5300000e+02   1.6078247e-02
   1.5400000e+02   1.5717238e-02
   1.5500000e+02   1.5356706e-02
   1.5600000e+02   1.4996650e-02
   1.5700000e+02   1.4637069e-02
   1.5800000e+02   1.4277964e-02
   1.5900000e+02   1.3919330e-02
   1.6000000e+02   1.3561171e-02
   1.6100000e+02   1.3203484e-02
   1.6200000e+02   1.2846268e-02
   1.6300000e+02   1.2489522e-02
   1.6400000e+02   1.2133245e-02
   1.6500000e+02   1.1777435e-02
   1.6600000e+02   1.1422093e-02
   1.6700000e+02   1.1067216e-02
   1.6800000e+02   1.0712804e-02
   1.6900000e+02   1.0358856e-02
   1.7000000e+02   1.0005371e-02
   1.7100000e+02   9.6523482e-03
   1.7200000e+02   9.2997877e-03
   1.7300000e+02   8.9476863e-03
   1.7400000e+02   8.5960459e-03
   1.7500000e+02   8.2448628e-03
   1.7600000e+02   7.8941388e-03
   1.7700000e+02   7.5438716e-03
   1.7800000e+02   7.1940608e-03
   1.7900000e+02   6.8447050e-03
   1.8000000e+02   6.4958036e-03
   1.8100000e+02   6.0269819e-03
   1.8200000e+02   5.5587771e-03
   1.8300000e+02   5.0911889e-03
   1.8400000e+02   4.6242168e-03
   1.8500000e+02   4.1578612e-03
   1.8600000e+02   3.6921205e-03
   1.8700000e+02   3.2269950e-03
   1.8800000e+02   2.7624825e-03
   1.8900000e+02   2.2985835e-03
   1.9000000e+02   1.8352955e-03
   1.9100000e+02   1.3726184e-03
   1.9200000e+02   9.1055012e-04
   1.9300000e+02   4.4909012e-04
   1.9400000e+02  -1.1763625e-05
   1.9500000e+02  -4.7201206e-04
   1.9600000e+02  -9.3165727e-04
   1.9700000e+02  -1.3906993e-03
   1.9800000e+02  -1.8491395e-03
   1.9900000e+02  -2.3069798e-03
   2.0000000e+02  -2.7642213e-03
   2.0100000e+02  -3.2208643e-03
   2.0200000e+02  -3.6769104e-03
   2.0300000e+02  -4.1323612e-03
   2.0400000e+02  -4.5872177e-03
   2.0500000e+02  -5.0414824e-03
   2.0600000e+02  -5.4951562e-03
   2.0700000e+02  -5.9482409e-03
   2.0800000e+02  -6.4007393e-03
   2.0900000e+02  -6.8526543e-03
   2.1000000e+02  -7.3039848e-03
   2.1100000e+02  -7.7240374e-03
   2.1200000e+02  -8.1432490e-03
   2.1300000e+02  -8.5616242e-03
   2.1400000e+02  -8.9791650e-03
   2.1500000e+02  -9.3958750e-03
   2.1600000e+02  -9.8117571e-03
   2.1700000e+02  -1.0226815e-02
   2.1800000e+02  -1.0641051e-02
   2.1900000e+02  -1.1054468e-02
   2.2000000e+02  -1.1467071e-02
   2.2100000e+02  -1.1878863e-02
   2.2200000e+02  -1.2289845e-02
   2.2300000e+02  -1.2700023e-02
   2.2400000e+02  -1.3109398e-02
   2.2500000e+02  -1.3517977e-02
   2.2600000e+02  -1.3925758e-02
   2.2700000e+02  -1.4332749e-02
   2.2800000e+02  -1.4738951e-02
   2.2900000e+02  -1.5144368e-02
   2.3000000e+02  -1.5549001e-02
   2.3100000e+02  -1.5952857e-02
   2.3200000e+02  -1.6355935e-02
   2.3300000e+02  -1.6758241e-02
   2.3400000e+02  -1.7159777e-02
   2.3500000e+02  -1.7560545e-02
   2.3600000e+02  -1.7960548e-02
   2.3700000e+02  -1.8359793e-02
   2.3800000e+02  -1.8758276e-02
   2.3900000e+02  -1.9156003e-02
   2.4000000e+02  -1.9552970e-02
   2.4100000e+02  -1.9103661e-02
   2.4200000e+02  -1.8657377e-02
   2.4300000e+02  -1.8214110e-02
   2.4400000e+02  -1.7773857e-02
   2.4500000e+02  -1.7336609e-02
   2.4600000e+02  -1.6902363e-02
   2.4700000e+02  -1.6471110e-02
   2.4800000e+02  -1.6042843e-02
   2.4900000e+02  -1.5617559e-02
   2.5000000e+02  -1.5195249e-02
   2.5100000e+02  -1.4775908e-02
   2.5200000e+02  -1.4359530e-02
   2.5300000e+02  -1.3946109e-02
   2.5400000e+02  -1.3535636e-02
   2.5500000e+02  -1.3128109e-02
   2.5600000e+02  -1.2723517e-02
   2.5700000e+02  -1.2321856e-02
   2.5800000e+02  -1.1923120e-02
   2.5900000e+02  -1.1527303e-02
   2.6000000e+02  -1.1134399e-02
   2.6100000e+02  -1.0744400e-02
   2.6200000e+02  -1.0357302e-02
   2.6300000e+02  -9.9730948e-03
   2.6400000e+02  -9.5917741e-03
   2.6500000e+02  -9.2133321e-03
   2.6600000e+02  -8.8377604e-03
   2.6700000e+02  -8.4650526e-03
   2.6800000e+02  -8.0952058e-03
   2.6900000e+02  -7.7282139e-03
   2.7000000e+02  -7.3640686e-03
   2.7100000e+02  -6.3735205e-03
   2.7200000e+02  -5.3817830e-03
   2.7300000e+02  -4.3888679e-03
   2.7400000e+02  -3.3947830e-03
   2.7500000e+02  -2.3995368e-03
   2.7600000e+02  -1.4031361e-03
   2.7700000e+02  -4.0558705e-04
   2.7800000e+02   5.9310137e-04
   2.7900000e+02   1.5929230e-03
   2.8000000e+02   2.5938726e-03
   2.8100000e+02   3.5959431e-03
   2.8200000e+02   4.5991288e-03
   2.8300000e+02   5.6034252e-03
   2.8400000e+02   6.6088252e-03
   2.8500000e+02   7.6153246e-03
   2.8600000e+02   8.6229183e-03
   2.8700000e+02   9.6316012e-03
   2.8800000e+02   1.0641368e-02
   2.8900000e+02   1.1652216e-02
   2.9000000e+02   1.2664140e-02
   2.9100000e+02   1.3677136e-02
   2.9200000e+02   1.4691199e-02
   2.9300000e+02   1.5706327e-02
   2.9400000e+02   1.6722515e-02
   2.9500000e+02   1.7739762e-02
   2.9600000e+02   1.8758060e-02
   2.9700000e+02   1.9777412e-02
   2.9800000e+02   2.0797808e-02
   2.9900000e+02   2.1819249e-02
   3.0000000e+02   2.2841731e-02
   3.0100000e+02   2.3130398e-02
   3.0200000e+02   2.3417778e-02
   3.0300000e+02   2.3703871e-02
   3.0400000e+02   2.3988685e-02
   3.0500000e+02   2.4272220e-02
   3.0600000e+02   2.4554478e-02
   3.0700000e+02   2.4835460e-02
   3.0800000e+02   2.5115168e-02
   3.0900000e+02   2.5393605e-02
   3.1000000e+02   2.5670776e-02
   3.1100000e+02   2.5946677e-02
   3.1200000e+02   2.6221311e-02
   3.1300000e+02   2.6494676e-02
   3.1400000e+02   2.6766777e-02
   3.1500000e+02   2.7037611e-02
   3.1600000e+02   2.7307179e-02
   3.1700000e+02   2.7575482e-02
   3.1800000e+02   2.7842522e-02
   3.1900000e+02   2.8108295e-02
   3.2000000e+02   2.8372804e-02
   3.2100000e+02   2.8636051e-02
   3.2200000e+02   2.8898031e-02
   3.2300000e+02   2.9158751e-02
   3.2400000e+02   2.9418206e-02
   3.2500000e+02   2.9676396e-02
   3.2600000e+02   2.9933324e-02
   3.2700000e+02   3.0188989e-02
   3.2800000e+02   3.0443391e-02
   3.2900000e+02   3.0696528e-02
   3.3000000e+02   3.0948402e-02
   3.3100000e+02   3.0975213e-02
   3.3200000e+02   3.1002577e-02
   3.3300000e+02   3.1030497e-02
   3.3400000e+02   3.1058973e-02
   3.3500000e+02   3.1088006e-02
   3.3600000e+02   3.1117598e-02
   3.3700000e+02   3.1147752e-02
   3.3800000e+02   3.1178471e-02
   3.3900000e+02   3.1209754e-02
   3.4000000e+02   3.1241605e-02
   3.4100000e+02   3.1274024e-02
   3.4200000e+02   3.1307016e-02
   3.4300000e+02   3.1340577e-02
   3.4400000e+02   3.1374715e-02
   3.4500000e+02   3.1409431e-02
   3.4600000e+02   3.1444725e-02
   3.4700000e+02   3.1480599e-02
   3.4800000e+02   3.1517059e-02
   3.4900000e+02   3.1554583e-02
   3.5000000e+02   3.1596094e-02
   3.5100000e+02   3.1638522e-02
   3.5200000e+02   3.1681713e-02
   3.5300000e+02   3.1725645e-02
   3.5400000e+02   3.1770304e-02
   3.5500000e+02   3.1815685e-02
   3.5600000e+02   3.1861778e-02
   3.5700000e+02   3.1908575e-02
   3.5800000e+02   3.1956073e-02
   3.5900000e+02   3.2004274e-02
   1.4226848e-06   3.2053165e-02
