   0.0000000e+00  -2.4149702e-17
   1.0000000e+00   2.4367415e-03
   2.0000000e+00   3.4938008e-03
   3.0000000e+00   4.5516812e-03
   4.0000000e+00   5.6118309e-03
   5.0000000e+00   6.6739223e-03
   6.0000000e+00   7.7378862e-03
   7.0000000e+00   8.8036004e-03
   8.0000000e+00   9.8714484e-03
   9.0000000e+00   1.0941645e-02
   1.0000000e+01   1.2014788e-02
   1.1000000e+01   1.3091248e-02
   1.2000000e+01   1.4171509e-02
   1.3000000e+01   1.5255484e-02
   1.4000000e+01   1.6343733e-02
   1.5000000e+01   1.7435543e-02
   1.6000000e+01   1.8530566e-02
   1.7000000e+01   1.9629149e-02
   1.8000000e+01   2.0730946e-02
   1.9000000e+01   2.1835448e-02
   2.0000000e+01   2.2942802e-02
   2.1000000e+01   2.4053171e-02
   2.2000000e+01   2.5166616e-02
   2.3000000e+01   2.6283078e-02
   2.4000000e+01   2.7402434e-02
   2.5000000e+01   2.8524835e-02
   2.6000000e+01   2.9650141e-02
   2.7000000e+01   3.0778388e-02
   2.8000000e+01   3.1909473e-02
   2.9000000e+01   3.3043560e-02
   3.0000000e+01   3.4180645e-02
   3.1000000e+01   3.5364896e-02
   3.2000000e+01   3.6555015e-02
   3.3000000e+01   3.7750807e-02
   3.4000000e+01   3.8952246e-02
   3.5000000e+01   4.0159360e-02
   3.6000000e+01   4.1372050e-02
   3.7000000e+01   4.2590294e-02
   3.8000000e+01   4.3814108e-02
   3.9000000e+01   4.5043349e-02
   4.0000000e+01   4.6277821e-02
   4.1000000e+01   4.7517288e-02
   4.2000000e+01   4.8761576e-02
   4.3000000e+01   5.0010685e-02
   4.4000000e+01   5.1264476e-02
   4.5000000e+01   5.2522868e-02
   4.6000000e+01   5.3785812e-02
   4.7000000e+01   5.5053286e-02
   4.8000000e+01   5.6325171e-02
   4.9000000e+01   5.7601437e-02
   5.0000000e+01   5.8881998e-02
   5.1000000e+01   6.0166724e-02
   5.2000000e+01   6.1455548e-02
   5.3000000e+01   6.2748417e-02
   5.4000000e+01   6.4045250e-02
   5.5000000e+01   6.5345943e-02
   5.6000000e+01   6.6650376e-02
   5.7000000e+01   6.7958415e-02
   5.8000000e+01   6.9269985e-02
   5.9000000e+01   7.0584983e-02
   6.0000000e+01   7.1903408e-02
   6.1000000e+01   7.3859051e-02
   6.2000000e+01   7.5823292e-02
   6.3000000e+01   7.7795602e-02
   6.4000000e+01   7.9775415e-02
   6.5000000e+01   8.1762165e-02
   6.6000000e+01   8.3755627e-02
   6.7000000e+01   8.5756138e-02
   6.8000000e+01   8.7763652e-02
   6.9000000e+01   8.9778073e-02
   7.0000000e+01   9.1799304e-02
   7.1000000e+01   9.3827322e-02
   7.2000000e+01   9.5862083e-02
   7.3000000e+01   9.7903490e-02
   7.4000000e+01   9.9951498e-02
   7.5000000e+01   1.0200604e-01
   7.6000000e+01   1.0406674e-01
   7.7000000e+01   1.0613342e-01
   7.8000000e+01   1.0820597e-01
   7.9000000e+01   1.1028432e-01
   8.0000000e+01   1.1236834e-01
   8.1000000e+01   1.1445792e-01
   8.2000000e+01   1.1655293e-01
   8.3000000e+01   1.1865325e-01
   8.4000000e+01   1.2075876e-01
   8.5000000e+01   1.2286939e-01
   8.6000000e+01   1.2498503e-01
   8.7000000e+01   1.2710561e-01
   8.8000000e+01   1.2923105e-01
   8.9000000e+01   1.3136129e-01
   9.0000000e+01   1.3349625e-01
   9.1000000e+01   1.3188393e-01
   9.2000000e+01   1.3022552e-01
   9.3000000e+01   1.2852137e-01
   9.4000000e+01   1.2677181e-01
   9.5000000e+01   1.2497723e-01
   9.6000000e+01   1.2313795e-01
   9.7000000e+01   1.2125431e-01
   9.8000000e+01   1.1932666e-01
   9.9000000e+01   1.1735529e-01
   1.0000000e+02   1.1534046e-01
   1.0100000e+02   1.1328249e-01
   1.0200000e+02   1.1118155e-01
   1.0300000e+02   1.0903683e-01
   1.0400000e+02   1.0684840e-01
   1.0500000e+02   1.0461637e-01
   1.0600000e+02   1.0234084e-01
   1.0700000e+02   1.0002196e-01
   1.0800000e+02   9.7659864e-02
   1.0900000e+02   9.5254727e-02
   1.1000000e+02   9.2806704e-02
   1.1100000e+02   9.0315975e-02
   1.1200000e+02   8.7782726e-02
   1.1300000e+02   8.5207134e-02
   1.1400000e+02   8.2589410e-02
   1.1500000e+02   7.9929739e-02
   1.1600000e+02   7.7228352e-02
   1.1700000e+02   7.4485473e-02
   1.1800000e+02   7.1701318e-02
   1.1900000e+02   6.8876080e-02
   1.2000000e+02   6.6010095e-02
   1.2100000e+02   6.4309828e-02
   1.2200000e+02   6.2595092e-02
   1.2300000e+02   6.0866356e-02
   1.2400000e+02   5.9124075e-02
   1.2500000e+02   5.7368688e-02
   1.2600000e+02   5.5600625e-02
   1.2700000e+02   5.3820286e-02
   1.2800000e+02   5.2028071e-02
   1.2900000e+02   5.0224375e-02
   1.3000000e+02   4.8409563e-02
   1.3100000e+02   4.6583995e-02
   1.3200000e+02   4.4748019e-02
   1.3300000e+02   4.2901982e-02
   1.3400000e+02   4.1046195e-02
   1.3500000e+02   3.9180987e-02
   1.3600000e+02   3.7306651e-02
   1.3700000e+02   3.5423484e-02
   1.3800000e+02   3.3531759e-02
   1.3900000e+02   3.1631749e-02
   1.4000000e+02   2.9723734e-02
   1.4100000e+02   2.7807964e-02
   1.4200000e+02   2.5884690e-02
   1.4300000e+02   2.3954159e-02
   1.4400000e+02   2.2016602e-02
   1.4500000e+02   2.0072248e-02
   1.4600000e+02   1.8121317e-02
   1.4700000e+02   1.6164022e-02
   1.4800000e+02   1.4200568e-02
   1.4900000e+02   1.2231156e-02
   1.5000000e+02   1.0255978e-02
   1.5100000e+02   1.1374566e-02
   1.5200000e+02   1.2498124e-02
   1.5300000e+02   1.3626596e-02
   1.5400000e+02   1.4759922e-02
   1.5500000e+02   1.5898049e-02
   1.5600000e+02   1.7040921e-02
   1.5700000e+02   1.8188480e-02
   1.5800000e+02   1.9340675e-02
   1.5900000e+02   2.0497451e-02
   1.6000000e+02   2.1658754e-02
   1.6100000e+02   2.2824531e-02
   1.6200000e+02   2.3994731e-02
   1.6300000e+02   2.5169302e-02
   1.6400000e+02   2.6348190e-02
   1.6500000e+02   2.7531352e-02
   1.6600000e+02   2.8718729e-02
   1.6700000e+02   2.9910276e-02
   1.6800000e+02   3.1105947e-02
   1.6900000e+02   3.2305688e-02
   1.7000000e+02   3.3509452e-02
   1.7100000e+02   3.4717195e-02
   1.7200000e+02   3.5928868e-02
   1.7300000e+02   3.7144423e-02
   1.7400000e+02   3.8363814e-02
   1.7500000e+02   3.9586999e-02
   1.7600000e+02   4.0813930e-02
   1.7700000e+02   4.2044561e-02
   1.7800000e+02   4.3278851e-02
   1.7900000e+02   4.4516753e-02
   1.8000000e+02   4.5758225e-02
   1.8100000e+02   4.8786622e-02
   1.8200000e+02   5.1827364e-02
   1.8300000e+02   5.4880284e-02
   1.8400000e+02   5.7945199e-02
   1.8500000e+02   6.1021935e-02
   1.8600000e+02   6.4110309e-02
   1.8700000e+02   6.7210160e-02
   1.8800000e+02   7.0321314e-02
   1.8900000e+02   7.3443606e-02
   1.9000000e+02   7.6576881e-02
   1.9100000e+02   7.9720952e-02
   1.9200000e+02   8.2875662e-02
   1.9300000e+02   8.6040832e-02
   1.9400000e+02   8.9216322e-02
   1.9500000e+02   9.2401974e-02
   1.9600000e+02   9.5597617e-02
   1.9700000e+02   9.8803118e-02
   1.9800000e+02   1.0201833e-01
   1.9900000e+02   1.0524308e-01
   2.0000000e+02   1.0847725e-01
   2.0100000e+02   1.1172068e-01
   2.0200000e+02   1.1497325e-01
   2.0300000e+02   1.1823481e-01
   2.0400000e+02   1.2150522e-01
   2.0500000e+02   1.2478434e-01
   2.0600000e+02   1.2807207e-01
   2.0700000e+02   1.3136823e-01
   2.0800000e+02   1.3467273e-01
   2.0900000e+02   1.3798544e-01
   2.1000000e+02   1.4130622e-01
   2.1100000e+02   1.4215404e-01
   2.1200000e+02   1.4301322e-01
   2.1300000e+02   1.4388429e-01
   2.1400000e+02   1.4476770e-01
   2.1500000e+02   1.4566401e-01
   2.1600000e+02   1.4657368e-01
   2.1700000e+02   1.4749724e-01
   2.1800000e+02   1.4843521e-01
   2.1900000e+02   1.4938807e-01
   2.2000000e+02   1.5035638e-01
   2.2100000e+02   1.5134065e-01
   2.2200000e+02   1.5234137e-01
   2.2300000e+02   1.5335910e-01
   2.2400000e+02   1.5439436e-01
   2.2500000e+02   1.5544528e-01
   2.2600000e+02   1.5651065e-01
   2.2700000e+02   1.5759028e-01
   2.2800000e+02   1.5868400e-01
   2.2900000e+02   1.5979163e-01
   2.3000000e+02   1.6091298e-01
   2.3100000e+02   1.6204789e-01
   2.3200000e+02   1.6319616e-01
   2.3300000e+02   1.6435766e-01
   2.3400000e+02   1.6553219e-01
   2.3500000e+02   1.6671959e-01
   2.3600000e+02   1.6791968e-01
   2.3700000e+02   1.6913235e-01
   2.3800000e+02   1.7035738e-01
   2.3900000e+02   1.7159463e-01
   2.4000000e+02   1.7284396e-01
   2.4100000e+02   1.7154473e-01
   2.4200000e+02   1.7022994e-01
   2.4300000e+02   1.6889982e-01
   2.4400000e+02   1.6755456e-01
   2.4500000e+02   1.6619438e-01
   2.4600000e+02   1.6481952e-01
   2.4700000e+02   1.6343014e-01
   2.4800000e+02   1.6202649e-01
   2.4900000e+02   1.6060875e-01
   2.5000000e+02   1.5917714e-01
   2.5100000e+02   1.5773180e-01
   2.5200000e+02   1.5627299e-01
   2.5300000e+02   1.5480085e-01
   2.5400000e+02   1.5331560e-01
   2.5500000e+02   1.5181744e-01
   2.5600000e+02   1.5030651e-01
   2.5700000e+02   1.4878300e-01
   2.5800000e+02   1.4724714e-01
   2.5900000e+02   1.4569904e-01
   2.6000000e+02   1.4413890e-01
   2.6100000e+02   1.4256692e-01
   2.6200000e+02   1.4098324e-01
   2.6300000e+02   1.3938801e-01
   2.6400000e+02   1.3778143e-01
   2.6500000e+02   1.3616362e-01
   2.6600000e+02   1.3453478e-01
   2.6700000e+02   1.3289505e-01
   2.6800000e+02   1.3124460e-01
   2.6900000e+02   1.2958355e-01
   2.7000000e+02   1.2791210e-01
   2.7100000e+02   1.2763013e-01
   2.7200000e+02   1.2734590e-01
   2.7300000e+02   1.2705946e-01
   2.7400000e+02   1.2677081e-01
   2.7500000e+02   1.2647998e-01
   2.7600000e+02   1.2618700e-01
   2.7700000e+02   1.2589186e-01
   2.7800000e+02   1.2559460e-01
   2.7900000e+02   1.2529524e-01
   2.8000000e+02   1.2499379e-01
   2.8100000e+02   1.2469026e-01
   2.8200000e+02   1.2438467e-01
   2.8300000e+02   1.2407706e-01
   2.8400000e+02   1.2376742e-01
   2.8500000e+02   1.2345579e-01
   2.8600000e+02   1.2314215e-01
   2.8700000e+02   1.2282655e-01
   2.8800000e+02   1.2250900e-01
   2.8900000e+02   1.2218951e-01
   2.9000000e+02   1.2186810e-01
   2.9100000e+02   1.2154478e-01
   2.9200000e+02   1.2121957e-01
   2.9300000e+02   1.2089248e-01
   2.9400000e+02   1.2056354e-01
   2.9500000e+02   1.2023275e-01
   2.9600000e+02   1.1990014e-01
   2.9700000e+02   1.1956571e-01
   2.9800000e+02   1.1922948e-01
   2.9900000e+02   1.1889147e-01
   3.0000000e+02   1.1855169e-01
   3.0100000e+02   1.1861322e-01
   3.0200000e+02   1.1867374e-01
   3.0300000e+02   1.1873326e-01
   3.0400000e+02   1.1879179e-01
   3.0500000e+02   1.1884932e-01
   3.0600000e+02   1.1890588e-01
   3.0700000e+02   1.1896146e-01
   3.0800000e+02   1.1901607e-01
   3.0900000e+02   1.1906973e-01
   3.1000000e+02   1.1912242e-01
   3.1100000e+02   1.1917417e-01
   3.1200000e+02   1.1922500e-01
   3.1300000e+02   1.1927487e-01
   3.1400000e+02   1.1932382e-01
   3.1500000e+02   1.1937185e-01
   3.1600000e+02   1.1941897e-01
   3.1700000e+02   1.1946519e-01
   3.1800000e+02   1.1951049e-01
   3.1900000e+02   1.1955491e-01
   3.2000000e+02   1.1959844e-01
   3.2100000e+02   1.1964108e-01
   3.2200000e+02   1.1968286e-01
   3.2300000e+02   1.1972375e-01
   3.2400000e+02   1.1976379e-01
   3.2500000e+02   1.1980297e-01
   3.2600000e+02   1.1984130e-01
   3.2700000e+02   1.1987878e-01
   3.2800000e+02   1.1991543e-01
   3.2900000e+02   1.1995124e-01
   3.3000000e+02   1.1998623e-01
   3.3100000e+02   1.2045476e-01
   3.3200000e+02   1.2092317e-01
   3.3300000e+02   1.2139147e-01
   3.3400000e+02   1.2185965e-01
   3.3500000e+02   1.2232770e-01
   3.3600000e+02   1.2279565e-01
   3.3700000e+02   1.2326347e-01
   3.3800000e+02   1.2373117e-01
   3.3900000e+02   1.2419875e-01
   3.4000000e+02   1.2466622e-01
   3.4100000e+02   1.2513357e-01
   3.4200000e+02   1.2560080e-01
   3.4300000e+02   1.2606792e-01
   3.4400000e+02   1.2653491e-01
   3.4500000e+02   1.2700178e-01
   3.4600000e+02   1.2746854e-01
   3.4700000e+02   1.2793517e-01
   3.4800000e+02   1.2840170e-01
   3.4900000e+02   1.2886810e-01
   3.5000000e+02   1.2933439e-01
   3.5100000e+02   1.2980056e-01
   3.5200000e+02   1.3026661e-01
   3.5300000e+02   1.3073254e-01
   3.5400000e+02   1.3119836e-01
   3.5500000e+02   1.3166405e-01
   3.5600000e+02   1.3212962e-01
   3.5700000e+02   1.3259511e-01
   3.5800000e+02   1.3306044e-01
   3.5900000e+02   1.3352567e-01
   7.1133672e-07   1.3399079e-01
   1.0000007e+00   1.3483119e-01
   2.0000007e+00   1.3567205e-01
   3.0000007e+00   1.3651337e-01
   4.0000010e+00   1.3735513e-01
   5.0000010e+00   1.3819735e-01
   6.0000010e+00   1.3904001e-01
   7.0000010e+00   1.3988312e-01
   8.0000010e+00   1.4072667e-01
   9.0000010e+00   1.4157064e-01
   1.0000001e+01   1.4241505e-01
   1.1000001e+01   1.4325990e-01
   1.2000001e+01   1.4410515e-01
   1.3000001e+01   1.4495084e-01
   1.4000001e+01   1.4579694e-01
   1.5000001e+01   1.4664344e-01
   1.6000000e+01   1.4749035e-01
   1.7000000e+01   1.4833769e-01
   1.8000000e+01   1.4918542e-01
   1.9000000e+01   1.5003355e-01
   2.0000000e+01   1.5088208e-01
   2.1000000e+01   1.5173098e-01
   2.2000000e+01   1.5258029e-01
   2.3000000e+01   1.5343000e-01
   2.4000000e+01   1.5428007e-01
   2.5000000e+01   1.5513052e-01
   2.6000000e+01   1.5598136e-01
   2.7000000e+01   1.5683256e-01
   2.8000000e+01   1.5768415e-01
   2.9000000e+01   1.5853611e-01
   3.0000000e+01   1.5938841e-01
   3.1000000e+01   1.6052368e-01
   3.2000000e+01   1.6165981e-01
   3.3000000e+01   1.6279677e-01
   3.4000000e+01   1.6393453e-01
   3.5000000e+01   1.6507311e-01
   3.6000000e+01   1.6621253e-01
   3.7000000e+01   1.6735274e-01
   3.8000000e+01   1.6849373e-01
   3.9000000e+01   1.6963555e-01
   4.0000000e+01   1.7077814e-01
   4.1000000e+01   1.7192152e-01
   4.2000000e+01   1.7306568e-01
   4.3000000e+01   1.7421062e-01
   4.4000000e+01   1.7535633e-01
   4.5000000e+01   1.7650279e-01
   4.6000000e+01   1.7765003e-01
   4.7000000e+01   1.7879803e-01
   4.8000000e+01   1.7994677e-01
   4.9000000e+01   1.8109626e-01
   5.0000000e+01   1.8224648e-01
   5.1000000e+01   1.8339744e-01
   5.2000000e+01   1.8454914e-01
   5.3000000e+01   1.8570155e-01
   5.4000000e+01   1.8685469e-01
   5.5000000e+01   1.8800855e-01
   5.6000000e+01   1.8916312e-01
   5.7000000e+01   1.9031841e-01
   5.8000000e+01   1.9147441e-01
   5.9000000e+01   1.9263108e-01
   6.0000000e+01   1.9378847e-01
   6.1000000e+01   1.9448602e-01
   6.2000000e+01   1.9517961e-01
   6.3000000e+01   1.9586925e-01
   6.4000000e+01   1.9655500e-01
   6.5000000e+01   1.9723688e-01
   6.6000000e+01   1.9791493e-01
   6.7000000e+01   1.9858915e-01
   6.8000000e+01   1.9925961e-01
   6.9000000e+01   1.9992632e-01
   7.0000000e+01   2.0058930e-01
   7.1000000e+01   2.0124862e-01
   7.2000000e+01   2.0190428e-01
   7.3000000e+01   2.0255633e-01
   7.4000000e+01   2.0320477e-01
   7.5000000e+01   2.0384964e-01
   7.6000000e+01   2.0449099e-01
   7.7000000e+01   2.0512885e-01
   7.8000000e+01   2.0576321e-01
   7.9000000e+01   2.0639414e-01
   8.0000000e+01   2.0702164e-01
   8.1000000e+01   2.0764576e-01
   8.2000000e+01   2.0826653e-01
   8.3000000e+01   2.0888396e-01
   8.4000000e+01   2.0949808e-01
   8.5000000e+01   2.1010892e-01
   8.6000000e+01   2.1071652e-01
   8.7000000e+01   2.1132091e-01
   8.8000000e+01   2.1192208e-01
   8.9000000e+01   2.1252009e-01
   9.0000000e+01   2.1311498e-01
   9.1000000e+01   2.0859079e-01
   9.2000000e+01   2.0406464e-01
   9.3000000e+01   1.9953649e-01
   9.4000000e+01   1.9500639e-01
   9.5000000e+01   1.9047432e-01
   9.6000000e+01   1.8594030e-01
   9.7000000e+01   1.8140434e-01
   9.8000000e+01   1.7686644e-01
   9.9000000e+01   1.7232662e-01
   1.0000000e+02   1.6778488e-01
   1.0100000e+02   1.6324124e-01
   1.0200000e+02   1.5869570e-01
   1.0300000e+02   1.5414825e-01
   1.0400000e+02   1.4959893e-01
   1.0500000e+02   1.4504771e-01
   1.0600000e+02   1.4049464e-01
   1.0700000e+02   1.3593970e-01
   1.0800000e+02   1.3138291e-01
   1.0900000e+02   1.2682427e-01
   1.1000000e+02   1.2226377e-01
   1.1100000e+02   1.1770146e-01
   1.1200000e+02   1.1313730e-01
   1.1300000e+02   1.0857134e-01
   1.1400000e+02   1.0400356e-01
   1.1500000e+02   9.9433966e-02
   1.1600000e+02   9.4862565e-02
   1.1700000e+02   9.0289377e-02
   1.1800000e+02   8.5714400e-02
   1.1900000e+02   8.1137642e-02
   1.2000000e+02   7.6559111e-02
   1.2100000e+02   7.4412249e-02
   1.2200000e+02   7.2265126e-02
   1.2300000e+02   7.0117734e-02
   1.2400000e+02   6.7970075e-02
   1.2500000e+02   6.5822154e-02
   1.2600000e+02   6.3673966e-02
   1.2700000e+02   6.1525516e-02
   1.2800000e+02   5.9376799e-02
   1.2900000e+02   5.7227820e-02
   1.3000000e+02   5.5078581e-02
   1.3100000e+02   5.2929081e-02
   1.3200000e+02   5.0779317e-02
   1.3300000e+02   4.8629291e-02
   1.3400000e+02   4.6479009e-02
   1.3500000e+02   4.4328462e-02
   1.3600000e+02   4.2177662e-02
   1.3700000e+02   4.0026598e-02
   1.3800000e+02   3.7875276e-02
   1.3900000e+02   3.5723697e-02
   1.4000000e+02   3.3571865e-02
   1.4100000e+02   3.1419773e-02
   1.4200000e+02   2.9267423e-02
   1.4300000e+02   2.7114820e-02
   1.4400000e+02   2.4961960e-02
   1.4500000e+02   2.2808846e-02
   1.4600000e+02   2.0655477e-02
   1.4700000e+02   1.8501855e-02
   1.4800000e+02   1.6347980e-02
   1.4900000e+02   1.4193852e-02
   1.5000000e+02   1.2039475e-02
   1.5100000e+02   1.3478695e-02
   1.5200000e+02   1.4918438e-02
   1.5300000e+02   1.6358702e-02
   1.5400000e+02   1.7799478e-02
   1.5500000e+02   1.9240767e-02
   1.5600000e+02   2.0682562e-02
   1.5700000e+02   2.2124860e-02
   1.5800000e+02   2.3567658e-02
   1.5900000e+02   2.5010951e-02
   1.6000000e+02   2.6454739e-02
   1.6100000e+02   2.7899012e-02
   1.6200000e+02   2.9343771e-02
   1.6300000e+02   3.0789010e-02
   1.6400000e+02   3.2234728e-02
   1.6500000e+02   3.3680920e-02
   1.6600000e+02   3.5127584e-02
   1.6700000e+02   3.6574714e-02
   1.6800000e+02   3.8022310e-02
   1.6900000e+02   3.9470367e-02
   1.7000000e+02   4.0918879e-02
   1.7100000e+02   4.2367849e-02
   1.7200000e+02   4.3817271e-02
   1.7300000e+02   4.5267139e-02
   1.7400000e+02   4.6717454e-02
   1.7500000e+02   4.8168212e-02
   1.7600000e+02   4.9619410e-02
   1.7700000e+02   5.1071044e-02
   1.7800000e+02   5.2523114e-02
   1.7900000e+02   5.3975612e-02
   1.8000000e+02   5.5428546e-02
   1.8100000e+02   5.9135024e-02
   1.8200000e+02   6.2842831e-02
   1.8300000e+02   6.6551954e-02
   1.8400000e+02   7.0262395e-02
   1.8500000e+02   7.3974155e-02
   1.8600000e+02   7.7687226e-02
   1.8700000e+02   8.1401601e-02
   1.8800000e+02   8.5117280e-02
   1.8900000e+02   8.8834248e-02
   1.9000000e+02   9.2552520e-02
   1.9100000e+02   9.6272074e-02
   1.9200000e+02   9.9992923e-02
   1.9300000e+02   1.0371505e-01
   1.9400000e+02   1.0743845e-01
   1.9500000e+02   1.1116313e-01
   1.9600000e+02   1.1488908e-01
   1.9700000e+02   1.1861629e-01
   1.9800000e+02   1.2234477e-01
   1.9900000e+02   1.2607451e-01
   2.0000000e+02   1.2980549e-01
   2.0100000e+02   1.3353774e-01
   2.0200000e+02   1.3727124e-01
   2.0300000e+02   1.4100598e-01
   2.0400000e+02   1.4474195e-01
   2.0500000e+02   1.4847916e-01
   2.0600000e+02   1.5221763e-01
   2.0700000e+02   1.5595731e-01
   2.0800000e+02   1.5969822e-01
   2.0900000e+02   1.6344035e-01
   2.1000000e+02   1.6718370e-01
   2.1100000e+02   1.6902012e-01
   2.1200000e+02   1.7085825e-01
   2.1300000e+02   1.7269807e-01
   2.1400000e+02   1.7453954e-01
   2.1500000e+02   1.7638271e-01
   2.1600000e+02   1.7822750e-01
   2.1700000e+02   1.8007396e-01
   2.1800000e+02   1.8192203e-01
   2.1900000e+02   1.8377176e-01
   2.2000000e+02   1.8562306e-01
   2.2100000e+02   1.8747598e-01
   2.2200000e+02   1.8933050e-01
   2.2300000e+02   1.9118659e-01
   2.2400000e+02   1.9304425e-01
   2.2500000e+02   1.9490348e-01
   2.2600000e+02   1.9676425e-01
   2.2700000e+02   1.9862658e-01
   2.2800000e+02   2.0049043e-01
   2.2900000e+02   2.0235580e-01
   2.3000000e+02   2.0422268e-01
   2.3100000e+02   2.0609108e-01
   2.3200000e+02   2.0796096e-01
   2.3300000e+02   2.0983233e-01
   2.3400000e+02   2.1170518e-01
   2.3500000e+02   2.1357949e-01
   2.3600000e+02   2.1545526e-01
   2.3700000e+02   2.1733250e-01
   2.3800000e+02   2.1921116e-01
   2.3900000e+02   2.2109124e-01
   2.4000000e+02   2.2297277e-01
   2.4100000e+02   2.2069125e-01
   2.4200000e+02   2.1840884e-01
   2.4300000e+02   2.1612556e-01
   2.4400000e+02   2.1384139e-01
   2.4500000e+02   2.1155636e-01
   2.4600000e+02   2.0927045e-01
   2.4700000e+02   2.0698367e-01
   2.4800000e+02   2.0469606e-01
   2.4900000e+02   2.0240758e-01
   2.5000000e+02   2.0011827e-01
   2.5100000e+02   1.9782810e-01
   2.5200000e+02   1.9553712e-01
   2.5300000e+02   1.9324529e-01
   2.5400000e+02   1.9095264e-01
   2.5500000e+02   1.8865918e-01
   2.5600000e+02   1.8636489e-01
   2.5700000e+02   1.8406980e-01
   2.5800000e+02   1.8177390e-01
   2.5900000e+02   1.7947721e-01
   2.6000000e+02   1.7717972e-01
   2.6100000e+02   1.7488144e-01
   2.6200000e+02   1.7258239e-01
   2.6300000e+02   1.7028253e-01
   2.6400000e+02   1.6798192e-01
   2.6500000e+02   1.6568053e-01
   2.6600000e+02   1.6337836e-01
   2.6700000e+02   1.6107544e-01
   2.6800000e+02   1.5877177e-01
   2.6900000e+02   1.5646733e-01
   2.7000000e+02   1.5416215e-01
   2.7100000e+02   1.5365095e-01
   2.7200000e+02   1.5313944e-01
   2.7300000e+02   1.5262757e-01
   2.7400000e+02   1.5211537e-01
   2.7500000e+02   1.5160282e-01
   2.7600000e+02   1.5108994e-01
   2.7700000e+02   1.5057671e-01
   2.7800000e+02   1.5006314e-01
   2.7900000e+02   1.4954925e-01
   2.8000000e+02   1.4903501e-01
   2.8100000e+02   1.4852044e-01
   2.8200000e+02   1.4800555e-01
   2.8300000e+02   1.4749032e-01
   2.8400000e+02   1.4697474e-01
   2.8500000e+02   1.4645886e-01
   2.8600000e+02   1.4594266e-01
   2.8700000e+02   1.4542611e-01
   2.8800000e+02   1.4490926e-01
   2.8900000e+02   1.4439207e-01
   2.9000000e+02   1.4387457e-01
   2.9100000e+02   1.4335674e-01
   2.9200000e+02   1.4283860e-01
   2.9300000e+02   1.4232013e-01
   2.9400000e+02   1.4180134e-01
   2.9500000e+02   1.4128225e-01
   2.9600000e+02   1.4076284e-01
   2.9700000e+02   1.4024311e-01
   2.9800000e+02   1.3972309e-01
   2.9900000e+02   1.3920273e-01
   3.0000000e+02   1.3868208e-01
   3.0100000e+02   1.3862462e-01
   3.0200000e+02   1.3856705e-01
   3.0300000e+02   1.3850932e-01
   3.0400000e+02   1.3845146e-01
   3.0500000e+02   1.3839346e-01
   3.0600000e+02   1.3833535e-01
   3.0700000e+02   1.3827707e-01
   3.0800000e+02   1.3821869e-01
   3.0900000e+02   1.3816015e-01
   3.1000000e+02   1.3810150e-01
   3.1100000e+02   1.3804270e-01
   3.1200000e+02   1.3798378e-01
   3.1300000e+02   1.3792473e-01
   3.1400000e+02   1.3786556e-01
   3.1500000e+02   1.3780624e-01
   3.1600000e+02   1.3774681e-01
   3.1700000e+02   1.3768725e-01
   3.1800000e+02   1.3762756e-01
   3.1900000e+02   1.3756773e-01
   3.2000000e+02   1.3750780e-01
   3.2100000e+02   1.3744771e-01
   3.2200000e+02   1.3738753e-01
   3.2300000e+02   1.3732721e-01
   3.2400000e+02   1.3726677e-01
   3.2500000e+02   1.3720620e-01
   3.2600000e+02   1.3714550e-01
   3.2700000e+02   1.3708471e-01
   3.2800000e+02   1.3702378e-01
   3.2900000e+02   1.3696271e-01
   3.3000000e+02   1.3690154e-01
   3.3100000e+02   1.3733689e-01
   3.3200000e+02   1.3777234e-01
   3.3300000e+02   1.3820785e-01
   3.3400000e+02   1.3864343e-01
   3.3500000e+02   1.3907908e-01
   3.3600000e+02   1.3951480e-01
   3.3700000e+02   1.3995059e-01
   3.3800000e+02   1.4038645e-01
   3.3900000e+02   1.4082238e-01
   3.4000000e+02   1.4125837e-01
   3.4100000e+02   1.4169446e-01
   3.4200000e+02   1.4213060e-01
   3.4300000e+02   1.4256682e-01
   3.4400000e+02   1.4300309e-01
   3.4500000e+02   1.4343946e-01
   3.4600000e+02   1.4387587e-01
   3.4700000e+02   1.4431237e-01
   3.4800000e+02   1.4474893e-01
   3.4900000e+02   1.4518556e-01
   3.5000000e+02   1.4562227e-01
   3.5100000e+02   1.4605904e-01
   3.5200000e+02   1.4649588e-01
   3.5300000e+02   1.4693280e-01
   3.5400000e+02   1.4736979e-01
   3.5500000e+02   1.4780684e-01
   3.5600000e+02   1.4824398e-01
   3.5700000e+02   1.4868118e-01
   3.5800000e+02   1.4911844e-01
   3.5900000e+02   1.4955577e-01
   1.4226848e-06   1.4999318e-01
