   0.0000000e+00   8.3762596e+01
   1.0000000e+00   2.1326742e+01
   2.0000000e+00   2.1218086e+01
   3.0000000e+00   2.1101540e+01
   4.0000000e+00   2.0978514e+01
   5.0000000e+00   2.0849073e+01
   6.0000000e+00   2.0713278e+01
   7.0000000e+00   2.0571196e+01
   8.0000000e+00   2.0422905e+01
   9.0000000e+00   2.0268494e+01
   1.0000000e+01   2.0108028e+01
   1.1000000e+01   1.9941593e+01
   1.2000000e+01   1.9769302e+01
   1.3000000e+01   1.9591255e+01
   1.4000000e+01   1.9407560e+01
   1.5000000e+01   1.9218325e+01
   1.6000000e+01   1.9023668e+01
   1.7000000e+01   1.8823711e+01
   1.8000000e+01   1.8618578e+01
   1.9000000e+01   1.8408400e+01
   2.0000000e+01   1.8193304e+01
   2.1000000e+01   1.7973431e+01
   2.2000000e+01   1.7748922e+01
   2.3000000e+01   1.7519924e+01
   2.4000000e+01   1.7286579e+01
   2.5000000e+01   1.7049040e+01
   2.6000000e+01   1.6807457e+01
   2.7000000e+01   1.6561983e+01
   2.8000000e+01   1.6312782e+01
   2.9000000e+01   1.6060011e+01
   3.0000000e+01   1.5803835e+01
   3.1000000e+01   1.5501072e+01
   3.2000000e+01   1.5194782e+01
   3.3000000e+01   1.4885147e+01
   3.4000000e+01   1.4572352e+01
   3.5000000e+01   1.4256584e+01
   3.6000000e+01   1.3938021e+01
   3.7000000e+01   1.3616847e+01
   3.8000000e+01   1.3293253e+01
   3.9000000e+01   1.2967422e+01
   4.0000000e+01   1.2639536e+01
   4.1000000e+01   1.2309780e+01
   4.2000000e+01   1.1978332e+01
   4.3000000e+01   1.1645373e+01
   4.4000000e+01   1.1311079e+01
   4.5000000e+01   1.0975627e+01
   4.6000000e+01   1.0639188e+01
   4.7000000e+01   1.0301933e+01
   4.8000000e+01   9.9640293e+00
   4.9000000e+01   9.6256418e+00
   5.0000000e+01   9.2869329e+00
   5.1000000e+01   8.9480600e+00
   5.2000000e+01   8.6091785e+00
   5.3000000e+01   8.2704391e+00
   5.4000000e+01   7.9319897e+00
   5.5000000e+01   7.5939746e+00
   5.6000000e+01   7.2565327e+00
   5.7000000e+01   6.9198008e+00
   5.8000000e+01   6.5839090e+00
   5.9000000e+01   6.2489862e+00
   6.0000000e+01   5.9151549e+00
   6.1000000e+01   5.6558499e+00
   6.2000000e+01   5.3980660e+00
   6.3000000e+01   5.1418138e+00
   6.4000000e+01   4.8875003e+00
   6.5000000e+01   4.6352153e+00
   6.6000000e+01   4.3850455e+00
   6.7000000e+01   4.1370759e+00
   6.8000000e+01   3.8913839e+00
   6.9000000e+01   3.6480453e+00
   7.0000000e+01   3.4071333e+00
   7.1000000e+01   3.1687114e+00
   7.2000000e+01   2.9328480e+00
   7.3000000e+01   2.6996055e+00
   7.4000000e+01   2.4690423e+00
   7.5000000e+01   2.2412152e+00
   7.6000000e+01   2.0161750e+00
   7.7000000e+01   1.7939699e+00
   7.8000000e+01   1.5746453e+00
   7.9000000e+01   1.3582441e+00
   8.0000000e+01   1.1448051e+00
   8.1000000e+01   9.3436515e-01
   8.2000000e+01   7.2695774e-01
   8.3000000e+01   5.2261335e-01
   8.4000000e+01   3.2136163e-01
   8.5000000e+01   1.2322735e-01
   8.6000000e+01  -7.1765579e-02
   8.7000000e+01  -2.6359668e-01
   8.8000000e+01  -4.5224598e-01
   8.9000000e+01  -6.3769674e-01
   9.0000000e+01  -8.1993467e-01
   9.1000000e+01  -9.3576109e-01
   9.2000000e+01  -1.0483255e+00
   9.3000000e+01  -1.1576397e+00
   9.4000000e+01  -1.2637153e+00
   9.5000000e+01  -1.3665643e+00
   9.6000000e+01  -1.4661993e+00
   9.7000000e+01  -1.5626190e+00
   9.8000000e+01  -1.6558435e+00
   9.9000000e+01  -1.7458947e+00
   1.0000000e+02  -1.8323847e+00
   1.0100000e+02  -1.9157057e+00
   1.0200000e+02  -1.9959370e+00
   1.0300000e+02  -2.0730929e+00
   1.0400000e+02  -2.1471875e+00
   1.0500000e+02  -2.2182336e+00
   1.0600000e+02  -2.2862465e+00
   1.0700000e+02  -2.3512392e+00
   1.0800000e+02  -2.4132257e+00
   1.0900000e+02  -2.4722195e+00
   1.1000000e+02  -2.5282340e+00
   1.1100000e+02  -2.5812831e+00
   1.1200000e+02  -2.6313794e+00
   1.1300000e+02  -2.6785362e+00
   1.1400000e+02  -2.7227664e+00
   1.1500000e+02  -2.7640824e+00
   1.1600000e+02  -2.8024964e+00
   1.1700000e+02  -2.8380208e+00
   1.1800000e+02  -2.8706675e+00
   1.1900000e+02  -2.9004474e+00
   1.2000000e+02  -2.9273725e+00
   1.2100000e+02  -2.9466245e+00
   1.2200000e+02  -2.9640431e+00
   1.2300000e+02  -2.9796166e+00
   1.2400000e+02  -2.9933341e+00
   1.2500000e+02  -3.0051842e+00
   1.2600000e+02  -3.0151572e+00
   1.2700000e+02  -3.0232427e+00
   1.2800000e+02  -3.0294313e+00
   1.2900000e+02  -3.0337138e+00
   1.3000000e+02  -3.0360811e+00
   1.3100000e+02  -3.0365243e+00
   1.3200000e+02  -3.0350349e+00
   1.3300000e+02  -3.0316052e+00
   1.3400000e+02  -3.0262265e+00
   1.3500000e+02  -3.0188909e+00
   1.3600000e+02  -3.0095909e+00
   1.3700000e+02  -2.9983189e+00
   1.3800000e+02  -2.9850674e+00
   1.3900000e+02  -2.9698291e+00
   1.4000000e+02  -2.9525964e+00
   1.4100000e+02  -2.9333625e+00
   1.4200000e+02  -2.9121196e+00
   1.4300000e+02  -2.8888607e+00
   1.4400000e+02  -2.8635786e+00
   1.4500000e+02  -2.8362658e+00
   1.4600000e+02  -2.8069150e+00
   1.4700000e+02  -2.7755194e+00
   1.4800000e+02  -2.7420707e+00
   1.4900000e+02  -2.7065623e+00
   1.5000000e+02  -2.6689854e+00
   1.5100000e+02  -2.6988606e+00
   1.5200000e+02  -2.7263589e+00
   1.5300000e+02  -2.7514908e+00
   1.5400000e+02  -2.7742672e+00
   1.5500000e+02  -2.7946987e+00
   1.5600000e+02  -2.8127954e+00
   1.5700000e+02  -2.8285670e+00
   1.5800000e+02  -2.8420231e+00
   1.5900000e+02  -2.8531730e+00
   1.6000000e+02  -2.8620255e+00
   1.6100000e+02  -2.8685892e+00
   1.6200000e+02  -2.8728721e+00
   1.6300000e+02  -2.8748825e+00
   1.6400000e+02  -2.8746278e+00
   1.6500000e+02  -2.8721151e+00
   1.6600000e+02  -2.8673515e+00
   1.6700000e+02  -2.8603432e+00
   1.6800000e+02  -2.8510971e+00
   1.6900000e+02  -2.8396184e+00
   1.7000000e+02  -2.8259132e+00
   1.7100000e+02  -2.8099864e+00
   1.7200000e+02  -2.7918429e+00
   1.7300000e+02  -2.7714875e+00
   1.7400000e+02  -2.7489245e+00
   1.7500000e+02  -2.7241571e+00
   1.7600000e+02  -2.6971898e+00
   1.7700000e+02  -2.6680250e+00
   1.7800000e+02  -2.6366663e+00
   1.7900000e+02  -2.6031160e+00
   1.8000000e+02  -2.5673766e+00
   1.8100000e+02  -2.5952337e+00
   1.8200000e+02  -2.6208749e+00
   1.8300000e+02  -2.6443202e+00
   1.8400000e+02  -2.6655893e+00
   1.8500000e+02  -2.6847022e+00
   1.8600000e+02  -2.7016766e+00
   1.8700000e+02  -2.7165322e+00
   1.8800000e+02  -2.7292867e+00
   1.8900000e+02  -2.7399578e+00
   1.9000000e+02  -2.7485631e+00
   1.9100000e+02  -2.7551193e+00
   1.9200000e+02  -2.7596436e+00
   1.9300000e+02  -2.7621520e+00
   1.9400000e+02  -2.7626610e+00
   1.9500000e+02  -2.7611861e+00
   1.9600000e+02  -2.7577434e+00
   1.9700000e+02  -2.7523472e+00
   1.9800000e+02  -2.7450137e+00
   1.9900000e+02  -2.7357569e+00
   2.0000000e+02  -2.7245915e+00
   2.0100000e+02  -2.7115316e+00
   2.0200000e+02  -2.6965921e+00
   2.0300000e+02  -2.6797862e+00
   2.0400000e+02  -2.6611280e+00
   2.0500000e+02  -2.6406314e+00
   2.0600000e+02  -2.6183095e+00
   2.0700000e+02  -2.5941758e+00
   2.0800000e+02  -2.5682433e+00
   2.0900000e+02  -2.5405257e+00
   2.1000000e+02  -2.5110357e+00
   2.1100000e+02  -2.4983013e+00
   2.1200000e+02  -2.4842637e+00
   2.1300000e+02  -2.4689393e+00
   2.1400000e+02  -2.4523444e+00
   2.1500000e+02  -2.4344952e+00
   2.1600000e+02  -2.4154086e+00
   2.1700000e+02  -2.3951018e+00
   2.1800000e+02  -2.3735912e+00
   2.1900000e+02  -2.3508945e+00
   2.2000000e+02  -2.3270295e+00
   2.2100000e+02  -2.3020139e+00
   2.2200000e+02  -2.2758653e+00
   2.2300000e+02  -2.2486029e+00
   2.2400000e+02  -2.2202454e+00
   2.2500000e+02  -2.1908112e+00
   2.2600000e+02  -2.1603200e+00
   2.2700000e+02  -2.1287923e+00
   2.2800000e+02  -2.0962470e+00
   2.2900000e+02  -2.0627055e+00
   2.3000000e+02  -2.0281885e+00
   2.3100000e+02  -1.9927177e+00
   2.3200000e+02  -1.9563146e+00
   2.3300000e+02  -1.9190018e+00
   2.3400000e+02  -1.8808020e+00
   2.3500000e+02  -1.8417386e+00
   2.3600000e+02  -1.8018355e+00
   2.3700000e+02  -1.7611172e+00
   2.3800000e+02  -1.7196088e+00
   2.3900000e+02  -1.6773359e+00
   2.4000000e+02  -1.6343247e+00
   2.4100000e+02  -1.5092247e+00
   2.4200000e+02  -1.3825487e+00
   2.4300000e+02  -1.2543086e+00
   2.4400000e+02  -1.1245168e+00
   2.4500000e+02  -9.9318630e-01
   2.4600000e+02  -8.6033064e-01
   2.4700000e+02  -7.2595721e-01
   2.4800000e+02  -5.9009010e-01
   2.4900000e+02  -4.5274565e-01
   2.5000000e+02  -3.1394130e-01
   2.5100000e+02  -1.7369568e-01
   2.5200000e+02  -3.2028049e-02
   2.5300000e+02   1.1104063e-01
   2.5400000e+02   2.5548914e-01
   2.5500000e+02   4.0129438e-01
   2.5600000e+02   5.4843271e-01
   2.5700000e+02   6.9687843e-01
   2.5800000e+02   8.4660536e-01
   2.5900000e+02   9.9758565e-01
   2.6000000e+02   1.1497904e+00
   2.6100000e+02   1.3031889e+00
   2.6200000e+02   1.4577494e+00
   2.6300000e+02   1.6134380e+00
   2.6400000e+02   1.7702205e+00
   2.6500000e+02   1.9280603e+00
   2.6600000e+02   2.0869191e+00
   2.6700000e+02   2.2467575e+00
   2.6800000e+02   2.4075344e+00
   2.6900000e+02   2.5692062e+00
   2.7000000e+02   2.7317288e+00
   2.7100000e+02   2.9910023e+00
   2.7200000e+02   3.2521799e+00
   2.7300000e+02   3.5152175e+00
   2.7400000e+02   3.7800698e+00
   2.7500000e+02   4.0466876e+00
   2.7600000e+02   4.3150201e+00
   2.7700000e+02   4.5850124e+00
   2.7800000e+02   4.8566079e+00
   2.7900000e+02   5.1297469e+00
   2.8000000e+02   5.4043665e+00
   2.8100000e+02   5.6804008e+00
   2.8200000e+02   5.9577813e+00
   2.8300000e+02   6.2364364e+00
   2.8400000e+02   6.5162902e+00
   2.8500000e+02   6.7972665e+00
   2.8600000e+02   7.0792832e+00
   2.8700000e+02   7.3622565e+00
   2.8800000e+02   7.6460996e+00
   2.8900000e+02   7.9307218e+00
   2.9000000e+02   8.2160292e+00
   2.9100000e+02   8.5019274e+00
   2.9200000e+02   8.7883148e+00
   2.9300000e+02   9.0750904e+00
   2.9400000e+02   9.3621473e+00
   2.9500000e+02   9.6493788e+00
   2.9600000e+02   9.9366713e+00
   2.9700000e+02   1.0223912e+01
   2.9800000e+02   1.0510983e+01
   2.9900000e+02   1.0797767e+01
   3.0000000e+02   1.1084138e+01
   3.0100000e+02   1.1345164e+01
   3.0200000e+02   1.1605790e+01
   3.0300000e+02   1.1865896e+01
   3.0400000e+02   1.2125359e+01
   3.0500000e+02   1.2384055e+01
   3.0600000e+02   1.2641858e+01
   3.0700000e+02   1.2898639e+01
   3.0800000e+02   1.3154264e+01
   3.0900000e+02   1.3408604e+01
   3.1000000e+02   1.3661522e+01
   3.1100000e+02   1.3912883e+01
   3.1200000e+02   1.4162548e+01
   3.1300000e+02   1.4410378e+01
   3.1400000e+02   1.4656233e+01
   3.1500000e+02   1.4899970e+01
   3.1600000e+02   1.5141449e+01
   3.1700000e+02   1.5380526e+01
   3.1800000e+02   1.5617055e+01
   3.1900000e+02   1.5850894e+01
   3.2000000e+02   1.6081898e+01
   3.2100000e+02   1.6309923e+01
   3.2200000e+02   1.6534826e+01
   3.2300000e+02   1.6756462e+01
   3.2400000e+02   1.6974689e+01
   3.2500000e+02   1.7189363e+01
   3.2600000e+02   1.7400345e+01
   3.2700000e+02   1.7607489e+01
   3.2800000e+02   1.7810665e+01
   3.2900000e+02   1.8009729e+01
   3.3000000e+02   1.8204548e+01
   3.3100000e+02   1.8321743e+01
   3.3200000e+02   1.8433861e+01
   3.3300000e+02   1.8540792e+01
   3.3400000e+02   1.8642427e+01
   3.3500000e+02   1.8738663e+01
   3.3600000e+02   1.8829395e+01
   3.3700000e+02   1.8914522e+01
   3.3800000e+02   1.8993950e+01
   3.3900000e+02   1.9067587e+01
   3.4000000e+02   1.9135347e+01
   3.4100000e+02   1.9197144e+01
   3.4200000e+02   1.9252897e+01
   3.4300000e+02   1.9302534e+01
   3.4400000e+02   1.9345982e+01
   3.4500000e+02   1.9383177e+01
   3.4600000e+02   1.9414057e+01
   3.4700000e+02   1.9438564e+01
   3.4800000e+02   1.9456652e+01
   3.4900000e+02   1.9468271e+01
   3.5000000e+02   1.9473385e+01
   3.5100000e+02   1.9471956e+01
   3.5200000e+02   1.9463955e+01
   3.5300000e+02   1.9449362e+01
   3.5400000e+02   1.9428156e+01
   3.5500000e+02   1.9400326e+01
   3.5600000e+02   1.9365866e+01
   3.5700000e+02   1.9324776e+01
   3.5800000e+02   1.9277065e+01
   3.5900000e+02   1.9222742e+01
   2.6219766e-08   1.9161831e+01
