   0.0000000e+00   1.1052800e+04
   1.0000000e+00   1.2661521e+04
   2.0000000e+00   1.2660166e+04
   3.0000000e+00   1.2660181e+04
   4.0000000e+00   1.2661328e+04
   5.0000000e+00   1.2663616e+04
   6.0000000e+00   1.2667057e+04
   7.0000000e+00   1.2671660e+04
   8.0000000e+00   1.2677438e+04
   9.0000000e+00   1.2684392e+04
   1.0000000e+01   1.2692540e+04
   1.1000000e+01   1.2701893e+04
   1.2000000e+01   1.2712459e+04
   1.3000000e+01   1.2724245e+04
   1.4000000e+01   1.2737262e+04
   1.5000000e+01   1.2751520e+04
   1.6000000e+01   1.2767026e+04
   1.7000000e+01   1.2783791e+04
   1.8000000e+01   1.2801821e+04
   1.9000000e+01   1.2821127e+04
   2.0000000e+01   1.2841717e+04
   2.1000000e+01   1.2863597e+04
   2.2000000e+01   1.2886774e+04
   2.3000000e+01   1.2911256e+04
   2.4000000e+01   1.2937048e+04
   2.5000000e+01   1.2964156e+04
   2.6000000e+01   1.2992590e+04
   2.7000000e+01   1.3022354e+04
   2.8000000e+01   1.3053449e+04
   2.9000000e+01   1.3085880e+04
   3.0000000e+01   1.3119649e+04
   3.1000000e+01   1.3159520e+04
   3.2000000e+01   1.3200721e+04
   3.3000000e+01   1.3243259e+04
   3.4000000e+01   1.3287137e+04
   3.5000000e+01   1.3332361e+04
   3.6000000e+01   1.3378935e+04
   3.7000000e+01   1.3426863e+04
   3.8000000e+01   1.3476145e+04
   3.9000000e+01   1.3526780e+04
   4.0000000e+01   1.3578770e+04
   4.1000000e+01   1.3632111e+04
   4.2000000e+01   1.3686803e+04
   4.3000000e+01   1.3742844e+04
   4.4000000e+01   1.3800229e+04
   4.5000000e+01   1.3858953e+04
   4.6000000e+01   1.3919012e+04
   4.7000000e+01   1.3980399e+04
   4.8000000e+01   1.4043106e+04
   4.9000000e+01   1.4107127e+04
   5.0000000e+01   1.4172449e+04
   5.1000000e+01   1.4239066e+04
   5.2000000e+01   1.4306964e+04
   5.3000000e+01   1.4376132e+04
   5.4000000e+01   1.4446556e+04
   5.5000000e+01   1.4518223e+04
   5.6000000e+01   1.4591119e+04
   5.7000000e+01   1.4665226e+04
   5.8000000e+01   1.4740530e+04
   5.9000000e+01   1.4817012e+04
   6.0000000e+01   1.4894654e+04
   6.1000000e+01   1.4960738e+04
   6.2000000e+01   1.5027810e+04
   6.3000000e+01   1.5095874e+04
   6.4000000e+01   1.5164800e+04
   6.5000000e+01   1.5234560e+04
   6.6000000e+01   1.5305130e+04
   6.7000000e+01   1.5376486e+04
   6.8000000e+01   1.5448605e+04
   6.9000000e+01   1.5521459e+04
   7.0000000e+01   1.5595022e+04
   7.1000000e+01   1.5669270e+04
   7.2000000e+01   1.5744171e+04
   7.3000000e+01   1.5819711e+04
   7.4000000e+01   1.5895849e+04
   7.5000000e+01   1.5972557e+04
   7.6000000e+01   1.6049808e+04
   7.7000000e+01   1.6127569e+04
   7.8000000e+01   1.6205814e+04
   7.9000000e+01   1.6284512e+04
   8.0000000e+01   1.6363632e+04
   8.1000000e+01   1.6443143e+04
   8.2000000e+01   1.6523018e+04
   8.3000000e+01   1.6603219e+04
   8.4000000e+01   1.6683723e+04
   8.5000000e+01   1.6764490e+04
   8.6000000e+01   1.6845504e+04
   8.7000000e+01   1.6926723e+04
   8.8000000e+01   1.7008117e+04
   8.9000000e+01   1.7089646e+04
   9.0000000e+01   1.7171287e+04
   9.1000000e+01   1.7244809e+04
   9.2000000e+01   1.7318178e+04
   9.3000000e+01   1.7391377e+04
   9.4000000e+01   1.7464377e+04
   9.5000000e+01   1.7537152e+04
   9.6000000e+01   1.7609689e+04
   9.7000000e+01   1.7681955e+04
   9.8000000e+01   1.7753926e+04
   9.9000000e+01   1.7825580e+04
   1.0000000e+02   1.7896670e+04
   1.0100000e+02   1.7967385e+04
   1.0200000e+02   1.8037740e+04
   1.0300000e+02   1.8107711e+04
   1.0400000e+02   1.8177270e+04
   1.0500000e+02   1.8246398e+04
   1.0600000e+02   1.8315068e+04
   1.0700000e+02   1.8383258e+04
   1.0800000e+02   1.8450941e+04
   1.0900000e+02   1.8518096e+04
   1.1000000e+02   1.8584697e+04
   1.1100000e+02   1.8650723e+04
   1.1200000e+02   1.8716146e+04
   1.1300000e+02   1.8780947e+04
   1.1400000e+02   1.8845104e+04
   1.1500000e+02   1.8908590e+04
   1.1600000e+02   1.8971383e+04
   1.1700000e+02   1.9033463e+04
   1.1800000e+02   1.9094805e+04
   1.1900000e+02   1.9155389e+04
   1.2000000e+02   1.9215191e+04
   1.2100000e+02   1.9273936e+04
   1.2200000e+02   1.9332193e+04
   1.2300000e+02   1.9389930e+04
   1.2400000e+02   1.9447119e+04
   1.2500000e+02   1.9503723e+04
   1.2600000e+02   1.9559715e+04
   1.2700000e+02   1.9615066e+04
   1.2800000e+02   1.9669744e+04
   1.2900000e+02   1.9723721e+04
   1.3000000e+02   1.9776967e+04
   1.3100000e+02   1.9829457e+04
   1.3200000e+02   1.9881160e+04
   1.3300000e+02   1.9932053e+04
   1.3400000e+02   1.9982105e+04
   1.3500000e+02   2.0031297e+04
   1.3600000e+02   2.0079598e+04
   1.3700000e+02   2.0126982e+04
   1.3800000e+02   2.0173426e+04
   1.3900000e+02   2.0218906e+04
   1.4000000e+02   2.0263400e+04
   1.4100000e+02   2.0306883e+04
   1.4200000e+02   2.0349334e+04
   1.4300000e+02   2.0390732e+04
   1.4400000e+02   2.0431055e+04
   1.4500000e+02   2.0470281e+04
   1.4600000e+02   2.0508393e+04
   1.4700000e+02   2.0545371e+04
   1.4800000e+02   2.0581195e+04
   1.4900000e+02   2.0615848e+04
   1.5000000e+02   2.0649314e+04
   1.5100000e+02   2.0692637e+04
   1.5200000e+02   2.0734564e+04
   1.5300000e+02   2.0775090e+04
   1.5400000e+02   2.0814193e+04
   1.5500000e+02   2.0851859e+04
   1.5600000e+02   2.0888082e+04
   1.5700000e+02   2.0922840e+04
   1.5800000e+02   2.0956129e+04
   1.5900000e+02   2.0987934e+04
   1.6000000e+02   2.1018244e+04
   1.6100000e+02   2.1047049e+04
   1.6200000e+02   2.1074340e+04
   1.6300000e+02   2.1100105e+04
   1.6400000e+02   2.1124342e+04
   1.6500000e+02   2.1147035e+04
   1.6600000e+02   2.1168182e+04
   1.6700000e+02   2.1187773e+04
   1.6800000e+02   2.1205805e+04
   1.6900000e+02   2.1222271e+04
   1.7000000e+02   2.1237164e+04
   1.7100000e+02   2.1250480e+04
   1.7200000e+02   2.1262217e+04
   1.7300000e+02   2.1272369e+04
   1.7400000e+02   2.1280938e+04
   1.7500000e+02   2.1287914e+04
   1.7600000e+02   2.1293303e+04
   1.7700000e+02   2.1297100e+04
   1.7800000e+02   2.1299305e+04
   1.7900000e+02   2.1299918e+04
   1.8000000e+02   2.1298941e+04
   1.8100000e+02   2.1307082e+04
   1.8200000e+02   2.1313523e+04
   1.8300000e+02   2.1318264e+04
   1.8400000e+02   2.1321309e+04
   1.8500000e+02   2.1322658e+04
   1.8600000e+02   2.1322318e+04
   1.8700000e+02   2.1320293e+04
   1.8800000e+02   2.1316584e+04
   1.8900000e+02   2.1311199e+04
   1.9000000e+02   2.1304143e+04
   1.9100000e+02   2.1295420e+04
   1.9200000e+02   2.1285041e+04
   1.9300000e+02   2.1273010e+04
   1.9400000e+02   2.1259334e+04
   1.9500000e+02   2.1244023e+04
   1.9600000e+02   2.1227088e+04
   1.9700000e+02   2.1208533e+04
   1.9800000e+02   2.1188373e+04
   1.9900000e+02   2.1166615e+04
   2.0000000e+02   2.1143273e+04
   2.0100000e+02   2.1118354e+04
   2.0200000e+02   2.1091873e+04
   2.0300000e+02   2.1063842e+04
   2.0400000e+02   2.1034275e+04
   2.0500000e+02   2.1003182e+04
   2.0600000e+02   2.0970580e+04
   2.0700000e+02   2.0936480e+04
   2.0800000e+02   2.0900900e+04
   2.0900000e+02   2.0863854e+04
   2.1000000e+02   2.0825359e+04
   2.1100000e+02   2.0790426e+04
   2.1200000e+02   2.0754074e+04
   2.1300000e+02   2.0716314e+04
   2.1400000e+02   2.0677162e+04
   2.1500000e+02   2.0636633e+04
   2.1600000e+02   2.0594746e+04
   2.1700000e+02   2.0551514e+04
   2.1800000e+02   2.0506957e+04
   2.1900000e+02   2.0461090e+04
   2.2000000e+02   2.0413932e+04
   2.2100000e+02   2.0365502e+04
   2.2200000e+02   2.0315816e+04
   2.2300000e+02   2.0264895e+04
   2.2400000e+02   2.0212760e+04
   2.2500000e+02   2.0159430e+04
   2.2600000e+02   2.0104922e+04
   2.2700000e+02   2.0049260e+04
   2.2800000e+02   1.9992467e+04
   2.2900000e+02   1.9934559e+04
   2.3000000e+02   1.9875559e+04
   2.3100000e+02   1.9815488e+04
   2.3200000e+02   1.9754373e+04
   2.3300000e+02   1.9692232e+04
   2.3400000e+02   1.9629090e+04
   2.3500000e+02   1.9564967e+04
   2.3600000e+02   1.9499891e+04
   2.3700000e+02   1.9433883e+04
   2.3800000e+02   1.9366963e+04
   2.3900000e+02   1.9299164e+04
   2.4000000e+02   1.9230504e+04
   2.4100000e+02   1.9149973e+04
   2.4200000e+02   1.9068809e+04
   2.4300000e+02   1.8987039e+04
   2.4400000e+02   1.8904691e+04
   2.4500000e+02   1.8821789e+04
   2.4600000e+02   1.8738361e+04
   2.4700000e+02   1.8654428e+04
   2.4800000e+02   1.8570023e+04
   2.4900000e+02   1.8485170e+04
   2.5000000e+02   1.8399900e+04
   2.5100000e+02   1.8314236e+04
   2.5200000e+02   1.8228207e+04
   2.5300000e+02   1.8141840e+04
   2.5400000e+02   1.8055160e+04
   2.5500000e+02   1.7968199e+04
   2.5600000e+02   1.7880980e+04
   2.5700000e+02   1.7793533e+04
   2.5800000e+02   1.7705883e+04
   2.5900000e+02   1.7618061e+04
   2.6000000e+02   1.7530086e+04
   2.6100000e+02   1.7441994e+04
   2.6200000e+02   1.7353809e+04
   2.6300000e+02   1.7265559e+04
   2.6400000e+02   1.7177268e+04
   2.6500000e+02   1.7088965e+04
   2.6600000e+02   1.7000678e+04
   2.6700000e+02   1.6912430e+04
   2.6800000e+02   1.6824252e+04
   2.6900000e+02   1.6736166e+04
   2.7000000e+02   1.6648203e+04
   2.7100000e+02   1.6560023e+04
   2.7200000e+02   1.6472246e+04
   2.7300000e+02   1.6384896e+04
   2.7400000e+02   1.6298004e+04
   2.7500000e+02   1.6211595e+04
   2.7600000e+02   1.6125696e+04
   2.7700000e+02   1.6040336e+04
   2.7800000e+02   1.5955540e+04
   2.7900000e+02   1.5871334e+04
   2.8000000e+02   1.5787742e+04
   2.8100000e+02   1.5704792e+04
   2.8200000e+02   1.5622508e+04
   2.8300000e+02   1.5540912e+04
   2.8400000e+02   1.5460030e+04
   2.8500000e+02   1.5379886e+04
   2.8600000e+02   1.5300500e+04
   2.8700000e+02   1.5221897e+04
   2.8800000e+02   1.5144098e+04
   2.8900000e+02   1.5067123e+04
   2.9000000e+02   1.4990995e+04
   2.9100000e+02   1.4915731e+04
   2.9200000e+02   1.4841354e+04
   2.9300000e+02   1.4767883e+04
   2.9400000e+02   1.4695334e+04
   2.9500000e+02   1.4623726e+04
   2.9600000e+02   1.4553074e+04
   2.9700000e+02   1.4483399e+04
   2.9800000e+02   1.4414714e+04
   2.9900000e+02   1.4347035e+04
   3.0000000e+02   1.4280378e+04
   3.0100000e+02   1.4207909e+04
   3.0200000e+02   1.4136429e+04
   3.0300000e+02   1.4065952e+04
   3.0400000e+02   1.3996492e+04
   3.0500000e+02   1.3928063e+04
   3.0600000e+02   1.3860680e+04
   3.0700000e+02   1.3794351e+04
   3.0800000e+02   1.3729089e+04
   3.0900000e+02   1.3664907e+04
   3.1000000e+02   1.3601815e+04
   3.1100000e+02   1.3539821e+04
   3.1200000e+02   1.3478937e+04
   3.1300000e+02   1.3419170e+04
   3.1400000e+02   1.3360528e+04
   3.1500000e+02   1.3303021e+04
   3.1600000e+02   1.3246653e+04
   3.1700000e+02   1.3191433e+04
   3.1800000e+02   1.3137365e+04
   3.1900000e+02   1.3084456e+04
   3.2000000e+02   1.3032713e+04
   3.2100000e+02   1.2982136e+04
   3.2200000e+02   1.2932732e+04
   3.2300000e+02   1.2884506e+04
   3.2400000e+02   1.2837458e+04
   3.2500000e+02   1.2791594e+04
   3.2600000e+02   1.2746913e+04
   3.2700000e+02   1.2703419e+04
   3.2800000e+02   1.2661115e+04
   3.2900000e+02   1.2620000e+04
   3.3000000e+02   1.2580076e+04
   3.3100000e+02   1.2540430e+04
   3.3200000e+02   1.2501865e+04
   3.3300000e+02   1.2464386e+04
   3.3400000e+02   1.2427998e+04
   3.3500000e+02   1.2392704e+04
   3.3600000e+02   1.2358509e+04
   3.3700000e+02   1.2325415e+04
   3.3800000e+02   1.2293429e+04
   3.3900000e+02   1.2262552e+04
   3.4000000e+02   1.2232789e+04
   3.4100000e+02   1.2204144e+04
   3.4200000e+02   1.2176620e+04
   3.4300000e+02   1.2150224e+04
   3.4400000e+02   1.2124956e+04
   3.4500000e+02   1.2100822e+04
   3.4600000e+02   1.2077828e+04
   3.4700000e+02   1.2055977e+04
   3.4800000e+02   1.2035271e+04
   3.4900000e+02   1.2015718e+04
   3.5000000e+02   1.1997320e+04
   3.5100000e+02   1.1980085e+04
   3.5200000e+02   1.1964014e+04
   3.5300000e+02   1.1949114e+04
   3.5400000e+02   1.1935390e+04
   3.5500000e+02   1.1922847e+04
   3.5600000e+02   1.1911490e+04
   3.5700000e+02   1.1901325e+04
   3.5800000e+02   1.1892356e+04
   3.5900000e+02   1.1884593e+04
   2.6219766e-08   1.1878036e+04
