   0.0000000e+00   1.2188680e-01
   1.0000000e+00   1.0736751e-01
   2.0000000e+00   1.0804839e-01
   3.0000000e+00   1.0875861e-01
   4.0000000e+00   1.0946853e-01
   5.0000000e+00   1.1017812e-01
   6.0000000e+00   1.1088736e-01
   7.0000000e+00   1.1159629e-01
   8.0000000e+00   1.1230487e-01
   9.0000000e+00   1.1301313e-01
   1.0000000e+01   1.1372147e-01
   1.1000000e+01   1.1442994e-01
   1.2000000e+01   1.1513824e-01
   1.3000000e+01   1.1584638e-01
   1.4000000e+01   1.1655435e-01
   1.5000000e+01   1.1726218e-01
   1.6000000e+01   1.1796986e-01
   1.7000000e+01   1.1867738e-01
   1.8000000e+01   1.1938475e-01
   1.9000000e+01   1.2009198e-01
   2.0000000e+01   1.2079906e-01
   2.1000000e+01   1.2150601e-01
   2.2000000e+01   1.2221280e-01
   2.3000000e+01   1.2291946e-01
   2.4000000e+01   1.2362599e-01
   2.5000000e+01   1.2433240e-01
   2.6000000e+01   1.2503867e-01
   2.7000000e+01   1.2574480e-01
   2.8000000e+01   1.2645082e-01
   2.9000000e+01   1.2715672e-01
   3.0000000e+01   1.2786250e-01
   3.1000000e+01   1.2939604e-01
   3.2000000e+01   1.3093498e-01
   3.3000000e+01   1.3247928e-01
   3.4000000e+01   1.3402894e-01
   3.5000000e+01   1.3558392e-01
   3.6000000e+01   1.3714428e-01
   3.7000000e+01   1.3870995e-01
   3.8000000e+01   1.4028093e-01
   3.9000000e+01   1.4185716e-01
   4.0000000e+01   1.4343865e-01
   4.1000000e+01   1.4502537e-01
   4.2000000e+01   1.4661731e-01
   4.3000000e+01   1.4821444e-01
   4.4000000e+01   1.4981674e-01
   4.5000000e+01   1.5142420e-01
   4.6000000e+01   1.5303680e-01
   4.7000000e+01   1.5465449e-01
   4.8000000e+01   1.5627728e-01
   4.9000000e+01   1.5790516e-01
   5.0000000e+01   1.5953808e-01
   5.1000000e+01   1.6117604e-01
   5.2000000e+01   1.6281901e-01
   5.3000000e+01   1.6446698e-01
   5.4000000e+01   1.6611992e-01
   5.5000000e+01   1.6777782e-01
   5.6000000e+01   1.6944066e-01
   5.7000000e+01   1.7110841e-01
   5.8000000e+01   1.7278107e-01
   5.9000000e+01   1.7445859e-01
   6.0000000e+01   1.7614098e-01
   6.1000000e+01   1.7612341e-01
   6.2000000e+01   1.7609774e-01
   6.3000000e+01   1.7606708e-01
   6.4000000e+01   1.7602037e-01
   6.5000000e+01   1.7595758e-01
   6.6000000e+01   1.7587875e-01
   6.7000000e+01   1.7578390e-01
   6.8000000e+01   1.7567302e-01
   6.9000000e+01   1.7554615e-01
   7.0000000e+01   1.7540333e-01
   7.1000000e+01   1.7524476e-01
   7.2000000e+01   1.7507029e-01
   7.3000000e+01   1.7487992e-01
   7.4000000e+01   1.7467371e-01
   7.5000000e+01   1.7445166e-01
   7.6000000e+01   1.7421384e-01
   7.7000000e+01   1.7396028e-01
   7.8000000e+01   1.7369102e-01
   7.9000000e+01   1.7340614e-01
   8.0000000e+01   1.7310566e-01
   8.1000000e+01   1.7278963e-01
   8.2000000e+01   1.7245813e-01
   8.3000000e+01   1.7211120e-01
   8.4000000e+01   1.7174891e-01
   8.5000000e+01   1.7137128e-01
   8.6000000e+01   1.7097843e-01
   8.7000000e+01   1.7057040e-01
   8.8000000e+01   1.7014724e-01
   8.9000000e+01   1.6970901e-01
   9.0000000e+01   1.6925582e-01
   9.1000000e+01   1.6747856e-01
   9.2000000e+01   1.6567139e-01
   9.3000000e+01   1.6383511e-01
   9.4000000e+01   1.6197047e-01
   9.5000000e+01   1.6007827e-01
   9.6000000e+01   1.5815924e-01
   9.7000000e+01   1.5621343e-01
   9.8000000e+01   1.5424198e-01
   9.9000000e+01   1.5224600e-01
   1.0000000e+02   1.5020569e-01
   1.0100000e+02   1.4814126e-01
   1.0200000e+02   1.4605677e-01
   1.0300000e+02   1.4395286e-01
   1.0400000e+02   1.4183019e-01
   1.0500000e+02   1.3968936e-01
   1.0600000e+02   1.3753097e-01
   1.0700000e+02   1.3535562e-01
   1.0800000e+02   1.3316393e-01
   1.0900000e+02   1.3095641e-01
   1.1000000e+02   1.2873363e-01
   1.1100000e+02   1.2649617e-01
   1.1200000e+02   1.2424450e-01
   1.1300000e+02   1.2197918e-01
   1.1400000e+02   1.1970070e-01
   1.1500000e+02   1.1740955e-01
   1.1600000e+02   1.1510621e-01
   1.1700000e+02   1.1279115e-01
   1.1800000e+02   1.1046483e-01
   1.1900000e+02   1.0812770e-01
   1.2000000e+02   1.0578019e-01
   1.2100000e+02   1.0335817e-01
   1.2200000e+02   1.0096225e-01
   1.2300000e+02   9.8591901e-02
   1.2400000e+02   9.6246578e-02
   1.2500000e+02   9.3925789e-02
   1.2600000e+02   9.1629013e-02
   1.2700000e+02   8.9355759e-02
   1.2800000e+02   8.7105528e-02
   1.2900000e+02   8.4877856e-02
   1.3000000e+02   8.2672268e-02
   1.3100000e+02   8.0488302e-02
   1.3200000e+02   7.8325503e-02
   1.3300000e+02   7.6183438e-02
   1.3400000e+02   7.4061669e-02
   1.3500000e+02   7.1959749e-02
   1.3600000e+02   6.9877289e-02
   1.3700000e+02   6.7813866e-02
   1.3800000e+02   6.5769076e-02
   1.3900000e+02   6.3742533e-02
   1.4000000e+02   6.1733831e-02
   1.4100000e+02   5.9742600e-02
   1.4200000e+02   5.7768472e-02
   1.4300000e+02   5.5811081e-02
   1.4400000e+02   5.3870067e-02
   1.4500000e+02   5.1945079e-02
   1.4600000e+02   5.0035771e-02
   1.4700000e+02   4.8141815e-02
   1.4800000e+02   4.6262871e-02
   1.4900000e+02   4.4398617e-02
   1.5000000e+02   4.2548735e-02
   1.5100000e+02   4.2402972e-02
   1.5200000e+02   4.2258590e-02
   1.5300000e+02   4.2115580e-02
   1.5400000e+02   4.1973915e-02
   1.5500000e+02   4.1833580e-02
   1.5600000e+02   4.1694559e-02
   1.5700000e+02   4.1556839e-02
   1.5800000e+02   4.1420396e-02
   1.5900000e+02   4.1285221e-02
   1.6000000e+02   4.1151296e-02
   1.6100000e+02   4.1018598e-02
   1.6200000e+02   4.0887117e-02
   1.6300000e+02   4.0756840e-02
   1.6400000e+02   4.0627751e-02
   1.6500000e+02   4.0499832e-02
   1.6600000e+02   4.0373072e-02
   1.6700000e+02   4.0247448e-02
   1.6800000e+02   4.0122956e-02
   1.6900000e+02   3.9999574e-02
   1.7000000e+02   3.9877292e-02
   1.7100000e+02   3.9756093e-02
   1.7200000e+02   3.9635967e-02
   1.7300000e+02   3.9516896e-02
   1.7400000e+02   3.9398871e-02
   1.7500000e+02   3.9281871e-02
   1.7600000e+02   3.9165895e-02
   1.7700000e+02   3.9050922e-02
   1.7800000e+02   3.8936939e-02
   1.7900000e+02   3.8823936e-02
   1.8000000e+02   3.8711898e-02
   1.8100000e+02   4.0253375e-02
   1.8200000e+02   4.1787788e-02
   1.8300000e+02   4.3315295e-02
   1.8400000e+02   4.4836026e-02
   1.8500000e+02   4.6350118e-02
   1.8600000e+02   4.7857702e-02
   1.8700000e+02   4.9358919e-02
   1.8800000e+02   5.0853889e-02
   1.8900000e+02   5.2342746e-02
   1.9000000e+02   5.3825609e-02
   1.9100000e+02   5.5302609e-02
   1.9200000e+02   5.6773853e-02
   1.9300000e+02   5.8239471e-02
   1.9400000e+02   5.9699576e-02
   1.9500000e+02   6.1154276e-02
   1.9600000e+02   6.2603690e-02
   1.9700000e+02   6.4047918e-02
   1.9800000e+02   6.5487079e-02
   1.9900000e+02   6.6921286e-02
   2.0000000e+02   6.8350613e-02
   2.0100000e+02   6.9775186e-02
   2.0200000e+02   7.1195096e-02
   2.0300000e+02   7.2610453e-02
   2.0400000e+02   7.4021339e-02
   2.0500000e+02   7.5427845e-02
   2.0600000e+02   7.6830082e-02
   2.0700000e+02   7.8228131e-02
   2.0800000e+02   7.9622075e-02
   2.0900000e+02   8.1012003e-02
   2.1000000e+02   8.2398012e-02
   2.1100000e+02   8.4373578e-02
   2.1200000e+02   8.6350277e-02
   2.1300000e+02   8.8328034e-02
   2.1400000e+02   9.0306774e-02
   2.1500000e+02   9.2286438e-02
   2.1600000e+02   9.4266944e-02
   2.1700000e+02   9.6248224e-02
   2.1800000e+02   9.8230220e-02
   2.1900000e+02   1.0021287e-01
   2.2000000e+02   1.0219610e-01
   2.2100000e+02   1.0417986e-01
   2.2200000e+02   1.0616408e-01
   2.2300000e+02   1.0814872e-01
   2.2400000e+02   1.1013370e-01
   2.2500000e+02   1.1211899e-01
   2.2600000e+02   1.1410452e-01
   2.2700000e+02   1.1609025e-01
   2.2800000e+02   1.1807612e-01
   2.2900000e+02   1.2006208e-01
   2.3000000e+02   1.2204809e-01
   2.3100000e+02   1.2403410e-01
   2.3200000e+02   1.2602006e-01
   2.3300000e+02   1.2800594e-01
   2.3400000e+02   1.2999168e-01
   2.3500000e+02   1.3197725e-01
   2.3600000e+02   1.3396259e-01
   2.3700000e+02   1.3594770e-01
   2.3800000e+02   1.3793252e-01
   2.3900000e+02   1.3991700e-01
   2.4000000e+02   1.4190112e-01
   2.4100000e+02   1.4208794e-01
   2.4200000e+02   1.4227925e-01
   2.4300000e+02   1.4247501e-01
   2.4400000e+02   1.4267515e-01
   2.4500000e+02   1.4287961e-01
   2.4600000e+02   1.4308836e-01
   2.4700000e+02   1.4330097e-01
   2.4800000e+02   1.4351781e-01
   2.4900000e+02   1.4373882e-01
   2.5000000e+02   1.4396396e-01
   2.5100000e+02   1.4419320e-01
   2.5200000e+02   1.4442647e-01
   2.5300000e+02   1.4466372e-01
   2.5400000e+02   1.4490493e-01
   2.5500000e+02   1.4515002e-01
   2.5600000e+02   1.4539897e-01
   2.5700000e+02   1.4565173e-01
   2.5800000e+02   1.4590824e-01
   2.5900000e+02   1.4616847e-01
   2.6000000e+02   1.4643238e-01
   2.6100000e+02   1.4669991e-01
   2.6200000e+02   1.4697103e-01
   2.6300000e+02   1.4724569e-01
   2.6400000e+02   1.4752385e-01
   2.6500000e+02   1.4780548e-01
   2.6600000e+02   1.4809051e-01
   2.6700000e+02   1.4837894e-01
   2.6800000e+02   1.4867069e-01
   2.6900000e+02   1.4896573e-01
   2.7000000e+02   1.4926404e-01
   2.7100000e+02   1.4834771e-01
   2.7200000e+02   1.4743455e-01
   2.7300000e+02   1.4652459e-01
   2.7400000e+02   1.4561780e-01
   2.7500000e+02   1.4471413e-01
   2.7600000e+02   1.4381360e-01
   2.7700000e+02   1.4291616e-01
   2.7800000e+02   1.4202178e-01
   2.7900000e+02   1.4113048e-01
   2.8000000e+02   1.4024219e-01
   2.8100000e+02   1.3935691e-01
   2.8200000e+02   1.3847464e-01
   2.8300000e+02   1.3759533e-01
   2.8400000e+02   1.3671896e-01
   2.8500000e+02   1.3584553e-01
   2.8600000e+02   1.3497502e-01
   2.8700000e+02   1.3410737e-01
   2.8800000e+02   1.3324261e-01
   2.8900000e+02   1.3238069e-01
   2.9000000e+02   1.3152160e-01
   2.9100000e+02   1.3066532e-01
   2.9200000e+02   1.2981182e-01
   2.9300000e+02   1.2896110e-01
   2.9400000e+02   1.2811314e-01
   2.9500000e+02   1.2726790e-01
   2.9600000e+02   1.2642537e-01
   2.9700000e+02   1.2558554e-01
   2.9800000e+02   1.2474839e-01
   2.9900000e+02   1.2391388e-01
   3.0000000e+02   1.2308202e-01
   3.0100000e+02   1.2217003e-01
   3.0200000e+02   1.2125756e-01
   3.0300000e+02   1.2034460e-01
   3.0400000e+02   1.1943115e-01
   3.0500000e+02   1.1851722e-01
   3.0600000e+02   1.1760282e-01
   3.0700000e+02   1.1668793e-01
   3.0800000e+02   1.1577257e-01
   3.0900000e+02   1.1485673e-01
   3.1000000e+02   1.1394043e-01
   3.1100000e+02   1.1302367e-01
   3.1200000e+02   1.1210644e-01
   3.1300000e+02   1.1118875e-01
   3.1400000e+02   1.1027060e-01
   3.1500000e+02   1.0935199e-01
   3.1600000e+02   1.0843293e-01
   3.1700000e+02   1.0751342e-01
   3.1800000e+02   1.0659347e-01
   3.1900000e+02   1.0567305e-01
   3.2000000e+02   1.0475221e-01
   3.2100000e+02   1.0383092e-01
   3.2200000e+02   1.0290919e-01
   3.2300000e+02   1.0198702e-01
   3.2400000e+02   1.0106442e-01
   3.2500000e+02   1.0014139e-01
   3.2600000e+02   9.9217929e-02
   3.2700000e+02   9.8294042e-02
   3.2800000e+02   9.7369730e-02
   3.2900000e+02   9.6444994e-02
   3.3000000e+02   9.5519841e-02
   3.3100000e+02   9.5492497e-02
   3.3200000e+02   9.5465153e-02
   3.3300000e+02   9.5437795e-02
   3.3400000e+02   9.5410436e-02
   3.3500000e+02   9.5383063e-02
   3.3600000e+02   9.5355682e-02
   3.3700000e+02   9.5328301e-02
   3.3800000e+02   9.5300913e-02
   3.3900000e+02   9.5273502e-02
   3.4000000e+02   9.5246099e-02
   3.4100000e+02   9.5218688e-02
   3.4200000e+02   9.5191270e-02
   3.4300000e+02   9.5163837e-02
   3.4400000e+02   9.5136404e-02
   3.4500000e+02   9.5108971e-02
   3.4600000e+02   9.5081531e-02
   3.4700000e+02   9.5054075e-02
   3.4800000e+02   9.5026620e-02
   3.4900000e+02   9.4999164e-02
   3.5000000e+02   9.4971694e-02
   3.5100000e+02   9.4944224e-02
   3.5200000e+02   9.4916753e-02
   3.5300000e+02   9.4889268e-02
   3.5400000e+02   9.4861783e-02
   3.5500000e+02   9.4834305e-02
   3.5600000e+02   9.4806805e-02
   3.5700000e+02   9.4779313e-02
   3.5800000e+02   9.4751813e-02
   3.5900000e+02   9.4724305e-02
   2.6219766e-08   9.4696797e-02
