   0.0000000e+00   1.1758958e+02
   1.0000000e+00   2.2235723e+01
   2.0000000e+00   2.2189520e+01
   3.0000000e+00   2.2141594e+01
   4.0000000e+00   2.2091537e+01
   5.0000000e+00   2.2039391e+01
   6.0000000e+00   2.1985167e+01
   7.0000000e+00   2.1928881e+01
   8.0000000e+00   2.1870546e+01
   9.0000000e+00   2.1810282e+01
   1.0000000e+01   2.1748064e+01
   1.1000000e+01   2.1683653e+01
   1.2000000e+01   2.1617029e+01
   1.3000000e+01   2.1548298e+01
   1.4000000e+01   2.1477791e+01
   1.5000000e+01   2.1405527e+01
   1.6000000e+01   2.1331642e+01
   1.7000000e+01   2.1256033e+01
   1.8000000e+01   2.1178469e+01
   1.9000000e+01   2.1098894e+01
   2.0000000e+01   2.1017307e+01
   2.1000000e+01   2.0933950e+01
   2.2000000e+01   2.0848806e+01
   2.3000000e+01   2.0762098e+01
   2.4000000e+01   2.0673748e+01
   2.5000000e+01   2.0583763e+01
   2.6000000e+01   2.0492216e+01
   2.7000000e+01   2.0398943e+01
   2.8000000e+01   2.0304123e+01
   2.9000000e+01   2.0207928e+01
   3.0000000e+01   2.0110304e+01
   3.1000000e+01   1.9996399e+01
   3.2000000e+01   1.9880329e+01
   3.3000000e+01   1.9762058e+01
   3.4000000e+01   1.9641672e+01
   3.5000000e+01   1.9519266e+01
   3.6000000e+01   1.9394909e+01
   3.7000000e+01   1.9268660e+01
   3.8000000e+01   1.9140577e+01
   3.9000000e+01   1.9010708e+01
   4.0000000e+01   1.8879126e+01
   4.1000000e+01   1.8745798e+01
   4.2000000e+01   1.8610676e+01
   4.3000000e+01   1.8474016e+01
   4.4000000e+01   1.8335835e+01
   4.5000000e+01   1.8196075e+01
   4.6000000e+01   1.8054846e+01
   4.7000000e+01   1.7912220e+01
   4.8000000e+01   1.7768166e+01
   4.9000000e+01   1.7622721e+01
   5.0000000e+01   1.7475969e+01
   5.1000000e+01   1.7327913e+01
   5.2000000e+01   1.7178587e+01
   5.3000000e+01   1.7028095e+01
   5.4000000e+01   1.6876474e+01
   5.5000000e+01   1.6723753e+01
   5.6000000e+01   1.6570021e+01
   5.7000000e+01   1.6415743e+01
   5.8000000e+01   1.6261393e+01
   5.9000000e+01   1.6107130e+01
   6.0000000e+01   1.5952995e+01
   6.1000000e+01   1.5773751e+01
   6.2000000e+01   1.5590659e+01
   6.3000000e+01   1.5404640e+01
   6.4000000e+01   1.5216891e+01
   6.5000000e+01   1.5027068e+01
   6.6000000e+01   1.4835893e+01
   6.7000000e+01   1.4643814e+01
   6.8000000e+01   1.4451256e+01
   6.9000000e+01   1.4258283e+01
   7.0000000e+01   1.4063813e+01
   7.1000000e+01   1.3868816e+01
   7.2000000e+01   1.3673393e+01
   7.3000000e+01   1.3477736e+01
   7.4000000e+01   1.3282043e+01
   7.5000000e+01   1.3080299e+01
   7.6000000e+01   1.2875582e+01
   7.7000000e+01   1.2670135e+01
   7.8000000e+01   1.2465897e+01
   7.9000000e+01   1.2260592e+01
   8.0000000e+01   1.2052848e+01
   8.1000000e+01   1.1843583e+01
   8.2000000e+01   1.1633164e+01
   8.3000000e+01   1.1421592e+01
   8.4000000e+01   1.1208868e+01
   8.5000000e+01   1.0977134e+01
   8.6000000e+01   1.0743400e+01
   8.7000000e+01   1.0510766e+01
   8.8000000e+01   1.0277330e+01
   8.9000000e+01   1.0043213e+01
   9.0000000e+01   9.8056164e+00
   9.1000000e+01   9.6005087e+00
   9.2000000e+01   9.3999128e+00
   9.3000000e+01   9.2039032e+00
   9.4000000e+01   9.0125284e+00
   9.5000000e+01   8.8219385e+00
   9.6000000e+01   8.6317339e+00
   9.7000000e+01   8.4473963e+00
   9.8000000e+01   8.2698364e+00
   9.9000000e+01   8.0987844e+00
   1.0000000e+02   7.9339600e+00
   1.0100000e+02   7.7749815e+00
   1.0200000e+02   7.6208763e+00
   1.0300000e+02   7.4726138e+00
   1.0400000e+02   7.3299336e+00
   1.0500000e+02   7.1925101e+00
   1.0600000e+02   7.0600452e+00
   1.0700000e+02   6.9324613e+00
   1.0800000e+02   6.8095388e+00
   1.0900000e+02   6.6910777e+00
   1.1000000e+02   6.5772390e+00
   1.1100000e+02   6.4678893e+00
   1.1200000e+02   6.3621716e+00
   1.1300000e+02   6.2599821e+00
   1.1400000e+02   6.1612368e+00
   1.1500000e+02   6.0658488e+00
   1.1600000e+02   5.9735379e+00
   1.1700000e+02   5.8844700e+00
   1.1800000e+02   5.7987008e+00
   1.1900000e+02   5.7160840e+00
   1.2000000e+02   5.6364770e+00
   1.2100000e+02   5.6089835e+00
   1.2200000e+02   5.5825424e+00
   1.2300000e+02   5.5571041e+00
   1.2400000e+02   5.5326176e+00
   1.2500000e+02   5.5090394e+00
   1.2600000e+02   5.4863315e+00
   1.2700000e+02   5.4644561e+00
   1.2800000e+02   5.4433789e+00
   1.2900000e+02   5.4230709e+00
   1.3000000e+02   5.4035053e+00
   1.3100000e+02   5.3846517e+00
   1.3200000e+02   5.3664823e+00
   1.3300000e+02   5.3489742e+00
   1.3400000e+02   5.3321104e+00
   1.3500000e+02   5.3158684e+00
   1.3600000e+02   5.3002281e+00
   1.3700000e+02   5.2851710e+00
   1.3800000e+02   5.2706800e+00
   1.3900000e+02   5.2567396e+00
   1.4000000e+02   5.2433338e+00
   1.4100000e+02   5.2304502e+00
   1.4200000e+02   5.2180762e+00
   1.4300000e+02   5.2062016e+00
   1.4400000e+02   5.1948152e+00
   1.4500000e+02   5.1839070e+00
   1.4600000e+02   5.1734662e+00
   1.4700000e+02   5.1634836e+00
   1.4800000e+02   5.1539507e+00
   1.4900000e+02   5.1448588e+00
   1.5000000e+02   5.1362000e+00
   1.5100000e+02   5.1392732e+00
   1.5200000e+02   5.1426787e+00
   1.5300000e+02   5.1464176e+00
   1.5400000e+02   5.1504889e+00
   1.5500000e+02   5.1548929e+00
   1.5600000e+02   5.1596317e+00
   1.5700000e+02   5.1647053e+00
   1.5800000e+02   5.1701150e+00
   1.5900000e+02   5.1758604e+00
   1.6000000e+02   5.1819429e+00
   1.6100000e+02   5.1883631e+00
   1.6200000e+02   5.1951222e+00
   1.6300000e+02   5.2022204e+00
   1.6400000e+02   5.2096586e+00
   1.6500000e+02   5.2174377e+00
   1.6600000e+02   5.2255592e+00
   1.6700000e+02   5.2340240e+00
   1.6800000e+02   5.2428331e+00
   1.6900000e+02   5.2519875e+00
   1.7000000e+02   5.2614870e+00
   1.7100000e+02   5.2713323e+00
   1.7200000e+02   5.2815251e+00
   1.7300000e+02   5.2920651e+00
   1.7400000e+02   5.3029556e+00
   1.7500000e+02   5.3141966e+00
   1.7600000e+02   5.3257890e+00
   1.7700000e+02   5.3377347e+00
   1.7800000e+02   5.3500352e+00
   1.7900000e+02   5.3626909e+00
   1.8000000e+02   5.3757038e+00
   1.8100000e+02   5.3961401e+00
   1.8200000e+02   5.4168797e+00
   1.8300000e+02   5.4379320e+00
   1.8400000e+02   5.4593067e+00
   1.8500000e+02   5.4810090e+00
   1.8600000e+02   5.5030470e+00
   1.8700000e+02   5.5254259e+00
   1.8800000e+02   5.5481524e+00
   1.8900000e+02   5.5712342e+00
   1.9000000e+02   5.5946956e+00
   1.9100000e+02   5.6185241e+00
   1.9200000e+02   5.6427245e+00
   1.9300000e+02   5.6673012e+00
   1.9400000e+02   5.6922579e+00
   1.9500000e+02   5.7175999e+00
   1.9600000e+02   5.7433324e+00
   1.9700000e+02   5.7694597e+00
   1.9800000e+02   5.7959862e+00
   1.9900000e+02   5.8229160e+00
   2.0000000e+02   5.8502531e+00
   2.0100000e+02   5.8780012e+00
   2.0200000e+02   5.9061661e+00
   2.0300000e+02   5.9347515e+00
   2.0400000e+02   5.9637604e+00
   2.0500000e+02   5.9931965e+00
   2.0600000e+02   6.0230646e+00
   2.0700000e+02   6.0533681e+00
   2.0800000e+02   6.0841103e+00
   2.0900000e+02   6.1152954e+00
   2.1000000e+02   6.1469264e+00
   2.1100000e+02   6.2177448e+00
   2.1200000e+02   6.2885828e+00
   2.1300000e+02   6.3594508e+00
   2.1400000e+02   6.4303584e+00
   2.1500000e+02   6.5013170e+00
   2.1600000e+02   6.5723367e+00
   2.1700000e+02   6.6434269e+00
   2.1800000e+02   6.7145982e+00
   2.1900000e+02   6.7858596e+00
   2.2000000e+02   6.8572226e+00
   2.2100000e+02   6.9286537e+00
   2.2200000e+02   7.0001678e+00
   2.2300000e+02   7.0718007e+00
   2.2400000e+02   7.1435623e+00
   2.2500000e+02   7.2154627e+00
   2.2600000e+02   7.2875109e+00
   2.2700000e+02   7.3597159e+00
   2.2800000e+02   7.4320869e+00
   2.2900000e+02   7.5046329e+00
   2.3000000e+02   7.5773621e+00
   2.3100000e+02   7.6502829e+00
   2.3200000e+02   7.7234583e+00
   2.3300000e+02   7.7970285e+00
   2.3400000e+02   7.8708277e+00
   2.3500000e+02   7.9448624e+00
   2.3600000e+02   8.0191402e+00
   2.3700000e+02   8.0936651e+00
   2.3800000e+02   8.1684427e+00
   2.3900000e+02   8.2434807e+00
   2.4000000e+02   8.3187847e+00
   2.4100000e+02   8.4206247e+00
   2.4200000e+02   8.5229406e+00
   2.4300000e+02   8.6257315e+00
   2.4400000e+02   8.7289972e+00
   2.4500000e+02   8.8327436e+00
   2.4600000e+02   8.9369745e+00
   2.4700000e+02   9.0416918e+00
   2.4800000e+02   9.1469002e+00
   2.4900000e+02   9.2526007e+00
   2.5000000e+02   9.3587952e+00
   2.5100000e+02   9.4654875e+00
   2.5200000e+02   9.5724306e+00
   2.5300000e+02   9.6797972e+00
   2.5400000e+02   9.7876148e+00
   2.5500000e+02   9.8958836e+00
   2.5600000e+02   1.0004600e+01
   2.5700000e+02   1.0113762e+01
   2.5800000e+02   1.0223372e+01
   2.5900000e+02   1.0333424e+01
   2.6000000e+02   1.0443915e+01
   2.6100000e+02   1.0554846e+01
   2.6200000e+02   1.0666209e+01
   2.6300000e+02   1.0778004e+01
   2.6400000e+02   1.0890223e+01
   2.6500000e+02   1.1002862e+01
   2.6600000e+02   1.1115913e+01
   2.6700000e+02   1.1229369e+01
   2.6800000e+02   1.1343226e+01
   2.6900000e+02   1.1457480e+01
   2.7000000e+02   1.1572124e+01
   2.7100000e+02   1.1696715e+01
   2.7200000e+02   1.1822330e+01
   2.7300000e+02   1.1948955e+01
   2.7400000e+02   1.2076573e+01
   2.7500000e+02   1.2205169e+01
   2.7600000e+02   1.2334726e+01
   2.7700000e+02   1.2465083e+01
   2.7800000e+02   1.2595222e+01
   2.7900000e+02   1.2726380e+01
   2.8000000e+02   1.2858530e+01
   2.8100000e+02   1.2991652e+01
   2.8200000e+02   1.3125721e+01
   2.8300000e+02   1.3260715e+01
   2.8400000e+02   1.3396608e+01
   2.8500000e+02   1.3533381e+01
   2.8600000e+02   1.3671003e+01
   2.8700000e+02   1.3809451e+01
   2.8800000e+02   1.3948698e+01
   2.8900000e+02   1.4088714e+01
   2.9000000e+02   1.4229470e+01
   2.9100000e+02   1.4370940e+01
   2.9200000e+02   1.4513091e+01
   2.9300000e+02   1.4655891e+01
   2.9400000e+02   1.4799311e+01
   2.9500000e+02   1.4943316e+01
   2.9600000e+02   1.5087873e+01
   2.9700000e+02   1.5232949e+01
   2.9800000e+02   1.5378510e+01
   2.9900000e+02   1.5524517e+01
   3.0000000e+02   1.5670937e+01
   3.0100000e+02   1.5746478e+01
   3.0200000e+02   1.5821884e+01
   3.0300000e+02   1.5897127e+01
   3.0400000e+02   1.5972182e+01
   3.0500000e+02   1.6047024e+01
   3.0600000e+02   1.6121620e+01
   3.0700000e+02   1.6195950e+01
   3.0800000e+02   1.6269987e+01
   3.0900000e+02   1.6343702e+01
   3.1000000e+02   1.6417068e+01
   3.1100000e+02   1.6490059e+01
   3.1200000e+02   1.6562643e+01
   3.1300000e+02   1.6634796e+01
   3.1400000e+02   1.6706488e+01
   3.1500000e+02   1.6777689e+01
   3.1600000e+02   1.6848372e+01
   3.1700000e+02   1.6918509e+01
   3.1800000e+02   1.6988068e+01
   3.1900000e+02   1.7057024e+01
   3.2000000e+02   1.7125345e+01
   3.2100000e+02   1.7193007e+01
   3.2200000e+02   1.7259975e+01
   3.2300000e+02   1.7326227e+01
   3.2400000e+02   1.7391727e+01
   3.2500000e+02   1.7456451e+01
   3.2600000e+02   1.7520370e+01
   3.2700000e+02   1.7583456e+01
   3.2800000e+02   1.7645681e+01
   3.2900000e+02   1.7707010e+01
   3.3000000e+02   1.7767424e+01
   3.3100000e+02   1.7791471e+01
   3.3200000e+02   1.7814428e+01
   3.3300000e+02   1.7836273e+01
   3.3400000e+02   1.7856987e+01
   3.3500000e+02   1.7876545e+01
   3.3600000e+02   1.7894932e+01
   3.3700000e+02   1.7912127e+01
   3.3800000e+02   1.7928112e+01
   3.3900000e+02   1.7942871e+01
   3.4000000e+02   1.7956388e+01
   3.4100000e+02   1.7968643e+01
   3.4200000e+02   1.7979626e+01
   3.4300000e+02   1.7989321e+01
   3.4400000e+02   1.7997711e+01
   3.4500000e+02   1.8004787e+01
   3.4600000e+02   1.8010534e+01
   3.4700000e+02   1.8014946e+01
   3.4800000e+02   1.8018009e+01
   3.4900000e+02   1.8019714e+01
   3.5000000e+02   1.8020056e+01
   3.5100000e+02   1.8019022e+01
   3.5200000e+02   1.8016609e+01
   3.5300000e+02   1.8012814e+01
   3.5400000e+02   1.8007629e+01
   3.5500000e+02   1.8001049e+01
   3.5600000e+02   1.7993076e+01
   3.5700000e+02   1.7983707e+01
   3.5800000e+02   1.7972942e+01
   3.5900000e+02   1.7960781e+01
   7.1133672e-07   1.7947224e+01
   1.0000007e+00   1.7874166e+01
   2.0000007e+00   1.7799644e+01
   3.0000007e+00   1.7723673e+01
   4.0000010e+00   1.7646269e+01
   5.0000010e+00   1.7567453e+01
   6.0000010e+00   1.7487244e+01
   7.0000010e+00   1.7405663e+01
   8.0000010e+00   1.7322731e+01
   9.0000010e+00   1.7238470e+01
   1.0000001e+01   1.7152905e+01
   1.1000001e+01   1.7066059e+01
   1.2000001e+01   1.6977957e+01
   1.3000001e+01   1.6888622e+01
   1.4000001e+01   1.6798088e+01
   1.5000001e+01   1.6706375e+01
   1.6000000e+01   1.6613516e+01
   1.7000000e+01   1.6519537e+01
   1.8000000e+01   1.6424469e+01
   1.9000000e+01   1.6328341e+01
   2.0000000e+01   1.6231184e+01
   2.1000000e+01   1.6133030e+01
   2.2000000e+01   1.6033909e+01
   2.3000000e+01   1.5933854e+01
   2.4000000e+01   1.5832896e+01
   2.5000000e+01   1.5731071e+01
   2.6000000e+01   1.5628408e+01
   2.7000000e+01   1.5524943e+01
   2.8000000e+01   1.5420710e+01
   2.9000000e+01   1.5315741e+01
   3.0000000e+01   1.5210072e+01
   3.1000000e+01   1.5010573e+01
   3.2000000e+01   1.4810670e+01
   3.3000000e+01   1.4610417e+01
   3.4000000e+01   1.4409871e+01
   3.5000000e+01   1.4209085e+01
   3.6000000e+01   1.4008112e+01
   3.7000000e+01   1.3807002e+01
   3.8000000e+01   1.3605807e+01
   3.9000000e+01   1.3404578e+01
   4.0000000e+01   1.3203364e+01
   4.1000000e+01   1.3002216e+01
   4.2000000e+01   1.2801182e+01
   4.3000000e+01   1.2600308e+01
   4.4000000e+01   1.2399644e+01
   4.5000000e+01   1.2199233e+01
   4.6000000e+01   1.1999122e+01
   4.7000000e+01   1.1799355e+01
   4.8000000e+01   1.1599973e+01
   4.9000000e+01   1.1401020e+01
   5.0000000e+01   1.1202538e+01
   5.1000000e+01   1.1004565e+01
   5.2000000e+01   1.0807140e+01
   5.3000000e+01   1.0610302e+01
   5.4000000e+01   1.0414086e+01
   5.5000000e+01   1.0218529e+01
   5.6000000e+01   1.0023662e+01
   5.7000000e+01   9.8295212e+00
   5.8000000e+01   9.6361380e+00
   5.9000000e+01   9.4435406e+00
   6.0000000e+01   9.2517605e+00
   6.1000000e+01   9.1367054e+00
   6.2000000e+01   9.0220795e+00
   6.3000000e+01   8.9079018e+00
   6.4000000e+01   8.7941904e+00
   6.5000000e+01   8.6809635e+00
   6.6000000e+01   8.5682364e+00
   6.7000000e+01   8.4560270e+00
   6.8000000e+01   8.3443518e+00
   6.9000000e+01   8.2332239e+00
   7.0000000e+01   8.1226587e+00
   7.1000000e+01   8.0126696e+00
   7.2000000e+01   7.9032698e+00
   7.3000000e+01   7.7944717e+00
   7.4000000e+01   7.6862874e+00
   7.5000000e+01   7.5787277e+00
   7.6000000e+01   7.4718027e+00
   7.7000000e+01   7.3655229e+00
   7.8000000e+01   7.2598972e+00
   7.9000000e+01   7.1549335e+00
   8.0000000e+01   7.0506411e+00
   8.1000000e+01   6.9470263e+00
   8.2000000e+01   6.8440967e+00
   8.3000000e+01   6.7418585e+00
   8.4000000e+01   6.6403174e+00
   8.5000000e+01   6.5394783e+00
   8.6000000e+01   6.4393463e+00
   8.7000000e+01   6.3399248e+00
   8.8000000e+01   6.2412181e+00
   8.9000000e+01   6.1432290e+00
   9.0000000e+01   6.0459609e+00
   9.1000000e+01   6.0124178e+00
   9.2000000e+01   5.9791455e+00
   9.3000000e+01   5.9461489e+00
   9.4000000e+01   5.9134316e+00
   9.5000000e+01   5.8810000e+00
   9.6000000e+01   5.8488569e+00
   9.7000000e+01   5.8170071e+00
   9.8000000e+01   5.7854548e+00
   9.9000000e+01   5.7542028e+00
   1.0000000e+02   5.7232556e+00
   1.0100000e+02   5.6926155e+00
   1.0200000e+02   5.6622868e+00
   1.0300000e+02   5.6322722e+00
   1.0400000e+02   5.6025743e+00
   1.0500000e+02   5.5731955e+00
   1.0600000e+02   5.5441384e+00
   1.0700000e+02   5.5154061e+00
   1.0800000e+02   5.4869995e+00
   1.0900000e+02   5.4589214e+00
   1.1000000e+02   5.4311733e+00
   1.1100000e+02   5.4037571e+00
   1.1200000e+02   5.3766742e+00
   1.1300000e+02   5.3499265e+00
   1.1400000e+02   5.3235145e+00
   1.1500000e+02   5.2974405e+00
   1.1600000e+02   5.2717042e+00
   1.1700000e+02   5.2463074e+00
   1.1800000e+02   5.2212510e+00
   1.1900000e+02   5.1965351e+00
   1.2000000e+02   5.1721611e+00
   1.2100000e+02   5.1555719e+00
   1.2200000e+02   5.1392870e+00
   1.2300000e+02   5.1233082e+00
   1.2400000e+02   5.1076365e+00
   1.2500000e+02   5.0922728e+00
   1.2600000e+02   5.0772181e+00
   1.2700000e+02   5.0624733e+00
   1.2800000e+02   5.0480404e+00
   1.2900000e+02   5.0339189e+00
   1.3000000e+02   5.0201106e+00
   1.3100000e+02   5.0066152e+00
   1.3200000e+02   4.9934344e+00
   1.3300000e+02   4.9805684e+00
   1.3400000e+02   4.9680176e+00
   1.3500000e+02   4.9557824e+00
   1.3600000e+02   4.9438639e+00
   1.3700000e+02   4.9322619e+00
   1.3800000e+02   4.9209771e+00
   1.3900000e+02   4.9100099e+00
   1.4000000e+02   4.8993602e+00
   1.4100000e+02   4.8890281e+00
   1.4200000e+02   4.8790145e+00
   1.4300000e+02   4.8693194e+00
   1.4400000e+02   4.8599424e+00
   1.4500000e+02   4.8508840e+00
   1.4600000e+02   4.8421450e+00
   1.4700000e+02   4.8337240e+00
   1.4800000e+02   4.8256216e+00
   1.4900000e+02   4.8178387e+00
   1.5000000e+02   4.8103743e+00
   1.5100000e+02   4.8137269e+00
   1.5200000e+02   4.8173785e+00
   1.5300000e+02   4.8213305e+00
   1.5400000e+02   4.8255839e+00
   1.5500000e+02   4.8301396e+00
   1.5600000e+02   4.8350005e+00
   1.5700000e+02   4.8401680e+00
   1.5800000e+02   4.8456421e+00
   1.5900000e+02   4.8514261e+00
   1.6000000e+02   4.8575201e+00
   1.6100000e+02   4.8639264e+00
   1.6200000e+02   4.8706460e+00
   1.6300000e+02   4.8776803e+00
   1.6400000e+02   4.8850312e+00
   1.6500000e+02   4.8926997e+00
   1.6600000e+02   4.9006877e+00
   1.6700000e+02   4.9089961e+00
   1.6800000e+02   4.9176264e+00
   1.6900000e+02   4.9265809e+00
   1.7000000e+02   4.9358606e+00
   1.7100000e+02   4.9454670e+00
   1.7200000e+02   4.9554005e+00
   1.7300000e+02   4.9656639e+00
   1.7400000e+02   4.9762573e+00
   1.7500000e+02   4.9871836e+00
   1.7600000e+02   4.9984426e+00
   1.7700000e+02   5.0100365e+00
   1.7800000e+02   5.0219669e+00
   1.7900000e+02   5.0342345e+00
   1.8000000e+02   5.0468416e+00
   1.8100000e+02   5.0666285e+00
   1.8200000e+02   5.0867639e+00
   1.8300000e+02   5.1072493e+00
   1.8400000e+02   5.1280885e+00
   1.8500000e+02   5.1492834e+00
   1.8600000e+02   5.1708369e+00
   1.8700000e+02   5.1927519e+00
   1.8800000e+02   5.2150307e+00
   1.8900000e+02   5.2376761e+00
   1.9000000e+02   5.2606907e+00
   1.9100000e+02   5.2840767e+00
   1.9200000e+02   5.3078375e+00
   1.9300000e+02   5.3319755e+00
   1.9400000e+02   5.3564930e+00
   1.9500000e+02   5.3813934e+00
   1.9600000e+02   5.4066792e+00
   1.9700000e+02   5.4323525e+00
   1.9800000e+02   5.4584160e+00
   1.9900000e+02   5.4848728e+00
   2.0000000e+02   5.5117259e+00
   2.0100000e+02   5.5389771e+00
   2.0200000e+02   5.5666294e+00
   2.0300000e+02   5.5946856e+00
   2.0400000e+02   5.6231480e+00
   2.0500000e+02   5.6520200e+00
   2.0600000e+02   5.6813030e+00
   2.0700000e+02   5.7110009e+00
   2.0800000e+02   5.7411151e+00
   2.0900000e+02   5.7716489e+00
   2.1000000e+02   5.8026052e+00
   2.1100000e+02   5.8362865e+00
   2.1200000e+02   5.8703837e+00
   2.1300000e+02   5.9049006e+00
   2.1400000e+02   5.9398394e+00
   2.1500000e+02   5.9752035e+00
   2.1600000e+02   6.0109959e+00
   2.1700000e+02   6.0472193e+00
   2.1800000e+02   6.0838776e+00
   2.1900000e+02   6.1209726e+00
   2.2000000e+02   6.1585078e+00
   2.2100000e+02   6.1964860e+00
   2.2200000e+02   6.2349095e+00
   2.2300000e+02   6.2737813e+00
   2.2400000e+02   6.3131042e+00
   2.2500000e+02   6.3528800e+00
   2.2600000e+02   6.3931122e+00
   2.2700000e+02   6.4338026e+00
   2.2800000e+02   6.4749537e+00
   2.2900000e+02   6.5165677e+00
   2.3000000e+02   6.5586467e+00
   2.3100000e+02   6.6011930e+00
   2.3200000e+02   6.6442075e+00
   2.3300000e+02   6.6876941e+00
   2.3400000e+02   6.7316532e+00
   2.3500000e+02   6.7760868e+00
   2.3600000e+02   6.8209968e+00
   2.3700000e+02   6.8663840e+00
   2.3800000e+02   6.9122510e+00
   2.3900000e+02   6.9585977e+00
   2.4000000e+02   7.0054255e+00
   2.4100000e+02   7.0985694e+00
   2.4200000e+02   7.1922808e+00
   2.4300000e+02   7.2865620e+00
   2.4400000e+02   7.3814158e+00
   2.4500000e+02   7.4768438e+00
   2.4600000e+02   7.5728483e+00
   2.4700000e+02   7.6694303e+00
   2.4800000e+02   7.7665911e+00
   2.4900000e+02   7.8643317e+00
   2.5000000e+02   7.9626522e+00
   2.5100000e+02   8.0615530e+00
   2.5200000e+02   8.1610346e+00
   2.5300000e+02   8.2610950e+00
   2.5400000e+02   8.3617344e+00
   2.5500000e+02   8.4629507e+00
   2.5600000e+02   8.5647421e+00
   2.5700000e+02   8.6671066e+00
   2.5800000e+02   8.7700424e+00
   2.5900000e+02   8.8735456e+00
   2.6000000e+02   8.9776125e+00
   2.6100000e+02   9.0822420e+00
   2.6200000e+02   9.1874247e+00
   2.6300000e+02   9.2931604e+00
   2.6400000e+02   9.3994417e+00
   2.6500000e+02   9.5062628e+00
   2.6600000e+02   9.6136169e+00
   2.6700000e+02   9.7214994e+00
   2.6800000e+02   9.8299007e+00
   2.6900000e+02   9.9388142e+00
   2.7000000e+02   1.0048231e+01
   2.7100000e+02   1.0202161e+01
   2.7200000e+02   1.0356768e+01
   2.7300000e+02   1.0512040e+01
   2.7400000e+02   1.0667968e+01
   2.7500000e+02   1.0824540e+01
   2.7600000e+02   1.0981742e+01
   2.7700000e+02   1.1139561e+01
   2.7800000e+02   1.1297983e+01
   2.7900000e+02   1.1456992e+01
   2.8000000e+02   1.1616571e+01
   2.8100000e+02   1.1776707e+01
   2.8200000e+02   1.1937378e+01
   2.8300000e+02   1.2098567e+01
   2.8400000e+02   1.2260255e+01
   2.8500000e+02   1.2422421e+01
   2.8600000e+02   1.2585042e+01
   2.8700000e+02   1.2748099e+01
   2.8800000e+02   1.2911568e+01
   2.8900000e+02   1.3075424e+01
   2.9000000e+02   1.3239643e+01
   2.9100000e+02   1.3404200e+01
   2.9200000e+02   1.3569066e+01
   2.9300000e+02   1.3734217e+01
   2.9400000e+02   1.3899622e+01
   2.9500000e+02   1.4065254e+01
   2.9600000e+02   1.4231082e+01
   2.9700000e+02   1.4397077e+01
   2.9800000e+02   1.4563206e+01
   2.9900000e+02   1.4729436e+01
   3.0000000e+02   1.4895736e+01
   3.0100000e+02   1.4974646e+01
   3.0200000e+02   1.5053476e+01
   3.0300000e+02   1.5132203e+01
   3.0400000e+02   1.5210803e+01
   3.0500000e+02   1.5289248e+01
   3.0600000e+02   1.5367515e+01
   3.0700000e+02   1.5445575e+01
   3.0800000e+02   1.5523404e+01
   3.0900000e+02   1.5600974e+01
   3.1000000e+02   1.5678261e+01
   3.1100000e+02   1.5755233e+01
   3.1200000e+02   1.5831865e+01
   3.1300000e+02   1.5908130e+01
   3.1400000e+02   1.5983998e+01
   3.1500000e+02   1.6059444e+01
   3.1600000e+02   1.6134438e+01
   3.1700000e+02   1.6208952e+01
   3.1800000e+02   1.6282957e+01
   3.1900000e+02   1.6356422e+01
   3.2000000e+02   1.6429325e+01
   3.2100000e+02   1.6501633e+01
   3.2200000e+02   1.6573317e+01
   3.2300000e+02   1.6644348e+01
   3.2400000e+02   1.6714701e+01
   3.2500000e+02   1.6784346e+01
   3.2600000e+02   1.6853251e+01
   3.2700000e+02   1.6921392e+01
   3.2800000e+02   1.6988741e+01
   3.2900000e+02   1.7055269e+01
   3.3000000e+02   1.7120947e+01
   3.3100000e+02   1.7144869e+01
   3.3200000e+02   1.7167717e+01
   3.3300000e+02   1.7189476e+01
   3.3400000e+02   1.7210123e+01
   3.3500000e+02   1.7229637e+01
   3.3600000e+02   1.7248001e+01
   3.3700000e+02   1.7265198e+01
   3.3800000e+02   1.7281210e+01
   3.3900000e+02   1.7296017e+01
   3.4000000e+02   1.7309605e+01
   3.4100000e+02   1.7321960e+01
   3.4200000e+02   1.7333065e+01
   3.4300000e+02   1.7342907e+01
   3.4400000e+02   1.7351469e+01
   3.4500000e+02   1.7358747e+01
   3.4600000e+02   1.7364723e+01
   3.4700000e+02   1.7369387e+01
   3.4800000e+02   1.7372730e+01
   3.4900000e+02   1.7374744e+01
   3.5000000e+02   1.7375420e+01
   3.5100000e+02   1.7374752e+01
   3.5200000e+02   1.7372732e+01
   3.5300000e+02   1.7369358e+01
   3.5400000e+02   1.7364624e+01
   3.5500000e+02   1.7358526e+01
   3.5600000e+02   1.7351061e+01
   3.5700000e+02   1.7342230e+01
   3.5800000e+02   1.7332031e+01
   3.5900000e+02   1.7320469e+01
   1.4226848e-06   1.7307537e+01
