   0.0000000e+00   1.5034180e+04
   1.0000000e+00   3.2514246e+04
   2.0000000e+00   3.2510559e+04
   3.0000000e+00   3.2507934e+04
   4.0000000e+00   3.2507365e+04
   5.0000000e+00   3.2508842e+04
   6.0000000e+00   3.2512361e+04
   7.0000000e+00   3.2517945e+04
   8.0000000e+00   3.2525568e+04
   9.0000000e+00   3.2534936e+04
   1.0000000e+01   3.2545990e+04
   1.1000000e+01   3.2559318e+04
   1.2000000e+01   3.2575141e+04
   1.3000000e+01   3.2593297e+04
   1.4000000e+01   3.2613146e+04
   1.5000000e+01   3.2634629e+04
   1.6000000e+01   3.2657652e+04
   1.7000000e+01   3.2682363e+04
   1.8000000e+01   3.2709295e+04
   1.9000000e+01   3.2738842e+04
   2.0000000e+01   3.2771141e+04
   2.1000000e+01   3.2805512e+04
   2.2000000e+01   3.2842035e+04
   2.3000000e+01   3.2880367e+04
   2.4000000e+01   3.2920738e+04
   2.5000000e+01   3.2963191e+04
   2.6000000e+01   3.3007660e+04
   2.7000000e+01   3.3054594e+04
   2.8000000e+01   3.3103691e+04
   2.9000000e+01   3.3154574e+04
   3.0000000e+01   3.3207508e+04
   3.1000000e+01   3.3259445e+04
   3.2000000e+01   3.3312992e+04
   3.3000000e+01   3.3368266e+04
   3.4000000e+01   3.3425254e+04
   3.5000000e+01   3.3483844e+04
   3.6000000e+01   3.3543895e+04
   3.7000000e+01   3.3605391e+04
   3.8000000e+01   3.3668293e+04
   3.9000000e+01   3.3732578e+04
   4.0000000e+01   3.3798270e+04
   4.1000000e+01   3.3865590e+04
   4.2000000e+01   3.3934668e+04
   4.3000000e+01   3.4004992e+04
   4.4000000e+01   3.4076652e+04
   4.5000000e+01   3.4149938e+04
   4.6000000e+01   3.4224598e+04
   4.7000000e+01   3.4300500e+04
   4.8000000e+01   3.4377793e+04
   4.9000000e+01   3.4456613e+04
   5.0000000e+01   3.4536766e+04
   5.1000000e+01   3.4618367e+04
   5.2000000e+01   3.4701457e+04
   5.3000000e+01   3.4785820e+04
   5.4000000e+01   3.4871449e+04
   5.5000000e+01   3.4958383e+04
   5.6000000e+01   3.5046426e+04
   5.7000000e+01   3.5134891e+04
   5.8000000e+01   3.5223930e+04
   5.9000000e+01   3.5313711e+04
   6.0000000e+01   3.5404219e+04
   6.1000000e+01   3.5445012e+04
   6.2000000e+01   3.5490547e+04
   6.3000000e+01   3.5539426e+04
   6.4000000e+01   3.5590082e+04
   6.5000000e+01   3.5642945e+04
   6.6000000e+01   3.5696605e+04
   6.7000000e+01   3.5750184e+04
   6.8000000e+01   3.5802750e+04
   6.9000000e+01   3.5853984e+04
   7.0000000e+01   3.5904664e+04
   7.1000000e+01   3.5953066e+04
   7.2000000e+01   3.5998750e+04
   7.3000000e+01   3.6041211e+04
   7.4000000e+01   3.6079879e+04
   7.5000000e+01   3.6126953e+04
   7.6000000e+01   3.6176871e+04
   7.7000000e+01   3.6225070e+04
   7.8000000e+01   3.6265688e+04
   7.9000000e+01   3.6304543e+04
   8.0000000e+01   3.6344512e+04
   8.1000000e+01   3.6383730e+04
   8.2000000e+01   3.6421379e+04
   8.3000000e+01   3.6457387e+04
   8.4000000e+01   3.6491664e+04
   8.5000000e+01   3.6566031e+04
   8.6000000e+01   3.6643816e+04
   8.7000000e+01   3.6716074e+04
   8.8000000e+01   3.6788930e+04
   8.9000000e+01   3.6862164e+04
   9.0000000e+01   3.6943293e+04
   9.1000000e+01   3.7073730e+04
   9.2000000e+01   3.7205867e+04
   9.3000000e+01   3.7339465e+04
   9.4000000e+01   3.7474336e+04
   9.5000000e+01   3.7621875e+04
   9.6000000e+01   3.7787406e+04
   9.7000000e+01   3.7954094e+04
   9.8000000e+01   3.8118164e+04
   9.9000000e+01   3.8279676e+04
   1.0000000e+02   3.8438773e+04
   1.0100000e+02   3.8596016e+04
   1.0200000e+02   3.8754199e+04
   1.0300000e+02   3.8909582e+04
   1.0400000e+02   3.9062328e+04
   1.0500000e+02   3.9212941e+04
   1.0600000e+02   3.9361859e+04
   1.0700000e+02   3.9508539e+04
   1.0800000e+02   3.9653117e+04
   1.0900000e+02   3.9795703e+04
   1.1000000e+02   3.9934902e+04
   1.1100000e+02   4.0070316e+04
   1.1200000e+02   4.0204695e+04
   1.1300000e+02   4.0338055e+04
   1.1400000e+02   4.0470340e+04
   1.1500000e+02   4.0601551e+04
   1.1600000e+02   4.0732887e+04
   1.1700000e+02   4.0862945e+04
   1.1800000e+02   4.0990750e+04
   1.1900000e+02   4.1116332e+04
   1.2000000e+02   4.1239746e+04
   1.2100000e+02   4.1353598e+04
   1.2200000e+02   4.1465727e+04
   1.2300000e+02   4.1576105e+04
   1.2400000e+02   4.1684766e+04
   1.2500000e+02   4.1791727e+04
   1.2600000e+02   4.1896980e+04
   1.2700000e+02   4.2000535e+04
   1.2800000e+02   4.2102383e+04
   1.2900000e+02   4.2202535e+04
   1.3000000e+02   4.2301023e+04
   1.3100000e+02   4.2397797e+04
   1.3200000e+02   4.2492844e+04
   1.3300000e+02   4.2586137e+04
   1.3400000e+02   4.2677695e+04
   1.3500000e+02   4.2767477e+04
   1.3600000e+02   4.2855469e+04
   1.3700000e+02   4.2941652e+04
   1.3800000e+02   4.3026004e+04
   1.3900000e+02   4.3108512e+04
   1.4000000e+02   4.3189160e+04
   1.4100000e+02   4.3267938e+04
   1.4200000e+02   4.3344824e+04
   1.4300000e+02   4.3419793e+04
   1.4400000e+02   4.3492832e+04
   1.4500000e+02   4.3563926e+04
   1.4600000e+02   4.3633063e+04
   1.4700000e+02   4.3700227e+04
   1.4800000e+02   4.3765395e+04
   1.4900000e+02   4.3828559e+04
   1.5000000e+02   4.3889695e+04
   1.5100000e+02   4.3942711e+04
   1.5200000e+02   4.3993750e+04
   1.5300000e+02   4.4042789e+04
   1.5400000e+02   4.4089816e+04
   1.5500000e+02   4.4134813e+04
   1.5600000e+02   4.4177766e+04
   1.5700000e+02   4.4218656e+04
   1.5800000e+02   4.4257461e+04
   1.5900000e+02   4.4294164e+04
   1.6000000e+02   4.4328754e+04
   1.6100000e+02   4.4361215e+04
   1.6200000e+02   4.4391535e+04
   1.6300000e+02   4.4419699e+04
   1.6400000e+02   4.4445691e+04
   1.6500000e+02   4.4469508e+04
   1.6600000e+02   4.4491137e+04
   1.6700000e+02   4.4510574e+04
   1.6800000e+02   4.4527801e+04
   1.6900000e+02   4.4542813e+04
   1.7000000e+02   4.4555598e+04
   1.7100000e+02   4.4566168e+04
   1.7200000e+02   4.4574500e+04
   1.7300000e+02   4.4580590e+04
   1.7400000e+02   4.4584426e+04
   1.7500000e+02   4.4586004e+04
   1.7600000e+02   4.4585316e+04
   1.7700000e+02   4.4582363e+04
   1.7800000e+02   4.4577129e+04
   1.7900000e+02   4.4569625e+04
   1.8000000e+02   4.4559848e+04
   1.8100000e+02   4.4539176e+04
   1.8200000e+02   4.4516430e+04
   1.8300000e+02   4.4491629e+04
   1.8400000e+02   4.4464766e+04
   1.8500000e+02   4.4435805e+04
   1.8600000e+02   4.4404746e+04
   1.8700000e+02   4.4371574e+04
   1.8800000e+02   4.4336281e+04
   1.8900000e+02   4.4298867e+04
   1.9000000e+02   4.4259227e+04
   1.9100000e+02   4.4217445e+04
   1.9200000e+02   4.4173527e+04
   1.9300000e+02   4.4127480e+04
   1.9400000e+02   4.4079324e+04
   1.9500000e+02   4.4029043e+04
   1.9600000e+02   4.3976648e+04
   1.9700000e+02   4.3922141e+04
   1.9800000e+02   4.3865539e+04
   1.9900000e+02   4.3806840e+04
   2.0000000e+02   4.3746066e+04
   2.0100000e+02   4.3683215e+04
   2.0200000e+02   4.3618285e+04
   2.0300000e+02   4.3551297e+04
   2.0400000e+02   4.3482277e+04
   2.0500000e+02   4.3411238e+04
   2.0600000e+02   4.3338191e+04
   2.0700000e+02   4.3263156e+04
   2.0800000e+02   4.3186148e+04
   2.0900000e+02   4.3107184e+04
   2.1000000e+02   4.3026277e+04
   2.1100000e+02   4.2950488e+04
   2.1200000e+02   4.2872523e+04
   2.1300000e+02   4.2792410e+04
   2.1400000e+02   4.2710168e+04
   2.1500000e+02   4.2625828e+04
   2.1600000e+02   4.2539418e+04
   2.1700000e+02   4.2450965e+04
   2.1800000e+02   4.2360496e+04
   2.1900000e+02   4.2268039e+04
   2.2000000e+02   4.2173609e+04
   2.2100000e+02   4.2077461e+04
   2.2200000e+02   4.1979629e+04
   2.2300000e+02   4.1879984e+04
   2.2400000e+02   4.1778563e+04
   2.2500000e+02   4.1675391e+04
   2.2600000e+02   4.1570504e+04
   2.2700000e+02   4.1463926e+04
   2.2800000e+02   4.1355691e+04
   2.2900000e+02   4.1245832e+04
   2.3000000e+02   4.1134375e+04
   2.3100000e+02   4.1021359e+04
   2.3200000e+02   4.0906590e+04
   2.3300000e+02   4.0789578e+04
   2.3400000e+02   4.0671020e+04
   2.3500000e+02   4.0550938e+04
   2.3600000e+02   4.0429371e+04
   2.3700000e+02   4.0306363e+04
   2.3800000e+02   4.0181945e+04
   2.3900000e+02   4.0056145e+04
   2.4000000e+02   3.9928996e+04
   2.4100000e+02   3.9865727e+04
   2.4200000e+02   3.9801352e+04
   2.4300000e+02   3.9735910e+04
   2.4400000e+02   3.9669438e+04
   2.4500000e+02   3.9601934e+04
   2.4600000e+02   3.9533418e+04
   2.4700000e+02   3.9463902e+04
   2.4800000e+02   3.9393402e+04
   2.4900000e+02   3.9321938e+04
   2.5000000e+02   3.9249516e+04
   2.5100000e+02   3.9176156e+04
   2.5200000e+02   3.9102637e+04
   2.5300000e+02   3.9028484e+04
   2.5400000e+02   3.8953637e+04
   2.5500000e+02   3.8878125e+04
   2.5600000e+02   3.8801984e+04
   2.5700000e+02   3.8725230e+04
   2.5800000e+02   3.8647891e+04
   2.5900000e+02   3.8569992e+04
   2.6000000e+02   3.8491559e+04
   2.6100000e+02   3.8412625e+04
   2.6200000e+02   3.8333211e+04
   2.6300000e+02   3.8253348e+04
   2.6400000e+02   3.8173063e+04
   2.6500000e+02   3.8092383e+04
   2.6600000e+02   3.8011344e+04
   2.6700000e+02   3.7929973e+04
   2.6800000e+02   3.7848293e+04
   2.6900000e+02   3.7766316e+04
   2.7000000e+02   3.7684082e+04
   2.7100000e+02   3.7592102e+04
   2.7200000e+02   3.7500570e+04
   2.7300000e+02   3.7409547e+04
   2.7400000e+02   3.7319078e+04
   2.7500000e+02   3.7229227e+04
   2.7600000e+02   3.7140051e+04
   2.7700000e+02   3.7051922e+04
   2.7800000e+02   3.6967160e+04
   2.7900000e+02   3.6883031e+04
   2.8000000e+02   3.6799602e+04
   2.8100000e+02   3.6716914e+04
   2.8200000e+02   3.6635012e+04
   2.8300000e+02   3.6553945e+04
   2.8400000e+02   3.6473750e+04
   2.8500000e+02   3.6394477e+04
   2.8600000e+02   3.6316160e+04
   2.8700000e+02   3.6238852e+04
   2.8800000e+02   3.6162586e+04
   2.8900000e+02   3.6087410e+04
   2.9000000e+02   3.6013363e+04
   2.9100000e+02   3.5940488e+04
   2.9200000e+02   3.5868820e+04
   2.9300000e+02   3.5798410e+04
   2.9400000e+02   3.5729289e+04
   2.9500000e+02   3.5661500e+04
   2.9600000e+02   3.5595078e+04
   2.9700000e+02   3.5530063e+04
   2.9800000e+02   3.5466496e+04
   2.9900000e+02   3.5404410e+04
   3.0000000e+02   3.5343844e+04
   3.0100000e+02   3.5235055e+04
   3.0200000e+02   3.5127477e+04
   3.0300000e+02   3.5021141e+04
   3.0400000e+02   3.4916074e+04
   3.0500000e+02   3.4812313e+04
   3.0600000e+02   3.4709891e+04
   3.0700000e+02   3.4608836e+04
   3.0800000e+02   3.4509172e+04
   3.0900000e+02   3.4410926e+04
   3.1000000e+02   3.4314137e+04
   3.1100000e+02   3.4218824e+04
   3.1200000e+02   3.4125016e+04
   3.1300000e+02   3.4032750e+04
   3.1400000e+02   3.3942039e+04
   3.1500000e+02   3.3852918e+04
   3.1600000e+02   3.3765410e+04
   3.1700000e+02   3.3679543e+04
   3.1800000e+02   3.3595336e+04
   3.1900000e+02   3.3512820e+04
   3.2000000e+02   3.3432016e+04
   3.2100000e+02   3.3352945e+04
   3.2200000e+02   3.3275637e+04
   3.2300000e+02   3.3200105e+04
   3.2400000e+02   3.3126375e+04
   3.2500000e+02   3.3054469e+04
   3.2600000e+02   3.2984402e+04
   3.2700000e+02   3.2916203e+04
   3.2800000e+02   3.2849887e+04
   3.2900000e+02   3.2785480e+04
   3.3000000e+02   3.2722998e+04
   3.3100000e+02   3.2656723e+04
   3.3200000e+02   3.2592357e+04
   3.3300000e+02   3.2529924e+04
   3.3400000e+02   3.2469438e+04
   3.3500000e+02   3.2410914e+04
   3.3600000e+02   3.2354365e+04
   3.3700000e+02   3.2299814e+04
   3.3800000e+02   3.2247270e+04
   3.3900000e+02   3.2196748e+04
   3.4000000e+02   3.2148264e+04
   3.4100000e+02   3.2101826e+04
   3.4200000e+02   3.2057453e+04
   3.4300000e+02   3.2015150e+04
   3.4400000e+02   3.1974934e+04
   3.4500000e+02   3.1936811e+04
   3.4600000e+02   3.1900793e+04
   3.4700000e+02   3.1866889e+04
   3.4800000e+02   3.1835109e+04
   3.4900000e+02   3.1805463e+04
   3.5000000e+02   3.1777953e+04
   3.5100000e+02   3.1752592e+04
   3.5200000e+02   3.1729381e+04
   3.5300000e+02   3.1708330e+04
   3.5400000e+02   3.1689443e+04
   3.5500000e+02   3.1672725e+04
   3.5600000e+02   3.1658180e+04
   3.5700000e+02   3.1645811e+04
   3.5800000e+02   3.1635621e+04
   3.5900000e+02   3.1627613e+04
   7.1133672e-07   3.1621785e+04
   1.0000007e+00   3.1613127e+04
   2.0000007e+00   3.1606691e+04
   3.0000007e+00   3.1602484e+04
   4.0000010e+00   3.1600506e+04
   5.0000010e+00   3.1600754e+04
   6.0000010e+00   3.1603230e+04
   7.0000010e+00   3.1607938e+04
   8.0000010e+00   3.1614871e+04
   9.0000010e+00   3.1624031e+04
   1.0000001e+01   3.1635414e+04
   1.1000001e+01   3.1649020e+04
   1.2000001e+01   3.1664846e+04
   1.3000001e+01   3.1682885e+04
   1.4000001e+01   3.1703131e+04
   1.5000001e+01   3.1725582e+04
   1.6000000e+01   3.1750234e+04
   1.7000000e+01   3.1777074e+04
   1.8000000e+01   3.1806100e+04
   1.9000000e+01   3.1837299e+04
   2.0000000e+01   3.1870668e+04
   2.1000000e+01   3.1906195e+04
   2.2000000e+01   3.1943867e+04
   2.3000000e+01   3.1983678e+04
   2.4000000e+01   3.2025611e+04
   2.5000000e+01   3.2069660e+04
   2.6000000e+01   3.2115809e+04
   2.7000000e+01   3.2164045e+04
   2.8000000e+01   3.2214355e+04
   2.9000000e+01   3.2266721e+04
   3.0000000e+01   3.2321129e+04
   3.1000000e+01   3.2359777e+04
   3.2000000e+01   3.2400756e+04
   3.3000000e+01   3.2444053e+04
   3.4000000e+01   3.2489646e+04
   3.5000000e+01   3.2537516e+04
   3.6000000e+01   3.2587641e+04
   3.7000000e+01   3.2640006e+04
   3.8000000e+01   3.2694586e+04
   3.9000000e+01   3.2751367e+04
   4.0000000e+01   3.2810324e+04
   4.1000000e+01   3.2871430e+04
   4.2000000e+01   3.2934664e+04
   4.3000000e+01   3.3000004e+04
   4.4000000e+01   3.3067422e+04
   4.5000000e+01   3.3136891e+04
   4.6000000e+01   3.3208391e+04
   4.7000000e+01   3.3281887e+04
   4.8000000e+01   3.3357355e+04
   4.9000000e+01   3.3434762e+04
   5.0000000e+01   3.3514086e+04
   5.1000000e+01   3.3595293e+04
   5.2000000e+01   3.3678352e+04
   5.3000000e+01   3.3763230e+04
   5.4000000e+01   3.3849898e+04
   5.5000000e+01   3.3938320e+04
   5.6000000e+01   3.4028465e+04
   5.7000000e+01   3.4120305e+04
   5.8000000e+01   3.4213797e+04
   5.9000000e+01   3.4308906e+04
   6.0000000e+01   3.4405602e+04
   6.1000000e+01   3.4505223e+04
   6.2000000e+01   3.4606113e+04
   6.3000000e+01   3.4708230e+04
   6.4000000e+01   3.4811543e+04
   6.5000000e+01   3.4916016e+04
   6.6000000e+01   3.5021609e+04
   6.7000000e+01   3.5128289e+04
   6.8000000e+01   3.5236020e+04
   6.9000000e+01   3.5344762e+04
   7.0000000e+01   3.5454477e+04
   7.1000000e+01   3.5565129e+04
   7.2000000e+01   3.5676676e+04
   7.3000000e+01   3.5789086e+04
   7.4000000e+01   3.5902313e+04
   7.5000000e+01   3.6016316e+04
   7.6000000e+01   3.6131066e+04
   7.7000000e+01   3.6246520e+04
   7.8000000e+01   3.6362633e+04
   7.9000000e+01   3.6479371e+04
   8.0000000e+01   3.6596688e+04
   8.1000000e+01   3.6714547e+04
   8.2000000e+01   3.6832902e+04
   8.3000000e+01   3.6951723e+04
   8.4000000e+01   3.7070965e+04
   8.5000000e+01   3.7190582e+04
   8.6000000e+01   3.7310539e+04
   8.7000000e+01   3.7430789e+04
   8.8000000e+01   3.7551297e+04
   8.9000000e+01   3.7672020e+04
   9.0000000e+01   3.7792914e+04
   9.1000000e+01   3.7921727e+04
   9.2000000e+01   3.8050512e+04
   9.3000000e+01   3.8179238e+04
   9.4000000e+01   3.8307863e+04
   9.5000000e+01   3.8436340e+04
   9.6000000e+01   3.8564637e+04
   9.7000000e+01   3.8692707e+04
   9.8000000e+01   3.8820520e+04
   9.9000000e+01   3.8948020e+04
   1.0000000e+02   3.9075184e+04
   1.0100000e+02   3.9201961e+04
   1.0200000e+02   3.9328316e+04
   1.0300000e+02   3.9454211e+04
   1.0400000e+02   3.9579602e+04
   1.0500000e+02   3.9704457e+04
   1.0600000e+02   3.9828727e+04
   1.0700000e+02   3.9952379e+04
   1.0800000e+02   4.0075375e+04
   1.0900000e+02   4.0197676e+04
   1.1000000e+02   4.0319242e+04
   1.1100000e+02   4.0440039e+04
   1.1200000e+02   4.0560020e+04
   1.1300000e+02   4.0679156e+04
   1.1400000e+02   4.0797414e+04
   1.1500000e+02   4.0914742e+04
   1.1600000e+02   4.1031117e+04
   1.1700000e+02   4.1146496e+04
   1.1800000e+02   4.1260844e+04
   1.1900000e+02   4.1374125e+04
   1.2000000e+02   4.1486305e+04
   1.2100000e+02   4.1594363e+04
   1.2200000e+02   4.1701250e+04
   1.2300000e+02   4.1806938e+04
   1.2400000e+02   4.1911387e+04
   1.2500000e+02   4.2014559e+04
   1.2600000e+02   4.2116430e+04
   1.2700000e+02   4.2216961e+04
   1.2800000e+02   4.2316125e+04
   1.2900000e+02   4.2413883e+04
   1.3000000e+02   4.2510207e+04
   1.3100000e+02   4.2605070e+04
   1.3200000e+02   4.2698434e+04
   1.3300000e+02   4.2790277e+04
   1.3400000e+02   4.2880563e+04
   1.3500000e+02   4.2969262e+04
   1.3600000e+02   4.3056348e+04
   1.3700000e+02   4.3141793e+04
   1.3800000e+02   4.3225570e+04
   1.3900000e+02   4.3307648e+04
   1.4000000e+02   4.3388000e+04
   1.4100000e+02   4.3466605e+04
   1.4200000e+02   4.3543434e+04
   1.4300000e+02   4.3618461e+04
   1.4400000e+02   4.3691664e+04
   1.4500000e+02   4.3763016e+04
   1.4600000e+02   4.3832496e+04
   1.4700000e+02   4.3900082e+04
   1.4800000e+02   4.3965750e+04
   1.4900000e+02   4.4029477e+04
   1.5000000e+02   4.4091242e+04
   1.5100000e+02   4.4147516e+04
   1.5200000e+02   4.4201801e+04
   1.5300000e+02   4.4254074e+04
   1.5400000e+02   4.4304313e+04
   1.5500000e+02   4.4352500e+04
   1.5600000e+02   4.4398625e+04
   1.5700000e+02   4.4442668e+04
   1.5800000e+02   4.4484609e+04
   1.5900000e+02   4.4524441e+04
   1.6000000e+02   4.4562141e+04
   1.6100000e+02   4.4597699e+04
   1.6200000e+02   4.4631102e+04
   1.6300000e+02   4.4662336e+04
   1.6400000e+02   4.4691391e+04
   1.6500000e+02   4.4718250e+04
   1.6600000e+02   4.4742910e+04
   1.6700000e+02   4.4765359e+04
   1.6800000e+02   4.4785582e+04
   1.6900000e+02   4.4803578e+04
   1.7000000e+02   4.4819328e+04
   1.7100000e+02   4.4832832e+04
   1.7200000e+02   4.4844082e+04
   1.7300000e+02   4.4853074e+04
   1.7400000e+02   4.4859805e+04
   1.7500000e+02   4.4864262e+04
   1.7600000e+02   4.4866449e+04
   1.7700000e+02   4.4866363e+04
   1.7800000e+02   4.4864000e+04
   1.7900000e+02   4.4859355e+04
   1.8000000e+02   4.4852434e+04
   1.8100000e+02   4.4838773e+04
   1.8200000e+02   4.4822844e+04
   1.8300000e+02   4.4804652e+04
   1.8400000e+02   4.4784191e+04
   1.8500000e+02   4.4761473e+04
   1.8600000e+02   4.4736492e+04
   1.8700000e+02   4.4709262e+04
   1.8800000e+02   4.4679777e+04
   1.8900000e+02   4.4648051e+04
   1.9000000e+02   4.4614086e+04
   1.9100000e+02   4.4577887e+04
   1.9200000e+02   4.4539465e+04
   1.9300000e+02   4.4498832e+04
   1.9400000e+02   4.4455988e+04
   1.9500000e+02   4.4410949e+04
   1.9600000e+02   4.4363723e+04
   1.9700000e+02   4.4314320e+04
   1.9800000e+02   4.4262758e+04
   1.9900000e+02   4.4209039e+04
   2.0000000e+02   4.4153180e+04
   2.0100000e+02   4.4095199e+04
   2.0200000e+02   4.4035105e+04
   2.0300000e+02   4.3972918e+04
   2.0400000e+02   4.3908648e+04
   2.0500000e+02   4.3842316e+04
   2.0600000e+02   4.3773938e+04
   2.0700000e+02   4.3703527e+04
   2.0800000e+02   4.3631109e+04
   2.0900000e+02   4.3556691e+04
   2.1000000e+02   4.3480309e+04
   2.1100000e+02   4.3399945e+04
   2.1200000e+02   4.3317660e+04
   2.1300000e+02   4.3233465e+04
   2.1400000e+02   4.3147387e+04
   2.1500000e+02   4.3059449e+04
   2.1600000e+02   4.2969672e+04
   2.1700000e+02   4.2878078e+04
   2.1800000e+02   4.2784695e+04
   2.1900000e+02   4.2689543e+04
   2.2000000e+02   4.2592648e+04
   2.2100000e+02   4.2494039e+04
   2.2200000e+02   4.2393734e+04
   2.2300000e+02   4.2291770e+04
   2.2400000e+02   4.2188168e+04
   2.2500000e+02   4.2082957e+04
   2.2600000e+02   4.1976168e+04
   2.2700000e+02   4.1867824e+04
   2.2800000e+02   4.1757957e+04
   2.2900000e+02   4.1646598e+04
   2.3000000e+02   4.1533773e+04
   2.3100000e+02   4.1419520e+04
   2.3200000e+02   4.1303863e+04
   2.3300000e+02   4.1186840e+04
   2.3400000e+02   4.1068477e+04
   2.3500000e+02   4.0948813e+04
   2.3600000e+02   4.0827871e+04
   2.3700000e+02   4.0705695e+04
   2.3800000e+02   4.0582320e+04
   2.3900000e+02   4.0457773e+04
   2.4000000e+02   4.0332090e+04
   2.4100000e+02   4.0256438e+04
   2.4200000e+02   4.0179738e+04
   2.4300000e+02   4.0102023e+04
   2.4400000e+02   4.0023328e+04
   2.4500000e+02   3.9943695e+04
   2.4600000e+02   3.9863160e+04
   2.4700000e+02   3.9781758e+04
   2.4800000e+02   3.9699531e+04
   2.4900000e+02   3.9616516e+04
   2.5000000e+02   3.9532746e+04
   2.5100000e+02   3.9448270e+04
   2.5200000e+02   3.9363121e+04
   2.5300000e+02   3.9277340e+04
   2.5400000e+02   3.9190961e+04
   2.5500000e+02   3.9104035e+04
   2.5600000e+02   3.9016590e+04
   2.5700000e+02   3.8928676e+04
   2.5800000e+02   3.8840324e+04
   2.5900000e+02   3.8751578e+04
   2.6000000e+02   3.8662480e+04
   2.6100000e+02   3.8573070e+04
   2.6200000e+02   3.8483387e+04
   2.6300000e+02   3.8393473e+04
   2.6400000e+02   3.8303363e+04
   2.6500000e+02   3.8213105e+04
   2.6600000e+02   3.8122734e+04
   2.6700000e+02   3.8032297e+04
   2.6800000e+02   3.7941828e+04
   2.6900000e+02   3.7851371e+04
   2.7000000e+02   3.7760965e+04
   2.7100000e+02   3.7666270e+04
   2.7200000e+02   3.7571855e+04
   2.7300000e+02   3.7477754e+04
   2.7400000e+02   3.7384012e+04
   2.7500000e+02   3.7290672e+04
   2.7600000e+02   3.7197773e+04
   2.7700000e+02   3.7105355e+04
   2.7800000e+02   3.7013461e+04
   2.7900000e+02   3.6922133e+04
   2.8000000e+02   3.6831402e+04
   2.8100000e+02   3.6741316e+04
   2.8200000e+02   3.6651914e+04
   2.8300000e+02   3.6563234e+04
   2.8400000e+02   3.6475316e+04
   2.8500000e+02   3.6388199e+04
   2.8600000e+02   3.6301918e+04
   2.8700000e+02   3.6216520e+04
   2.8800000e+02   3.6132031e+04
   2.8900000e+02   3.6048496e+04
   2.9000000e+02   3.5965953e+04
   2.9100000e+02   3.5884438e+04
   2.9200000e+02   3.5803984e+04
   2.9300000e+02   3.5724633e+04
   2.9400000e+02   3.5646414e+04
   2.9500000e+02   3.5569367e+04
   2.9600000e+02   3.5493527e+04
   2.9700000e+02   3.5418926e+04
   2.9800000e+02   3.5345598e+04
   2.9900000e+02   3.5273578e+04
   3.0000000e+02   3.5202898e+04
   3.0100000e+02   3.5095156e+04
   3.0200000e+02   3.4988625e+04
   3.0300000e+02   3.4883332e+04
   3.0400000e+02   3.4779320e+04
   3.0500000e+02   3.4676613e+04
   3.0600000e+02   3.4575246e+04
   3.0700000e+02   3.4475246e+04
   3.0800000e+02   3.4376641e+04
   3.0900000e+02   3.4279469e+04
   3.1000000e+02   3.4183754e+04
   3.1100000e+02   3.4089523e+04
   3.1200000e+02   3.3996809e+04
   3.1300000e+02   3.3905633e+04
   3.1400000e+02   3.3816027e+04
   3.1500000e+02   3.3728020e+04
   3.1600000e+02   3.3641633e+04
   3.1700000e+02   3.3556891e+04
   3.1800000e+02   3.3473824e+04
   3.1900000e+02   3.3392453e+04
   3.2000000e+02   3.3312805e+04
   3.2100000e+02   3.3234898e+04
   3.2200000e+02   3.3158762e+04
   3.2300000e+02   3.3084414e+04
   3.2400000e+02   3.3011879e+04
   3.2500000e+02   3.2941172e+04
   3.2600000e+02   3.2872324e+04
   3.2700000e+02   3.2805348e+04
   3.2800000e+02   3.2740264e+04
   3.2900000e+02   3.2677092e+04
   3.3000000e+02   3.2615850e+04
   3.3100000e+02   3.2549635e+04
   3.3200000e+02   3.2485340e+04
   3.3300000e+02   3.2422975e+04
   3.3400000e+02   3.2362566e+04
   3.3500000e+02   3.2304123e+04
   3.3600000e+02   3.2247664e+04
   3.3700000e+02   3.2193205e+04
   3.3800000e+02   3.2140760e+04
   3.3900000e+02   3.2090344e+04
   3.4000000e+02   3.2041971e+04
   3.4100000e+02   3.1995650e+04
   3.4200000e+02   3.1951398e+04
   3.4300000e+02   3.1909225e+04
   3.4400000e+02   3.1869145e+04
   3.4500000e+02   3.1831164e+04
   3.4600000e+02   3.1795293e+04
   3.4700000e+02   3.1761543e+04
   3.4800000e+02   3.1729926e+04
   3.4900000e+02   3.1700443e+04
   3.5000000e+02   3.1673109e+04
   3.5100000e+02   3.1647926e+04
   3.5200000e+02   3.1624902e+04
   3.5300000e+02   3.1604043e+04
   3.5400000e+02   3.1585355e+04
   3.5500000e+02   3.1568842e+04
   3.5600000e+02   3.1554508e+04
   3.5700000e+02   3.1542355e+04
   3.5800000e+02   3.1532389e+04
   3.5900000e+02   3.1524607e+04
   1.4226848e-06   3.1519018e+04
