   0.0000000e+00   8.0257598e-03
   1.0000000e+00   3.4431104e-02
   2.0000000e+00   3.4532923e-02
   3.0000000e+00   3.4635793e-02
   4.0000000e+00   3.4739062e-02
   5.0000000e+00   3.4842670e-02
   6.0000000e+00   3.4946613e-02
   7.0000000e+00   3.5050884e-02
   8.0000000e+00   3.5155479e-02
   9.0000000e+00   3.5260394e-02
   1.0000000e+01   3.5365630e-02
   1.1000000e+01   3.5471179e-02
   1.2000000e+01   3.5577040e-02
   1.3000000e+01   3.5683211e-02
   1.4000000e+01   3.5789687e-02
   1.5000000e+01   3.5896469e-02
   1.6000000e+01   3.6004510e-02
   1.7000000e+01   3.6113419e-02
   1.8000000e+01   3.6222633e-02
   1.9000000e+01   3.6332149e-02
   2.0000000e+01   3.6441959e-02
   2.1000000e+01   3.6552064e-02
   2.2000000e+01   3.6662459e-02
   2.3000000e+01   3.6773138e-02
   2.4000000e+01   3.6884103e-02
   2.5000000e+01   3.6995348e-02
   2.6000000e+01   3.7106872e-02
   2.7000000e+01   3.7218664e-02
   2.8000000e+01   3.7331585e-02
   2.9000000e+01   3.7445169e-02
   3.0000000e+01   3.7559088e-02
   3.1000000e+01   3.7691150e-02
   3.2000000e+01   3.7822012e-02
   3.3000000e+01   3.7951630e-02
   3.4000000e+01   3.8079981e-02
   3.5000000e+01   3.8207024e-02
   3.6000000e+01   3.8332731e-02
   3.7000000e+01   3.8457230e-02
   3.8000000e+01   3.8580846e-02
   3.9000000e+01   3.8703743e-02
   4.0000000e+01   3.8825095e-02
   4.1000000e+01   3.8944867e-02
   4.2000000e+01   3.9063022e-02
   4.3000000e+01   3.9178587e-02
   4.4000000e+01   3.9291538e-02
   4.5000000e+01   3.9402440e-02
   4.6000000e+01   3.9511241e-02
   4.7000000e+01   3.9617889e-02
   4.8000000e+01   3.9722342e-02
   4.9000000e+01   3.9824553e-02
   5.0000000e+01   3.9924473e-02
   5.1000000e+01   4.0022057e-02
   5.2000000e+01   4.0117260e-02
   5.3000000e+01   4.0210035e-02
   5.4000000e+01   4.0300339e-02
   5.5000000e+01   4.0388130e-02
   5.6000000e+01   4.0473361e-02
   5.7000000e+01   4.0530991e-02
   5.8000000e+01   4.0563714e-02
   5.9000000e+01   4.0577307e-02
   6.0000000e+01   4.0571436e-02
   6.1000000e+01   3.9364859e-02
   6.2000000e+01   3.8262986e-02
   6.3000000e+01   3.7225910e-02
   6.4000000e+01   3.6198765e-02
   6.5000000e+01   3.5196632e-02
   6.6000000e+01   3.4181848e-02
   6.7000000e+01   3.3129856e-02
   6.8000000e+01   3.2015759e-02
   6.9000000e+01   3.0832732e-02
   7.0000000e+01   2.9617772e-02
   7.1000000e+01   2.8311294e-02
   7.2000000e+01   2.6901569e-02
   7.3000000e+01   2.5374999e-02
   7.4000000e+01   2.3715928e-02
   7.5000000e+01   2.2285385e-02
   7.6000000e+01   2.0919649e-02
   7.7000000e+01   1.9485727e-02
   7.8000000e+01   1.7825069e-02
   7.9000000e+01   1.6095700e-02
   8.0000000e+01   1.4385636e-02
   8.1000000e+01   1.2640247e-02
   8.2000000e+01   1.0836372e-02
   8.3000000e+01   8.9724073e-03
   8.4000000e+01   7.0464504e-03
   8.5000000e+01   6.2898630e-03
   8.6000000e+01   5.6209015e-03
   8.7000000e+01   4.7891717e-03
   8.8000000e+01   3.9597582e-03
   8.9000000e+01   3.1301195e-03
   9.0000000e+01   2.5210781e-03
   9.1000000e+01   3.1383052e-03
   9.2000000e+01   3.7774297e-03
   9.3000000e+01   4.4337995e-03
   9.4000000e+01   5.1037520e-03
   9.5000000e+01   6.1206291e-03
   9.6000000e+01   7.6212632e-03
   9.7000000e+01   9.1307787e-03
   9.8000000e+01   1.0546477e-02
   9.9000000e+01   1.1873114e-02
   1.0000000e+02   1.3117755e-02
   1.0100000e+02   1.4298942e-02
   1.0200000e+02   1.5499628e-02
   1.0300000e+02   1.6613375e-02
   1.0400000e+02   1.7646361e-02
   1.0500000e+02   1.8614560e-02
   1.0600000e+02   1.9533277e-02
   1.0700000e+02   2.0390304e-02
   1.0800000e+02   2.1191519e-02
   1.0900000e+02   2.1942176e-02
   1.1000000e+02   2.2604331e-02
   1.1100000e+02   2.3168594e-02
   1.1200000e+02   2.3715008e-02
   1.1300000e+02   2.4245780e-02
   1.1400000e+02   2.4761312e-02
   1.1500000e+02   2.5261950e-02
   1.1600000e+02   2.5781142e-02
   1.1700000e+02   2.6284115e-02
   1.1800000e+02   2.6745750e-02
   1.1900000e+02   2.7168460e-02
   1.2000000e+02   2.7555043e-02
   1.2100000e+02   2.7592750e-02
   1.2200000e+02   2.7613366e-02
   1.2300000e+02   2.7618343e-02
   1.2400000e+02   2.7608993e-02
   1.2500000e+02   2.7586501e-02
   1.2600000e+02   2.7551962e-02
   1.2700000e+02   2.7506337e-02
   1.2800000e+02   2.7450526e-02
   1.2900000e+02   2.7385352e-02
   1.3000000e+02   2.7311537e-02
   1.3100000e+02   2.7229760e-02
   1.3200000e+02   2.7140634e-02
   1.3300000e+02   2.7044740e-02
   1.3400000e+02   2.6942594e-02
   1.3500000e+02   2.6834656e-02
   1.3600000e+02   2.6721358e-02
   1.3700000e+02   2.6603121e-02
   1.3800000e+02   2.6480330e-02
   1.3900000e+02   2.6353348e-02
   1.4000000e+02   2.6222508e-02
   1.4100000e+02   2.6088109e-02
   1.4200000e+02   2.5950423e-02
   1.4300000e+02   2.5809675e-02
   1.4400000e+02   2.5666092e-02
   1.4500000e+02   2.5519883e-02
   1.4600000e+02   2.5371252e-02
   1.4700000e+02   2.5220387e-02
   1.4800000e+02   2.5067477e-02
   1.4900000e+02   2.4912683e-02
   1.5000000e+02   2.4756167e-02
   1.5100000e+02   2.4404701e-02
   1.5200000e+02   2.4054209e-02
   1.5300000e+02   2.3704667e-02
   1.5400000e+02   2.3356061e-02
   1.5500000e+02   2.3008374e-02
   1.5600000e+02   2.2661587e-02
   1.5700000e+02   2.2315679e-02
   1.5800000e+02   2.1970622e-02
   1.5900000e+02   2.1626402e-02
   1.6000000e+02   2.1282999e-02
   1.6100000e+02   2.0940403e-02
   1.6200000e+02   2.0598589e-02
   1.6300000e+02   2.0257547e-02
   1.6400000e+02   1.9917268e-02
   1.6500000e+02   1.9577742e-02
   1.6600000e+02   1.9238954e-02
   1.6700000e+02   1.8900894e-02
   1.6800000e+02   1.8563552e-02
   1.6900000e+02   1.8226912e-02
   1.7000000e+02   1.7890975e-02
   1.7100000e+02   1.7555730e-02
   1.7200000e+02   1.7221179e-02
   1.7300000e+02   1.6887311e-02
   1.7400000e+02   1.6554123e-02
   1.7500000e+02   1.6221605e-02
   1.7600000e+02   1.5889755e-02
   1.7700000e+02   1.5558567e-02
   1.7800000e+02   1.5228036e-02
   1.7900000e+02   1.4898157e-02
   1.8000000e+02   1.4568924e-02
   1.8100000e+02   1.3986972e-02
   1.8200000e+02   1.3411305e-02
   1.8300000e+02   1.2841549e-02
   1.8400000e+02   1.2277360e-02
   1.8500000e+02   1.1718418e-02
   1.8600000e+02   1.1164423e-02
   1.8700000e+02   1.0615099e-02
   1.8800000e+02   1.0070191e-02
   1.8900000e+02   9.5291035e-03
   1.9000000e+02   8.9887725e-03
   1.9100000e+02   8.4516192e-03
   1.9200000e+02   7.9175867e-03
   1.9300000e+02   7.3865503e-03
   1.9400000e+02   6.8583842e-03
   1.9500000e+02   6.3329674e-03
   1.9600000e+02   5.8101863e-03
   1.9700000e+02   5.2899276e-03
   1.9800000e+02   4.7720857e-03
   1.9900000e+02   4.2565665e-03
   2.0000000e+02   3.7432848e-03
   2.0100000e+02   3.2321627e-03
   2.0200000e+02   2.7231274e-03
   2.0300000e+02   2.2160988e-03
   2.0400000e+02   1.7109945e-03
   2.0500000e+02   1.2077321e-03
   2.0600000e+02   7.0624118e-04
   2.0700000e+02   2.0645636e-04
   2.0800000e+02  -2.9168322e-04
   2.0900000e+02  -7.8822416e-04
   2.1000000e+02  -1.2832345e-03
   2.1100000e+02  -1.6786797e-03
   2.1200000e+02  -2.0802121e-03
   2.1300000e+02  -2.4876979e-03
   2.1400000e+02  -2.9010046e-03
   2.1500000e+02  -3.3200092e-03
   2.1600000e+02  -3.7445959e-03
   2.1700000e+02  -4.1746516e-03
   2.1800000e+02  -4.6100700e-03
   2.1900000e+02  -5.0507472e-03
   2.2000000e+02  -5.4965722e-03
   2.2100000e+02  -5.9414762e-03
   2.2200000e+02  -6.3860896e-03
   2.2300000e+02  -6.8339324e-03
   2.2400000e+02  -7.2849542e-03
   2.2500000e+02  -7.7391062e-03
   2.2600000e+02  -8.1963465e-03
   2.2700000e+02  -8.6566275e-03
   2.2800000e+02  -9.1199130e-03
   2.2900000e+02  -9.5861638e-03
   2.3000000e+02  -1.0055343e-02
   2.3100000e+02  -1.0527419e-02
   2.3200000e+02  -1.1008711e-02
   2.3300000e+02  -1.1514446e-02
   2.3400000e+02  -1.2025394e-02
   2.3500000e+02  -1.2541680e-02
   2.3600000e+02  -1.3063295e-02
   2.3700000e+02  -1.3590233e-02
   2.3800000e+02  -1.4122491e-02
   2.3900000e+02  -1.4660066e-02
   2.4000000e+02  -1.5202960e-02
   2.4100000e+02  -1.4092054e-02
   2.4200000e+02  -1.2984507e-02
   2.4300000e+02  -1.1880402e-02
   2.4400000e+02  -1.0779697e-02
   2.4500000e+02  -9.6833482e-03
   2.4600000e+02  -8.5919518e-03
   2.4700000e+02  -7.5061098e-03
   2.4800000e+02  -6.4264298e-03
   2.4900000e+02  -5.3535402e-03
   2.5000000e+02  -4.2880760e-03
   2.5100000e+02  -3.2306900e-03
   2.5200000e+02  -2.1599657e-03
   2.5300000e+02  -1.0906643e-03
   2.5400000e+02  -2.5651103e-05
   2.5500000e+02   1.0347815e-03
   2.5600000e+02   2.0903044e-03
   2.5700000e+02   3.1405895e-03
   2.5800000e+02   4.1853064e-03
   2.5900000e+02   5.2241264e-03
   2.6000000e+02   6.2567140e-03
   2.6100000e+02   7.2827339e-03
   2.6200000e+02   8.3018495e-03
   2.6300000e+02   9.3137156e-03
   2.6400000e+02   1.0317989e-02
   2.6500000e+02   1.1314321e-02
   2.6600000e+02   1.2302360e-02
   2.6700000e+02   1.3281746e-02
   2.6800000e+02   1.4252120e-02
   2.6900000e+02   1.5213112e-02
   2.7000000e+02   1.6164349e-02
   2.7100000e+02   1.6825840e-02
   2.7200000e+02   1.7491901e-02
   2.7300000e+02   1.8162906e-02
   2.7400000e+02   1.8839229e-02
   2.7500000e+02   1.9521244e-02
   2.7600000e+02   2.0209333e-02
   2.7700000e+02   2.0913491e-02
   2.7800000e+02   2.1700611e-02
   2.7900000e+02   2.2488970e-02
   2.8000000e+02   2.3279132e-02
   2.8100000e+02   2.4071209e-02
   2.8200000e+02   2.4865314e-02
   2.8300000e+02   2.5661556e-02
   2.8400000e+02   2.6460042e-02
   2.8500000e+02   2.7260875e-02
   2.8600000e+02   2.8064158e-02
   2.8700000e+02   2.8869987e-02
   2.8800000e+02   2.9678460e-02
   2.8900000e+02   3.0489668e-02
   2.9000000e+02   3.1303708e-02
   2.9100000e+02   3.2120664e-02
   2.9200000e+02   3.2940626e-02
   2.9300000e+02   3.3763677e-02
   2.9400000e+02   3.4589902e-02
   2.9500000e+02   3.5419378e-02
   2.9600000e+02   3.6252186e-02
   2.9700000e+02   3.7088405e-02
   2.9800000e+02   3.7928108e-02
   2.9900000e+02   3.8771372e-02
   3.0000000e+02   3.9618265e-02
   3.0100000e+02   3.9521683e-02
   3.0200000e+02   3.9425526e-02
   3.0300000e+02   3.9329782e-02
   3.0400000e+02   3.9234456e-02
   3.0500000e+02   3.9139535e-02
   3.0600000e+02   3.9045021e-02
   3.0700000e+02   3.8950905e-02
   3.0800000e+02   3.8857188e-02
   3.0900000e+02   3.8763862e-02
   3.1000000e+02   3.8670924e-02
   3.1100000e+02   3.8578369e-02
   3.1200000e+02   3.8486198e-02
   3.1300000e+02   3.8394399e-02
   3.1400000e+02   3.8302977e-02
   3.1500000e+02   3.8211923e-02
   3.1600000e+02   3.8121235e-02
   3.1700000e+02   3.8030911e-02
   3.1800000e+02   3.7940949e-02
   3.1900000e+02   3.7851341e-02
   3.2000000e+02   3.7762091e-02
   3.2100000e+02   3.7673190e-02
   3.2200000e+02   3.7584636e-02
   3.2300000e+02   3.7496429e-02
   3.2400000e+02   3.7408564e-02
   3.2500000e+02   3.7321039e-02
   3.2600000e+02   3.7233852e-02
   3.2700000e+02   3.7146997e-02
   3.2800000e+02   3.7060477e-02
   3.2900000e+02   3.6974281e-02
   3.3000000e+02   3.6888417e-02
   3.3100000e+02   3.6834471e-02
   3.3200000e+02   3.6780532e-02
   3.3300000e+02   3.6726594e-02
   3.3400000e+02   3.6672663e-02
   3.3500000e+02   3.6618732e-02
   3.3600000e+02   3.6564812e-02
   3.3700000e+02   3.6510892e-02
   3.3800000e+02   3.6456976e-02
   3.3900000e+02   3.6403067e-02
   3.4000000e+02   3.6349162e-02
   3.4100000e+02   3.6295258e-02
   3.4200000e+02   3.6241360e-02
   3.4300000e+02   3.6187470e-02
   3.4400000e+02   3.6133580e-02
   3.4500000e+02   3.6079697e-02
   3.4600000e+02   3.6025818e-02
   3.4700000e+02   3.5971943e-02
   3.4800000e+02   3.5918068e-02
   3.4900000e+02   3.5864204e-02
   3.5000000e+02   3.5810340e-02
   3.5100000e+02   3.5756484e-02
   3.5200000e+02   3.5702631e-02
   3.5300000e+02   3.5648778e-02
   3.5400000e+02   3.5594936e-02
   3.5500000e+02   3.5541095e-02
   3.5600000e+02   3.5487257e-02
   3.5700000e+02   3.5433426e-02
   3.5800000e+02   3.5379596e-02
   3.5900000e+02   3.5325773e-02
   7.1133672e-07   3.5271954e-02
   1.0000007e+00   3.5376068e-02
   2.0000007e+00   3.5479952e-02
   3.0000007e+00   3.5583608e-02
   4.0000010e+00   3.5687041e-02
   5.0000010e+00   3.5790250e-02
   6.0000010e+00   3.5893243e-02
   7.0000010e+00   3.5996016e-02
   8.0000010e+00   3.6098577e-02
   9.0000010e+00   3.6200926e-02
   1.0000001e+01   3.6303069e-02
   1.1000001e+01   3.6405005e-02
   1.2000001e+01   3.6506735e-02
   1.3000001e+01   3.6608264e-02
   1.4000001e+01   3.6709595e-02
   1.5000001e+01   3.6810726e-02
   1.6000000e+01   3.6911659e-02
   1.7000000e+01   3.7012406e-02
   1.8000000e+01   3.7112955e-02
   1.9000000e+01   3.7213314e-02
   2.0000000e+01   3.7313484e-02
   2.1000000e+01   3.7413467e-02
   2.2000000e+01   3.7513264e-02
   2.3000000e+01   3.7612878e-02
   2.4000000e+01   3.7712310e-02
   2.5000000e+01   3.7811559e-02
   2.6000000e+01   3.7910625e-02
   2.7000000e+01   3.8009517e-02
   2.8000000e+01   3.8108226e-02
   2.9000000e+01   3.8206764e-02
   3.0000000e+01   3.8305119e-02
   3.1000000e+01   3.8368348e-02
   3.2000000e+01   3.8432028e-02
   3.3000000e+01   3.8496152e-02
   3.4000000e+01   3.8560707e-02
   3.5000000e+01   3.8625523e-02
   3.6000000e+01   3.8690612e-02
   3.7000000e+01   3.8756017e-02
   3.8000000e+01   3.8821734e-02
   3.9000000e+01   3.8887750e-02
   4.0000000e+01   3.8954061e-02
   4.1000000e+01   3.9020665e-02
   4.2000000e+01   3.9087545e-02
   4.3000000e+01   3.9154705e-02
   4.4000000e+01   3.9222132e-02
   4.5000000e+01   3.9289828e-02
   4.6000000e+01   3.9357781e-02
   4.7000000e+01   3.9425991e-02
   4.8000000e+01   3.9494451e-02
   4.9000000e+01   3.9563153e-02
   5.0000000e+01   3.9632101e-02
   5.1000000e+01   3.9701283e-02
   5.2000000e+01   3.9770700e-02
   5.3000000e+01   3.9840344e-02
   5.4000000e+01   3.9910220e-02
   5.5000000e+01   3.9980311e-02
   5.6000000e+01   4.0050626e-02
   5.7000000e+01   4.0121157e-02
   5.8000000e+01   4.0191900e-02
   5.9000000e+01   4.0262856e-02
   6.0000000e+01   4.0334016e-02
   6.1000000e+01   4.0206186e-02
   6.2000000e+01   4.0078737e-02
   6.3000000e+01   3.9951667e-02
   6.4000000e+01   3.9824981e-02
   6.5000000e+01   3.9698683e-02
   6.6000000e+01   3.9572772e-02
   6.7000000e+01   3.9447252e-02
   6.8000000e+01   3.9322130e-02
   6.9000000e+01   3.9197400e-02
   7.0000000e+01   3.9073069e-02
   7.1000000e+01   3.8949132e-02
   7.2000000e+01   3.8825598e-02
   7.3000000e+01   3.8702466e-02
   7.4000000e+01   3.8579740e-02
   7.5000000e+01   3.8457416e-02
   7.6000000e+01   3.8335498e-02
   7.7000000e+01   3.8213991e-02
   7.8000000e+01   3.8092893e-02
   7.9000000e+01   3.7972208e-02
   8.0000000e+01   3.7851933e-02
   8.1000000e+01   3.7732068e-02
   8.2000000e+01   3.7612624e-02
   8.3000000e+01   3.7493594e-02
   8.4000000e+01   3.7374977e-02
   8.5000000e+01   3.7256781e-02
   8.6000000e+01   3.7138995e-02
   8.7000000e+01   3.7021633e-02
   8.8000000e+01   3.6904689e-02
   8.9000000e+01   3.6788162e-02
   9.0000000e+01   3.6672056e-02
   9.1000000e+01   3.6620665e-02
   9.2000000e+01   3.6569327e-02
   9.3000000e+01   3.6518037e-02
   9.4000000e+01   3.6466803e-02
   9.5000000e+01   3.6415622e-02
   9.6000000e+01   3.6364492e-02
   9.7000000e+01   3.6313415e-02
   9.8000000e+01   3.6262389e-02
   9.9000000e+01   3.6211416e-02
   1.0000000e+02   3.6160495e-02
   1.0100000e+02   3.6109626e-02
   1.0200000e+02   3.6058813e-02
   1.0300000e+02   3.6008049e-02
   1.0400000e+02   3.5957336e-02
   1.0500000e+02   3.5906676e-02
   1.0600000e+02   3.5856072e-02
   1.0700000e+02   3.5805516e-02
   1.0800000e+02   3.5755008e-02
   1.0900000e+02   3.5704557e-02
   1.1000000e+02   3.5654157e-02
   1.1100000e+02   3.5603810e-02
   1.1200000e+02   3.5553511e-02
   1.1300000e+02   3.5503265e-02
   1.1400000e+02   3.5453070e-02
   1.1500000e+02   3.5402928e-02
   1.1600000e+02   3.5352837e-02
   1.1700000e+02   3.5302795e-02
   1.1800000e+02   3.5252806e-02
   1.1900000e+02   3.5202868e-02
   1.2000000e+02   3.5152983e-02
   1.2100000e+02   3.5005059e-02
   1.2200000e+02   3.4857344e-02
   1.2300000e+02   3.4709834e-02
   1.2400000e+02   3.4562528e-02
   1.2500000e+02   3.4415431e-02
   1.2600000e+02   3.4268539e-02
   1.2700000e+02   3.4121852e-02
   1.2800000e+02   3.3975374e-02
   1.2900000e+02   3.3829097e-02
   1.3000000e+02   3.3683028e-02
   1.3100000e+02   3.3537164e-02
   1.3200000e+02   3.3391505e-02
   1.3300000e+02   3.3246052e-02
   1.3400000e+02   3.3100799e-02
   1.3500000e+02   3.2955755e-02
   1.3600000e+02   3.2810915e-02
   1.3700000e+02   3.2666281e-02
   1.3800000e+02   3.2521851e-02
   1.3900000e+02   3.2377623e-02
   1.4000000e+02   3.2233603e-02
   1.4100000e+02   3.2089785e-02
   1.4200000e+02   3.1946175e-02
   1.4300000e+02   3.1802766e-02
   1.4400000e+02   3.1659562e-02
   1.4500000e+02   3.1516563e-02
   1.4600000e+02   3.1373765e-02
   1.4700000e+02   3.1231171e-02
   1.4800000e+02   3.1088781e-02
   1.4900000e+02   3.0946594e-02
   1.5000000e+02   3.0804608e-02
   1.5100000e+02   3.0543210e-02
   1.5200000e+02   3.0282242e-02
   1.5300000e+02   3.0021699e-02
   1.5400000e+02   2.9761583e-02
   1.5500000e+02   2.9501891e-02
   1.5600000e+02   2.9242624e-02
   1.5700000e+02   2.8983781e-02
   1.5800000e+02   2.8725358e-02
   1.5900000e+02   2.8467359e-02
   1.6000000e+02   2.8209781e-02
   1.6100000e+02   2.7952624e-02
   1.6200000e+02   2.7695885e-02
   1.6300000e+02   2.7439563e-02
   1.6400000e+02   2.7183659e-02
   1.6500000e+02   2.6928172e-02
   1.6600000e+02   2.6673097e-02
   1.6700000e+02   2.6418438e-02
   1.6800000e+02   2.6164191e-02
   1.6900000e+02   2.5910355e-02
   1.7000000e+02   2.5656829e-02
   1.7100000e+02   2.5403623e-02
   1.7200000e+02   2.5150813e-02
   1.7300000e+02   2.4898401e-02
   1.7400000e+02   2.4646383e-02
   1.7500000e+02   2.4394762e-02
   1.7600000e+02   2.4143534e-02
   1.7700000e+02   2.3892703e-02
   1.7800000e+02   2.3642266e-02
   1.7900000e+02   2.3392223e-02
   1.8000000e+02   2.3142571e-02
   1.8100000e+02   2.2755697e-02
   1.8200000e+02   2.2369467e-02
   1.8300000e+02   2.1983877e-02
   1.8400000e+02   2.1598926e-02
   1.8500000e+02   2.1214614e-02
   1.8600000e+02   2.0830939e-02
   1.8700000e+02   2.0447897e-02
   1.8800000e+02   2.0065490e-02
   1.8900000e+02   1.9683715e-02
   1.9000000e+02   1.9302571e-02
   1.9100000e+02   1.8922057e-02
   1.9200000e+02   1.8542169e-02
   1.9300000e+02   1.8162904e-02
   1.9400000e+02   1.7784266e-02
   1.9500000e+02   1.7406248e-02
   1.9600000e+02   1.7028850e-02
   1.9700000e+02   1.6652070e-02
   1.9800000e+02   1.6275909e-02
   1.9900000e+02   1.5900360e-02
   2.0000000e+02   1.5525427e-02
   2.0100000e+02   1.5151104e-02
   2.0200000e+02   1.4777393e-02
   2.0300000e+02   1.4404291e-02
   2.0400000e+02   1.4031796e-02
   2.0500000e+02   1.3659908e-02
   2.0600000e+02   1.3288621e-02
   2.0700000e+02   1.2917936e-02
   2.0800000e+02   1.2547851e-02
   2.0900000e+02   1.2178362e-02
   2.1000000e+02   1.1809469e-02
   2.1100000e+02   1.1379674e-02
   2.1200000e+02   1.0950653e-02
   2.1300000e+02   1.0522392e-02
   2.1400000e+02   1.0094878e-02
   2.1500000e+02   9.6680988e-03
   2.1600000e+02   9.2420410e-03
   2.1700000e+02   8.8166939e-03
   2.1800000e+02   8.3920453e-03
   2.1900000e+02   7.9680840e-03
   2.2000000e+02   7.5447997e-03
   2.2100000e+02   7.1221823e-03
   2.2200000e+02   6.7002205e-03
   2.2300000e+02   6.2789065e-03
   2.2400000e+02   5.8582299e-03
   2.2500000e+02   5.4381820e-03
   2.2600000e+02   5.0187544e-03
   2.2700000e+02   4.5999386e-03
   2.2800000e+02   4.1817264e-03
   2.2900000e+02   3.7641106e-03
   2.3000000e+02   3.3470837e-03
   2.3100000e+02   2.9306374e-03
   2.3200000e+02   2.5147661e-03
   2.3300000e+02   2.0994621e-03
   2.3400000e+02   1.6847202e-03
   2.3500000e+02   1.2705327e-03
   2.3600000e+02   8.5689517e-04
   2.3700000e+02   4.4379974e-04
   2.3800000e+02   3.1242926e-05
   2.3900000e+02  -3.8078125e-04
   2.4000000e+02  -7.9227355e-04
   2.4100000e+02   5.0748444e-05
   2.4200000e+02   8.9247862e-04
   2.4300000e+02   1.7329247e-03
   2.4400000e+02   2.5720936e-03
   2.4500000e+02   3.4099936e-03
   2.4600000e+02   4.2466316e-03
   2.4700000e+02   5.0820136e-03
   2.4800000e+02   5.9161475e-03
   2.4900000e+02   6.7490404e-03
   2.5000000e+02   7.5806985e-03
   2.5100000e+02   8.4111271e-03
   2.5200000e+02   9.2403330e-03
   2.5300000e+02   1.0068322e-02
   2.5400000e+02   1.0895100e-02
   2.5500000e+02   1.1720674e-02
   2.5600000e+02   1.2545048e-02
   2.5700000e+02   1.3368229e-02
   2.5800000e+02   1.4190221e-02
   2.5900000e+02   1.5011029e-02
   2.6000000e+02   1.5830658e-02
   2.6100000e+02   1.6649112e-02
   2.6200000e+02   1.7466400e-02
   2.6300000e+02   1.8282522e-02
   2.6400000e+02   1.9097485e-02
   2.6500000e+02   1.9911295e-02
   2.6600000e+02   2.0723959e-02
   2.6700000e+02   2.1535479e-02
   2.6800000e+02   2.2345858e-02
   2.6900000e+02   2.3155106e-02
   2.7000000e+02   2.3963222e-02
   2.7100000e+02   2.4490457e-02
   2.7200000e+02   2.5016688e-02
   2.7300000e+02   2.5541920e-02
   2.7400000e+02   2.6066152e-02
   2.7500000e+02   2.6589392e-02
   2.7600000e+02   2.7111642e-02
   2.7700000e+02   2.7632901e-02
   2.7800000e+02   2.8153177e-02
   2.7900000e+02   2.8672470e-02
   2.8000000e+02   2.9190782e-02
   2.8100000e+02   2.9708119e-02
   2.8200000e+02   3.0224480e-02
   2.8300000e+02   3.0739872e-02
   2.8400000e+02   3.1254292e-02
   2.8500000e+02   3.1767748e-02
   2.8600000e+02   3.2280236e-02
   2.8700000e+02   3.2791767e-02
   2.8800000e+02   3.3302341e-02
   2.8900000e+02   3.3811957e-02
   2.9000000e+02   3.4320619e-02
   2.9100000e+02   3.4828335e-02
   2.9200000e+02   3.5335097e-02
   2.9300000e+02   3.5840921e-02
   2.9400000e+02   3.6345799e-02
   2.9500000e+02   3.6849737e-02
   2.9600000e+02   3.7352737e-02
   2.9700000e+02   3.7854806e-02
   2.9800000e+02   3.8355939e-02
   2.9900000e+02   3.8856138e-02
   3.0000000e+02   3.9355416e-02
   3.0100000e+02   3.9283127e-02
   3.0200000e+02   3.9210837e-02
   3.0300000e+02   3.9138552e-02
   3.0400000e+02   3.9066266e-02
   3.0500000e+02   3.8993981e-02
   3.0600000e+02   3.8921703e-02
   3.0700000e+02   3.8849417e-02
   3.0800000e+02   3.8777139e-02
   3.0900000e+02   3.8704857e-02
   3.1000000e+02   3.8632579e-02
   3.1100000e+02   3.8560301e-02
   3.1200000e+02   3.8488023e-02
   3.1300000e+02   3.8415745e-02
   3.1400000e+02   3.8343467e-02
   3.1500000e+02   3.8271189e-02
   3.1600000e+02   3.8198911e-02
   3.1700000e+02   3.8126633e-02
   3.1800000e+02   3.8054354e-02
   3.1900000e+02   3.7982073e-02
   3.2000000e+02   3.7909791e-02
   3.2100000e+02   3.7837513e-02
   3.2200000e+02   3.7765227e-02
   3.2300000e+02   3.7692945e-02
   3.2400000e+02   3.7620664e-02
   3.2500000e+02   3.7548374e-02
   3.2600000e+02   3.7476089e-02
   3.2700000e+02   3.7403800e-02
   3.2800000e+02   3.7331507e-02
   3.2900000e+02   3.7259217e-02
   3.3000000e+02   3.7186924e-02
   3.3100000e+02   3.7133560e-02
   3.3200000e+02   3.7080199e-02
   3.3300000e+02   3.7026834e-02
   3.3400000e+02   3.6973476e-02
   3.3500000e+02   3.6920115e-02
   3.3600000e+02   3.6866762e-02
   3.3700000e+02   3.6813408e-02
   3.3800000e+02   3.6760055e-02
   3.3900000e+02   3.6706705e-02
   3.4000000e+02   3.6653355e-02
   3.4100000e+02   3.6600005e-02
   3.4200000e+02   3.6546659e-02
   3.4300000e+02   3.6493313e-02
   3.4400000e+02   3.6439970e-02
   3.4500000e+02   3.6386628e-02
   3.4600000e+02   3.6333285e-02
   3.4700000e+02   3.6279950e-02
   3.4800000e+02   3.6226612e-02
   3.4900000e+02   3.6173277e-02
   3.5000000e+02   3.6119942e-02
   3.5100000e+02   3.6066607e-02
   3.5200000e+02   3.6013275e-02
   3.5300000e+02   3.5959948e-02
   3.5400000e+02   3.5906620e-02
   3.5500000e+02   3.5853293e-02
   3.5600000e+02   3.5799969e-02
   3.5700000e+02   3.5746645e-02
   3.5800000e+02   3.5693325e-02
   3.5900000e+02   3.5640001e-02
   1.4226848e-06   3.5586681e-02
