   0.0000000e+00   1.0946421e+02
   1.0000000e+00   1.9397442e+01
   2.0000000e+00   1.9266068e+01
   3.0000000e+00   1.9134367e+01
   4.0000000e+00   1.9001896e+01
   5.0000000e+00   1.8868870e+01
   6.0000000e+00   1.8735157e+01
   7.0000000e+00   1.8600851e+01
   8.0000000e+00   1.8465748e+01
   9.0000000e+00   1.8331049e+01
   1.0000000e+01   1.8197090e+01
   1.1000000e+01   1.8062654e+01
   1.2000000e+01   1.7919668e+01
   1.3000000e+01   1.7772665e+01
   1.4000000e+01   1.7634951e+01
   1.5000000e+01   1.7505024e+01
   1.6000000e+01   1.7383818e+01
   1.7000000e+01   1.7269829e+01
   1.8000000e+01   1.7157476e+01
   1.9000000e+01   1.7055847e+01
   2.0000000e+01   1.6965057e+01
   2.1000000e+01   1.6883520e+01
   2.2000000e+01   1.6809532e+01
   2.3000000e+01   1.6737608e+01
   2.4000000e+01   1.6667704e+01
   2.5000000e+01   1.6599552e+01
   2.6000000e+01   1.6532986e+01
   2.7000000e+01   1.6467230e+01
   2.8000000e+01   1.6401577e+01
   2.9000000e+01   1.6335176e+01
   3.0000000e+01   1.6268160e+01
   3.1000000e+01   1.6192430e+01
   3.2000000e+01   1.6115124e+01
   3.3000000e+01   1.6035517e+01
   3.4000000e+01   1.5954020e+01
   3.5000000e+01   1.5870769e+01
   3.6000000e+01   1.5785925e+01
   3.7000000e+01   1.5699133e+01
   3.8000000e+01   1.5611619e+01
   3.9000000e+01   1.5523100e+01
   4.0000000e+01   1.5431961e+01
   4.1000000e+01   1.5338450e+01
   4.2000000e+01   1.5243291e+01
   4.3000000e+01   1.5147270e+01
   4.4000000e+01   1.5052224e+01
   4.5000000e+01   1.4961252e+01
   4.6000000e+01   1.4880114e+01
   4.7000000e+01   1.4819382e+01
   4.8000000e+01   1.4736057e+01
   4.9000000e+01   1.4575084e+01
   5.0000000e+01   1.4408545e+01
   5.1000000e+01   1.4227608e+01
   5.2000000e+01   1.4035730e+01
   5.3000000e+01   1.3834789e+01
   5.4000000e+01   1.3624272e+01
   5.5000000e+01   1.3404343e+01
   5.6000000e+01   1.3094017e+01
   5.7000000e+01   1.2760735e+01
   5.8000000e+01   1.2430647e+01
   5.9000000e+01   1.2105126e+01
   6.0000000e+01   1.1777595e+01
   6.1000000e+01   1.1444740e+01
   6.2000000e+01   1.1126230e+01
   6.3000000e+01   1.0819440e+01
   6.4000000e+01   1.0494100e+01
   6.5000000e+01   1.0186469e+01
   6.6000000e+01   9.9040594e+00
   6.7000000e+01   9.6433163e+00
   6.8000000e+01   9.3994627e+00
   6.9000000e+01   9.1701670e+00
   7.0000000e+01   8.9536428e+00
   7.1000000e+01   8.7482576e+00
   7.2000000e+01   8.5554380e+00
   7.3000000e+01   8.3715219e+00
   7.4000000e+01   8.1929483e+00
   7.5000000e+01   8.0176907e+00
   7.6000000e+01   7.8476996e+00
   7.7000000e+01   7.6834078e+00
   7.8000000e+01   7.5247192e+00
   7.9000000e+01   7.3718586e+00
   8.0000000e+01   7.2244225e+00
   8.1000000e+01   7.0815182e+00
   8.2000000e+01   6.9430728e+00
   8.3000000e+01   6.8090086e+00
   8.4000000e+01   6.6792283e+00
   8.5000000e+01   6.5536323e+00
   8.6000000e+01   6.4321198e+00
   8.7000000e+01   6.3145866e+00
   8.8000000e+01   6.2009349e+00
   8.9000000e+01   6.0911207e+00
   9.0000000e+01   5.9848604e+00
   9.1000000e+01   5.9469647e+00
   9.2000000e+01   5.9109373e+00
   9.3000000e+01   5.8765445e+00
   9.4000000e+01   5.8436537e+00
   9.5000000e+01   5.8121309e+00
   9.6000000e+01   5.7818365e+00
   9.7000000e+01   5.7526469e+00
   9.8000000e+01   5.7244153e+00
   9.9000000e+01   5.6970234e+00
   1.0000000e+02   5.6704350e+00
   1.0100000e+02   5.6445704e+00
   1.0200000e+02   5.6193619e+00
   1.0300000e+02   5.5947437e+00
   1.0400000e+02   5.5706635e+00
   1.0500000e+02   5.5470729e+00
   1.0600000e+02   5.5239305e+00
   1.0700000e+02   5.5011969e+00
   1.0800000e+02   5.4788432e+00
   1.0900000e+02   5.4568548e+00
   1.1000000e+02   5.4352021e+00
   1.1100000e+02   5.4138350e+00
   1.1200000e+02   5.3927670e+00
   1.1300000e+02   5.3719826e+00
   1.1400000e+02   5.3514643e+00
   1.1500000e+02   5.3311982e+00
   1.1600000e+02   5.3111715e+00
   1.1700000e+02   5.2913709e+00
   1.1800000e+02   5.2717843e+00
   1.1900000e+02   5.2524052e+00
   1.2000000e+02   5.2332230e+00
   1.2100000e+02   5.2240787e+00
   1.2200000e+02   5.2150707e+00
   1.2300000e+02   5.2062011e+00
   1.2400000e+02   5.1974726e+00
   1.2500000e+02   5.1888852e+00
   1.2600000e+02   5.1804323e+00
   1.2700000e+02   5.1721158e+00
   1.2800000e+02   5.1639447e+00
   1.2900000e+02   5.1559219e+00
   1.3000000e+02   5.1480474e+00
   1.3100000e+02   5.1403189e+00
   1.3200000e+02   5.1327353e+00
   1.3300000e+02   5.1252942e+00
   1.3400000e+02   5.1179948e+00
   1.3500000e+02   5.1108370e+00
   1.3600000e+02   5.1038246e+00
   1.3700000e+02   5.0969553e+00
   1.3800000e+02   5.0902276e+00
   1.3900000e+02   5.0836401e+00
   1.4000000e+02   5.0771928e+00
   1.4100000e+02   5.0708423e+00
   1.4200000e+02   5.0646305e+00
   1.4300000e+02   5.0585585e+00
   1.4400000e+02   5.0526276e+00
   1.4500000e+02   5.0468383e+00
   1.4600000e+02   5.0411892e+00
   1.4700000e+02   5.0356789e+00
   1.4800000e+02   5.0303073e+00
   1.4900000e+02   5.0250745e+00
   1.5000000e+02   5.0199809e+00
   1.5100000e+02   5.0266876e+00
   1.5200000e+02   5.0335145e+00
   1.5300000e+02   5.0404625e+00
   1.5400000e+02   5.0475330e+00
   1.5500000e+02   5.0547276e+00
   1.5600000e+02   5.0620499e+00
   1.5700000e+02   5.0695043e+00
   1.5800000e+02   5.0770907e+00
   1.5900000e+02   5.0848041e+00
   1.6000000e+02   5.0926437e+00
   1.6100000e+02   5.1006193e+00
   1.6200000e+02   5.1087317e+00
   1.6300000e+02   5.1169829e+00
   1.6400000e+02   5.1253729e+00
   1.6500000e+02   5.1339040e+00
   1.6600000e+02   5.1425772e+00
   1.6700000e+02   5.1513891e+00
   1.6800000e+02   5.1603398e+00
   1.6900000e+02   5.1694427e+00
   1.7000000e+02   5.1786966e+00
   1.7100000e+02   5.1881013e+00
   1.7200000e+02   5.1976566e+00
   1.7300000e+02   5.2073627e+00
   1.7400000e+02   5.2172184e+00
   1.7500000e+02   5.2272258e+00
   1.7600000e+02   5.2373843e+00
   1.7700000e+02   5.2476950e+00
   1.7800000e+02   5.2581582e+00
   1.7900000e+02   5.2687755e+00
   1.8000000e+02   5.2795477e+00
   1.8100000e+02   5.2983212e+00
   1.8200000e+02   5.3172741e+00
   1.8300000e+02   5.3364086e+00
   1.8400000e+02   5.3557272e+00
   1.8500000e+02   5.3752322e+00
   1.8600000e+02   5.3949261e+00
   1.8700000e+02   5.4148064e+00
   1.8800000e+02   5.4348764e+00
   1.8900000e+02   5.4551411e+00
   1.9000000e+02   5.4756021e+00
   1.9100000e+02   5.4962621e+00
   1.9200000e+02   5.5171227e+00
   1.9300000e+02   5.5381866e+00
   1.9400000e+02   5.5594544e+00
   1.9500000e+02   5.5809278e+00
   1.9600000e+02   5.6026082e+00
   1.9700000e+02   5.6244974e+00
   1.9800000e+02   5.6465964e+00
   1.9900000e+02   5.6689076e+00
   2.0000000e+02   5.6914325e+00
   2.0100000e+02   5.7141733e+00
   2.0200000e+02   5.7371316e+00
   2.0300000e+02   5.7603092e+00
   2.0400000e+02   5.7837081e+00
   2.0500000e+02   5.8073292e+00
   2.0600000e+02   5.8311744e+00
   2.0700000e+02   5.8552442e+00
   2.0800000e+02   5.8795404e+00
   2.0900000e+02   5.9040651e+00
   2.1000000e+02   5.9288192e+00
   2.1100000e+02   5.9578743e+00
   2.1200000e+02   5.9871278e+00
   2.1300000e+02   6.0165815e+00
   2.1400000e+02   6.0462365e+00
   2.1500000e+02   6.0760942e+00
   2.1600000e+02   6.1061554e+00
   2.1700000e+02   6.1364212e+00
   2.1800000e+02   6.1668959e+00
   2.1900000e+02   6.1975803e+00
   2.2000000e+02   6.2284751e+00
   2.2100000e+02   6.2595835e+00
   2.2200000e+02   6.2909074e+00
   2.2300000e+02   6.3224468e+00
   2.2400000e+02   6.3542004e+00
   2.2500000e+02   6.3861694e+00
   2.2600000e+02   6.4183550e+00
   2.2700000e+02   6.4507580e+00
   2.2800000e+02   6.4833808e+00
   2.2900000e+02   6.5162244e+00
   2.3000000e+02   6.5492902e+00
   2.3100000e+02   6.5825801e+00
   2.3200000e+02   6.6160960e+00
   2.3300000e+02   6.6498399e+00
   2.3400000e+02   6.6838102e+00
   2.3500000e+02   6.7180071e+00
   2.3600000e+02   6.7524271e+00
   2.3700000e+02   6.7870693e+00
   2.3800000e+02   6.8219342e+00
   2.3900000e+02   6.8570223e+00
   2.4000000e+02   6.8923330e+00
   2.4100000e+02   6.9678760e+00
   2.4200000e+02   7.0435195e+00
   2.4300000e+02   7.1192660e+00
   2.4400000e+02   7.1951146e+00
   2.4500000e+02   7.2710657e+00
   2.4600000e+02   7.3471208e+00
   2.4700000e+02   7.4232802e+00
   2.4800000e+02   7.4995465e+00
   2.4900000e+02   7.5759201e+00
   2.5000000e+02   7.6523995e+00
   2.5100000e+02   7.7289834e+00
   2.5200000e+02   7.8056726e+00
   2.5300000e+02   7.8824682e+00
   2.5400000e+02   7.9593706e+00
   2.5500000e+02   8.0363808e+00
   2.5600000e+02   8.1134977e+00
   2.5700000e+02   8.1907215e+00
   2.5800000e+02   8.2680521e+00
   2.5900000e+02   8.3454885e+00
   2.6000000e+02   8.4230299e+00
   2.6100000e+02   8.5006752e+00
   2.6200000e+02   8.5784254e+00
   2.6300000e+02   8.6562738e+00
   2.6400000e+02   8.7342176e+00
   2.6500000e+02   8.8122549e+00
   2.6600000e+02   8.8903236e+00
   2.6700000e+02   8.9684229e+00
   2.6800000e+02   9.0465899e+00
   2.6900000e+02   9.1248207e+00
   2.7000000e+02   9.2031107e+00
   2.7100000e+02   9.2375116e+00
   2.7200000e+02   9.2721071e+00
   2.7300000e+02   9.3068867e+00
   2.7400000e+02   9.3418531e+00
   2.7500000e+02   9.3770018e+00
   2.7600000e+02   9.4123287e+00
   2.7700000e+02   9.4478292e+00
   2.7800000e+02   9.4834995e+00
   2.7900000e+02   9.5193338e+00
   2.8000000e+02   9.5553284e+00
   2.8100000e+02   9.5914774e+00
   2.8200000e+02   9.6277752e+00
   2.8300000e+02   9.6642160e+00
   2.8400000e+02   9.7007942e+00
   2.8500000e+02   9.7375031e+00
   2.8600000e+02   9.7742968e+00
   2.8700000e+02   9.8112059e+00
   2.8800000e+02   9.8482246e+00
   2.8900000e+02   9.8853464e+00
   2.9000000e+02   9.9225616e+00
   2.9100000e+02   9.9598646e+00
   2.9200000e+02   9.9972477e+00
   2.9300000e+02   1.0034706e+01
   2.9400000e+02   1.0072230e+01
   2.9500000e+02   1.0109816e+01
   2.9600000e+02   1.0147454e+01
   2.9700000e+02   1.0185136e+01
   2.9800000e+02   1.0222855e+01
   2.9900000e+02   1.0260604e+01
   3.0000000e+02   1.0298372e+01
   3.0100000e+02   1.0445557e+01
   3.0200000e+02   1.0592564e+01
   3.0300000e+02   1.0739358e+01
   3.0400000e+02   1.0885902e+01
   3.0500000e+02   1.1032160e+01
   3.0600000e+02   1.1178090e+01
   3.0700000e+02   1.1323653e+01
   3.0800000e+02   1.1468805e+01
   3.0900000e+02   1.1613502e+01
   3.1000000e+02   1.1757696e+01
   3.1100000e+02   1.1901340e+01
   3.1200000e+02   1.2044386e+01
   3.1300000e+02   1.2186780e+01
   3.1400000e+02   1.2328470e+01
   3.1500000e+02   1.2469399e+01
   3.1600000e+02   1.2609509e+01
   3.1700000e+02   1.2748722e+01
   3.1800000e+02   1.2886993e+01
   3.1900000e+02   1.3024259e+01
   3.2000000e+02   1.3160450e+01
   3.2100000e+02   1.3295498e+01
   3.2200000e+02   1.3429329e+01
   3.2300000e+02   1.3561869e+01
   3.2400000e+02   1.3693039e+01
   3.2500000e+02   1.3822759e+01
   3.2600000e+02   1.3950944e+01
   3.2700000e+02   1.4077509e+01
   3.2800000e+02   1.4202363e+01
   3.2900000e+02   1.4325416e+01
   3.3000000e+02   1.4446571e+01
   3.3100000e+02   1.4315301e+01
   3.3200000e+02   1.4182549e+01
   3.3300000e+02   1.4048429e+01
   3.3400000e+02   1.3913054e+01
   3.3500000e+02   1.3776536e+01
   3.3600000e+02   1.3638986e+01
   3.3700000e+02   1.3500516e+01
   3.3800000e+02   1.3361240e+01
   3.3900000e+02   1.3221276e+01
   3.4000000e+02   1.3080741e+01
   3.4100000e+02   1.2939757e+01
   3.4200000e+02   1.2798453e+01
   3.4300000e+02   1.2656958e+01
   3.4400000e+02   1.2515409e+01
   3.4500000e+02   1.2373948e+01
   3.4600000e+02   1.2232724e+01
   3.4700000e+02   1.2091892e+01
   3.4800000e+02   1.1951612e+01
   3.4900000e+02   1.1812056e+01
   3.5000000e+02   1.1673394e+01
   3.5100000e+02   1.1535807e+01
   3.5200000e+02   1.1399471e+01
   3.5300000e+02   1.1264565e+01
   3.5400000e+02   1.1131252e+01
   3.5500000e+02   1.0996722e+01
   3.5600000e+02   1.0863205e+01
   3.5700000e+02   1.0733501e+01
   3.5800000e+02   1.0607585e+01
   3.5900000e+02   1.0485468e+01
   7.1133672e-07   1.0367164e+01
   1.0000007e+00   1.0329672e+01
   2.0000007e+00   1.0291936e+01
   3.0000007e+00   1.0253937e+01
   4.0000010e+00   1.0215668e+01
   5.0000010e+00   1.0177118e+01
   6.0000010e+00   1.0138282e+01
   7.0000010e+00   1.0099150e+01
   8.0000010e+00   1.0059709e+01
   9.0000010e+00   1.0019954e+01
   1.0000001e+01   9.9798813e+00
   1.1000001e+01   9.9394875e+00
   1.2000001e+01   9.8987694e+00
   1.3000001e+01   9.8577271e+00
   1.4000001e+01   9.8163576e+00
   1.5000001e+01   9.7746620e+00
   1.6000000e+01   9.7326403e+00
   1.7000000e+01   9.6902924e+00
   1.8000000e+01   9.6475868e+00
   1.9000000e+01   9.6045599e+00
   2.0000000e+01   9.5612164e+00
   2.1000000e+01   9.5175591e+00
   2.2000000e+01   9.4735909e+00
   2.3000000e+01   9.4293156e+00
   2.4000000e+01   9.3847380e+00
   2.5000000e+01   9.3398628e+00
   2.6000000e+01   9.2946949e+00
   2.7000000e+01   9.2492409e+00
   2.8000000e+01   9.2035046e+00
   2.9000000e+01   9.1574926e+00
   3.0000000e+01   9.1112089e+00
   3.1000000e+01   9.0200014e+00
   3.2000000e+01   8.9287224e+00
   3.3000000e+01   8.8373842e+00
   3.4000000e+01   8.7459993e+00
   3.5000000e+01   8.6545820e+00
   3.6000000e+01   8.5631428e+00
   3.7000000e+01   8.4716959e+00
   3.8000000e+01   8.3802528e+00
   3.9000000e+01   8.2888250e+00
   4.0000000e+01   8.1974268e+00
   4.1000000e+01   8.1060677e+00
   4.2000000e+01   8.0147610e+00
   4.3000000e+01   7.9235182e+00
   4.4000000e+01   7.8323503e+00
   4.5000000e+01   7.7412691e+00
   4.6000000e+01   7.6502833e+00
   4.7000000e+01   7.5593853e+00
   4.8000000e+01   7.4686170e+00
   4.9000000e+01   7.3779917e+00
   5.0000000e+01   7.2875218e+00
   5.1000000e+01   7.1972175e+00
   5.2000000e+01   7.1070900e+00
   5.3000000e+01   7.0171499e+00
   5.4000000e+01   6.9274073e+00
   5.5000000e+01   6.8378716e+00
   5.6000000e+01   6.7485523e+00
   5.7000000e+01   6.6594591e+00
   5.8000000e+01   6.5705981e+00
   5.9000000e+01   6.4819779e+00
   6.0000000e+01   6.3936105e+00
   6.1000000e+01   6.3624196e+00
   6.2000000e+01   6.3312573e+00
   6.3000000e+01   6.3001266e+00
   6.4000000e+01   6.2690310e+00
   6.5000000e+01   6.2379746e+00
   6.6000000e+01   6.2069607e+00
   6.7000000e+01   6.1759925e+00
   6.8000000e+01   6.1450748e+00
   6.9000000e+01   6.1142106e+00
   7.0000000e+01   6.0834031e+00
   7.1000000e+01   6.0526571e+00
   7.2000000e+01   6.0219750e+00
   7.3000000e+01   5.9913616e+00
   7.4000000e+01   5.9608197e+00
   7.5000000e+01   5.9303536e+00
   7.6000000e+01   5.8999662e+00
   7.7000000e+01   5.8696609e+00
   7.8000000e+01   5.8394418e+00
   7.9000000e+01   5.8093119e+00
   8.0000000e+01   5.7792754e+00
   8.1000000e+01   5.7493343e+00
   8.2000000e+01   5.7194929e+00
   8.3000000e+01   5.6897540e+00
   8.4000000e+01   5.6601200e+00
   8.5000000e+01   5.6305938e+00
   8.6000000e+01   5.6011791e+00
   8.7000000e+01   5.5718775e+00
   8.8000000e+01   5.5426927e+00
   8.9000000e+01   5.5136266e+00
   9.0000000e+01   5.4846821e+00
   9.1000000e+01   5.4622231e+00
   9.2000000e+01   5.4398570e+00
   9.3000000e+01   5.4175868e+00
   9.4000000e+01   5.3954148e+00
   9.5000000e+01   5.3733435e+00
   9.6000000e+01   5.3513751e+00
   9.7000000e+01   5.3295121e+00
   9.8000000e+01   5.3077569e+00
   9.9000000e+01   5.2861114e+00
   1.0000000e+02   5.2645774e+00
   1.0100000e+02   5.2431574e+00
   1.0200000e+02   5.2218537e+00
   1.0300000e+02   5.2006674e+00
   1.0400000e+02   5.1796007e+00
   1.0500000e+02   5.1586552e+00
   1.0600000e+02   5.1378326e+00
   1.0700000e+02   5.1171350e+00
   1.0800000e+02   5.0965638e+00
   1.0900000e+02   5.0761199e+00
   1.1000000e+02   5.0558052e+00
   1.1100000e+02   5.0356212e+00
   1.1200000e+02   5.0155692e+00
   1.1300000e+02   4.9956503e+00
   1.1400000e+02   4.9758658e+00
   1.1500000e+02   4.9562168e+00
   1.1600000e+02   4.9367042e+00
   1.1700000e+02   4.9173284e+00
   1.1800000e+02   4.8980908e+00
   1.1900000e+02   4.8789926e+00
   1.2000000e+02   4.8600335e+00
   1.2100000e+02   4.8526812e+00
   1.2200000e+02   4.8454332e+00
   1.2300000e+02   4.8382907e+00
   1.2400000e+02   4.8312550e+00
   1.2500000e+02   4.8243275e+00
   1.2600000e+02   4.8175092e+00
   1.2700000e+02   4.8108025e+00
   1.2800000e+02   4.8042073e+00
   1.2900000e+02   4.7977252e+00
   1.3000000e+02   4.7913575e+00
   1.3100000e+02   4.7851057e+00
   1.3200000e+02   4.7789702e+00
   1.3300000e+02   4.7729521e+00
   1.3400000e+02   4.7670536e+00
   1.3500000e+02   4.7612743e+00
   1.3600000e+02   4.7556157e+00
   1.3700000e+02   4.7500782e+00
   1.3800000e+02   4.7446632e+00
   1.3900000e+02   4.7393723e+00
   1.4000000e+02   4.7342057e+00
   1.4100000e+02   4.7291641e+00
   1.4200000e+02   4.7242494e+00
   1.4300000e+02   4.7194614e+00
   1.4400000e+02   4.7148013e+00
   1.4500000e+02   4.7102695e+00
   1.4600000e+02   4.7058668e+00
   1.4700000e+02   4.7015934e+00
   1.4800000e+02   4.6974506e+00
   1.4900000e+02   4.6934390e+00
   1.5000000e+02   4.6895585e+00
   1.5100000e+02   4.6947837e+00
   1.5200000e+02   4.7001281e+00
   1.5300000e+02   4.7055936e+00
   1.5400000e+02   4.7111802e+00
   1.5500000e+02   4.7168903e+00
   1.5600000e+02   4.7227249e+00
   1.5700000e+02   4.7286854e+00
   1.5800000e+02   4.7347727e+00
   1.5900000e+02   4.7409883e+00
   1.6000000e+02   4.7473335e+00
   1.6100000e+02   4.7538099e+00
   1.6200000e+02   4.7604179e+00
   1.6300000e+02   4.7671590e+00
   1.6400000e+02   4.7740345e+00
   1.6500000e+02   4.7810450e+00
   1.6600000e+02   4.7881918e+00
   1.6700000e+02   4.7954760e+00
   1.6800000e+02   4.8028984e+00
   1.6900000e+02   4.8104606e+00
   1.7000000e+02   4.8181634e+00
   1.7100000e+02   4.8260078e+00
   1.7200000e+02   4.8339949e+00
   1.7300000e+02   4.8421254e+00
   1.7400000e+02   4.8504004e+00
   1.7500000e+02   4.8588209e+00
   1.7600000e+02   4.8673882e+00
   1.7700000e+02   4.8761024e+00
   1.7800000e+02   4.8849654e+00
   1.7900000e+02   4.8939776e+00
   1.8000000e+02   4.9031401e+00
   1.8100000e+02   4.9220972e+00
   1.8200000e+02   4.9412131e+00
   1.8300000e+02   4.9604888e+00
   1.8400000e+02   4.9799266e+00
   1.8500000e+02   4.9995279e+00
   1.8600000e+02   5.0192943e+00
   1.8700000e+02   5.0392280e+00
   1.8800000e+02   5.0593305e+00
   1.8900000e+02   5.0796037e+00
   1.9000000e+02   5.1000576e+00
   1.9100000e+02   5.1206841e+00
   1.9200000e+02   5.1414843e+00
   1.9300000e+02   5.1624589e+00
   1.9400000e+02   5.1836085e+00
   1.9500000e+02   5.2049346e+00
   1.9600000e+02   5.2264385e+00
   1.9700000e+02   5.2481208e+00
   1.9800000e+02   5.2699828e+00
   1.9900000e+02   5.2920256e+00
   2.0000000e+02   5.3142509e+00
   2.0100000e+02   5.3366594e+00
   2.0200000e+02   5.3592525e+00
   2.0300000e+02   5.3820319e+00
   2.0400000e+02   5.4049978e+00
   2.0500000e+02   5.4281526e+00
   2.0600000e+02   5.4514966e+00
   2.0700000e+02   5.4750314e+00
   2.0800000e+02   5.4987583e+00
   2.0900000e+02   5.5226779e+00
   2.1000000e+02   5.5467916e+00
   2.1100000e+02   5.5724378e+00
   2.1200000e+02   5.5982900e+00
   2.1300000e+02   5.6243486e+00
   2.1400000e+02   5.6506157e+00
   2.1500000e+02   5.6770930e+00
   2.1600000e+02   5.7037811e+00
   2.1700000e+02   5.7306814e+00
   2.1800000e+02   5.7577958e+00
   2.1900000e+02   5.7851248e+00
   2.2000000e+02   5.8126698e+00
   2.2100000e+02   5.8404317e+00
   2.2200000e+02   5.8684115e+00
   2.2300000e+02   5.8966103e+00
   2.2400000e+02   5.9250288e+00
   2.2500000e+02   5.9536667e+00
   2.2600000e+02   5.9825234e+00
   2.2700000e+02   6.0116005e+00
   2.2800000e+02   6.0408978e+00
   2.2900000e+02   6.0704160e+00
   2.3000000e+02   6.1001563e+00
   2.3100000e+02   6.1301184e+00
   2.3200000e+02   6.1603031e+00
   2.3300000e+02   6.1907110e+00
   2.3400000e+02   6.2213416e+00
   2.3500000e+02   6.2521958e+00
   2.3600000e+02   6.2832737e+00
   2.3700000e+02   6.3145747e+00
   2.3800000e+02   6.3460994e+00
   2.3900000e+02   6.3778481e+00
   2.4000000e+02   6.4098206e+00
   2.4100000e+02   6.4512835e+00
   2.4200000e+02   6.4928827e+00
   2.4300000e+02   6.5346184e+00
   2.4400000e+02   6.5764894e+00
   2.4500000e+02   6.6184974e+00
   2.4600000e+02   6.6606412e+00
   2.4700000e+02   6.7029214e+00
   2.4800000e+02   6.7453370e+00
   2.4900000e+02   6.7878881e+00
   2.5000000e+02   6.8305740e+00
   2.5100000e+02   6.8733940e+00
   2.5200000e+02   6.9163465e+00
   2.5300000e+02   6.9594316e+00
   2.5400000e+02   7.0026474e+00
   2.5500000e+02   7.0459929e+00
   2.5600000e+02   7.0894666e+00
   2.5700000e+02   7.1330667e+00
   2.5800000e+02   7.1767912e+00
   2.5900000e+02   7.2206392e+00
   2.6000000e+02   7.2646074e+00
   2.6100000e+02   7.3086944e+00
   2.6200000e+02   7.3528976e+00
   2.6300000e+02   7.3972144e+00
   2.6400000e+02   7.4416418e+00
   2.6500000e+02   7.4861779e+00
   2.6600000e+02   7.5308194e+00
   2.6700000e+02   7.5755634e+00
   2.6800000e+02   7.6204062e+00
   2.6900000e+02   7.6653452e+00
   2.7000000e+02   7.7103767e+00
   2.7100000e+02   7.7805495e+00
   2.7200000e+02   7.8509102e+00
   2.7300000e+02   7.9214525e+00
   2.7400000e+02   7.9921713e+00
   2.7500000e+02   8.0630608e+00
   2.7600000e+02   8.1341143e+00
   2.7700000e+02   8.2053251e+00
   2.7800000e+02   8.2766886e+00
   2.7900000e+02   8.3481960e+00
   2.8000000e+02   8.4198427e+00
   2.8100000e+02   8.4916201e+00
   2.8200000e+02   8.5635223e+00
   2.8300000e+02   8.6355410e+00
   2.8400000e+02   8.7076693e+00
   2.8500000e+02   8.7799006e+00
   2.8600000e+02   8.8522253e+00
   2.8700000e+02   8.9246378e+00
   2.8800000e+02   8.9971285e+00
   2.8900000e+02   9.0696898e+00
   2.9000000e+02   9.1423130e+00
   2.9100000e+02   9.2149906e+00
   2.9200000e+02   9.2877121e+00
   2.9300000e+02   9.3604708e+00
   2.9400000e+02   9.4332571e+00
   2.9500000e+02   9.5060625e+00
   2.9600000e+02   9.5788765e+00
   2.9700000e+02   9.6516905e+00
   2.9800000e+02   9.7244949e+00
   2.9900000e+02   9.7972803e+00
   3.0000000e+02   9.8700371e+00
   3.0100000e+02   9.8860865e+00
   3.0200000e+02   9.9020195e+00
   3.0300000e+02   9.9178314e+00
   3.0400000e+02   9.9335146e+00
   3.0500000e+02   9.9490623e+00
   3.0600000e+02   9.9644690e+00
   3.0700000e+02   9.9797287e+00
   3.0800000e+02   9.9948339e+00
   3.0900000e+02   1.0009778e+01
   3.1000000e+02   1.0024554e+01
   3.1100000e+02   1.0039156e+01
   3.1200000e+02   1.0053577e+01
   3.1300000e+02   1.0067811e+01
   3.1400000e+02   1.0081853e+01
   3.1500000e+02   1.0095695e+01
   3.1600000e+02   1.0109330e+01
   3.1700000e+02   1.0122754e+01
   3.1800000e+02   1.0135960e+01
   3.1900000e+02   1.0148942e+01
   3.2000000e+02   1.0161694e+01
   3.2100000e+02   1.0174209e+01
   3.2200000e+02   1.0186482e+01
   3.2300000e+02   1.0198508e+01
   3.2400000e+02   1.0210280e+01
   3.2500000e+02   1.0221794e+01
   3.2600000e+02   1.0233043e+01
   3.2700000e+02   1.0244021e+01
   3.2800000e+02   1.0254725e+01
   3.2900000e+02   1.0265147e+01
   3.3000000e+02   1.0275284e+01
   3.3100000e+02   1.0269246e+01
   3.3200000e+02   1.0262864e+01
   3.3300000e+02   1.0256135e+01
   3.3400000e+02   1.0249057e+01
   3.3500000e+02   1.0241628e+01
   3.3600000e+02   1.0233843e+01
   3.3700000e+02   1.0225701e+01
   3.3800000e+02   1.0217199e+01
   3.3900000e+02   1.0208335e+01
   3.4000000e+02   1.0199106e+01
   3.4100000e+02   1.0189511e+01
   3.4200000e+02   1.0179548e+01
   3.4300000e+02   1.0169215e+01
   3.4400000e+02   1.0158511e+01
   3.4500000e+02   1.0147435e+01
   3.4600000e+02   1.0135986e+01
   3.4700000e+02   1.0124163e+01
   3.4800000e+02   1.0111965e+01
   3.4900000e+02   1.0099392e+01
   3.5000000e+02   1.0086443e+01
   3.5100000e+02   1.0073119e+01
   3.5200000e+02   1.0059421e+01
   3.5300000e+02   1.0045348e+01
   3.5400000e+02   1.0030901e+01
   3.5500000e+02   1.0016082e+01
   3.5600000e+02   1.0000892e+01
   3.5700000e+02   9.9853306e+00
   3.5800000e+02   9.9694014e+00
   3.5900000e+02   9.9531059e+00
   1.4226848e-06   9.9364443e+00
