   0.0000000e+00  -7.3842165e-19
   1.0000000e+00   6.8307458e-04
   2.0000000e+00   8.0265310e-03
   3.0000000e+00   1.5344849e-02
   4.0000000e+00   2.2664102e-02
   5.0000000e+00   2.9984176e-02
   6.0000000e+00   3.7304584e-02
   7.0000000e+00   4.4626806e-02
   8.0000000e+00   5.1950425e-02
   9.0000000e+00   5.9276868e-02
   1.0000000e+01   6.6608988e-02
   1.1000000e+01   7.3943436e-02
   1.2000000e+01   8.1279218e-02
   1.3000000e+01   8.8458069e-02
   1.4000000e+01   9.5285632e-02
   1.5000000e+01   1.0173453e-01
   1.6000000e+01   1.0780337e-01
   1.7000000e+01   1.1349103e-01
   1.8000000e+01   1.1877988e-01
   1.9000000e+01   1.2353671e-01
   2.0000000e+01   1.2781920e-01
   2.1000000e+01   1.3168670e-01
   2.2000000e+01   1.3518836e-01
   2.3000000e+01   1.3837750e-01
   2.4000000e+01   1.4142822e-01
   2.5000000e+01   1.4437075e-01
   2.6000000e+01   1.4723192e-01
   2.7000000e+01   1.5003429e-01
   2.8000000e+01   1.5279752e-01
   2.9000000e+01   1.5553886e-01
   3.0000000e+01   1.5827335e-01
   3.1000000e+01   1.6147083e-01
   3.2000000e+01   1.6475078e-01
   3.3000000e+01   1.6811280e-01
   3.4000000e+01   1.7155658e-01
   3.5000000e+01   1.7508169e-01
   3.6000000e+01   1.7868769e-01
   3.7000000e+01   1.8237419e-01
   3.8000000e+01   1.8614073e-01
   3.9000000e+01   1.9004913e-01
   4.0000000e+01   1.9418409e-01
   4.1000000e+01   1.9859660e-01
   4.2000000e+01   2.0335272e-01
   4.3000000e+01   2.0853047e-01
   4.4000000e+01   2.1422394e-01
   4.5000000e+01   2.2054775e-01
   4.6000000e+01   2.2764327e-01
   4.7000000e+01   2.3568767e-01
   4.8000000e+01   2.4490651e-01
   4.9000000e+01   2.5519130e-01
   5.0000000e+01   2.6612738e-01
   5.1000000e+01   2.7774593e-01
   5.2000000e+01   2.9002717e-01
   5.3000000e+01   3.0297053e-01
   5.4000000e+01   3.1658694e-01
   5.5000000e+01   3.3088621e-01
   5.6000000e+01   3.4588072e-01
   5.7000000e+01   3.6114135e-01
   5.8000000e+01   3.7653750e-01
   5.9000000e+01   3.9206988e-01
   6.0000000e+01   4.0775627e-01
   6.1000000e+01   4.2275798e-01
   6.2000000e+01   4.3723235e-01
   6.3000000e+01   4.5120910e-01
   6.4000000e+01   4.6470028e-01
   6.5000000e+01   4.7746739e-01
   6.6000000e+01   4.8951516e-01
   6.7000000e+01   5.0092643e-01
   6.8000000e+01   5.1178104e-01
   6.9000000e+01   5.2213579e-01
   7.0000000e+01   5.3203994e-01
   7.1000000e+01   5.4153800e-01
   7.2000000e+01   5.5066901e-01
   7.3000000e+01   5.5951190e-01
   7.4000000e+01   5.6811643e-01
   7.5000000e+01   5.7648951e-01
   7.6000000e+01   5.8460861e-01
   7.7000000e+01   5.9247249e-01
   7.8000000e+01   6.0008770e-01
   7.9000000e+01   6.0746133e-01
   8.0000000e+01   6.1460894e-01
   8.1000000e+01   6.2154537e-01
   8.2000000e+01   6.2827307e-01
   8.3000000e+01   6.3479519e-01
   8.4000000e+01   6.4111573e-01
   8.5000000e+01   6.4723879e-01
   8.6000000e+01   6.5316862e-01
   8.7000000e+01   6.5890950e-01
   8.8000000e+01   6.6446573e-01
   8.9000000e+01   6.6984183e-01
   9.0000000e+01   6.7504257e-01
   9.1000000e+01   6.7644715e-01
   9.2000000e+01   6.7776948e-01
   9.3000000e+01   6.7901856e-01
   9.4000000e+01   6.8020123e-01
   9.5000000e+01   6.8132442e-01
   9.6000000e+01   6.8239486e-01
   9.7000000e+01   6.8341839e-01
   9.8000000e+01   6.8440038e-01
   9.9000000e+01   6.8534565e-01
   1.0000000e+02   6.8625784e-01
   1.0100000e+02   6.8714088e-01
   1.0200000e+02   6.8799794e-01
   1.0300000e+02   6.8883210e-01
   1.0400000e+02   6.8964607e-01
   1.0500000e+02   6.9044220e-01
   1.0600000e+02   6.9122261e-01
   1.0700000e+02   6.9198912e-01
   1.0800000e+02   6.9274318e-01
   1.0900000e+02   6.9348615e-01
   1.1000000e+02   6.9421905e-01
   1.1100000e+02   6.9494301e-01
   1.1200000e+02   6.9565868e-01
   1.1300000e+02   6.9636720e-01
   1.1400000e+02   6.9706953e-01
   1.1500000e+02   6.9776624e-01
   1.1600000e+02   6.9845814e-01
   1.1700000e+02   6.9914579e-01
   1.1800000e+02   6.9982988e-01
   1.1900000e+02   7.0051080e-01
   1.2000000e+02   7.0118916e-01
   1.2100000e+02   7.0132595e-01
   1.2200000e+02   7.0146155e-01
   1.2300000e+02   7.0159596e-01
   1.2400000e+02   7.0172906e-01
   1.2500000e+02   7.0186090e-01
   1.2600000e+02   7.0199174e-01
   1.2700000e+02   7.0212150e-01
   1.2800000e+02   7.0225018e-01
   1.2900000e+02   7.0237762e-01
   1.3000000e+02   7.0250386e-01
   1.3100000e+02   7.0262915e-01
   1.3200000e+02   7.0275360e-01
   1.3300000e+02   7.0287746e-01
   1.3400000e+02   7.0300072e-01
   1.3500000e+02   7.0312357e-01
   1.3600000e+02   7.0324576e-01
   1.3700000e+02   7.0336753e-01
   1.3800000e+02   7.0348901e-01
   1.3900000e+02   7.0361030e-01
   1.4000000e+02   7.0373154e-01
   1.4100000e+02   7.0385277e-01
   1.4200000e+02   7.0397377e-01
   1.4300000e+02   7.0409459e-01
   1.4400000e+02   7.0421529e-01
   1.4500000e+02   7.0433581e-01
   1.4600000e+02   7.0445633e-01
   1.4700000e+02   7.0457685e-01
   1.4800000e+02   7.0469743e-01
   1.4900000e+02   7.0481819e-01
   1.5000000e+02   7.0493907e-01
   1.5100000e+02   7.0439231e-01
   1.5200000e+02   7.0384598e-01
   1.5300000e+02   7.0330012e-01
   1.5400000e+02   7.0275480e-01
   1.5500000e+02   7.0220995e-01
   1.5600000e+02   7.0166546e-01
   1.5700000e+02   7.0112127e-01
   1.5800000e+02   7.0057738e-01
   1.5900000e+02   7.0003378e-01
   1.6000000e+02   6.9949055e-01
   1.6100000e+02   6.9894767e-01
   1.6200000e+02   6.9840515e-01
   1.6300000e+02   6.9786298e-01
   1.6400000e+02   6.9732112e-01
   1.6500000e+02   6.9677973e-01
   1.6600000e+02   6.9623870e-01
   1.6700000e+02   6.9569808e-01
   1.6800000e+02   6.9515771e-01
   1.6900000e+02   6.9461751e-01
   1.7000000e+02   6.9407755e-01
   1.7100000e+02   6.9353801e-01
   1.7200000e+02   6.9299889e-01
   1.7300000e+02   6.9246024e-01
   1.7400000e+02   6.9192219e-01
   1.7500000e+02   6.9138473e-01
   1.7600000e+02   6.9084793e-01
   1.7700000e+02   6.9031179e-01
   1.7800000e+02   6.8977630e-01
   1.7900000e+02   6.8924153e-01
   1.8000000e+02   6.8870741e-01
   1.8100000e+02   6.8772775e-01
   1.8200000e+02   6.8674779e-01
   1.8300000e+02   6.8576747e-01
   1.8400000e+02   6.8478680e-01
   1.8500000e+02   6.8380576e-01
   1.8600000e+02   6.8282425e-01
   1.8700000e+02   6.8184239e-01
   1.8800000e+02   6.8086004e-01
   1.8900000e+02   6.7987734e-01
   1.9000000e+02   6.7889416e-01
   1.9100000e+02   6.7791057e-01
   1.9200000e+02   6.7692643e-01
   1.9300000e+02   6.7594177e-01
   1.9400000e+02   6.7495662e-01
   1.9500000e+02   6.7397106e-01
   1.9600000e+02   6.7298502e-01
   1.9700000e+02   6.7199844e-01
   1.9800000e+02   6.7101145e-01
   1.9900000e+02   6.7002398e-01
   2.0000000e+02   6.6903603e-01
   2.0100000e+02   6.6804749e-01
   2.0200000e+02   6.6705847e-01
   2.0300000e+02   6.6606891e-01
   2.0400000e+02   6.6507876e-01
   2.0500000e+02   6.6408801e-01
   2.0600000e+02   6.6309679e-01
   2.0700000e+02   6.6210496e-01
   2.0800000e+02   6.6111261e-01
   2.0900000e+02   6.6011965e-01
   2.1000000e+02   6.5912616e-01
   2.1100000e+02   6.5785885e-01
   2.1200000e+02   6.5659350e-01
   2.1300000e+02   6.5533006e-01
   2.1400000e+02   6.5406847e-01
   2.1500000e+02   6.5280879e-01
   2.1600000e+02   6.5155095e-01
   2.1700000e+02   6.5029508e-01
   2.1800000e+02   6.4904106e-01
   2.1900000e+02   6.4778882e-01
   2.2000000e+02   6.4653838e-01
   2.2100000e+02   6.4528960e-01
   2.2200000e+02   6.4404249e-01
   2.2300000e+02   6.4279705e-01
   2.2400000e+02   6.4155340e-01
   2.2500000e+02   6.4031154e-01
   2.2600000e+02   6.3907140e-01
   2.2700000e+02   6.3783294e-01
   2.2800000e+02   6.3659614e-01
   2.2900000e+02   6.3536096e-01
   2.3000000e+02   6.3412738e-01
   2.3100000e+02   6.3289529e-01
   2.3200000e+02   6.3166463e-01
   2.3300000e+02   6.3043529e-01
   2.3400000e+02   6.2920743e-01
   2.3500000e+02   6.2798107e-01
   2.3600000e+02   6.2675631e-01
   2.3700000e+02   6.2553322e-01
   2.3800000e+02   6.2431175e-01
   2.3900000e+02   6.2309182e-01
   2.4000000e+02   6.2187356e-01
   2.4100000e+02   6.1787736e-01
   2.4200000e+02   6.1388779e-01
   2.4300000e+02   6.0990471e-01
   2.4400000e+02   6.0592818e-01
   2.4500000e+02   6.0195822e-01
   2.4600000e+02   5.9799480e-01
   2.4700000e+02   5.9403783e-01
   2.4800000e+02   5.9008718e-01
   2.4900000e+02   5.8614290e-01
   2.5000000e+02   5.8220500e-01
   2.5100000e+02   5.7827353e-01
   2.5200000e+02   5.7434839e-01
   2.5300000e+02   5.7042944e-01
   2.5400000e+02   5.6651664e-01
   2.5500000e+02   5.6260997e-01
   2.5600000e+02   5.5870926e-01
   2.5700000e+02   5.5481446e-01
   2.5800000e+02   5.5092555e-01
   2.5900000e+02   5.4704249e-01
   2.6000000e+02   5.4316515e-01
   2.6100000e+02   5.3929353e-01
   2.6200000e+02   5.3542739e-01
   2.6300000e+02   5.3156704e-01
   2.6400000e+02   5.2771246e-01
   2.6500000e+02   5.2386361e-01
   2.6600000e+02   5.2002043e-01
   2.6700000e+02   5.1618308e-01
   2.6800000e+02   5.1235163e-01
   2.6900000e+02   5.0852609e-01
   2.7000000e+02   5.0470638e-01
   2.7100000e+02   5.0356448e-01
   2.7200000e+02   5.0241601e-01
   2.7300000e+02   5.0126100e-01
   2.7400000e+02   5.0009936e-01
   2.7500000e+02   4.9893096e-01
   2.7600000e+02   4.9775580e-01
   2.7700000e+02   4.9657384e-01
   2.7800000e+02   4.9538502e-01
   2.7900000e+02   4.9418929e-01
   2.8000000e+02   4.9298662e-01
   2.8100000e+02   4.9177694e-01
   2.8200000e+02   4.9056035e-01
   2.8300000e+02   4.8933676e-01
   2.8400000e+02   4.8810622e-01
   2.8500000e+02   4.8686871e-01
   2.8600000e+02   4.8562425e-01
   2.8700000e+02   4.8437294e-01
   2.8800000e+02   4.8311478e-01
   2.8900000e+02   4.8184982e-01
   2.9000000e+02   4.8057812e-01
   2.9100000e+02   4.7929969e-01
   2.9200000e+02   4.7801453e-01
   2.9300000e+02   4.7672269e-01
   2.9400000e+02   4.7542417e-01
   2.9500000e+02   4.7411898e-01
   2.9600000e+02   4.7280711e-01
   2.9700000e+02   4.7148854e-01
   2.9800000e+02   4.7016329e-01
   2.9900000e+02   4.6883136e-01
   3.0000000e+02   4.6749270e-01
   3.0100000e+02   4.6016327e-01
   3.0200000e+02   4.5284256e-01
   3.0300000e+02   4.4553161e-01
   3.0400000e+02   4.3823150e-01
   3.0500000e+02   4.3094334e-01
   3.0600000e+02   4.2366844e-01
   3.0700000e+02   4.1640806e-01
   3.0800000e+02   4.0916362e-01
   3.0900000e+02   4.0193662e-01
   3.1000000e+02   3.9472860e-01
   3.1100000e+02   3.8754126e-01
   3.1200000e+02   3.8037637e-01
   3.1300000e+02   3.7323579e-01
   3.1400000e+02   3.6612153e-01
   3.1500000e+02   3.5903573e-01
   3.1600000e+02   3.5198069e-01
   3.1700000e+02   3.4495887e-01
   3.1800000e+02   3.3797282e-01
   3.1900000e+02   3.3102539e-01
   3.2000000e+02   3.2411951e-01
   3.2100000e+02   3.1725836e-01
   3.2200000e+02   3.1044525e-01
   3.2300000e+02   3.0368388e-01
   3.2400000e+02   2.9697809e-01
   3.2500000e+02   2.9033202e-01
   3.2600000e+02   2.8375012e-01
   3.2700000e+02   2.7723715e-01
   3.2800000e+02   2.7079830e-01
   3.2900000e+02   2.6443902e-01
   3.3000000e+02   2.5816527e-01
   3.3100000e+02   2.6633680e-01
   3.3200000e+02   2.7453297e-01
   3.3300000e+02   2.8274870e-01
   3.3400000e+02   2.9097900e-01
   3.3500000e+02   2.9921880e-01
   3.3600000e+02   3.0746320e-01
   3.3700000e+02   3.1570712e-01
   3.3800000e+02   3.2394552e-01
   3.3900000e+02   3.3217314e-01
   3.4000000e+02   3.4038463e-01
   3.4100000e+02   3.4857437e-01
   3.4200000e+02   3.5673648e-01
   3.4300000e+02   3.6486474e-01
   3.4400000e+02   3.7295261e-01
   3.4500000e+02   3.8099301e-01
   3.4600000e+02   3.8897830e-01
   3.4700000e+02   3.9690030e-01
   3.4800000e+02   4.0474999e-01
   3.4900000e+02   4.1251752e-01
   3.5000000e+02   4.2019194e-01
   3.5100000e+02   4.2776120e-01
   3.5200000e+02   4.3521181e-01
   3.5300000e+02   4.4252861e-01
   3.5400000e+02   4.4969454e-01
   3.5500000e+02   4.5669022e-01
   3.5600000e+02   4.6347031e-01
   3.5700000e+02   4.7001159e-01
   3.5800000e+02   4.7631517e-01
   3.5900000e+02   4.8238182e-01
   7.1133672e-07   4.8821226e-01
   1.0000007e+00   4.9004060e-01
   2.0000007e+00   4.9186328e-01
   3.0000007e+00   4.9368110e-01
   4.0000010e+00   4.9549487e-01
   5.0000010e+00   4.9730524e-01
   6.0000010e+00   4.9911290e-01
   7.0000010e+00   5.0091851e-01
   8.0000010e+00   5.0272274e-01
   9.0000010e+00   5.0452596e-01
   1.0000001e+01   5.0632870e-01
   1.1000001e+01   5.0813138e-01
   1.2000001e+01   5.0993437e-01
   1.3000001e+01   5.1173800e-01
   1.4000001e+01   5.1354271e-01
   1.5000001e+01   5.1534873e-01
   1.6000000e+01   5.1715642e-01
   1.7000000e+01   5.1896590e-01
   1.8000000e+01   5.2077758e-01
   1.9000000e+01   5.2259159e-01
   2.0000000e+01   5.2440816e-01
   2.1000000e+01   5.2622753e-01
   2.2000000e+01   5.2804983e-01
   2.3000000e+01   5.2987522e-01
   2.4000000e+01   5.3170395e-01
   2.5000000e+01   5.3353608e-01
   2.6000000e+01   5.3537184e-01
   2.7000000e+01   5.3721124e-01
   2.8000000e+01   5.3905445e-01
   2.9000000e+01   5.4090166e-01
   3.0000000e+01   5.4275280e-01
   3.1000000e+01   5.4703611e-01
   3.2000000e+01   5.5131465e-01
   3.3000000e+01   5.5558848e-01
   3.4000000e+01   5.5985755e-01
   3.5000000e+01   5.6412190e-01
   3.6000000e+01   5.6838149e-01
   3.7000000e+01   5.7263637e-01
   3.8000000e+01   5.7688642e-01
   3.9000000e+01   5.8113176e-01
   4.0000000e+01   5.8537233e-01
   4.1000000e+01   5.8960813e-01
   4.2000000e+01   5.9383923e-01
   4.3000000e+01   5.9806556e-01
   4.4000000e+01   6.0228711e-01
   4.5000000e+01   6.0650390e-01
   4.6000000e+01   6.1071599e-01
   4.7000000e+01   6.1492324e-01
   4.8000000e+01   6.1912513e-01
   4.9000000e+01   6.2332153e-01
   5.0000000e+01   6.2751240e-01
   5.1000000e+01   6.3169771e-01
   5.2000000e+01   6.3587743e-01
   5.3000000e+01   6.4005154e-01
   5.4000000e+01   6.4421999e-01
   5.5000000e+01   6.4838272e-01
   5.6000000e+01   6.5253979e-01
   5.7000000e+01   6.5669119e-01
   5.8000000e+01   6.6083688e-01
   5.9000000e+01   6.6497684e-01
   6.0000000e+01   6.6911101e-01
   6.1000000e+01   6.7015952e-01
   6.2000000e+01   6.7120701e-01
   6.3000000e+01   6.7225355e-01
   6.4000000e+01   6.7329925e-01
   6.5000000e+01   6.7434412e-01
   6.6000000e+01   6.7538822e-01
   6.7000000e+01   6.7643166e-01
   6.8000000e+01   6.7747438e-01
   6.9000000e+01   6.7851645e-01
   7.0000000e+01   6.7955798e-01
   7.1000000e+01   6.8059891e-01
   7.2000000e+01   6.8163937e-01
   7.3000000e+01   6.8267930e-01
   7.4000000e+01   6.8371874e-01
   7.5000000e+01   6.8475777e-01
   7.6000000e+01   6.8579632e-01
   7.7000000e+01   6.8683451e-01
   7.8000000e+01   6.8787229e-01
   7.9000000e+01   6.8890959e-01
   8.0000000e+01   6.8994653e-01
   8.1000000e+01   6.9098312e-01
   8.2000000e+01   6.9201934e-01
   8.3000000e+01   6.9305515e-01
   8.4000000e+01   6.9409066e-01
   8.5000000e+01   6.9512582e-01
   8.6000000e+01   6.9616061e-01
   8.7000000e+01   6.9719517e-01
   8.8000000e+01   6.9822931e-01
   8.9000000e+01   6.9926322e-01
   9.0000000e+01   7.0029682e-01
   9.1000000e+01   7.0099992e-01
   9.2000000e+01   7.0170295e-01
   9.3000000e+01   7.0240593e-01
   9.4000000e+01   7.0310885e-01
   9.5000000e+01   7.0381171e-01
   9.6000000e+01   7.0451450e-01
   9.7000000e+01   7.0521724e-01
   9.8000000e+01   7.0591992e-01
   9.9000000e+01   7.0662254e-01
   1.0000000e+02   7.0732510e-01
   1.0100000e+02   7.0802760e-01
   1.0200000e+02   7.0873004e-01
   1.0300000e+02   7.0943236e-01
   1.0400000e+02   7.1013469e-01
   1.0500000e+02   7.1083689e-01
   1.0600000e+02   7.1153903e-01
   1.0700000e+02   7.1224111e-01
   1.0800000e+02   7.1294308e-01
   1.0900000e+02   7.1364504e-01
   1.1000000e+02   7.1434683e-01
   1.1100000e+02   7.1504855e-01
   1.1200000e+02   7.1575022e-01
   1.1300000e+02   7.1645176e-01
   1.1400000e+02   7.1715319e-01
   1.1500000e+02   7.1785456e-01
   1.1600000e+02   7.1855581e-01
   1.1700000e+02   7.1925700e-01
   1.1800000e+02   7.1995813e-01
   1.1900000e+02   7.2065914e-01
   1.2000000e+02   7.2136003e-01
   1.2100000e+02   7.2140628e-01
   1.2200000e+02   7.2145247e-01
   1.2300000e+02   7.2149873e-01
   1.2400000e+02   7.2154492e-01
   1.2500000e+02   7.2159111e-01
   1.2600000e+02   7.2163731e-01
   1.2700000e+02   7.2168344e-01
   1.2800000e+02   7.2172964e-01
   1.2900000e+02   7.2177577e-01
   1.3000000e+02   7.2182190e-01
   1.3100000e+02   7.2186804e-01
   1.3200000e+02   7.2191417e-01
   1.3300000e+02   7.2196031e-01
   1.3400000e+02   7.2200644e-01
   1.3500000e+02   7.2205251e-01
   1.3600000e+02   7.2209859e-01
   1.3700000e+02   7.2214466e-01
   1.3800000e+02   7.2219074e-01
   1.3900000e+02   7.2223675e-01
   1.4000000e+02   7.2228271e-01
   1.4100000e+02   7.2232866e-01
   1.4200000e+02   7.2237456e-01
   1.4300000e+02   7.2242045e-01
   1.4400000e+02   7.2246629e-01
   1.4500000e+02   7.2251213e-01
   1.4600000e+02   7.2255796e-01
   1.4700000e+02   7.2260368e-01
   1.4800000e+02   7.2264946e-01
   1.4900000e+02   7.2269517e-01
   1.5000000e+02   7.2274089e-01
   1.5100000e+02   7.2227097e-01
   1.5200000e+02   7.2180116e-01
   1.5300000e+02   7.2133136e-01
   1.5400000e+02   7.2086161e-01
   1.5500000e+02   7.2039193e-01
   1.5600000e+02   7.1992230e-01
   1.5700000e+02   7.1945268e-01
   1.5800000e+02   7.1898311e-01
   1.5900000e+02   7.1851361e-01
   1.6000000e+02   7.1804410e-01
   1.6100000e+02   7.1757460e-01
   1.6200000e+02   7.1710521e-01
   1.6300000e+02   7.1663582e-01
   1.6400000e+02   7.1616644e-01
   1.6500000e+02   7.1569717e-01
   1.6600000e+02   7.1522790e-01
   1.6700000e+02   7.1475869e-01
   1.6800000e+02   7.1428949e-01
   1.6900000e+02   7.1382040e-01
   1.7000000e+02   7.1335131e-01
   1.7100000e+02   7.1288228e-01
   1.7200000e+02   7.1241331e-01
   1.7300000e+02   7.1194440e-01
   1.7400000e+02   7.1147555e-01
   1.7500000e+02   7.1100676e-01
   1.7600000e+02   7.1053797e-01
   1.7700000e+02   7.1006930e-01
   1.7800000e+02   7.0960063e-01
   1.7900000e+02   7.0913208e-01
   1.8000000e+02   7.0866352e-01
   1.8100000e+02   7.0761967e-01
   1.8200000e+02   7.0657599e-01
   1.8300000e+02   7.0553237e-01
   1.8400000e+02   7.0448887e-01
   1.8500000e+02   7.0344549e-01
   1.8600000e+02   7.0240217e-01
   1.8700000e+02   7.0135897e-01
   1.8800000e+02   7.0031589e-01
   1.8900000e+02   6.9927293e-01
   1.9000000e+02   6.9823009e-01
   1.9100000e+02   6.9718748e-01
   1.9200000e+02   6.9614524e-01
   1.9300000e+02   6.9510329e-01
   1.9400000e+02   6.9406176e-01
   1.9500000e+02   6.9302064e-01
   1.9600000e+02   6.9197989e-01
   1.9700000e+02   6.9093966e-01
   1.9800000e+02   6.8989986e-01
   1.9900000e+02   6.8886054e-01
   2.0000000e+02   6.8782169e-01
   2.0100000e+02   6.8678337e-01
   2.0200000e+02   6.8574554e-01
   2.0300000e+02   6.8470824e-01
   2.0400000e+02   6.8367147e-01
   2.0500000e+02   6.8263525e-01
   2.0600000e+02   6.8159950e-01
   2.0700000e+02   6.8056434e-01
   2.0800000e+02   6.7952967e-01
   2.0900000e+02   6.7849559e-01
   2.1000000e+02   6.7746204e-01
   2.1100000e+02   6.7633337e-01
   2.1200000e+02   6.7520463e-01
   2.1300000e+02   6.7407584e-01
   2.1400000e+02   6.7294699e-01
   2.1500000e+02   6.7181802e-01
   2.1600000e+02   6.7068899e-01
   2.1700000e+02   6.6955978e-01
   2.1800000e+02   6.6843051e-01
   2.1900000e+02   6.6730100e-01
   2.2000000e+02   6.6617137e-01
   2.2100000e+02   6.6504157e-01
   2.2200000e+02   6.6391158e-01
   2.2300000e+02   6.6278142e-01
   2.2400000e+02   6.6165107e-01
   2.2500000e+02   6.6052055e-01
   2.2600000e+02   6.5938997e-01
   2.2700000e+02   6.5825927e-01
   2.2800000e+02   6.5712839e-01
   2.2900000e+02   6.5599746e-01
   2.3000000e+02   6.5486628e-01
   2.3100000e+02   6.5373504e-01
   2.3200000e+02   6.5260357e-01
   2.3300000e+02   6.5147197e-01
   2.3400000e+02   6.5034020e-01
   2.3500000e+02   6.4920819e-01
   2.3600000e+02   6.4807606e-01
   2.3700000e+02   6.4694369e-01
   2.3800000e+02   6.4581114e-01
   2.3900000e+02   6.4467835e-01
   2.4000000e+02   6.4354533e-01
   2.4100000e+02   6.4172107e-01
   2.4200000e+02   6.3990200e-01
   2.4300000e+02   6.3808817e-01
   2.4400000e+02   6.3627946e-01
   2.4500000e+02   6.3447589e-01
   2.4600000e+02   6.3267732e-01
   2.4700000e+02   6.3088375e-01
   2.4800000e+02   6.2909514e-01
   2.4900000e+02   6.2731147e-01
   2.5000000e+02   6.2553269e-01
   2.5100000e+02   6.2375873e-01
   2.5200000e+02   6.2198961e-01
   2.5300000e+02   6.2022531e-01
   2.5400000e+02   6.1846572e-01
   2.5500000e+02   6.1671090e-01
   2.5600000e+02   6.1496073e-01
   2.5700000e+02   6.1321521e-01
   2.5800000e+02   6.1147439e-01
   2.5900000e+02   6.0973811e-01
   2.6000000e+02   6.0800648e-01
   2.6100000e+02   6.0627937e-01
   2.6200000e+02   6.0455680e-01
   2.6300000e+02   6.0283875e-01
   2.6400000e+02   6.0112524e-01
   2.6500000e+02   5.9941620e-01
   2.6600000e+02   5.9771156e-01
   2.6700000e+02   5.9601140e-01
   2.6800000e+02   5.9431565e-01
   2.6900000e+02   5.9262425e-01
   2.7000000e+02   5.9093720e-01
   2.7100000e+02   5.8753270e-01
   2.7200000e+02   5.8412451e-01
   2.7300000e+02   5.8071274e-01
   2.7400000e+02   5.7729739e-01
   2.7500000e+02   5.7387859e-01
   2.7600000e+02   5.7045627e-01
   2.7700000e+02   5.6703055e-01
   2.7800000e+02   5.6360149e-01
   2.7900000e+02   5.6016916e-01
   2.8000000e+02   5.5673349e-01
   2.8100000e+02   5.5329460e-01
   2.8200000e+02   5.4985255e-01
   2.8300000e+02   5.4640728e-01
   2.8400000e+02   5.4295897e-01
   2.8500000e+02   5.3950751e-01
   2.8600000e+02   5.3605306e-01
   2.8700000e+02   5.3259557e-01
   2.8800000e+02   5.2913511e-01
   2.8900000e+02   5.2567172e-01
   2.9000000e+02   5.2220535e-01
   2.9100000e+02   5.1873612e-01
   2.9200000e+02   5.1526403e-01
   2.9300000e+02   5.1178908e-01
   2.9400000e+02   5.0831139e-01
   2.9500000e+02   5.0483084e-01
   2.9600000e+02   5.0134754e-01
   2.9700000e+02   4.9786150e-01
   2.9800000e+02   4.9437276e-01
   2.9900000e+02   4.9088132e-01
   3.0000000e+02   4.8738721e-01
   3.0100000e+02   4.8734629e-01
   3.0200000e+02   4.8730409e-01
   3.0300000e+02   4.8726064e-01
   3.0400000e+02   4.8721588e-01
   3.0500000e+02   4.8716983e-01
   3.0600000e+02   4.8712248e-01
   3.0700000e+02   4.8707378e-01
   3.0800000e+02   4.8702377e-01
   3.0900000e+02   4.8697245e-01
   3.1000000e+02   4.8691985e-01
   3.1100000e+02   4.8686591e-01
   3.1200000e+02   4.8681065e-01
   3.1300000e+02   4.8675409e-01
   3.1400000e+02   4.8669618e-01
   3.1500000e+02   4.8663694e-01
   3.1600000e+02   4.8657632e-01
   3.1700000e+02   4.8651439e-01
   3.1800000e+02   4.8645109e-01
   3.1900000e+02   4.8638642e-01
   3.2000000e+02   4.8632038e-01
   3.2100000e+02   4.8625299e-01
   3.2200000e+02   4.8618421e-01
   3.2300000e+02   4.8611408e-01
   3.2400000e+02   4.8604256e-01
   3.2500000e+02   4.8596966e-01
   3.2600000e+02   4.8589540e-01
   3.2700000e+02   4.8581976e-01
   3.2800000e+02   4.8574272e-01
   3.2900000e+02   4.8566428e-01
   3.3000000e+02   4.8558447e-01
   3.3100000e+02   4.8634508e-01
   3.3200000e+02   4.8710549e-01
   3.3300000e+02   4.8786578e-01
   3.3400000e+02   4.8862585e-01
   3.3500000e+02   4.8938581e-01
   3.3600000e+02   4.9014559e-01
   3.3700000e+02   4.9090523e-01
   3.3800000e+02   4.9166471e-01
   3.3900000e+02   4.9242401e-01
   3.4000000e+02   4.9318320e-01
   3.4100000e+02   4.9394223e-01
   3.4200000e+02   4.9470112e-01
   3.4300000e+02   4.9545982e-01
   3.4400000e+02   4.9621841e-01
   3.4500000e+02   4.9697682e-01
   3.4600000e+02   4.9773508e-01
   3.4700000e+02   4.9849319e-01
   3.4800000e+02   4.9925116e-01
   3.4900000e+02   5.0000900e-01
   3.5000000e+02   5.0076669e-01
   3.5100000e+02   5.0152427e-01
   3.5200000e+02   5.0228173e-01
   3.5300000e+02   5.0303900e-01
   3.5400000e+02   5.0379610e-01
   3.5500000e+02   5.0455308e-01
   3.5600000e+02   5.0530988e-01
   3.5700000e+02   5.0606650e-01
   3.5800000e+02   5.0682294e-01
   3.5900000e+02   5.0757921e-01
   1.4226848e-06   5.0833535e-01
