   0.0000000e+00   1.5111324e+04
   1.0000000e+00   4.3205805e+04
   2.0000000e+00   4.3170762e+04
   3.0000000e+00   4.3137652e+04
   4.0000000e+00   4.3105969e+04
   5.0000000e+00   4.3075211e+04
   6.0000000e+00   4.3045789e+04
   7.0000000e+00   4.3017398e+04
   8.0000000e+00   4.2990621e+04
   9.0000000e+00   4.2962285e+04
   1.0000000e+01   4.2931203e+04
   1.1000000e+01   4.2900809e+04
   1.2000000e+01   4.2889781e+04
   1.3000000e+01   4.2895418e+04
   1.4000000e+01   4.2895906e+04
   1.5000000e+01   4.2896793e+04
   1.6000000e+01   4.2895137e+04
   1.7000000e+01   4.2894523e+04
   1.8000000e+01   4.2909574e+04
   1.9000000e+01   4.2925805e+04
   2.0000000e+01   4.2939090e+04
   2.1000000e+01   4.2950082e+04
   2.2000000e+01   4.2960398e+04
   2.3000000e+01   4.2981359e+04
   2.4000000e+01   4.3004527e+04
   2.5000000e+01   4.3028844e+04
   2.6000000e+01   4.3053164e+04
   2.7000000e+01   4.3078488e+04
   2.8000000e+01   4.3105785e+04
   2.9000000e+01   4.3136676e+04
   3.0000000e+01   4.3169902e+04
   3.1000000e+01   4.3202199e+04
   3.2000000e+01   4.3234641e+04
   3.3000000e+01   4.3269570e+04
   3.4000000e+01   4.3305773e+04
   3.5000000e+01   4.3342879e+04
   3.6000000e+01   4.3380434e+04
   3.7000000e+01   4.3419656e+04
   3.8000000e+01   4.3457023e+04
   3.9000000e+01   4.3490051e+04
   4.0000000e+01   4.3518746e+04
   4.1000000e+01   4.3539594e+04
   4.2000000e+01   4.3546570e+04
   4.3000000e+01   4.3532930e+04
   4.4000000e+01   4.3487742e+04
   4.5000000e+01   4.3395152e+04
   4.6000000e+01   4.3229867e+04
   4.7000000e+01   4.2950684e+04
   4.8000000e+01   4.2667477e+04
   4.9000000e+01   4.2543781e+04
   5.0000000e+01   4.2396180e+04
   5.1000000e+01   4.2247859e+04
   5.2000000e+01   4.2089289e+04
   5.3000000e+01   4.1914117e+04
   5.4000000e+01   4.1722207e+04
   5.5000000e+01   4.1511348e+04
   5.6000000e+01   4.1533691e+04
   5.7000000e+01   4.1615473e+04
   5.8000000e+01   4.1683203e+04
   5.9000000e+01   4.1730945e+04
   6.0000000e+01   4.1778926e+04
   6.1000000e+01   4.1900477e+04
   6.2000000e+01   4.2015980e+04
   6.3000000e+01   4.2132234e+04
   6.4000000e+01   4.2370488e+04
   6.5000000e+01   4.2610480e+04
   6.6000000e+01   4.2817484e+04
   6.7000000e+01   4.2995434e+04
   6.8000000e+01   4.3155480e+04
   6.9000000e+01   4.3301043e+04
   7.0000000e+01   4.3434277e+04
   7.1000000e+01   4.3557516e+04
   7.2000000e+01   4.3658207e+04
   7.3000000e+01   4.3745723e+04
   7.4000000e+01   4.3833043e+04
   7.5000000e+01   4.3930520e+04
   7.6000000e+01   4.4030043e+04
   7.7000000e+01   4.4129109e+04
   7.8000000e+01   4.4227164e+04
   7.9000000e+01   4.4321574e+04
   8.0000000e+01   4.4412648e+04
   8.1000000e+01   4.4503895e+04
   8.2000000e+01   4.4595293e+04
   8.3000000e+01   4.4686785e+04
   8.4000000e+01   4.4778320e+04
   8.5000000e+01   4.4869859e+04
   8.6000000e+01   4.4961371e+04
   8.7000000e+01   4.5052820e+04
   8.8000000e+01   4.5144172e+04
   8.9000000e+01   4.5234883e+04
   9.0000000e+01   4.5326277e+04
   9.1000000e+01   4.5423578e+04
   9.2000000e+01   4.5519164e+04
   9.3000000e+01   4.5613465e+04
   9.4000000e+01   4.5706441e+04
   9.5000000e+01   4.5798125e+04
   9.6000000e+01   4.5888547e+04
   9.7000000e+01   4.5977762e+04
   9.8000000e+01   4.6066340e+04
   9.9000000e+01   4.6154617e+04
   1.0000000e+02   4.6241996e+04
   1.0100000e+02   4.6328535e+04
   1.0200000e+02   4.6414285e+04
   1.0300000e+02   4.6499313e+04
   1.0400000e+02   4.6583602e+04
   1.0500000e+02   4.6667168e+04
   1.0600000e+02   4.6750035e+04
   1.0700000e+02   4.6832246e+04
   1.0800000e+02   4.6913801e+04
   1.0900000e+02   4.6994512e+04
   1.1000000e+02   4.7074500e+04
   1.1100000e+02   4.7154281e+04
   1.1200000e+02   4.7233371e+04
   1.1300000e+02   4.7311691e+04
   1.1400000e+02   4.7389223e+04
   1.1500000e+02   4.7465965e+04
   1.1600000e+02   4.7541922e+04
   1.1700000e+02   4.7617094e+04
   1.1800000e+02   4.7691465e+04
   1.1900000e+02   4.7765020e+04
   1.2000000e+02   4.7837742e+04
   1.2100000e+02   4.7903836e+04
   1.2200000e+02   4.7969105e+04
   1.2300000e+02   4.8033543e+04
   1.2400000e+02   4.8097129e+04
   1.2500000e+02   4.8159809e+04
   1.2600000e+02   4.8221688e+04
   1.2700000e+02   4.8282703e+04
   1.2800000e+02   4.8342727e+04
   1.2900000e+02   4.8401730e+04
   1.3000000e+02   4.8459695e+04
   1.3100000e+02   4.8516602e+04
   1.3200000e+02   4.8572426e+04
   1.3300000e+02   4.8627145e+04
   1.3400000e+02   4.8680734e+04
   1.3500000e+02   4.8733176e+04
   1.3600000e+02   4.8784449e+04
   1.3700000e+02   4.8834527e+04
   1.3800000e+02   4.8883395e+04
   1.3900000e+02   4.8931023e+04
   1.4000000e+02   4.8977395e+04
   1.4100000e+02   4.9023363e+04
   1.4200000e+02   4.9068168e+04
   1.4300000e+02   4.9111730e+04
   1.4400000e+02   4.9154043e+04
   1.4500000e+02   4.9195090e+04
   1.4600000e+02   4.9234855e+04
   1.4700000e+02   4.9273355e+04
   1.4800000e+02   4.9310555e+04
   1.4900000e+02   4.9346434e+04
   1.5000000e+02   4.9380980e+04
   1.5100000e+02   4.9408336e+04
   1.5200000e+02   4.9434348e+04
   1.5300000e+02   4.9459000e+04
   1.5400000e+02   4.9482285e+04
   1.5500000e+02   4.9504188e+04
   1.5600000e+02   4.9524684e+04
   1.5700000e+02   4.9543762e+04
   1.5800000e+02   4.9561418e+04
   1.5900000e+02   4.9577773e+04
   1.6000000e+02   4.9592859e+04
   1.6100000e+02   4.9606484e+04
   1.6200000e+02   4.9618648e+04
   1.6300000e+02   4.9629344e+04
   1.6400000e+02   4.9638563e+04
   1.6500000e+02   4.9646297e+04
   1.6600000e+02   4.9652520e+04
   1.6700000e+02   4.9657285e+04
   1.6800000e+02   4.9660617e+04
   1.6900000e+02   4.9662414e+04
   1.7000000e+02   4.9662676e+04
   1.7100000e+02   4.9661391e+04
   1.7200000e+02   4.9658566e+04
   1.7300000e+02   4.9654191e+04
   1.7400000e+02   4.9648273e+04
   1.7500000e+02   4.9640805e+04
   1.7600000e+02   4.9631781e+04
   1.7700000e+02   4.9621211e+04
   1.7800000e+02   4.9609082e+04
   1.7900000e+02   4.9595402e+04
   1.8000000e+02   4.9580168e+04
   1.8100000e+02   4.9558973e+04
   1.8200000e+02   4.9536258e+04
   1.8300000e+02   4.9512023e+04
   1.8400000e+02   4.9486273e+04
   1.8500000e+02   4.9459004e+04
   1.8600000e+02   4.9430219e+04
   1.8700000e+02   4.9399988e+04
   1.8800000e+02   4.9368285e+04
   1.8900000e+02   4.9335074e+04
   1.9000000e+02   4.9300352e+04
   1.9100000e+02   4.9264125e+04
   1.9200000e+02   4.9226395e+04
   1.9300000e+02   4.9187168e+04
   1.9400000e+02   4.9146453e+04
   1.9500000e+02   4.9104254e+04
   1.9600000e+02   4.9060582e+04
   1.9700000e+02   4.9015441e+04
   1.9800000e+02   4.8968840e+04
   1.9900000e+02   4.8920793e+04
   2.0000000e+02   4.8871305e+04
   2.0100000e+02   4.8820379e+04
   2.0200000e+02   4.8768035e+04
   2.0300000e+02   4.8714273e+04
   2.0400000e+02   4.8659109e+04
   2.0500000e+02   4.8602555e+04
   2.0600000e+02   4.8544613e+04
   2.0700000e+02   4.8485309e+04
   2.0800000e+02   4.8424648e+04
   2.0900000e+02   4.8362641e+04
   2.1000000e+02   4.8299305e+04
   2.1100000e+02   4.8239480e+04
   2.1200000e+02   4.8178324e+04
   2.1300000e+02   4.8115855e+04
   2.1400000e+02   4.8052090e+04
   2.1500000e+02   4.7987035e+04
   2.1600000e+02   4.7920719e+04
   2.1700000e+02   4.7853145e+04
   2.1800000e+02   4.7784305e+04
   2.1900000e+02   4.7714234e+04
   2.2000000e+02   4.7642957e+04
   2.2100000e+02   4.7570492e+04
   2.2200000e+02   4.7496852e+04
   2.2300000e+02   4.7422055e+04
   2.2400000e+02   4.7346125e+04
   2.2500000e+02   4.7269078e+04
   2.2600000e+02   4.7190938e+04
   2.2700000e+02   4.7111719e+04
   2.2800000e+02   4.7031445e+04
   2.2900000e+02   4.6950133e+04
   2.3000000e+02   4.6867801e+04
   2.3100000e+02   4.6784465e+04
   2.3200000e+02   4.6700152e+04
   2.3300000e+02   4.6614879e+04
   2.3400000e+02   4.6528664e+04
   2.3500000e+02   4.6441531e+04
   2.3600000e+02   4.6353504e+04
   2.3700000e+02   4.6264609e+04
   2.3800000e+02   4.6174875e+04
   2.3900000e+02   4.6084316e+04
   2.4000000e+02   4.5992961e+04
   2.4100000e+02   4.5966840e+04
   2.4200000e+02   4.5939871e+04
   2.4300000e+02   4.5912074e+04
   2.4400000e+02   4.5883480e+04
   2.4500000e+02   4.5854113e+04
   2.4600000e+02   4.5823996e+04
   2.4700000e+02   4.5793156e+04
   2.4800000e+02   4.5761613e+04
   2.4900000e+02   4.5729395e+04
   2.5000000e+02   4.5696523e+04
   2.5100000e+02   4.5663023e+04
   2.5200000e+02   4.5628926e+04
   2.5300000e+02   4.5594246e+04
   2.5400000e+02   4.5559016e+04
   2.5500000e+02   4.5523254e+04
   2.5600000e+02   4.5486984e+04
   2.5700000e+02   4.5450234e+04
   2.5800000e+02   4.5413027e+04
   2.5900000e+02   4.5375387e+04
   2.6000000e+02   4.5337336e+04
   2.6100000e+02   4.5298898e+04
   2.6200000e+02   4.5260102e+04
   2.6300000e+02   4.5220965e+04
   2.6400000e+02   4.5181512e+04
   2.6500000e+02   4.5141766e+04
   2.6600000e+02   4.5102180e+04
   2.6700000e+02   4.5062734e+04
   2.6800000e+02   4.5023141e+04
   2.6900000e+02   4.4983426e+04
   2.7000000e+02   4.4943613e+04
   2.7100000e+02   4.4877699e+04
   2.7200000e+02   4.4811906e+04
   2.7300000e+02   4.4746289e+04
   2.7400000e+02   4.4680844e+04
   2.7500000e+02   4.4615598e+04
   2.7600000e+02   4.4550574e+04
   2.7700000e+02   4.4485809e+04
   2.7800000e+02   4.4421316e+04
   2.7900000e+02   4.4357133e+04
   2.8000000e+02   4.4293277e+04
   2.8100000e+02   4.4229781e+04
   2.8200000e+02   4.4166664e+04
   2.8300000e+02   4.4103961e+04
   2.8400000e+02   4.4041688e+04
   2.8500000e+02   4.3979879e+04
   2.8600000e+02   4.3918797e+04
   2.8700000e+02   4.3858230e+04
   2.8800000e+02   4.3798195e+04
   2.8900000e+02   4.3738719e+04
   2.9000000e+02   4.3679832e+04
   2.9100000e+02   4.3621551e+04
   2.9200000e+02   4.3563910e+04
   2.9300000e+02   4.3506914e+04
   2.9400000e+02   4.3450602e+04
   2.9500000e+02   4.3394984e+04
   2.9600000e+02   4.3340086e+04
   2.9700000e+02   4.3285953e+04
   2.9800000e+02   4.3232602e+04
   2.9900000e+02   4.3180051e+04
   3.0000000e+02   4.3128344e+04
   3.0100000e+02   4.3102188e+04
   3.0200000e+02   4.3077059e+04
   3.0300000e+02   4.3052973e+04
   3.0400000e+02   4.3029957e+04
   3.0500000e+02   4.3008020e+04
   3.0600000e+02   4.2987188e+04
   3.0700000e+02   4.2967473e+04
   3.0800000e+02   4.2948895e+04
   3.0900000e+02   4.2931465e+04
   3.1000000e+02   4.2915199e+04
   3.1100000e+02   4.2900105e+04
   3.1200000e+02   4.2886199e+04
   3.1300000e+02   4.2873488e+04
   3.1400000e+02   4.2861973e+04
   3.1500000e+02   4.2851664e+04
   3.1600000e+02   4.2842566e+04
   3.1700000e+02   4.2834750e+04
   3.1800000e+02   4.2828137e+04
   3.1900000e+02   4.2822711e+04
   3.2000000e+02   4.2818469e+04
   3.2100000e+02   4.2815391e+04
   3.2200000e+02   4.2813457e+04
   3.2300000e+02   4.2812652e+04
   3.2400000e+02   4.2812938e+04
   3.2500000e+02   4.2814277e+04
   3.2600000e+02   4.2816629e+04
   3.2700000e+02   4.2819938e+04
   3.2800000e+02   4.2824137e+04
   3.2900000e+02   4.2829152e+04
   3.3000000e+02   4.2834891e+04
   3.3100000e+02   4.2746098e+04
   3.3200000e+02   4.2658859e+04
   3.3300000e+02   4.2573156e+04
   3.3400000e+02   4.2488965e+04
   3.3500000e+02   4.2406281e+04
   3.3600000e+02   4.2325090e+04
   3.3700000e+02   4.2245375e+04
   3.3800000e+02   4.2167129e+04
   3.3900000e+02   4.2090352e+04
   3.4000000e+02   4.2015035e+04
   3.4100000e+02   4.1941184e+04
   3.4200000e+02   4.1868809e+04
   3.4300000e+02   4.1797930e+04
   3.4400000e+02   4.1728574e+04
   3.4500000e+02   4.1660789e+04
   3.4600000e+02   4.1594637e+04
   3.4700000e+02   4.1530215e+04
   3.4800000e+02   4.1467645e+04
   3.4900000e+02   4.1407109e+04
   3.5000000e+02   4.1348844e+04
   3.5100000e+02   4.1293168e+04
   3.5200000e+02   4.1240527e+04
   3.5300000e+02   4.1191512e+04
   3.5400000e+02   4.1146930e+04
   3.5500000e+02   4.1119055e+04
   3.5600000e+02   4.1103508e+04
   3.5700000e+02   4.1091715e+04
   3.5800000e+02   4.1083816e+04
   3.5900000e+02   4.1079832e+04
   7.1133672e-07   4.1079785e+04
   1.0000007e+00   4.1080172e+04
   2.0000007e+00   4.1082023e+04
   3.0000007e+00   4.1085367e+04
   4.0000010e+00   4.1090188e+04
   5.0000010e+00   4.1096480e+04
   6.0000010e+00   4.1104242e+04
   7.0000010e+00   4.1113469e+04
   8.0000010e+00   4.1124184e+04
   9.0000010e+00   4.1136387e+04
   1.0000001e+01   4.1150074e+04
   1.1000001e+01   4.1165246e+04
   1.2000001e+01   4.1181902e+04
   1.3000001e+01   4.1200039e+04
   1.4000001e+01   4.1219652e+04
   1.5000001e+01   4.1240738e+04
   1.6000000e+01   4.1263297e+04
   1.7000000e+01   4.1287324e+04
   1.8000000e+01   4.1313016e+04
   1.9000000e+01   4.1340160e+04
   2.0000000e+01   4.1368742e+04
   2.1000000e+01   4.1398762e+04
   2.2000000e+01   4.1430207e+04
   2.3000000e+01   4.1463074e+04
   2.4000000e+01   4.1497348e+04
   2.5000000e+01   4.1533023e+04
   2.6000000e+01   4.1570082e+04
   2.7000000e+01   4.1608512e+04
   2.8000000e+01   4.1648309e+04
   2.9000000e+01   4.1689469e+04
   3.0000000e+01   4.1731977e+04
   3.1000000e+01   4.1759844e+04
   3.2000000e+01   4.1789195e+04
   3.3000000e+01   4.1820016e+04
   3.4000000e+01   4.1852293e+04
   3.5000000e+01   4.1886016e+04
   3.6000000e+01   4.1921160e+04
   3.7000000e+01   4.1957719e+04
   3.8000000e+01   4.1995676e+04
   3.9000000e+01   4.2035008e+04
   4.0000000e+01   4.2075699e+04
   4.1000000e+01   4.2117742e+04
   4.2000000e+01   4.2161105e+04
   4.3000000e+01   4.2205781e+04
   4.4000000e+01   4.2251750e+04
   4.5000000e+01   4.2298988e+04
   4.6000000e+01   4.2347492e+04
   4.7000000e+01   4.2397355e+04
   4.8000000e+01   4.2448445e+04
   4.9000000e+01   4.2500742e+04
   5.0000000e+01   4.2554215e+04
   5.1000000e+01   4.2608852e+04
   5.2000000e+01   4.2664621e+04
   5.3000000e+01   4.2721508e+04
   5.4000000e+01   4.2779488e+04
   5.5000000e+01   4.2838539e+04
   5.6000000e+01   4.2898637e+04
   5.7000000e+01   4.2959758e+04
   5.8000000e+01   4.3021902e+04
   5.9000000e+01   4.3085059e+04
   6.0000000e+01   4.3149164e+04
   6.1000000e+01   4.3225793e+04
   6.2000000e+01   4.3303184e+04
   6.3000000e+01   4.3381320e+04
   6.4000000e+01   4.3460172e+04
   6.5000000e+01   4.3539719e+04
   6.6000000e+01   4.3619941e+04
   6.7000000e+01   4.3700809e+04
   6.8000000e+01   4.3782297e+04
   6.9000000e+01   4.3864387e+04
   7.0000000e+01   4.3947047e+04
   7.1000000e+01   4.4030254e+04
   7.2000000e+01   4.4113984e+04
   7.3000000e+01   4.4198211e+04
   7.4000000e+01   4.4282910e+04
   7.5000000e+01   4.4368051e+04
   7.6000000e+01   4.4453613e+04
   7.7000000e+01   4.4539566e+04
   7.8000000e+01   4.4625887e+04
   7.9000000e+01   4.4712547e+04
   8.0000000e+01   4.4799520e+04
   8.1000000e+01   4.4886773e+04
   8.2000000e+01   4.4974289e+04
   8.3000000e+01   4.5062035e+04
   8.4000000e+01   4.5149988e+04
   8.5000000e+01   4.5238117e+04
   8.6000000e+01   4.5326395e+04
   8.7000000e+01   4.5414797e+04
   8.8000000e+01   4.5503293e+04
   8.9000000e+01   4.5591855e+04
   9.0000000e+01   4.5680461e+04
   9.1000000e+01   4.5765281e+04
   9.2000000e+01   4.5850090e+04
   9.3000000e+01   4.5934859e+04
   9.4000000e+01   4.6019563e+04
   9.5000000e+01   4.6104168e+04
   9.6000000e+01   4.6188652e+04
   9.7000000e+01   4.6272984e+04
   9.8000000e+01   4.6357141e+04
   9.9000000e+01   4.6441094e+04
   1.0000000e+02   4.6524813e+04
   1.0100000e+02   4.6608273e+04
   1.0200000e+02   4.6691449e+04
   1.0300000e+02   4.6774309e+04
   1.0400000e+02   4.6856832e+04
   1.0500000e+02   4.6938988e+04
   1.0600000e+02   4.7020746e+04
   1.0700000e+02   4.7102090e+04
   1.0800000e+02   4.7182984e+04
   1.0900000e+02   4.7263406e+04
   1.1000000e+02   4.7343328e+04
   1.1100000e+02   4.7422727e+04
   1.1200000e+02   4.7501570e+04
   1.1300000e+02   4.7579840e+04
   1.1400000e+02   4.7657508e+04
   1.1500000e+02   4.7734547e+04
   1.1600000e+02   4.7810930e+04
   1.1700000e+02   4.7886641e+04
   1.1800000e+02   4.7961645e+04
   1.1900000e+02   4.8035926e+04
   1.2000000e+02   4.8109453e+04
   1.2100000e+02   4.8178863e+04
   1.2200000e+02   4.8247480e+04
   1.2300000e+02   4.8315273e+04
   1.2400000e+02   4.8382223e+04
   1.2500000e+02   4.8448305e+04
   1.2600000e+02   4.8513492e+04
   1.2700000e+02   4.8577773e+04
   1.2800000e+02   4.8641117e+04
   1.2900000e+02   4.8703504e+04
   1.3000000e+02   4.8764910e+04
   1.3100000e+02   4.8825320e+04
   1.3200000e+02   4.8884707e+04
   1.3300000e+02   4.8943055e+04
   1.3400000e+02   4.9000336e+04
   1.3500000e+02   4.9056539e+04
   1.3600000e+02   4.9111637e+04
   1.3700000e+02   4.9165625e+04
   1.3800000e+02   4.9218484e+04
   1.3900000e+02   4.9270184e+04
   1.4000000e+02   4.9320707e+04
   1.4100000e+02   4.9370035e+04
   1.4200000e+02   4.9418148e+04
   1.4300000e+02   4.9465035e+04
   1.4400000e+02   4.9510672e+04
   1.4500000e+02   4.9555051e+04
   1.4600000e+02   4.9598148e+04
   1.4700000e+02   4.9639949e+04
   1.4800000e+02   4.9680441e+04
   1.4900000e+02   4.9719613e+04
   1.5000000e+02   4.9757441e+04
   1.5100000e+02   4.9788586e+04
   1.5200000e+02   4.9818375e+04
   1.5300000e+02   4.9846789e+04
   1.5400000e+02   4.9873820e+04
   1.5500000e+02   4.9899453e+04
   1.5600000e+02   4.9923680e+04
   1.5700000e+02   4.9946484e+04
   1.5800000e+02   4.9967859e+04
   1.5900000e+02   4.9987789e+04
   1.6000000e+02   5.0006270e+04
   1.6100000e+02   5.0023289e+04
   1.6200000e+02   5.0038836e+04
   1.6300000e+02   5.0052902e+04
   1.6400000e+02   5.0065484e+04
   1.6500000e+02   5.0076566e+04
   1.6600000e+02   5.0086148e+04
   1.6700000e+02   5.0094223e+04
   1.6800000e+02   5.0100777e+04
   1.6900000e+02   5.0105813e+04
   1.7000000e+02   5.0109320e+04
   1.7100000e+02   5.0111293e+04
   1.7200000e+02   5.0111730e+04
   1.7300000e+02   5.0110629e+04
   1.7400000e+02   5.0107980e+04
   1.7500000e+02   5.0103781e+04
   1.7600000e+02   5.0098035e+04
   1.7700000e+02   5.0090738e+04
   1.7800000e+02   5.0081883e+04
   1.7900000e+02   5.0071477e+04
   1.8000000e+02   5.0059512e+04
   1.8100000e+02   5.0043719e+04
   1.8200000e+02   5.0026379e+04
   1.8300000e+02   5.0007488e+04
   1.8400000e+02   4.9987051e+04
   1.8500000e+02   4.9965070e+04
   1.8600000e+02   4.9941547e+04
   1.8700000e+02   4.9916484e+04
   1.8800000e+02   4.9889887e+04
   1.8900000e+02   4.9861750e+04
   1.9000000e+02   4.9831992e+04
   1.9100000e+02   4.9800695e+04
   1.9200000e+02   4.9767863e+04
   1.9300000e+02   4.9733508e+04
   1.9400000e+02   4.9697633e+04
   1.9500000e+02   4.9660242e+04
   1.9600000e+02   4.9621352e+04
   1.9700000e+02   4.9580965e+04
   1.9800000e+02   4.9539086e+04
   1.9900000e+02   4.9495730e+04
   2.0000000e+02   4.9450906e+04
   2.0100000e+02   4.9404621e+04
   2.0200000e+02   4.9356887e+04
   2.0300000e+02   4.9307711e+04
   2.0400000e+02   4.9257109e+04
   2.0500000e+02   4.9205086e+04
   2.0600000e+02   4.9151660e+04
   2.0700000e+02   4.9096840e+04
   2.0800000e+02   4.9040637e+04
   2.0900000e+02   4.8983066e+04
   2.1000000e+02   4.8924141e+04
   2.1100000e+02   4.8866301e+04
   2.1200000e+02   4.8807148e+04
   2.1300000e+02   4.8746699e+04
   2.1400000e+02   4.8684965e+04
   2.1500000e+02   4.8621961e+04
   2.1600000e+02   4.8557707e+04
   2.1700000e+02   4.8492211e+04
   2.1800000e+02   4.8425492e+04
   2.1900000e+02   4.8357570e+04
   2.2000000e+02   4.8288461e+04
   2.2100000e+02   4.8218176e+04
   2.2200000e+02   4.8146738e+04
   2.2300000e+02   4.8074168e+04
   2.2400000e+02   4.8000480e+04
   2.2500000e+02   4.7925691e+04
   2.2600000e+02   4.7849828e+04
   2.2700000e+02   4.7772910e+04
   2.2800000e+02   4.7694953e+04
   2.2900000e+02   4.7615980e+04
   2.3000000e+02   4.7536016e+04
   2.3100000e+02   4.7455074e+04
   2.3200000e+02   4.7373176e+04
   2.3300000e+02   4.7290348e+04
   2.3400000e+02   4.7206609e+04
   2.3500000e+02   4.7121984e+04
   2.3600000e+02   4.7036492e+04
   2.3700000e+02   4.6950156e+04
   2.3800000e+02   4.6863000e+04
   2.3900000e+02   4.6775043e+04
   2.4000000e+02   4.6686316e+04
   2.4100000e+02   4.6618438e+04
   2.4200000e+02   4.6549750e+04
   2.4300000e+02   4.6480281e+04
   2.4400000e+02   4.6410051e+04
   2.4500000e+02   4.6339090e+04
   2.4600000e+02   4.6267422e+04
   2.4700000e+02   4.6195070e+04
   2.4800000e+02   4.6122055e+04
   2.4900000e+02   4.6048410e+04
   2.5000000e+02   4.5974152e+04
   2.5100000e+02   4.5899316e+04
   2.5200000e+02   4.5823918e+04
   2.5300000e+02   4.5747988e+04
   2.5400000e+02   4.5671555e+04
   2.5500000e+02   4.5594641e+04
   2.5600000e+02   4.5517277e+04
   2.5700000e+02   4.5439484e+04
   2.5800000e+02   4.5361293e+04
   2.5900000e+02   4.5282727e+04
   2.6000000e+02   4.5203816e+04
   2.6100000e+02   4.5124586e+04
   2.6200000e+02   4.5045066e+04
   2.6300000e+02   4.4965281e+04
   2.6400000e+02   4.4885262e+04
   2.6500000e+02   4.4805031e+04
   2.6600000e+02   4.4724617e+04
   2.6700000e+02   4.4644051e+04
   2.6800000e+02   4.4563359e+04
   2.6900000e+02   4.4482566e+04
   2.7000000e+02   4.4401703e+04
   2.7100000e+02   4.4361176e+04
   2.7200000e+02   4.4320727e+04
   2.7300000e+02   4.4280379e+04
   2.7400000e+02   4.4240164e+04
   2.7500000e+02   4.4200113e+04
   2.7600000e+02   4.4160246e+04
   2.7700000e+02   4.4120598e+04
   2.7800000e+02   4.4081191e+04
   2.7900000e+02   4.4042059e+04
   2.8000000e+02   4.4003219e+04
   2.8100000e+02   4.3964711e+04
   2.8200000e+02   4.3926551e+04
   2.8300000e+02   4.3888773e+04
   2.8400000e+02   4.3851402e+04
   2.8500000e+02   4.3814465e+04
   2.8600000e+02   4.3777988e+04
   2.8700000e+02   4.3741996e+04
   2.8800000e+02   4.3706520e+04
   2.8900000e+02   4.3671582e+04
   2.9000000e+02   4.3637211e+04
   2.9100000e+02   4.3603430e+04
   2.9200000e+02   4.3570266e+04
   2.9300000e+02   4.3537742e+04
   2.9400000e+02   4.3505887e+04
   2.9500000e+02   4.3474723e+04
   2.9600000e+02   4.3444277e+04
   2.9700000e+02   4.3414574e+04
   2.9800000e+02   4.3385637e+04
   2.9900000e+02   4.3357492e+04
   3.0000000e+02   4.3330160e+04
   3.0100000e+02   4.3261723e+04
   3.0200000e+02   4.3194102e+04
   3.0300000e+02   4.3127320e+04
   3.0400000e+02   4.3061402e+04
   3.0500000e+02   4.2996363e+04
   3.0600000e+02   4.2932234e+04
   3.0700000e+02   4.2869031e+04
   3.0800000e+02   4.2806777e+04
   3.0900000e+02   4.2745492e+04
   3.1000000e+02   4.2685203e+04
   3.1100000e+02   4.2625922e+04
   3.1200000e+02   4.2567680e+04
   3.1300000e+02   4.2510488e+04
   3.1400000e+02   4.2454371e+04
   3.1500000e+02   4.2399348e+04
   3.1600000e+02   4.2345438e+04
   3.1700000e+02   4.2292656e+04
   3.1800000e+02   4.2241027e+04
   3.1900000e+02   4.2190563e+04
   3.2000000e+02   4.2141289e+04
   3.2100000e+02   4.2093215e+04
   3.2200000e+02   4.2046363e+04
   3.2300000e+02   4.2000750e+04
   3.2400000e+02   4.1956387e+04
   3.2500000e+02   4.1913297e+04
   3.2600000e+02   4.1871492e+04
   3.2700000e+02   4.1830984e+04
   3.2800000e+02   4.1791797e+04
   3.2900000e+02   4.1753938e+04
   3.3000000e+02   4.1717422e+04
   3.3100000e+02   4.1678672e+04
   3.3200000e+02   4.1641277e+04
   3.3300000e+02   4.1605258e+04
   3.3400000e+02   4.1570617e+04
   3.3500000e+02   4.1537367e+04
   3.3600000e+02   4.1505520e+04
   3.3700000e+02   4.1475082e+04
   3.3800000e+02   4.1446066e+04
   3.3900000e+02   4.1418488e+04
   3.4000000e+02   4.1392355e+04
   3.4100000e+02   4.1367676e+04
   3.4200000e+02   4.1344461e+04
   3.4300000e+02   4.1322715e+04
   3.4400000e+02   4.1302453e+04
   3.4500000e+02   4.1283676e+04
   3.4600000e+02   4.1266398e+04
   3.4700000e+02   4.1250621e+04
   3.4800000e+02   4.1236355e+04
   3.4900000e+02   4.1223602e+04
   3.5000000e+02   4.1212371e+04
   3.5100000e+02   4.1202668e+04
   3.5200000e+02   4.1194496e+04
   3.5300000e+02   4.1187859e+04
   3.5400000e+02   4.1182762e+04
   3.5500000e+02   4.1179207e+04
   3.5600000e+02   4.1177199e+04
   3.5700000e+02   4.1176734e+04
   3.5800000e+02   4.1177824e+04
   3.5900000e+02   4.1180461e+04
   1.4226848e-06   4.1184652e+04
