   0.0000000e+00   4.2532253e+01
   1.0000000e+00   2.3836653e+01
   2.0000000e+00   2.3621456e+01
   3.0000000e+00   2.3367447e+01
   4.0000000e+00   2.3101593e+01
   5.0000000e+00   2.2824013e+01
   6.0000000e+00   2.2534756e+01
   7.0000000e+00   2.2233891e+01
   8.0000000e+00   2.1921486e+01
   9.0000000e+00   2.1597633e+01
   1.0000000e+01   2.1262428e+01
   1.1000000e+01   2.0915987e+01
   1.2000000e+01   2.0558432e+01
   1.3000000e+01   2.0189911e+01
   1.4000000e+01   1.9810558e+01
   1.5000000e+01   1.9420563e+01
   1.6000000e+01   1.9020092e+01
   1.7000000e+01   1.8609322e+01
   1.8000000e+01   1.8188473e+01
   1.9000000e+01   1.7757765e+01
   2.0000000e+01   1.7317430e+01
   2.1000000e+01   1.6867716e+01
   2.2000000e+01   1.6408869e+01
   2.3000000e+01   1.5941170e+01
   2.4000000e+01   1.5464955e+01
   2.5000000e+01   1.4980588e+01
   2.6000000e+01   1.4488263e+01
   2.7000000e+01   1.3988306e+01
   2.8000000e+01   1.3481053e+01
   2.9000000e+01   1.2966847e+01
   3.0000000e+01   1.2446054e+01
   3.1000000e+01   1.1914691e+01
   3.2000000e+01   1.1376979e+01
   3.3000000e+01   1.0833315e+01
   3.4000000e+01   1.0284100e+01
   3.5000000e+01   9.7297421e+00
   3.6000000e+01   9.1706648e+00
   3.7000000e+01   8.6072884e+00
   3.8000000e+01   8.0400400e+00
   3.9000000e+01   7.4693561e+00
   4.0000000e+01   6.8956742e+00
   4.1000000e+01   6.3194346e+00
   4.2000000e+01   5.7410755e+00
   4.3000000e+01   5.1610303e+00
   4.4000000e+01   4.5797381e+00
   4.5000000e+01   3.9976313e+00
   4.6000000e+01   3.4151356e+00
   4.7000000e+01   2.8326738e+00
   4.8000000e+01   2.2506645e+00
   4.9000000e+01   1.6695160e+00
   5.0000000e+01   1.0896306e+00
   5.1000000e+01   5.1136303e-01
   5.2000000e+01  -6.4864494e-02
   5.3000000e+01  -6.3867474e-01
   5.4000000e+01  -1.2097056e+00
   5.5000000e+01  -1.7776067e+00
   5.6000000e+01  -2.3420396e+00
   5.7000000e+01  -2.9026785e+00
   5.8000000e+01  -3.4592123e+00
   5.9000000e+01  -4.0113435e+00
   6.0000000e+01  -4.5587926e+00
   6.1000000e+01  -5.0848355e+00
   6.2000000e+01  -5.6056809e+00
   6.3000000e+01  -6.1210747e+00
   6.4000000e+01  -6.6307764e+00
   6.5000000e+01  -7.1345596e+00
   6.6000000e+01  -7.6322188e+00
   6.7000000e+01  -8.1235628e+00
   6.8000000e+01  -8.6084137e+00
   6.9000000e+01  -9.0866089e+00
   7.0000000e+01  -9.5579977e+00
   7.1000000e+01  -1.0022449e+01
   7.2000000e+01  -1.0479841e+01
   7.3000000e+01  -1.0930066e+01
   7.4000000e+01  -1.1373031e+01
   7.5000000e+01  -1.1808650e+01
   7.6000000e+01  -1.2236854e+01
   7.7000000e+01  -1.2657480e+01
   7.8000000e+01  -1.3068153e+01
   7.9000000e+01  -1.3470920e+01
   8.0000000e+01  -1.3865767e+01
   8.1000000e+01  -1.4252674e+01
   8.2000000e+01  -1.4631634e+01
   8.3000000e+01  -1.5002644e+01
   8.4000000e+01  -1.5365712e+01
   8.5000000e+01  -1.5720856e+01
   8.6000000e+01  -1.6068096e+01
   8.7000000e+01  -1.6407463e+01
   8.8000000e+01  -1.6738991e+01
   8.9000000e+01  -1.7062725e+01
   9.0000000e+01  -1.7378708e+01
   9.1000000e+01  -1.7244791e+01
   9.2000000e+01  -1.7106148e+01
   9.3000000e+01  -1.6962793e+01
   9.4000000e+01  -1.6814749e+01
   9.5000000e+01  -1.6662025e+01
   9.6000000e+01  -1.6504637e+01
   9.7000000e+01  -1.6342594e+01
   9.8000000e+01  -1.6175909e+01
   9.9000000e+01  -1.6004587e+01
   1.0000000e+02  -1.5828637e+01
   1.0100000e+02  -1.5648063e+01
   1.0200000e+02  -1.5462867e+01
   1.0300000e+02  -1.5273052e+01
   1.0400000e+02  -1.5078618e+01
   1.0500000e+02  -1.4879565e+01
   1.0600000e+02  -1.4675890e+01
   1.0700000e+02  -1.4467590e+01
   1.0800000e+02  -1.4254660e+01
   1.0900000e+02  -1.4037093e+01
   1.1000000e+02  -1.3814884e+01
   1.1100000e+02  -1.3588022e+01
   1.1200000e+02  -1.3356500e+01
   1.1300000e+02  -1.3120306e+01
   1.1400000e+02  -1.2879428e+01
   1.1500000e+02  -1.2633854e+01
   1.1600000e+02  -1.2383570e+01
   1.1700000e+02  -1.2128562e+01
   1.1800000e+02  -1.1868814e+01
   1.1900000e+02  -1.1604310e+01
   1.2000000e+02  -1.1335033e+01
   1.2100000e+02  -1.1292157e+01
   1.2200000e+02  -1.1245018e+01
   1.2300000e+02  -1.1193581e+01
   1.2400000e+02  -1.1137811e+01
   1.2500000e+02  -1.1077673e+01
   1.2600000e+02  -1.1013133e+01
   1.2700000e+02  -1.0944158e+01
   1.2800000e+02  -1.0870711e+01
   1.2900000e+02  -1.0792762e+01
   1.3000000e+02  -1.0710275e+01
   1.3100000e+02  -1.0623216e+01
   1.3200000e+02  -1.0531551e+01
   1.3300000e+02  -1.0435247e+01
   1.3400000e+02  -1.0334270e+01
   1.3500000e+02  -1.0228584e+01
   1.3600000e+02  -1.0118157e+01
   1.3700000e+02  -1.0002953e+01
   1.3800000e+02  -9.8829355e+00
   1.3900000e+02  -9.7580709e+00
   1.4000000e+02  -9.6283226e+00
   1.4100000e+02  -9.4936552e+00
   1.4200000e+02  -9.3540306e+00
   1.4300000e+02  -9.2094135e+00
   1.4400000e+02  -9.0597649e+00
   1.4500000e+02  -8.9050484e+00
   1.4600000e+02  -8.7452240e+00
   1.4700000e+02  -8.5802526e+00
   1.4800000e+02  -8.4100952e+00
   1.4900000e+02  -8.2347116e+00
   1.5000000e+02  -8.0540619e+00
   1.5100000e+02  -8.0603800e+00
   1.5200000e+02  -8.0608788e+00
   1.5300000e+02  -8.0556002e+00
   1.5400000e+02  -8.0445805e+00
   1.5500000e+02  -8.0278559e+00
   1.5600000e+02  -8.0054636e+00
   1.5700000e+02  -7.9774351e+00
   1.5800000e+02  -7.9438024e+00
   1.5900000e+02  -7.9045963e+00
   1.6000000e+02  -7.8598447e+00
   1.6100000e+02  -7.8095751e+00
   1.6200000e+02  -7.7538133e+00
   1.6300000e+02  -7.6925836e+00
   1.6400000e+02  -7.6259079e+00
   1.6500000e+02  -7.5538087e+00
   1.6600000e+02  -7.4763050e+00
   1.6700000e+02  -7.3934159e+00
   1.6800000e+02  -7.3051591e+00
   1.6900000e+02  -7.2115498e+00
   1.7000000e+02  -7.1126032e+00
   1.7100000e+02  -7.0083332e+00
   1.7200000e+02  -6.8987522e+00
   1.7300000e+02  -6.7838707e+00
   1.7400000e+02  -6.6636996e+00
   1.7500000e+02  -6.5382481e+00
   1.7600000e+02  -6.4075236e+00
   1.7700000e+02  -6.2715335e+00
   1.7800000e+02  -6.1302843e+00
   1.7900000e+02  -5.9837809e+00
   1.8000000e+02  -5.8320279e+00
   1.8100000e+02  -6.1852436e+00
   1.8200000e+02  -6.5311856e+00
   1.8300000e+02  -6.8700533e+00
   1.8400000e+02  -7.2020431e+00
   1.8500000e+02  -7.5273476e+00
   1.8600000e+02  -7.8461576e+00
   1.8700000e+02  -8.1586590e+00
   1.8800000e+02  -8.4650373e+00
   1.8900000e+02  -8.7654724e+00
   1.9000000e+02  -9.0601416e+00
   1.9100000e+02  -9.3492212e+00
   1.9200000e+02  -9.6328831e+00
   1.9300000e+02  -9.9112959e+00
   1.9400000e+02  -1.0184627e+01
   1.9500000e+02  -1.0453037e+01
   1.9600000e+02  -1.0716691e+01
   1.9700000e+02  -1.0975746e+01
   1.9800000e+02  -1.1230357e+01
   1.9900000e+02  -1.1480678e+01
   2.0000000e+02  -1.1726860e+01
   2.0100000e+02  -1.1969051e+01
   2.0200000e+02  -1.2207399e+01
   2.0300000e+02  -1.2442047e+01
   2.0400000e+02  -1.2673011e+01
   2.0500000e+02  -1.2900468e+01
   2.0600000e+02  -1.3124632e+01
   2.0700000e+02  -1.3345639e+01
   2.0800000e+02  -1.3563625e+01
   2.0900000e+02  -1.3778722e+01
   2.1000000e+02  -1.3991059e+01
   2.1100000e+02  -1.3884982e+01
   2.1200000e+02  -1.3776363e+01
   2.1300000e+02  -1.3665222e+01
   2.1400000e+02  -1.3551578e+01
   2.1500000e+02  -1.3435451e+01
   2.1600000e+02  -1.3316862e+01
   2.1700000e+02  -1.3195832e+01
   2.1800000e+02  -1.3072383e+01
   2.1900000e+02  -1.2946537e+01
   2.2000000e+02  -1.2818317e+01
   2.2100000e+02  -1.2687748e+01
   2.2200000e+02  -1.2554852e+01
   2.2300000e+02  -1.2419658e+01
   2.2400000e+02  -1.2282188e+01
   2.2500000e+02  -1.2142471e+01
   2.2600000e+02  -1.2000536e+01
   2.2700000e+02  -1.1856410e+01
   2.2800000e+02  -1.1710124e+01
   2.2900000e+02  -1.1561710e+01
   2.3000000e+02  -1.1411200e+01
   2.3100000e+02  -1.1258627e+01
   2.3200000e+02  -1.1104026e+01
   2.3300000e+02  -1.0947434e+01
   2.3400000e+02  -1.0788889e+01
   2.3500000e+02  -1.0628429e+01
   2.3600000e+02  -1.0466097e+01
   2.3700000e+02  -1.0301933e+01
   2.3800000e+02  -1.0135983e+01
   2.3900000e+02  -9.9682932e+00
   2.4000000e+02  -9.7989101e+00
   2.4100000e+02  -9.3403730e+00
   2.4200000e+02  -8.8768187e+00
   2.4300000e+02  -8.4082804e+00
   2.4400000e+02  -7.9348011e+00
   2.4500000e+02  -7.4564257e+00
   2.4600000e+02  -6.9732065e+00
   2.4700000e+02  -6.4852014e+00
   2.4800000e+02  -5.9924741e+00
   2.4900000e+02  -5.4950943e+00
   2.5000000e+02  -4.9931378e+00
   2.5100000e+02  -4.4866881e+00
   2.5200000e+02  -3.9758339e+00
   2.5300000e+02  -3.4606712e+00
   2.5400000e+02  -2.9413033e+00
   2.5500000e+02  -2.4178395e+00
   2.5600000e+02  -1.8903973e+00
   2.5700000e+02  -1.3591002e+00
   2.5800000e+02  -8.2407981e-01
   2.5900000e+02  -2.8547433e-01
   2.6000000e+02   2.5657052e-01
   2.6100000e+02   8.0190176e-01
   2.6200000e+02   1.3503593e+00
   2.6300000e+02   1.9017758e+00
   2.6400000e+02   2.4559770e+00
   2.6500000e+02   3.0127811e+00
   2.6600000e+02   3.5719998e+00
   2.6700000e+02   4.1334381e+00
   2.6800000e+02   4.6968937e+00
   2.6900000e+02   5.2621593e+00
   2.7000000e+02   5.8290195e+00
   2.7100000e+02   6.3017983e+00
   2.7200000e+02   6.7758565e+00
   2.7300000e+02   7.2510161e+00
   2.7400000e+02   7.7270961e+00
   2.7500000e+02   8.2039099e+00
   2.7600000e+02   8.6812658e+00
   2.7700000e+02   9.1589680e+00
   2.7800000e+02   9.6368179e+00
   2.7900000e+02   1.0114610e+01
   2.8000000e+02   1.0592136e+01
   2.8100000e+02   1.1069187e+01
   2.8200000e+02   1.1545547e+01
   2.8300000e+02   1.2020996e+01
   2.8400000e+02   1.2495315e+01
   2.8500000e+02   1.2968279e+01
   2.8600000e+02   1.3439662e+01
   2.8700000e+02   1.3909236e+01
   2.8800000e+02   1.4376770e+01
   2.8900000e+02   1.4842031e+01
   2.9000000e+02   1.5304788e+01
   2.9100000e+02   1.5764804e+01
   2.9200000e+02   1.6221844e+01
   2.9300000e+02   1.6675673e+01
   2.9400000e+02   1.7126053e+01
   2.9500000e+02   1.7572748e+01
   2.9600000e+02   1.8015524e+01
   2.9700000e+02   1.8454144e+01
   2.9800000e+02   1.8888372e+01
   2.9900000e+02   1.9317976e+01
   3.0000000e+02   1.9742723e+01
   3.0100000e+02   2.0126770e+01
   3.0200000e+02   2.0505520e+01
   3.0300000e+02   2.0878754e+01
   3.0400000e+02   2.1246250e+01
   3.0500000e+02   2.1607796e+01
   3.0600000e+02   2.1963169e+01
   3.0700000e+02   2.2312160e+01
   3.0800000e+02   2.2654554e+01
   3.0900000e+02   2.2990145e+01
   3.1000000e+02   2.3318720e+01
   3.1100000e+02   2.3640076e+01
   3.1200000e+02   2.3954010e+01
   3.1300000e+02   2.4260321e+01
   3.1400000e+02   2.4558813e+01
   3.1500000e+02   2.4849287e+01
   3.1600000e+02   2.5131556e+01
   3.1700000e+02   2.5405424e+01
   3.1800000e+02   2.5670710e+01
   3.1900000e+02   2.5927225e+01
   3.2000000e+02   2.6174793e+01
   3.2100000e+02   2.6413233e+01
   3.2200000e+02   2.6642370e+01
   3.2300000e+02   2.6862032e+01
   3.2400000e+02   2.7072052e+01
   3.2500000e+02   2.7272263e+01
   3.2600000e+02   2.7462502e+01
   3.2700000e+02   2.7642609e+01
   3.2800000e+02   2.7812428e+01
   3.2900000e+02   2.7971806e+01
   3.3000000e+02   2.8120592e+01
   3.3100000e+02   2.8225546e+01
   3.3200000e+02   2.8319492e+01
   3.3300000e+02   2.8402279e+01
   3.3400000e+02   2.8473753e+01
   3.3500000e+02   2.8533768e+01
   3.3600000e+02   2.8582178e+01
   3.3700000e+02   2.8618843e+01
   3.3800000e+02   2.8643623e+01
   3.3900000e+02   2.8656384e+01
   3.4000000e+02   2.8656992e+01
   3.4100000e+02   2.8645321e+01
   3.4200000e+02   2.8621244e+01
   3.4300000e+02   2.8584644e+01
   3.4400000e+02   2.8535400e+01
   3.4500000e+02   2.8473402e+01
   3.4600000e+02   2.8398544e+01
   3.4700000e+02   2.8310724e+01
   3.4800000e+02   2.8209843e+01
   3.4900000e+02   2.8095812e+01
   3.5000000e+02   2.7968544e+01
   3.5100000e+02   2.7827963e+01
   3.5200000e+02   2.7673996e+01
   3.5300000e+02   2.7506580e+01
   3.5400000e+02   2.7325659e+01
   3.5500000e+02   2.7131182e+01
   3.5600000e+02   2.6923113e+01
   3.5700000e+02   2.6701420e+01
   3.5800000e+02   2.6466084e+01
   3.5900000e+02   2.6217096e+01
   7.1133672e-07   2.5954456e+01
   1.0000007e+00   2.5653166e+01
   2.0000007e+00   2.5337887e+01
   3.0000007e+00   2.5008646e+01
   4.0000010e+00   2.4665487e+01
   5.0000010e+00   2.4308466e+01
   6.0000010e+00   2.3937656e+01
   7.0000010e+00   2.3553146e+01
   8.0000010e+00   2.3155045e+01
   9.0000010e+00   2.2743473e+01
   1.0000001e+01   2.2318579e+01
   1.1000001e+01   2.1880520e+01
   1.2000001e+01   2.1429478e+01
   1.3000001e+01   2.0965656e+01
   1.4000001e+01   2.0489275e+01
   1.5000001e+01   2.0000576e+01
   1.6000000e+01   1.9499825e+01
   1.7000000e+01   1.8987305e+01
   1.8000000e+01   1.8463320e+01
   1.9000000e+01   1.7928200e+01
   2.0000000e+01   1.7382290e+01
   2.1000000e+01   1.6825960e+01
   2.2000000e+01   1.6259602e+01
   2.3000000e+01   1.5683619e+01
   2.4000000e+01   1.5098443e+01
   2.5000000e+01   1.4504521e+01
   2.6000000e+01   1.3902317e+01
   2.7000000e+01   1.3292313e+01
   2.8000000e+01   1.2675004e+01
   2.9000000e+01   1.2050903e+01
   3.0000000e+01   1.1420535e+01
   3.1000000e+01   1.0753335e+01
   3.2000000e+01   1.0080449e+01
   3.3000000e+01   9.4024601e+00
   3.4000000e+01   8.7199631e+00
   3.5000000e+01   8.0335588e+00
   3.6000000e+01   7.3438535e+00
   3.7000000e+01   6.6514554e+00
   3.8000000e+01   5.9569764e+00
   3.9000000e+01   5.2610250e+00
   4.0000000e+01   4.5642090e+00
   4.1000000e+01   3.8671296e+00
   4.2000000e+01   3.1703815e+00
   4.3000000e+01   2.4745512e+00
   4.4000000e+01   1.7802140e+00
   4.5000000e+01   1.0879325e+00
   4.6000000e+01   3.9825544e-01
   4.7000000e+01  -2.8828388e-01
   4.8000000e+01  -9.7116947e-01
   4.9000000e+01  -1.6499037e+00
   5.0000000e+01  -2.3240082e+00
   5.1000000e+01  -2.9930255e+00
   5.2000000e+01  -3.6565189e+00
   5.3000000e+01  -4.3140745e+00
   5.4000000e+01  -4.9653001e+00
   5.5000000e+01  -5.6098275e+00
   5.6000000e+01  -6.2473106e+00
   5.7000000e+01  -6.8774281e+00
   5.8000000e+01  -7.4998813e+00
   5.9000000e+01  -8.1143942e+00
   6.0000000e+01  -8.7207155e+00
   6.1000000e+01  -9.1784248e+00
   6.2000000e+01  -9.6291122e+00
   6.3000000e+01  -1.0072653e+01
   6.4000000e+01  -1.0508934e+01
   6.5000000e+01  -1.0937857e+01
   6.6000000e+01  -1.1359337e+01
   6.7000000e+01  -1.1773300e+01
   6.8000000e+01  -1.2179686e+01
   6.9000000e+01  -1.2578445e+01
   7.0000000e+01  -1.2969541e+01
   7.1000000e+01  -1.3352942e+01
   7.2000000e+01  -1.3728633e+01
   7.3000000e+01  -1.4096603e+01
   7.4000000e+01  -1.4456854e+01
   7.5000000e+01  -1.4809391e+01
   7.6000000e+01  -1.5154231e+01
   7.7000000e+01  -1.5491396e+01
   7.8000000e+01  -1.5820916e+01
   7.9000000e+01  -1.6142826e+01
   8.0000000e+01  -1.6457167e+01
   8.1000000e+01  -1.6763983e+01
   8.2000000e+01  -1.7063328e+01
   8.3000000e+01  -1.7355255e+01
   8.4000000e+01  -1.7639824e+01
   8.5000000e+01  -1.7917097e+01
   8.6000000e+01  -1.8187141e+01
   8.7000000e+01  -1.8450024e+01
   8.8000000e+01  -1.8705814e+01
   8.9000000e+01  -1.8954588e+01
   9.0000000e+01  -1.9196419e+01
   9.1000000e+01  -1.8934464e+01
   9.2000000e+01  -1.8671455e+01
   9.3000000e+01  -1.8407320e+01
   9.4000000e+01  -1.8141989e+01
   9.5000000e+01  -1.7875389e+01
   9.6000000e+01  -1.7607450e+01
   9.7000000e+01  -1.7338102e+01
   9.8000000e+01  -1.7067272e+01
   9.9000000e+01  -1.6794889e+01
   1.0000000e+02  -1.6520887e+01
   1.0100000e+02  -1.6245192e+01
   1.0200000e+02  -1.5967737e+01
   1.0300000e+02  -1.5688452e+01
   1.0400000e+02  -1.5407267e+01
   1.0500000e+02  -1.5124115e+01
   1.0600000e+02  -1.4838928e+01
   1.0700000e+02  -1.4551639e+01
   1.0800000e+02  -1.4262177e+01
   1.0900000e+02  -1.3970480e+01
   1.1000000e+02  -1.3676478e+01
   1.1100000e+02  -1.3380107e+01
   1.1200000e+02  -1.3081302e+01
   1.1300000e+02  -1.2779996e+01
   1.1400000e+02  -1.2476125e+01
   1.1500000e+02  -1.2169627e+01
   1.1600000e+02  -1.1860436e+01
   1.1700000e+02  -1.1548492e+01
   1.1800000e+02  -1.1233732e+01
   1.1900000e+02  -1.0916093e+01
   1.2000000e+02  -1.0595516e+01
   1.2100000e+02  -1.0584863e+01
   1.2200000e+02  -1.0569169e+01
   1.2300000e+02  -1.0548429e+01
   1.2400000e+02  -1.0522636e+01
   1.2500000e+02  -1.0491783e+01
   1.2600000e+02  -1.0455863e+01
   1.2700000e+02  -1.0414865e+01
   1.2800000e+02  -1.0368783e+01
   1.2900000e+02  -1.0317606e+01
   1.3000000e+02  -1.0261325e+01
   1.3100000e+02  -1.0199929e+01
   1.3200000e+02  -1.0133406e+01
   1.3300000e+02  -1.0061745e+01
   1.3400000e+02  -9.9849319e+00
   1.3500000e+02  -9.9029541e+00
   1.3600000e+02  -9.8157969e+00
   1.3700000e+02  -9.7234449e+00
   1.3800000e+02  -9.6258812e+00
   1.3900000e+02  -9.5230904e+00
   1.4000000e+02  -9.4150543e+00
   1.4100000e+02  -9.3017530e+00
   1.4200000e+02  -9.1831675e+00
   1.4300000e+02  -9.0592766e+00
   1.4400000e+02  -8.9300594e+00
   1.4500000e+02  -8.7954941e+00
   1.4600000e+02  -8.6555557e+00
   1.4700000e+02  -8.5102205e+00
   1.4800000e+02  -8.3594627e+00
   1.4900000e+02  -8.2032576e+00
   1.5000000e+02  -8.0415764e+00
   1.5100000e+02  -8.0479136e+00
   1.5200000e+02  -8.0484333e+00
   1.5300000e+02  -8.0431767e+00
   1.5400000e+02  -8.0321808e+00
   1.5500000e+02  -8.0154829e+00
   1.5600000e+02  -7.9931178e+00
   1.5700000e+02  -7.9651184e+00
   1.5800000e+02  -7.9315166e+00
   1.5900000e+02  -7.8923421e+00
   1.6000000e+02  -7.8476238e+00
   1.6100000e+02  -7.7973895e+00
   1.6200000e+02  -7.7416635e+00
   1.6300000e+02  -7.6804709e+00
   1.6400000e+02  -7.6138339e+00
   1.6500000e+02  -7.5417747e+00
   1.6600000e+02  -7.4643121e+00
   1.6700000e+02  -7.3814659e+00
   1.6800000e+02  -7.2932525e+00
   1.6900000e+02  -7.1996880e+00
   1.7000000e+02  -7.1007876e+00
   1.7100000e+02  -6.9965649e+00
   1.7200000e+02  -6.8870320e+00
   1.7300000e+02  -6.7722006e+00
   1.7400000e+02  -6.6520801e+00
   1.7500000e+02  -6.5266805e+00
   1.7600000e+02  -6.3960090e+00
   1.7700000e+02  -6.2600732e+00
   1.7800000e+02  -6.1188793e+00
   1.7900000e+02  -5.9724326e+00
   1.8000000e+02  -5.8207378e+00
   1.8100000e+02  -6.1708717e+00
   1.8200000e+02  -6.5143609e+00
   1.8300000e+02  -6.8513689e+00
   1.8400000e+02  -7.1820569e+00
   1.8500000e+02  -7.5065861e+00
   1.8600000e+02  -7.8251152e+00
   1.8700000e+02  -8.1378021e+00
   1.8800000e+02  -8.4448042e+00
   1.8900000e+02  -8.7462769e+00
   1.9000000e+02  -9.0423717e+00
   1.9100000e+02  -9.3332415e+00
   1.9200000e+02  -9.6190376e+00
   1.9300000e+02  -9.8999081e+00
   1.9400000e+02  -1.0176001e+01
   1.9500000e+02  -1.0447461e+01
   1.9600000e+02  -1.0714433e+01
   1.9700000e+02  -1.0977059e+01
   1.9800000e+02  -1.1235482e+01
   1.9900000e+02  -1.1489841e+01
   2.0000000e+02  -1.1740273e+01
   2.0100000e+02  -1.1986915e+01
   2.0200000e+02  -1.2229902e+01
   2.0300000e+02  -1.2469370e+01
   2.0400000e+02  -1.2705450e+01
   2.0500000e+02  -1.2938273e+01
   2.0600000e+02  -1.3167970e+01
   2.0700000e+02  -1.3394668e+01
   2.0800000e+02  -1.3618495e+01
   2.0900000e+02  -1.3839578e+01
   2.1000000e+02  -1.4058041e+01
   2.1100000e+02  -1.3980131e+01
   2.1200000e+02  -1.3899419e+01
   2.1300000e+02  -1.3815933e+01
   2.1400000e+02  -1.3729702e+01
   2.1500000e+02  -1.3640754e+01
   2.1600000e+02  -1.3549115e+01
   2.1700000e+02  -1.3454818e+01
   2.1800000e+02  -1.3357889e+01
   2.1900000e+02  -1.3258360e+01
   2.2000000e+02  -1.3156260e+01
   2.2100000e+02  -1.3051620e+01
   2.2200000e+02  -1.2944472e+01
   2.2300000e+02  -1.2834847e+01
   2.2400000e+02  -1.2722779e+01
   2.2500000e+02  -1.2608300e+01
   2.2600000e+02  -1.2491446e+01
   2.2700000e+02  -1.2372252e+01
   2.2800000e+02  -1.2250752e+01
   2.2900000e+02  -1.2126987e+01
   2.3000000e+02  -1.2000991e+01
   2.3100000e+02  -1.1872806e+01
   2.3200000e+02  -1.1742472e+01
   2.3300000e+02  -1.1610030e+01
   2.3400000e+02  -1.1475524e+01
   2.3500000e+02  -1.1338999e+01
   2.3600000e+02  -1.1200500e+01
   2.3700000e+02  -1.1060076e+01
   2.3800000e+02  -1.0917774e+01
   2.3900000e+02  -1.0773647e+01
   2.4000000e+02  -1.0627747e+01
   2.4100000e+02  -1.0150331e+01
   2.4200000e+02  -9.6678734e+00
   2.4300000e+02  -9.1804094e+00
   2.4400000e+02  -8.6879778e+00
   2.4500000e+02  -8.1906223e+00
   2.4600000e+02  -7.6883945e+00
   2.4700000e+02  -7.1813517e+00
   2.4800000e+02  -6.6695566e+00
   2.4900000e+02  -6.1530800e+00
   2.5000000e+02  -5.6319981e+00
   2.5100000e+02  -5.1063948e+00
   2.5200000e+02  -4.5763612e+00
   2.5300000e+02  -4.0419950e+00
   2.5400000e+02  -3.5034020e+00
   2.5500000e+02  -2.9606950e+00
   2.5600000e+02  -2.4139361e+00
   2.5700000e+02  -1.8633153e+00
   2.5800000e+02  -1.3089726e+00
   2.5900000e+02  -7.5105137e-01
   2.6000000e+02  -1.8970333e-01
   2.6100000e+02   3.7491229e-01
   2.6200000e+02   9.4262862e-01
   2.6300000e+02   1.5132711e+00
   2.6400000e+02   2.0866575e+00
   2.6500000e+02   2.6625988e+00
   2.6600000e+02   3.2408977e+00
   2.6700000e+02   3.8213501e+00
   2.6800000e+02   4.4037457e+00
   2.6900000e+02   4.9878659e+00
   2.7000000e+02   5.5734873e+00
   2.7100000e+02   6.0617342e+00
   2.7200000e+02   6.5512481e+00
   2.7300000e+02   7.0418453e+00
   2.7400000e+02   7.5333362e+00
   2.7500000e+02   8.0255270e+00
   2.7600000e+02   8.5182171e+00
   2.7700000e+02   9.0112038e+00
   2.7800000e+02   9.5042782e+00
   2.7900000e+02   9.9972296e+00
   2.8000000e+02   1.0489840e+01
   2.8100000e+02   1.0981889e+01
   2.8200000e+02   1.1473154e+01
   2.8300000e+02   1.1963408e+01
   2.8400000e+02   1.2452421e+01
   2.8500000e+02   1.2939960e+01
   2.8600000e+02   1.3425792e+01
   2.8700000e+02   1.3909677e+01
   2.8800000e+02   1.4391377e+01
   2.8900000e+02   1.4870652e+01
   2.9000000e+02   1.5347260e+01
   2.9100000e+02   1.5820959e+01
   2.9200000e+02   1.6291504e+01
   2.9300000e+02   1.6758652e+01
   2.9400000e+02   1.7222160e+01
   2.9500000e+02   1.7681782e+01
   2.9600000e+02   1.8137278e+01
   2.9700000e+02   1.8588404e+01
   2.9800000e+02   1.9034918e+01
   2.9900000e+02   1.9476582e+01
   3.0000000e+02   1.9913155e+01
   3.0100000e+02   2.0307058e+01
   3.0200000e+02   2.0695490e+01
   3.0300000e+02   2.1078228e+01
   3.0400000e+02   2.1455046e+01
   3.0500000e+02   2.1825720e+01
   3.0600000e+02   2.2190031e+01
   3.0700000e+02   2.2547762e+01
   3.0800000e+02   2.2898693e+01
   3.0900000e+02   2.3242613e+01
   3.1000000e+02   2.3579309e+01
   3.1100000e+02   2.3908571e+01
   3.1200000e+02   2.4230194e+01
   3.1300000e+02   2.4543974e+01
   3.1400000e+02   2.4849709e+01
   3.1500000e+02   2.5147202e+01
   3.1600000e+02   2.5436258e+01
   3.1700000e+02   2.5716684e+01
   3.1800000e+02   2.5988293e+01
   3.1900000e+02   2.6250895e+01
   3.2000000e+02   2.6504311e+01
   3.2100000e+02   2.6748360e+01
   3.2200000e+02   2.6982864e+01
   3.2300000e+02   2.7207653e+01
   3.2400000e+02   2.7422554e+01
   3.2500000e+02   2.7627399e+01
   3.2600000e+02   2.7822027e+01
   3.2700000e+02   2.8006275e+01
   3.2800000e+02   2.8179985e+01
   3.2900000e+02   2.8343006e+01
   3.3000000e+02   2.8495184e+01
   3.3100000e+02   2.8601849e+01
   3.3200000e+02   2.8697273e+01
   3.3300000e+02   2.8781301e+01
   3.3400000e+02   2.8853779e+01
   3.3500000e+02   2.8914553e+01
   3.3600000e+02   2.8963478e+01
   3.3700000e+02   2.9000404e+01
   3.3800000e+02   2.9025192e+01
   3.3900000e+02   2.9037701e+01
   3.4000000e+02   2.9037794e+01
   3.4100000e+02   2.9025339e+01
   3.4200000e+02   2.9000208e+01
   3.4300000e+02   2.8962276e+01
   3.4400000e+02   2.8911423e+01
   3.4500000e+02   2.8847530e+01
   3.4600000e+02   2.8770489e+01
   3.4700000e+02   2.8680189e+01
   3.4800000e+02   2.8576534e+01
   3.4900000e+02   2.8459429e+01
   3.5000000e+02   2.8328781e+01
   3.5100000e+02   2.8184509e+01
   3.5200000e+02   2.8026539e+01
   3.5300000e+02   2.7854801e+01
   3.5400000e+02   2.7669235e+01
   3.5500000e+02   2.7469793e+01
   3.5600000e+02   2.7256428e+01
   3.5700000e+02   2.7029110e+01
   3.5800000e+02   2.6787815e+01
   3.5900000e+02   2.6532532e+01
   1.4226848e-06   2.6263258e+01
