   0.0000000e+00   1.2182482e+04
   1.0000000e+00   1.2058609e+04
   2.0000000e+00   1.2024533e+04
   3.0000000e+00   1.1992220e+04
   4.0000000e+00   1.1960795e+04
   5.0000000e+00   1.1930288e+04
   6.0000000e+00   1.1900738e+04
   7.0000000e+00   1.1872185e+04
   8.0000000e+00   1.1844661e+04
   9.0000000e+00   1.1818203e+04
   1.0000000e+01   1.1792843e+04
   1.1000000e+01   1.1768616e+04
   1.2000000e+01   1.1745557e+04
   1.3000000e+01   1.1723707e+04
   1.4000000e+01   1.1703101e+04
   1.5000000e+01   1.1683791e+04
   1.6000000e+01   1.1665824e+04
   1.7000000e+01   1.1649239e+04
   1.8000000e+01   1.1634083e+04
   1.9000000e+01   1.1620403e+04
   2.0000000e+01   1.1608236e+04
   2.1000000e+01   1.1597621e+04
   2.2000000e+01   1.1588602e+04
   2.3000000e+01   1.1581219e+04
   2.4000000e+01   1.1575490e+04
   2.5000000e+01   1.1571426e+04
   2.6000000e+01   1.1569113e+04
   2.7000000e+01   1.1568589e+04
   2.8000000e+01   1.1569888e+04
   2.9000000e+01   1.1573043e+04
   3.0000000e+01   1.1578085e+04
   3.1000000e+01   1.1584108e+04
   3.2000000e+01   1.1592054e+04
   3.3000000e+01   1.1601951e+04
   3.4000000e+01   1.1613830e+04
   3.5000000e+01   1.1627716e+04
   3.6000000e+01   1.1643632e+04
   3.7000000e+01   1.1661602e+04
   3.8000000e+01   1.1681645e+04
   3.9000000e+01   1.1703777e+04
   4.0000000e+01   1.1728019e+04
   4.1000000e+01   1.1754385e+04
   4.2000000e+01   1.1782889e+04
   4.3000000e+01   1.1813535e+04
   4.4000000e+01   1.1846330e+04
   4.5000000e+01   1.1881277e+04
   4.6000000e+01   1.1918377e+04
   4.7000000e+01   1.1957625e+04
   4.8000000e+01   1.1999017e+04
   4.9000000e+01   1.2042545e+04
   5.0000000e+01   1.2088199e+04
   5.1000000e+01   1.2136014e+04
   5.2000000e+01   1.2185933e+04
   5.3000000e+01   1.2237933e+04
   5.4000000e+01   1.2291993e+04
   5.5000000e+01   1.2348093e+04
   5.6000000e+01   1.2406206e+04
   5.7000000e+01   1.2466307e+04
   5.8000000e+01   1.2528366e+04
   5.9000000e+01   1.2592353e+04
   6.0000000e+01   1.2658231e+04
   6.1000000e+01   1.2722432e+04
   6.2000000e+01   1.2788393e+04
   6.3000000e+01   1.2856075e+04
   6.4000000e+01   1.2925437e+04
   6.5000000e+01   1.2996434e+04
   6.6000000e+01   1.3069022e+04
   6.7000000e+01   1.3143155e+04
   6.8000000e+01   1.3218783e+04
   6.9000000e+01   1.3295859e+04
   7.0000000e+01   1.3374332e+04
   7.1000000e+01   1.3454149e+04
   7.2000000e+01   1.3535260e+04
   7.3000000e+01   1.3617610e+04
   7.4000000e+01   1.3701147e+04
   7.5000000e+01   1.3785816e+04
   7.6000000e+01   1.3871562e+04
   7.7000000e+01   1.3958303e+04
   7.8000000e+01   1.4045402e+04
   7.9000000e+01   1.4133324e+04
   8.0000000e+01   1.4222017e+04
   8.1000000e+01   1.4311421e+04
   8.2000000e+01   1.4401479e+04
   8.3000000e+01   1.4492136e+04
   8.4000000e+01   1.4583331e+04
   8.5000000e+01   1.4675009e+04
   8.6000000e+01   1.4767111e+04
   8.7000000e+01   1.4859581e+04
   8.8000000e+01   1.4952363e+04
   8.9000000e+01   1.5045399e+04
   9.0000000e+01   1.5138634e+04
   9.1000000e+01   1.5173559e+04
   9.2000000e+01   1.5208691e+04
   9.3000000e+01   1.5244008e+04
   9.4000000e+01   1.5279484e+04
   9.5000000e+01   1.5315098e+04
   9.6000000e+01   1.5350825e+04
   9.7000000e+01   1.5386644e+04
   9.8000000e+01   1.5422532e+04
   9.9000000e+01   1.5458467e+04
   1.0000000e+02   1.5494429e+04
   1.0100000e+02   1.5530395e+04
   1.0200000e+02   1.5566346e+04
   1.0300000e+02   1.5602261e+04
   1.0400000e+02   1.5638122e+04
   1.0500000e+02   1.5673909e+04
   1.0600000e+02   1.5709604e+04
   1.0700000e+02   1.5745189e+04
   1.0800000e+02   1.5780648e+04
   1.0900000e+02   1.5815964e+04
   1.1000000e+02   1.5851120e+04
   1.1100000e+02   1.5886103e+04
   1.1200000e+02   1.5920895e+04
   1.1300000e+02   1.5955485e+04
   1.1400000e+02   1.5989859e+04
   1.1500000e+02   1.6024005e+04
   1.1600000e+02   1.6057911e+04
   1.1700000e+02   1.6091566e+04
   1.1800000e+02   1.6124961e+04
   1.1900000e+02   1.6158085e+04
   1.2000000e+02   1.6190931e+04
   1.2100000e+02   1.6226670e+04
   1.2200000e+02   1.6261672e+04
   1.2300000e+02   1.6295912e+04
   1.2400000e+02   1.6329363e+04
   1.2500000e+02   1.6362005e+04
   1.2600000e+02   1.6393813e+04
   1.2700000e+02   1.6424766e+04
   1.2800000e+02   1.6454842e+04
   1.2900000e+02   1.6484021e+04
   1.3000000e+02   1.6512281e+04
   1.3100000e+02   1.6539605e+04
   1.3200000e+02   1.6565975e+04
   1.3300000e+02   1.6591369e+04
   1.3400000e+02   1.6615775e+04
   1.3500000e+02   1.6639178e+04
   1.3600000e+02   1.6661559e+04
   1.3700000e+02   1.6682904e+04
   1.3800000e+02   1.6703205e+04
   1.3900000e+02   1.6722445e+04
   1.4000000e+02   1.6740615e+04
   1.4100000e+02   1.6757703e+04
   1.4200000e+02   1.6773701e+04
   1.4300000e+02   1.6788600e+04
   1.4400000e+02   1.6802391e+04
   1.4500000e+02   1.6815070e+04
   1.4600000e+02   1.6826631e+04
   1.4700000e+02   1.6837066e+04
   1.4800000e+02   1.6846377e+04
   1.4900000e+02   1.6854557e+04
   1.5000000e+02   1.6861605e+04
   1.5100000e+02   1.6901805e+04
   1.5200000e+02   1.6940523e+04
   1.5300000e+02   1.6977752e+04
   1.5400000e+02   1.7013477e+04
   1.5500000e+02   1.7047689e+04
   1.5600000e+02   1.7080379e+04
   1.5700000e+02   1.7111541e+04
   1.5800000e+02   1.7141168e+04
   1.5900000e+02   1.7169250e+04
   1.6000000e+02   1.7195787e+04
   1.6100000e+02   1.7220771e+04
   1.6200000e+02   1.7244201e+04
   1.6300000e+02   1.7266072e+04
   1.6400000e+02   1.7286387e+04
   1.6500000e+02   1.7305143e+04
   1.6600000e+02   1.7322340e+04
   1.6700000e+02   1.7337980e+04
   1.6800000e+02   1.7352066e+04
   1.6900000e+02   1.7364602e+04
   1.7000000e+02   1.7375592e+04
   1.7100000e+02   1.7385037e+04
   1.7200000e+02   1.7392949e+04
   1.7300000e+02   1.7399332e+04
   1.7400000e+02   1.7404193e+04
   1.7500000e+02   1.7407543e+04
   1.7600000e+02   1.7409391e+04
   1.7700000e+02   1.7409744e+04
   1.7800000e+02   1.7408619e+04
   1.7900000e+02   1.7406023e+04
   1.8000000e+02   1.7401973e+04
   1.8100000e+02   1.7457430e+04
   1.8200000e+02   1.7511701e+04
   1.8300000e+02   1.7564758e+04
   1.8400000e+02   1.7616574e+04
   1.8500000e+02   1.7667127e+04
   1.8600000e+02   1.7716395e+04
   1.8700000e+02   1.7764354e+04
   1.8800000e+02   1.7810988e+04
   1.8900000e+02   1.7856279e+04
   1.9000000e+02   1.7900213e+04
   1.9100000e+02   1.7942775e+04
   1.9200000e+02   1.7983955e+04
   1.9300000e+02   1.8023740e+04
   1.9400000e+02   1.8062121e+04
   1.9500000e+02   1.8099092e+04
   1.9600000e+02   1.8134645e+04
   1.9700000e+02   1.8168775e+04
   1.9800000e+02   1.8201480e+04
   1.9900000e+02   1.8232760e+04
   2.0000000e+02   1.8262609e+04
   2.0100000e+02   1.8291031e+04
   2.0200000e+02   1.8318027e+04
   2.0300000e+02   1.8343600e+04
   2.0400000e+02   1.8367713e+04
   2.0500000e+02   1.8390381e+04
   2.0600000e+02   1.8411639e+04
   2.0700000e+02   1.8431492e+04
   2.0800000e+02   1.8449949e+04
   2.0900000e+02   1.8467020e+04
   2.1000000e+02   1.8482715e+04
   2.1100000e+02   1.8421869e+04
   2.1200000e+02   1.8359658e+04
   2.1300000e+02   1.8296104e+04
   2.1400000e+02   1.8231230e+04
   2.1500000e+02   1.8165061e+04
   2.1600000e+02   1.8097619e+04
   2.1700000e+02   1.8028932e+04
   2.1800000e+02   1.7959020e+04
   2.1900000e+02   1.7887908e+04
   2.2000000e+02   1.7815627e+04
   2.2100000e+02   1.7742195e+04
   2.2200000e+02   1.7667645e+04
   2.2300000e+02   1.7591998e+04
   2.2400000e+02   1.7515283e+04
   2.2500000e+02   1.7437527e+04
   2.2600000e+02   1.7358754e+04
   2.2700000e+02   1.7278994e+04
   2.2800000e+02   1.7198273e+04
   2.2900000e+02   1.7116619e+04
   2.3000000e+02   1.7034059e+04
   2.3100000e+02   1.6950621e+04
   2.3200000e+02   1.6866332e+04
   2.3300000e+02   1.6781223e+04
   2.3400000e+02   1.6695318e+04
   2.3500000e+02   1.6608648e+04
   2.3600000e+02   1.6521240e+04
   2.3700000e+02   1.6433123e+04
   2.3800000e+02   1.6344324e+04
   2.3900000e+02   1.6254873e+04
   2.4000000e+02   1.6164798e+04
   2.4100000e+02   1.6080064e+04
   2.4200000e+02   1.5995737e+04
   2.4300000e+02   1.5911861e+04
   2.4400000e+02   1.5828479e+04
   2.4500000e+02   1.5745631e+04
   2.4600000e+02   1.5663360e+04
   2.4700000e+02   1.5581708e+04
   2.4800000e+02   1.5500716e+04
   2.4900000e+02   1.5420423e+04
   2.5000000e+02   1.5340869e+04
   2.5100000e+02   1.5262093e+04
   2.5200000e+02   1.5184132e+04
   2.5300000e+02   1.5107024e+04
   2.5400000e+02   1.5030806e+04
   2.5500000e+02   1.4955513e+04
   2.5600000e+02   1.4881178e+04
   2.5700000e+02   1.4807837e+04
   2.5800000e+02   1.4735520e+04
   2.5900000e+02   1.4664260e+04
   2.6000000e+02   1.4594085e+04
   2.6100000e+02   1.4525026e+04
   2.6200000e+02   1.4457110e+04
   2.6300000e+02   1.4390364e+04
   2.6400000e+02   1.4324812e+04
   2.6500000e+02   1.4260478e+04
   2.6600000e+02   1.4197383e+04
   2.6700000e+02   1.4135549e+04
   2.6800000e+02   1.4074995e+04
   2.6900000e+02   1.4015739e+04
   2.7000000e+02   1.3957797e+04
   2.7100000e+02   1.3887814e+04
   2.7200000e+02   1.3818738e+04
   2.7300000e+02   1.3750581e+04
   2.7400000e+02   1.3683355e+04
   2.7500000e+02   1.3617072e+04
   2.7600000e+02   1.3551742e+04
   2.7700000e+02   1.3487373e+04
   2.7800000e+02   1.3423973e+04
   2.7900000e+02   1.3361547e+04
   2.8000000e+02   1.3300102e+04
   2.8100000e+02   1.3239640e+04
   2.8200000e+02   1.3180164e+04
   2.8300000e+02   1.3121675e+04
   2.8400000e+02   1.3064173e+04
   2.8500000e+02   1.3007656e+04
   2.8600000e+02   1.2952123e+04
   2.8700000e+02   1.2897569e+04
   2.8800000e+02   1.2843990e+04
   2.8900000e+02   1.2791379e+04
   2.9000000e+02   1.2739729e+04
   2.9100000e+02   1.2689032e+04
   2.9200000e+02   1.2639278e+04
   2.9300000e+02   1.2590458e+04
   2.9400000e+02   1.2542559e+04
   2.9500000e+02   1.2495569e+04
   2.9600000e+02   1.2449475e+04
   2.9700000e+02   1.2404263e+04
   2.9800000e+02   1.2359917e+04
   2.9900000e+02   1.2316422e+04
   3.0000000e+02   1.2273761e+04
   3.0100000e+02   1.2227567e+04
   3.0200000e+02   1.2182059e+04
   3.0300000e+02   1.2137220e+04
   3.0400000e+02   1.2093033e+04
   3.0500000e+02   1.2049484e+04
   3.0600000e+02   1.2006556e+04
   3.0700000e+02   1.1964229e+04
   3.0800000e+02   1.1922489e+04
   3.0900000e+02   1.1881318e+04
   3.1000000e+02   1.1840697e+04
   3.1100000e+02   1.1800609e+04
   3.1200000e+02   1.1761038e+04
   3.1300000e+02   1.1721964e+04
   3.1400000e+02   1.1683371e+04
   3.1500000e+02   1.1645241e+04
   3.1600000e+02   1.1607559e+04
   3.1700000e+02   1.1570305e+04
   3.1800000e+02   1.1533465e+04
   3.1900000e+02   1.1497021e+04
   3.2000000e+02   1.1460960e+04
   3.2100000e+02   1.1425266e+04
   3.2200000e+02   1.1389923e+04
   3.2300000e+02   1.1354918e+04
   3.2400000e+02   1.1320239e+04
   3.2500000e+02   1.1285872e+04
   3.2600000e+02   1.1251806e+04
   3.2700000e+02   1.1218029e+04
   3.2800000e+02   1.1184532e+04
   3.2900000e+02   1.1151306e+04
   3.3000000e+02   1.1118341e+04
   3.3100000e+02   1.1080959e+04
   3.3200000e+02   1.1043793e+04
   3.3300000e+02   1.1006842e+04
   3.3400000e+02   1.0970105e+04
   3.3500000e+02   1.0933584e+04
   3.3600000e+02   1.0897279e+04
   3.3700000e+02   1.0861196e+04
   3.3800000e+02   1.0825339e+04
   3.3900000e+02   1.0789714e+04
   3.4000000e+02   1.0754328e+04
   3.4100000e+02   1.0719190e+04
   3.4200000e+02   1.0684312e+04
   3.4300000e+02   1.0649702e+04
   3.4400000e+02   1.0615377e+04
   3.4500000e+02   1.0581350e+04
   3.4600000e+02   1.0547636e+04
   3.4700000e+02   1.0514254e+04
   3.4800000e+02   1.0481223e+04
   3.4900000e+02   1.0448563e+04
   3.5000000e+02   1.0416295e+04
   3.5100000e+02   1.0384445e+04
   3.5200000e+02   1.0353038e+04
   3.5300000e+02   1.0322099e+04
   3.5400000e+02   1.0291657e+04
   3.5500000e+02   1.0261741e+04
   3.5600000e+02   1.0232384e+04
   3.5700000e+02   1.0203615e+04
   3.5800000e+02   1.0175472e+04
   3.5900000e+02   1.0147986e+04
   7.1133672e-07   1.0121197e+04
   1.0000007e+00   1.0091412e+04
   2.0000007e+00   1.0062438e+04
   3.0000007e+00   1.0034322e+04
   4.0000010e+00   1.0007107e+04
   5.0000010e+00   9.9808418e+03
   6.0000010e+00   9.9555703e+03
   7.0000010e+00   9.9313418e+03
   8.0000010e+00   9.9082061e+03
   9.0000010e+00   9.8862129e+03
   1.0000001e+01   9.8654121e+03
   1.1000001e+01   9.8458545e+03
   1.2000001e+01   9.8275928e+03
   1.3000001e+01   9.8106768e+03
   1.4000001e+01   9.7951602e+03
   1.5000001e+01   9.7810938e+03
   1.6000000e+01   9.7685293e+03
   1.7000000e+01   9.7575205e+03
   1.8000000e+01   9.7481162e+03
   1.9000000e+01   9.7403682e+03
   2.0000000e+01   9.7343262e+03
   2.1000000e+01   9.7300400e+03
   2.2000000e+01   9.7275586e+03
   2.3000000e+01   9.7269268e+03
   2.4000000e+01   9.7281924e+03
   2.5000000e+01   9.7313994e+03
   2.6000000e+01   9.7365898e+03
   2.7000000e+01   9.7438057e+03
   2.8000000e+01   9.7530850e+03
   2.9000000e+01   9.7644648e+03
   3.0000000e+01   9.7779805e+03
   3.1000000e+01   9.7893906e+03
   3.2000000e+01   9.8031143e+03
   3.3000000e+01   9.8191836e+03
   3.4000000e+01   9.8376270e+03
   3.5000000e+01   9.8584678e+03
   3.6000000e+01   9.8817285e+03
   3.7000000e+01   9.9074268e+03
   3.8000000e+01   9.9355801e+03
   3.9000000e+01   9.9661982e+03
   4.0000000e+01   9.9992920e+03
   4.1000000e+01   1.0034865e+04
   4.2000000e+01   1.0072921e+04
   4.3000000e+01   1.0113458e+04
   4.4000000e+01   1.0156470e+04
   4.5000000e+01   1.0201950e+04
   4.6000000e+01   1.0249887e+04
   4.7000000e+01   1.0300265e+04
   4.8000000e+01   1.0353066e+04
   4.9000000e+01   1.0408271e+04
   5.0000000e+01   1.0465855e+04
   5.1000000e+01   1.0525791e+04
   5.2000000e+01   1.0588049e+04
   5.3000000e+01   1.0652596e+04
   5.4000000e+01   1.0719396e+04
   5.5000000e+01   1.0788414e+04
   5.6000000e+01   1.0859607e+04
   5.7000000e+01   1.0932935e+04
   5.8000000e+01   1.1008352e+04
   5.9000000e+01   1.1085811e+04
   6.0000000e+01   1.1165264e+04
   6.1000000e+01   1.1249323e+04
   6.2000000e+01   1.1334806e+04
   6.3000000e+01   1.1421669e+04
   6.4000000e+01   1.1509868e+04
   6.5000000e+01   1.1599356e+04
   6.6000000e+01   1.1690088e+04
   6.7000000e+01   1.1782015e+04
   6.8000000e+01   1.1875091e+04
   6.9000000e+01   1.1969266e+04
   7.0000000e+01   1.2064491e+04
   7.1000000e+01   1.2160717e+04
   7.2000000e+01   1.2257895e+04
   7.3000000e+01   1.2355973e+04
   7.4000000e+01   1.2454901e+04
   7.5000000e+01   1.2554629e+04
   7.6000000e+01   1.2655106e+04
   7.7000000e+01   1.2756280e+04
   7.8000000e+01   1.2858101e+04
   7.9000000e+01   1.2960517e+04
   8.0000000e+01   1.3063477e+04
   8.1000000e+01   1.3166929e+04
   8.2000000e+01   1.3270823e+04
   8.3000000e+01   1.3375109e+04
   8.4000000e+01   1.3479734e+04
   8.5000000e+01   1.3584649e+04
   8.6000000e+01   1.3689804e+04
   8.7000000e+01   1.3795146e+04
   8.8000000e+01   1.3900629e+04
   8.9000000e+01   1.4006200e+04
   9.0000000e+01   1.4111813e+04
   9.1000000e+01   1.4172764e+04
   9.2000000e+01   1.4233738e+04
   9.3000000e+01   1.4294714e+04
   9.4000000e+01   1.4355663e+04
   9.5000000e+01   1.4416563e+04
   9.6000000e+01   1.4477391e+04
   9.7000000e+01   1.4538121e+04
   9.8000000e+01   1.4598733e+04
   9.9000000e+01   1.4659204e+04
   1.0000000e+02   1.4719512e+04
   1.0100000e+02   1.4779637e+04
   1.0200000e+02   1.4839558e+04
   1.0300000e+02   1.4899256e+04
   1.0400000e+02   1.4958711e+04
   1.0500000e+02   1.5017906e+04
   1.0600000e+02   1.5076824e+04
   1.0700000e+02   1.5135446e+04
   1.0800000e+02   1.5193757e+04
   1.0900000e+02   1.5251741e+04
   1.1000000e+02   1.5309385e+04
   1.1100000e+02   1.5366672e+04
   1.1200000e+02   1.5423591e+04
   1.1300000e+02   1.5480129e+04
   1.1400000e+02   1.5536274e+04
   1.1500000e+02   1.5592016e+04
   1.1600000e+02   1.5647343e+04
   1.1700000e+02   1.5702247e+04
   1.1800000e+02   1.5756721e+04
   1.1900000e+02   1.5810755e+04
   1.2000000e+02   1.5864343e+04
   1.2100000e+02   1.5914529e+04
   1.2200000e+02   1.5963728e+04
   1.2300000e+02   1.6011915e+04
   1.2400000e+02   1.6059070e+04
   1.2500000e+02   1.6105171e+04
   1.2600000e+02   1.6150197e+04
   1.2700000e+02   1.6194130e+04
   1.2800000e+02   1.6236948e+04
   1.2900000e+02   1.6278635e+04
   1.3000000e+02   1.6319172e+04
   1.3100000e+02   1.6358544e+04
   1.3200000e+02   1.6396732e+04
   1.3300000e+02   1.6433727e+04
   1.3400000e+02   1.6469508e+04
   1.3500000e+02   1.6504064e+04
   1.3600000e+02   1.6537383e+04
   1.3700000e+02   1.6569453e+04
   1.3800000e+02   1.6600264e+04
   1.3900000e+02   1.6629805e+04
   1.4000000e+02   1.6658066e+04
   1.4100000e+02   1.6685041e+04
   1.4200000e+02   1.6710721e+04
   1.4300000e+02   1.6735102e+04
   1.4400000e+02   1.6758174e+04
   1.4500000e+02   1.6779938e+04
   1.4600000e+02   1.6800387e+04
   1.4700000e+02   1.6819518e+04
   1.4800000e+02   1.6837332e+04
   1.4900000e+02   1.6853826e+04
   1.5000000e+02   1.6869002e+04
   1.5100000e+02   1.6909178e+04
   1.5200000e+02   1.6947873e+04
   1.5300000e+02   1.6985076e+04
   1.5400000e+02   1.7020779e+04
   1.5500000e+02   1.7054969e+04
   1.5600000e+02   1.7087639e+04
   1.5700000e+02   1.7118779e+04
   1.5800000e+02   1.7148385e+04
   1.5900000e+02   1.7176447e+04
   1.6000000e+02   1.7202963e+04
   1.6100000e+02   1.7227928e+04
   1.6200000e+02   1.7251338e+04
   1.6300000e+02   1.7273191e+04
   1.6400000e+02   1.7293488e+04
   1.6500000e+02   1.7312225e+04
   1.6600000e+02   1.7329404e+04
   1.6700000e+02   1.7345029e+04
   1.6800000e+02   1.7359098e+04
   1.6900000e+02   1.7371617e+04
   1.7000000e+02   1.7382590e+04
   1.7100000e+02   1.7392021e+04
   1.7200000e+02   1.7399918e+04
   1.7300000e+02   1.7406285e+04
   1.7400000e+02   1.7411133e+04
   1.7500000e+02   1.7414469e+04
   1.7600000e+02   1.7416303e+04
   1.7700000e+02   1.7416645e+04
   1.7800000e+02   1.7415506e+04
   1.7900000e+02   1.7412898e+04
   1.8000000e+02   1.7408836e+04
   1.8100000e+02   1.7448707e+04
   1.8200000e+02   1.7487615e+04
   1.8300000e+02   1.7525531e+04
   1.8400000e+02   1.7562426e+04
   1.8500000e+02   1.7598275e+04
   1.8600000e+02   1.7633053e+04
   1.8700000e+02   1.7666740e+04
   1.8800000e+02   1.7699313e+04
   1.8900000e+02   1.7730752e+04
   1.9000000e+02   1.7761043e+04
   1.9100000e+02   1.7790168e+04
   1.9200000e+02   1.7818111e+04
   1.9300000e+02   1.7844861e+04
   1.9400000e+02   1.7870406e+04
   1.9500000e+02   1.7894736e+04
   1.9600000e+02   1.7917844e+04
   1.9700000e+02   1.7939719e+04
   1.9800000e+02   1.7960357e+04
   1.9900000e+02   1.7979756e+04
   2.0000000e+02   1.7997908e+04
   2.0100000e+02   1.8014814e+04
   2.0200000e+02   1.8030473e+04
   2.0300000e+02   1.8044885e+04
   2.0400000e+02   1.8058051e+04
   2.0500000e+02   1.8069975e+04
   2.0600000e+02   1.8080660e+04
   2.0700000e+02   1.8090111e+04
   2.0800000e+02   1.8098336e+04
   2.0900000e+02   1.8105340e+04
   2.1000000e+02   1.8111133e+04
   2.1100000e+02   1.8048867e+04
   2.1200000e+02   1.7985211e+04
   2.1300000e+02   1.7920184e+04
   2.1400000e+02   1.7853809e+04
   2.1500000e+02   1.7786111e+04
   2.1600000e+02   1.7717113e+04
   2.1700000e+02   1.7646838e+04
   2.1800000e+02   1.7575313e+04
   2.1900000e+02   1.7502561e+04
   2.2000000e+02   1.7428607e+04
   2.2100000e+02   1.7353477e+04
   2.2200000e+02   1.7277197e+04
   2.2300000e+02   1.7199795e+04
   2.2400000e+02   1.7121293e+04
   2.2500000e+02   1.7041723e+04
   2.2600000e+02   1.6961105e+04
   2.2700000e+02   1.6879475e+04
   2.2800000e+02   1.6796854e+04
   2.2900000e+02   1.6713270e+04
   2.3000000e+02   1.6628752e+04
   2.3100000e+02   1.6543330e+04
   2.3200000e+02   1.6457027e+04
   2.3300000e+02   1.6369878e+04
   2.3400000e+02   1.6281905e+04
   2.3500000e+02   1.6193141e+04
   2.3600000e+02   1.6103611e+04
   2.3700000e+02   1.6013348e+04
   2.3800000e+02   1.5922376e+04
   2.3900000e+02   1.5830726e+04
   2.4000000e+02   1.5738427e+04
   2.4100000e+02   1.5655728e+04
   2.4200000e+02   1.5573441e+04
   2.4300000e+02   1.5491612e+04
   2.4400000e+02   1.5410284e+04
   2.4500000e+02   1.5329501e+04
   2.4600000e+02   1.5249304e+04
   2.4700000e+02   1.5169735e+04
   2.4800000e+02   1.5090838e+04
   2.4900000e+02   1.5012652e+04
   2.5000000e+02   1.4935218e+04
   2.5100000e+02   1.4858574e+04
   2.5200000e+02   1.4782761e+04
   2.5300000e+02   1.4707814e+04
   2.5400000e+02   1.4633773e+04
   2.5500000e+02   1.4560673e+04
   2.5600000e+02   1.4488538e+04
   2.5700000e+02   1.4417415e+04
   2.5800000e+02   1.4347336e+04
   2.5900000e+02   1.4278333e+04
   2.6000000e+02   1.4210437e+04
   2.6100000e+02   1.4143676e+04
   2.6200000e+02   1.4078079e+04
   2.6300000e+02   1.4013673e+04
   2.6400000e+02   1.3950482e+04
   2.6500000e+02   1.3888530e+04
   2.6600000e+02   1.3827839e+04
   2.6700000e+02   1.3768431e+04
   2.6800000e+02   1.3710322e+04
   2.6900000e+02   1.3653533e+04
   2.7000000e+02   1.3598078e+04
   2.7100000e+02   1.3530360e+04
   2.7200000e+02   1.3463564e+04
   2.7300000e+02   1.3397706e+04
   2.7400000e+02   1.3332796e+04
   2.7500000e+02   1.3268846e+04
   2.7600000e+02   1.3205865e+04
   2.7700000e+02   1.3143862e+04
   2.7800000e+02   1.3082844e+04
   2.7900000e+02   1.3022816e+04
   2.8000000e+02   1.2963783e+04
   2.8100000e+02   1.2905749e+04
   2.8200000e+02   1.2848714e+04
   2.8300000e+02   1.2792681e+04
   2.8400000e+02   1.2737646e+04
   2.8500000e+02   1.2683610e+04
   2.8600000e+02   1.2630569e+04
   2.8700000e+02   1.2578518e+04
   2.8800000e+02   1.2527450e+04
   2.8900000e+02   1.2477361e+04
   2.9000000e+02   1.2428241e+04
   2.9100000e+02   1.2380081e+04
   2.9200000e+02   1.2332871e+04
   2.9300000e+02   1.2286601e+04
   2.9400000e+02   1.2241255e+04
   2.9500000e+02   1.2196823e+04
   2.9600000e+02   1.2153289e+04
   2.9700000e+02   1.2110639e+04
   2.9800000e+02   1.2068855e+04
   2.9900000e+02   1.2027922e+04
   3.0000000e+02   1.1987821e+04
   3.0100000e+02   1.1943435e+04
   3.0200000e+02   1.1899731e+04
   3.0300000e+02   1.1856694e+04
   3.0400000e+02   1.1814306e+04
   3.0500000e+02   1.1772551e+04
   3.0600000e+02   1.1731410e+04
   3.0700000e+02   1.1690866e+04
   3.0800000e+02   1.1650900e+04
   3.0900000e+02   1.1611496e+04
   3.1000000e+02   1.1572633e+04
   3.1100000e+02   1.1534294e+04
   3.1200000e+02   1.1496460e+04
   3.1300000e+02   1.1459113e+04
   3.1400000e+02   1.1422234e+04
   3.1500000e+02   1.1385807e+04
   3.1600000e+02   1.1349813e+04
   3.1700000e+02   1.1314232e+04
   3.1800000e+02   1.1279052e+04
   3.1900000e+02   1.1244252e+04
   3.2000000e+02   1.1209817e+04
   3.2100000e+02   1.1175732e+04
   3.2200000e+02   1.1141981e+04
   3.2300000e+02   1.1108551e+04
   3.2400000e+02   1.1075426e+04
   3.2500000e+02   1.1042595e+04
   3.2600000e+02   1.1010043e+04
   3.2700000e+02   1.0977762e+04
   3.2800000e+02   1.0945738e+04
   3.2900000e+02   1.0913964e+04
   3.3000000e+02   1.0882430e+04
   3.3100000e+02   1.0845696e+04
   3.3200000e+02   1.0809160e+04
   3.3300000e+02   1.0772820e+04
   3.3400000e+02   1.0736678e+04
   3.3500000e+02   1.0700731e+04
   3.3600000e+02   1.0664984e+04
   3.3700000e+02   1.0629440e+04
   3.3800000e+02   1.0594104e+04
   3.3900000e+02   1.0558979e+04
   3.4000000e+02   1.0524076e+04
   3.4100000e+02   1.0489403e+04
   3.4200000e+02   1.0454971e+04
   3.4300000e+02   1.0420789e+04
   3.4400000e+02   1.0386873e+04
   3.4500000e+02   1.0353237e+04
   3.4600000e+02   1.0319898e+04
   3.4700000e+02   1.0286873e+04
   3.4800000e+02   1.0254182e+04
   3.4900000e+02   1.0221845e+04
   3.5000000e+02   1.0189886e+04
   3.5100000e+02   1.0158327e+04
   3.5200000e+02   1.0127196e+04
   3.5300000e+02   1.0096519e+04
   3.5400000e+02   1.0066324e+04
   3.5500000e+02   1.0036643e+04
   3.5600000e+02   1.0007507e+04
   3.5700000e+02   9.9789482e+03
   3.5800000e+02   9.9510020e+03
   3.5900000e+02   9.9237051e+03
   1.4226848e-06   9.8970947e+03
