   0.0000000e+00   7.4490018e-19
   1.0000000e+00   1.1134110e-03
   2.0000000e+00   1.6859701e-03
   3.0000000e+00   2.2658370e-03
   4.0000000e+00   2.8539519e-03
   5.0000000e+00   3.4502486e-03
   6.0000000e+00   4.0546590e-03
   7.0000000e+00   4.6671149e-03
   8.0000000e+00   5.2875485e-03
   9.0000000e+00   5.9158932e-03
   1.0000000e+01   6.5520797e-03
   1.1000000e+01   7.1960464e-03
   1.2000000e+01   7.8477291e-03
   1.3000000e+01   8.5070627e-03
   1.4000000e+01   9.1739809e-03
   1.5000000e+01   9.8484224e-03
   1.6000000e+01   1.0530322e-02
   1.7000000e+01   1.1219619e-02
   1.8000000e+01   1.1916253e-02
   1.9000000e+01   1.2620161e-02
   2.0000000e+01   1.3331284e-02
   2.1000000e+01   1.4049558e-02
   2.2000000e+01   1.4774925e-02
   2.3000000e+01   1.5507326e-02
   2.4000000e+01   1.6246701e-02
   2.5000000e+01   1.6992988e-02
   2.6000000e+01   1.7746132e-02
   2.7000000e+01   1.8506072e-02
   2.8000000e+01   1.9272754e-02
   2.9000000e+01   2.0046117e-02
   3.0000000e+01   2.0826105e-02
   3.1000000e+01   2.1938765e-02
   3.2000000e+01   2.3079092e-02
   3.3000000e+01   2.4246980e-02
   3.4000000e+01   2.5442323e-02
   3.5000000e+01   2.6665015e-02
   3.6000000e+01   2.7914951e-02
   3.7000000e+01   2.9192025e-02
   3.8000000e+01   3.0496135e-02
   3.9000000e+01   3.1827182e-02
   4.0000000e+01   3.3185069e-02
   4.1000000e+01   3.4569688e-02
   4.2000000e+01   3.5980940e-02
   4.3000000e+01   3.7418723e-02
   4.4000000e+01   3.8882934e-02
   4.5000000e+01   4.0373474e-02
   4.6000000e+01   4.1890252e-02
   4.7000000e+01   4.3433160e-02
   4.8000000e+01   4.5002099e-02
   4.9000000e+01   4.6596970e-02
   5.0000000e+01   4.8217669e-02
   5.1000000e+01   4.9864098e-02
   5.2000000e+01   5.1536169e-02
   5.3000000e+01   5.3233776e-02
   5.4000000e+01   5.4956835e-02
   5.5000000e+01   5.6705248e-02
   5.6000000e+01   5.8478914e-02
   5.7000000e+01   6.0277745e-02
   5.8000000e+01   6.2101640e-02
   5.9000000e+01   6.3950501e-02
   6.0000000e+01   6.5824226e-02
   6.1000000e+01   6.6240363e-02
   6.2000000e+01   6.6631429e-02
   6.3000000e+01   6.6997312e-02
   6.4000000e+01   6.7337908e-02
   6.5000000e+01   6.7653097e-02
   6.6000000e+01   6.7942783e-02
   6.7000000e+01   6.8205744e-02
   6.8000000e+01   6.8441726e-02
   6.9000000e+01   6.8650842e-02
   7.0000000e+01   6.8833187e-02
   7.1000000e+01   6.8988867e-02
   7.2000000e+01   6.9117986e-02
   7.3000000e+01   6.9220655e-02
   7.4000000e+01   6.9296986e-02
   7.5000000e+01   6.9347069e-02
   7.6000000e+01   6.9371037e-02
   7.7000000e+01   6.9368973e-02
   7.8000000e+01   6.9340989e-02
   7.9000000e+01   6.9287196e-02
   8.0000000e+01   6.9207706e-02
   8.1000000e+01   6.9102608e-02
   8.2000000e+01   6.8972036e-02
   8.3000000e+01   6.8816073e-02
   8.4000000e+01   6.8634845e-02
   8.5000000e+01   6.8428457e-02
   8.6000000e+01   6.8197019e-02
   8.7000000e+01   6.7940637e-02
   8.8000000e+01   6.7659430e-02
   8.9000000e+01   6.7353509e-02
   9.0000000e+01   6.7022964e-02
   9.1000000e+01   6.5327466e-02
   9.2000000e+01   6.3592732e-02
   9.3000000e+01   6.1819170e-02
   9.4000000e+01   6.0007177e-02
   9.5000000e+01   5.8157165e-02
   9.6000000e+01   5.6269512e-02
   9.7000000e+01   5.4344613e-02
   9.8000000e+01   5.2382864e-02
   9.9000000e+01   5.0384641e-02
   1.0000000e+02   4.8350327e-02
   1.0100000e+02   4.6280287e-02
   1.0200000e+02   4.4174906e-02
   1.0300000e+02   4.2034540e-02
   1.0400000e+02   3.9859563e-02
   1.0500000e+02   3.7650328e-02
   1.0600000e+02   3.5407197e-02
   1.0700000e+02   3.3130515e-02
   1.0800000e+02   3.0820642e-02
   1.0900000e+02   2.8477916e-02
   1.1000000e+02   2.6102686e-02
   1.1100000e+02   2.3695288e-02
   1.1200000e+02   2.1256059e-02
   1.1300000e+02   1.8785333e-02
   1.1400000e+02   1.6283432e-02
   1.1500000e+02   1.3750692e-02
   1.1600000e+02   1.1187420e-02
   1.1700000e+02   8.5939383e-03
   1.1800000e+02   5.9705847e-03
   1.1900000e+02   3.3176949e-03
   1.2000000e+02   6.3560007e-04
   1.2100000e+02   6.2914466e-04
   1.2200000e+02   6.2272523e-04
   1.2300000e+02   6.1634171e-04
   1.2400000e+02   6.0999388e-04
   1.2500000e+02   6.0368149e-04
   1.2600000e+02   5.9740443e-04
   1.2700000e+02   5.9116248e-04
   1.2800000e+02   5.8495550e-04
   1.2900000e+02   5.7878328e-04
   1.3000000e+02   5.7264575e-04
   1.3100000e+02   5.6654256e-04
   1.3200000e+02   5.6047365e-04
   1.3300000e+02   5.5443886e-04
   1.3400000e+02   5.4843794e-04
   1.3500000e+02   5.4247078e-04
   1.3600000e+02   5.3653721e-04
   1.3700000e+02   5.3063704e-04
   1.3800000e+02   5.2477006e-04
   1.3900000e+02   5.1893614e-04
   1.4000000e+02   5.1313516e-04
   1.4100000e+02   5.0736684e-04
   1.4200000e+02   5.0163118e-04
   1.4300000e+02   4.9592782e-04
   1.4400000e+02   4.9025682e-04
   1.4500000e+02   4.8461775e-04
   1.4600000e+02   4.7901066e-04
   1.4700000e+02   4.7343527e-04
   1.4800000e+02   4.6789148e-04
   1.4900000e+02   4.6237913e-04
   1.5000000e+02   4.5689801e-04
   1.5100000e+02   4.5522148e-04
   1.5200000e+02   4.5355165e-04
   1.5300000e+02   4.5188848e-04
   1.5400000e+02   4.5023189e-04
   1.5500000e+02   4.4858191e-04
   1.5600000e+02   4.4693850e-04
   1.5700000e+02   4.4530162e-04
   1.5800000e+02   4.4367125e-04
   1.5900000e+02   4.4204737e-04
   1.6000000e+02   4.4042998e-04
   1.6100000e+02   4.3881900e-04
   1.6200000e+02   4.3721442e-04
   1.6300000e+02   4.3561624e-04
   1.6400000e+02   4.3402443e-04
   1.6500000e+02   4.3243894e-04
   1.6600000e+02   4.3085980e-04
   1.6700000e+02   4.2928691e-04
   1.6800000e+02   4.2772028e-04
   1.6900000e+02   4.2615991e-04
   1.7000000e+02   4.2460574e-04
   1.7100000e+02   4.2305773e-04
   1.7200000e+02   4.2151590e-04
   1.7300000e+02   4.1998018e-04
   1.7400000e+02   4.1845060e-04
   1.7500000e+02   4.1692710e-04
   1.7600000e+02   4.1540965e-04
   1.7700000e+02   4.1389823e-04
   1.7800000e+02   4.1239290e-04
   1.7900000e+02   4.1089350e-04
   1.8000000e+02   4.0940006e-04
   1.8100000e+02   4.2576980e-04
   1.8200000e+02   4.4219539e-04
   1.8300000e+02   4.5867605e-04
   1.8400000e+02   4.7521104e-04
   1.8500000e+02   4.9179967e-04
   1.8600000e+02   5.0844107e-04
   1.8700000e+02   5.2513467e-04
   1.8800000e+02   5.4187962e-04
   1.8900000e+02   5.5867533e-04
   1.9000000e+02   5.7552097e-04
   1.9100000e+02   5.9241598e-04
   1.9200000e+02   6.0935959e-04
   1.9300000e+02   6.2635110e-04
   1.9400000e+02   6.4338994e-04
   1.9500000e+02   6.6047546e-04
   1.9600000e+02   6.7760685e-04
   1.9700000e+02   6.9478364e-04
   1.9800000e+02   7.1200513e-04
   1.9900000e+02   7.2927063e-04
   2.0000000e+02   7.4657967e-04
   2.0100000e+02   7.6393149e-04
   2.0200000e+02   7.8132557e-04
   2.0300000e+02   7.9876126e-04
   2.0400000e+02   8.1623811e-04
   2.0500000e+02   8.3375530e-04
   2.0600000e+02   8.5131248e-04
   2.0700000e+02   8.6890894e-04
   2.0800000e+02   8.8654418e-04
   2.0900000e+02   9.0421765e-04
   2.1000000e+02   9.2192885e-04
   2.1100000e+02   4.3671578e-03
   2.1200000e+02   7.8289630e-03
   2.1300000e+02   1.1307201e-02
   2.1400000e+02   1.4801729e-02
   2.1500000e+02   1.8312404e-02
   2.1600000e+02   2.1839084e-02
   2.1700000e+02   2.5381632e-02
   2.1800000e+02   2.8939905e-02
   2.1900000e+02   3.2513771e-02
   2.2000000e+02   3.6103092e-02
   2.2100000e+02   3.9707728e-02
   2.2200000e+02   4.3327551e-02
   2.2300000e+02   4.6962433e-02
   2.2400000e+02   5.0612226e-02
   2.2500000e+02   5.4276820e-02
   2.2600000e+02   5.7956073e-02
   2.2700000e+02   6.1649855e-02
   2.2800000e+02   6.5358050e-02
   2.2900000e+02   6.9080517e-02
   2.3000000e+02   7.2817147e-02
   2.3100000e+02   7.6567799e-02
   2.3200000e+02   8.0332369e-02
   2.3300000e+02   8.4110729e-02
   2.3400000e+02   8.7902747e-02
   2.3500000e+02   9.1708317e-02
   2.3600000e+02   9.5527314e-02
   2.3700000e+02   9.9359617e-02
   2.3800000e+02   1.0320511e-01
   2.3900000e+02   1.0706370e-01
   2.4000000e+02   1.1093523e-01
   2.4100000e+02   1.1223888e-01
   2.4200000e+02   1.1354809e-01
   2.4300000e+02   1.1486281e-01
   2.4400000e+02   1.1618301e-01
   2.4500000e+02   1.1750865e-01
   2.4600000e+02   1.1883969e-01
   2.4700000e+02   1.2017613e-01
   2.4800000e+02   1.2151795e-01
   2.4900000e+02   1.2286513e-01
   2.5000000e+02   1.2421767e-01
   2.5100000e+02   1.2557554e-01
   2.5200000e+02   1.2693873e-01
   2.5300000e+02   1.2830722e-01
   2.5400000e+02   1.2968099e-01
   2.5500000e+02   1.3106005e-01
   2.5600000e+02   1.3244435e-01
   2.5700000e+02   1.3383390e-01
   2.5800000e+02   1.3522866e-01
   2.5900000e+02   1.3662864e-01
   2.6000000e+02   1.3803382e-01
   2.6100000e+02   1.3944417e-01
   2.6200000e+02   1.4085966e-01
   2.6300000e+02   1.4228033e-01
   2.6400000e+02   1.4370611e-01
   2.6500000e+02   1.4513700e-01
   2.6600000e+02   1.4657298e-01
   2.6700000e+02   1.4801405e-01
   2.6800000e+02   1.4946017e-01
   2.6900000e+02   1.5091133e-01
   2.7000000e+02   1.5236753e-01
   2.7100000e+02   1.5079689e-01
   2.7200000e+02   1.4921993e-01
   2.7300000e+02   1.4763671e-01
   2.7400000e+02   1.4604726e-01
   2.7500000e+02   1.4445168e-01
   2.7600000e+02   1.4284997e-01
   2.7700000e+02   1.4124222e-01
   2.7800000e+02   1.3962847e-01
   2.7900000e+02   1.3800877e-01
   2.8000000e+02   1.3638321e-01
   2.8100000e+02   1.3475177e-01
   2.8200000e+02   1.3311456e-01
   2.8300000e+02   1.3147160e-01
   2.8400000e+02   1.2982294e-01
   2.8500000e+02   1.2816866e-01
   2.8600000e+02   1.2650877e-01
   2.8700000e+02   1.2484336e-01
   2.8800000e+02   1.2317245e-01
   2.8900000e+02   1.2149609e-01
   2.9000000e+02   1.1981434e-01
   2.9100000e+02   1.1812723e-01
   2.9200000e+02   1.1643482e-01
   2.9300000e+02   1.1473716e-01
   2.9400000e+02   1.1303429e-01
   2.9500000e+02   1.1132625e-01
   2.9600000e+02   1.0961310e-01
   2.9700000e+02   1.0789486e-01
   2.9800000e+02   1.0617161e-01
   2.9900000e+02   1.0444336e-01
   3.0000000e+02   1.0271017e-01
   3.0100000e+02   1.0244124e-01
   3.0200000e+02   1.0217015e-01
   3.0300000e+02   1.0189688e-01
   3.0400000e+02   1.0162146e-01
   3.0500000e+02   1.0134390e-01
   3.0600000e+02   1.0106421e-01
   3.0700000e+02   1.0078239e-01
   3.0800000e+02   1.0049848e-01
   3.0900000e+02   1.0021246e-01
   3.1000000e+02   9.9924371e-02
   3.1100000e+02   9.9634208e-02
   3.1200000e+02   9.9341974e-02
   3.1300000e+02   9.9047698e-02
   3.1400000e+02   9.8751381e-02
   3.1500000e+02   9.8453037e-02
   3.1600000e+02   9.8152667e-02
   3.1700000e+02   9.7850300e-02
   3.1800000e+02   9.7545944e-02
   3.1900000e+02   9.7239591e-02
   3.2000000e+02   9.6931279e-02
   3.2100000e+02   9.6620999e-02
   3.2200000e+02   9.6308760e-02
   3.2300000e+02   9.5994584e-02
   3.2400000e+02   9.5678478e-02
   3.2500000e+02   9.5360458e-02
   3.2600000e+02   9.5040523e-02
   3.2700000e+02   9.4718687e-02
   3.2800000e+02   9.4394967e-02
   3.2900000e+02   9.4069362e-02
   3.3000000e+02   9.3741894e-02
   3.3100000e+02   9.4126374e-02
   3.3200000e+02   9.4510943e-02
   3.3300000e+02   9.4895616e-02
   3.3400000e+02   9.5280387e-02
   3.3500000e+02   9.5665254e-02
   3.3600000e+02   9.6050218e-02
   3.3700000e+02   9.6435271e-02
   3.3800000e+02   9.6820414e-02
   3.3900000e+02   9.7205646e-02
   3.4000000e+02   9.7590968e-02
   3.4100000e+02   9.7976379e-02
   3.4200000e+02   9.8361865e-02
   3.4300000e+02   9.8747440e-02
   3.4400000e+02   9.9133089e-02
   3.4500000e+02   9.9518828e-02
   3.4600000e+02   9.9904634e-02
   3.4700000e+02   1.0029051e-01
   3.4800000e+02   1.0067648e-01
   3.4900000e+02   1.0106251e-01
   3.5000000e+02   1.0144862e-01
   3.5100000e+02   1.0183480e-01
   3.5200000e+02   1.0222103e-01
   3.5300000e+02   1.0260734e-01
   3.5400000e+02   1.0299372e-01
   3.5500000e+02   1.0338015e-01
   3.5600000e+02   1.0376666e-01
   3.5700000e+02   1.0415322e-01
   3.5800000e+02   1.0453984e-01
   3.5900000e+02   1.0492653e-01
   2.6219766e-08   1.0531326e-01
