   0.0000000e+00   4.8621675e-01
   1.0000000e+00   3.8489527e-01
   2.0000000e+00   3.8605845e-01
   3.0000000e+00   3.8750935e-01
   4.0000000e+00   3.8896018e-01
   5.0000000e+00   3.9041039e-01
   6.0000000e+00   3.9185998e-01
   7.0000000e+00   3.9330900e-01
   8.0000000e+00   3.9475742e-01
   9.0000000e+00   3.9620528e-01
   1.0000000e+01   3.9765251e-01
   1.1000000e+01   3.9909923e-01
   1.2000000e+01   4.0054533e-01
   1.3000000e+01   4.0199089e-01
   1.4000000e+01   4.0343589e-01
   1.5000000e+01   4.0488034e-01
   1.6000000e+01   4.0632427e-01
   1.7000000e+01   4.0776765e-01
   1.8000000e+01   4.0921047e-01
   1.9000000e+01   4.1065279e-01
   2.0000000e+01   4.1209459e-01
   2.1000000e+01   4.1353589e-01
   2.2000000e+01   4.1497666e-01
   2.3000000e+01   4.1641691e-01
   2.4000000e+01   4.1785669e-01
   2.5000000e+01   4.1929597e-01
   2.6000000e+01   4.2073473e-01
   2.7000000e+01   4.2217308e-01
   2.8000000e+01   4.2361090e-01
   2.9000000e+01   4.2504829e-01
   3.0000000e+01   4.2648521e-01
   3.1000000e+01   4.2953306e-01
   3.2000000e+01   4.3259618e-01
   3.3000000e+01   4.3567452e-01
   3.4000000e+01   4.3876797e-01
   3.5000000e+01   4.4187644e-01
   3.6000000e+01   4.4499996e-01
   3.7000000e+01   4.4813839e-01
   3.8000000e+01   4.5129159e-01
   3.9000000e+01   4.5445952e-01
   4.0000000e+01   4.5764211e-01
   4.1000000e+01   4.6083924e-01
   4.2000000e+01   4.6405083e-01
   4.3000000e+01   4.6727684e-01
   4.4000000e+01   4.7051716e-01
   4.5000000e+01   4.7377169e-01
   4.6000000e+01   4.7704038e-01
   4.7000000e+01   4.8032317e-01
   4.8000000e+01   4.8361993e-01
   4.9000000e+01   4.8693058e-01
   5.0000000e+01   4.9025512e-01
   5.1000000e+01   4.9359339e-01
   5.2000000e+01   4.9694535e-01
   5.3000000e+01   5.0031090e-01
   5.4000000e+01   5.0369000e-01
   5.5000000e+01   5.0708258e-01
   5.6000000e+01   5.1048851e-01
   5.7000000e+01   5.1390773e-01
   5.8000000e+01   5.1734024e-01
   5.9000000e+01   5.2078587e-01
   6.0000000e+01   5.2424461e-01
   6.1000000e+01   5.2183914e-01
   6.2000000e+01   5.1938951e-01
   6.3000000e+01   5.1689595e-01
   6.4000000e+01   5.1435888e-01
   6.5000000e+01   5.1177853e-01
   6.6000000e+01   5.0902748e-01
   6.7000000e+01   5.0620860e-01
   6.8000000e+01   5.0336051e-01
   6.9000000e+01   5.0048357e-01
   7.0000000e+01   4.9757811e-01
   7.1000000e+01   4.9464461e-01
   7.2000000e+01   4.9168333e-01
   7.3000000e+01   4.8869461e-01
   7.4000000e+01   4.8567882e-01
   7.5000000e+01   4.8263630e-01
   7.6000000e+01   4.7956741e-01
   7.7000000e+01   4.7647241e-01
   7.8000000e+01   4.7335169e-01
   7.9000000e+01   4.7020552e-01
   8.0000000e+01   4.6703425e-01
   8.1000000e+01   4.6383819e-01
   8.2000000e+01   4.6061769e-01
   8.3000000e+01   4.5737302e-01
   8.4000000e+01   4.5410454e-01
   8.5000000e+01   4.5081252e-01
   8.6000000e+01   4.4749728e-01
   8.7000000e+01   4.4415912e-01
   8.8000000e+01   4.4079834e-01
   8.9000000e+01   4.3741521e-01
   9.0000000e+01   4.3401009e-01
   9.1000000e+01   4.1892195e-01
   9.2000000e+01   4.0387961e-01
   9.3000000e+01   3.8888285e-01
   9.4000000e+01   3.7393123e-01
   9.5000000e+01   3.5902449e-01
   9.6000000e+01   3.4416232e-01
   9.7000000e+01   3.2934436e-01
   9.8000000e+01   3.1457028e-01
   9.9000000e+01   2.9983976e-01
   1.0000000e+02   2.8515252e-01
   1.0100000e+02   2.7050820e-01
   1.0200000e+02   2.5590652e-01
   1.0300000e+02   2.4134710e-01
   1.0400000e+02   2.2682966e-01
   1.0500000e+02   2.1235384e-01
   1.0600000e+02   1.9791938e-01
   1.0700000e+02   1.8352593e-01
   1.0800000e+02   1.6917317e-01
   1.0900000e+02   1.5486078e-01
   1.1000000e+02   1.4058846e-01
   1.1100000e+02   1.2635589e-01
   1.1200000e+02   1.1216217e-01
   1.1300000e+02   9.8007306e-02
   1.1400000e+02   8.3891526e-02
   1.1500000e+02   6.9809720e-02
   1.1600000e+02   5.5763632e-02
   1.1700000e+02   4.1759964e-02
   1.1800000e+02   2.7798375e-02
   1.1900000e+02   1.3878507e-02
   1.2000000e+02  -5.8685796e-20
   1.2100000e+02  -5.8961667e-19
   1.2200000e+02  -5.8685796e-20
   1.2300000e+02  -5.8685796e-20
   1.2400000e+02  -5.8961667e-19
   1.2500000e+02  -1.2379191e-18
   1.2600000e+02   4.7224506e-19
   1.2700000e+02   0.0000000e+00
   1.2800000e+02  -5.8685796e-20
   1.2900000e+02   5.8961667e-19
   1.3000000e+02  -5.8685796e-20
   1.3100000e+02   1.8275358e-18
   1.3200000e+02  -1.1205475e-18
   1.3300000e+02   0.0000000e+00
   1.3400000e+02   0.0000000e+00
   1.3500000e+02  -6.4830244e-19
   1.3600000e+02   0.0000000e+00
   1.3700000e+02  -2.9342898e-20
   1.3800000e+02   5.8685796e-20
   1.3900000e+02  -5.8961667e-19
   1.4000000e+02  -1.1792333e-18
   1.4100000e+02  -6.4830244e-19
   1.4200000e+02   0.0000000e+00
   1.4300000e+02  -2.9342898e-20
   1.4400000e+02   8.5508209e-19
   1.4500000e+02  -6.1895956e-19
   1.4600000e+02  -2.9342898e-20
   1.4700000e+02  -2.9480833e-19
   1.4800000e+02   2.9342898e-20
   1.4900000e+02   2.9480833e-19
   1.5000000e+02  -6.1895956e-19
   1.5100000e+02   1.4671449e-20
   1.5200000e+02  -1.4740417e-19
   1.5300000e+02  -1.4740417e-19
   1.5400000e+02  -2.9480833e-19
   1.5500000e+02   1.5473989e-19
   1.5600000e+02  -1.4006843e-19
   1.5700000e+02   0.0000000e+00
   1.5800000e+02   3.6851042e-20
   1.5900000e+02   7.1868146e-20
   1.6000000e+02  -4.5848278e-22
   1.6100000e+02  -7.3702083e-20
   1.6200000e+02   7.7369944e-20
   1.6300000e+02   0.0000000e+00
   1.6400000e+02   7.3357244e-21
   1.6500000e+02   3.0214406e-19
   1.6600000e+02  -3.1681550e-19
   1.6700000e+02   2.9480833e-19
   1.6800000e+02   1.4671449e-20
   1.6900000e+02   2.9480833e-19
   1.7000000e+02   1.4671449e-20
   1.7100000e+02   5.7494517e-19
   1.7200000e+02   1.4671449e-20
   1.7300000e+02   8.8442492e-19
   1.7400000e+02   6.1895956e-19
   1.7500000e+02   5.8961667e-19
   1.7600000e+02   2.9342898e-20
   1.7700000e+02   5.8961667e-19
   1.7800000e+02   0.0000000e+00
   1.7900000e+02   1.2085762e-18
   1.8000000e+02   7.9446898e-13
   1.8100000e+02   6.0471997e-05
   1.8200000e+02   1.2069567e-04
   1.8300000e+02   1.8067412e-04
   1.8400000e+02   2.4041034e-04
   1.8500000e+02   2.9990735e-04
   1.8600000e+02   3.5916813e-04
   1.8700000e+02   4.1819559e-04
   1.8800000e+02   4.7699266e-04
   1.8900000e+02   5.3556211e-04
   1.9000000e+02   5.9390691e-04
   1.9100000e+02   6.5202976e-04
   1.9200000e+02   7.0993346e-04
   1.9300000e+02   7.6762075e-04
   1.9400000e+02   8.2509447e-04
   1.9500000e+02   8.8235701e-04
   1.9600000e+02   9.3941123e-04
   1.9700000e+02   9.9625974e-04
   1.9800000e+02   1.0529050e-03
   1.9900000e+02   1.1093498e-03
   2.0000000e+02   1.1655964e-03
   2.0100000e+02   1.2216475e-03
   2.0200000e+02   1.2775054e-03
   2.0300000e+02   1.3331725e-03
   2.0400000e+02   1.3886516e-03
   2.0500000e+02   1.4439445e-03
   2.0600000e+02   1.4990541e-03
   2.0700000e+02   1.5539825e-03
   2.0800000e+02   1.6087319e-03
   2.0900000e+02   1.6633047e-03
   2.1000000e+02   1.7177034e-03
   2.1100000e+02   1.4528751e-02
   2.1200000e+02   2.7322050e-02
   2.1300000e+02   4.0097740e-02
   2.1400000e+02   5.2855961e-02
   2.1500000e+02   6.5596849e-02
   2.1600000e+02   7.8320555e-02
   2.1700000e+02   9.1027200e-02
   2.1800000e+02   1.0371693e-01
   2.1900000e+02   1.1638989e-01
   2.2000000e+02   1.2904620e-01
   2.2100000e+02   1.4168599e-01
   2.2200000e+02   1.5430941e-01
   2.2300000e+02   1.6691656e-01
   2.2400000e+02   1.7950761e-01
   2.2500000e+02   1.9208267e-01
   2.2600000e+02   2.0464188e-01
   2.2700000e+02   2.1718535e-01
   2.2800000e+02   2.2971322e-01
   2.2900000e+02   2.4222562e-01
   2.3000000e+02   2.5472265e-01
   2.3100000e+02   2.6720446e-01
   2.3200000e+02   2.7967116e-01
   2.3300000e+02   2.9212290e-01
   2.3400000e+02   3.0455974e-01
   2.3500000e+02   3.1698188e-01
   2.3600000e+02   3.2938939e-01
   2.3700000e+02   3.4178242e-01
   2.3800000e+02   3.5416102e-01
   2.3900000e+02   3.6652538e-01
   2.4000000e+02   3.7887558e-01
   2.4100000e+02   3.8098398e-01
   2.4200000e+02   3.8309813e-01
   2.4300000e+02   3.8521308e-01
   2.4400000e+02   3.8731807e-01
   2.4500000e+02   3.8943037e-01
   2.4600000e+02   3.9154997e-01
   2.4700000e+02   3.9367679e-01
   2.4800000e+02   3.9581072e-01
   2.4900000e+02   3.9795172e-01
   2.5000000e+02   4.0009972e-01
   2.5100000e+02   4.0225464e-01
   2.5200000e+02   4.0441647e-01
   2.5300000e+02   4.0658528e-01
   2.5400000e+02   4.0876085e-01
   2.5500000e+02   4.1094306e-01
   2.5600000e+02   4.1313189e-01
   2.5700000e+02   4.1532728e-01
   2.5800000e+02   4.1752914e-01
   2.5900000e+02   4.1973737e-01
   2.6000000e+02   4.2195195e-01
   2.6100000e+02   4.2417279e-01
   2.6200000e+02   4.2639983e-01
   2.6300000e+02   4.2863303e-01
   2.6400000e+02   4.3087226e-01
   2.6500000e+02   4.3311754e-01
   2.6600000e+02   4.3536872e-01
   2.6700000e+02   4.3762583e-01
   2.6800000e+02   4.3988875e-01
   2.6900000e+02   4.4215739e-01
   2.7000000e+02   4.4443175e-01
   2.7100000e+02   4.4124490e-01
   2.7200000e+02   4.3806180e-01
   2.7300000e+02   4.3488246e-01
   2.7400000e+02   4.3170688e-01
   2.7500000e+02   4.2853498e-01
   2.7600000e+02   4.2536673e-01
   2.7700000e+02   4.2220214e-01
   2.7800000e+02   4.1904119e-01
   2.7900000e+02   4.1588381e-01
   2.8000000e+02   4.1272998e-01
   2.8100000e+02   4.0957975e-01
   2.8200000e+02   4.0643302e-01
   2.8300000e+02   4.0328974e-01
   2.8400000e+02   4.0014994e-01
   2.8500000e+02   3.9701360e-01
   2.8600000e+02   3.9388070e-01
   2.8700000e+02   3.9075115e-01
   2.8800000e+02   3.8762498e-01
   2.8900000e+02   3.8450214e-01
   2.9000000e+02   3.8138264e-01
   2.9100000e+02   3.7826642e-01
   2.9200000e+02   3.7515348e-01
   2.9300000e+02   3.7204379e-01
   2.9400000e+02   3.6893728e-01
   2.9500000e+02   3.6583403e-01
   2.9600000e+02   3.6273393e-01
   2.9700000e+02   3.5963696e-01
   2.9800000e+02   3.5654315e-01
   2.9900000e+02   3.5345241e-01
   3.0000000e+02   3.5036477e-01
   3.0100000e+02   3.4922647e-01
   3.0200000e+02   3.4808871e-01
   3.0300000e+02   3.4695143e-01
   3.0400000e+02   3.4581468e-01
   3.0500000e+02   3.4467840e-01
   3.0600000e+02   3.4354264e-01
   3.0700000e+02   3.4240735e-01
   3.0800000e+02   3.4127262e-01
   3.0900000e+02   3.4013835e-01
   3.1000000e+02   3.3900455e-01
   3.1100000e+02   3.3787128e-01
   3.1200000e+02   3.3673847e-01
   3.1300000e+02   3.3560613e-01
   3.1400000e+02   3.3447430e-01
   3.1500000e+02   3.3334294e-01
   3.1600000e+02   3.3221206e-01
   3.1700000e+02   3.3108166e-01
   3.1800000e+02   3.2995170e-01
   3.1900000e+02   3.2882226e-01
   3.2000000e+02   3.2769325e-01
   3.2100000e+02   3.2656470e-01
   3.2200000e+02   3.2543665e-01
   3.2300000e+02   3.2430905e-01
   3.2400000e+02   3.2318187e-01
   3.2500000e+02   3.2205519e-01
   3.2600000e+02   3.2092893e-01
   3.2700000e+02   3.1980315e-01
   3.2800000e+02   3.1867778e-01
   3.2900000e+02   3.1755286e-01
   3.3000000e+02   3.1642842e-01
   3.3100000e+02   3.1679550e-01
   3.3200000e+02   3.1716263e-01
   3.3300000e+02   3.1752986e-01
   3.3400000e+02   3.1789711e-01
   3.3500000e+02   3.1826445e-01
   3.3600000e+02   3.1863186e-01
   3.3700000e+02   3.1899932e-01
   3.3800000e+02   3.1936687e-01
   3.3900000e+02   3.1973445e-01
   3.4000000e+02   3.2010213e-01
   3.4100000e+02   3.2046986e-01
   3.4200000e+02   3.2083768e-01
   3.4300000e+02   3.2120556e-01
   3.4400000e+02   3.2157350e-01
   3.4500000e+02   3.2194147e-01
   3.4600000e+02   3.2230955e-01
   3.4700000e+02   3.2267767e-01
   3.4800000e+02   3.2304591e-01
   3.4900000e+02   3.2341418e-01
   3.5000000e+02   3.2378253e-01
   3.5100000e+02   3.2415095e-01
   3.5200000e+02   3.2451943e-01
   3.5300000e+02   3.2488796e-01
   3.5400000e+02   3.2525659e-01
   3.5500000e+02   3.2562527e-01
   3.5600000e+02   3.2599404e-01
   3.5700000e+02   3.2636288e-01
   3.5800000e+02   3.2673174e-01
   3.5900000e+02   3.2710072e-01
   2.6219766e-08   3.2746977e-01
