   0.0000000e+00   9.7923767e+01
   1.0000000e+00   1.7055130e+01
   2.0000000e+00   1.6995802e+01
   3.0000000e+00   1.6932474e+01
   4.0000000e+00   1.6865269e+01
   5.0000000e+00   1.6794222e+01
   6.0000000e+00   1.6719370e+01
   7.0000000e+00   1.6640751e+01
   8.0000000e+00   1.6558409e+01
   9.0000000e+00   1.6472387e+01
   1.0000000e+01   1.6382734e+01
   1.1000000e+01   1.6289499e+01
   1.2000000e+01   1.6192739e+01
   1.3000000e+01   1.6092508e+01
   1.4000000e+01   1.5988862e+01
   1.5000000e+01   1.5881864e+01
   1.6000000e+01   1.5771576e+01
   1.7000000e+01   1.5658060e+01
   1.8000000e+01   1.5541387e+01
   1.9000000e+01   1.5421626e+01
   2.0000000e+01   1.5298849e+01
   2.1000000e+01   1.5173129e+01
   2.2000000e+01   1.5044540e+01
   2.3000000e+01   1.4913160e+01
   2.4000000e+01   1.4779068e+01
   2.5000000e+01   1.4642342e+01
   2.6000000e+01   1.4503062e+01
   2.7000000e+01   1.4361312e+01
   2.8000000e+01   1.4217175e+01
   2.9000000e+01   1.4070733e+01
   3.0000000e+01   1.3922073e+01
   3.1000000e+01   1.3749506e+01
   3.2000000e+01   1.3574575e+01
   3.3000000e+01   1.3397388e+01
   3.4000000e+01   1.3218040e+01
   3.5000000e+01   1.3036634e+01
   3.6000000e+01   1.2853271e+01
   3.7000000e+01   1.2668052e+01
   3.8000000e+01   1.2481076e+01
   3.9000000e+01   1.2292443e+01
   4.0000000e+01   1.2102253e+01
   4.1000000e+01   1.1910606e+01
   4.2000000e+01   1.1717599e+01
   4.3000000e+01   1.1523331e+01
   4.4000000e+01   1.1327896e+01
   4.5000000e+01   1.1131391e+01
   4.6000000e+01   1.0933829e+01
   4.7000000e+01   1.0735369e+01
   4.8000000e+01   1.0536136e+01
   4.9000000e+01   1.0336223e+01
   5.0000000e+01   1.0136690e+01
   5.1000000e+01   9.9368410e+00
   5.2000000e+01   9.7368240e+00
   5.3000000e+01   9.5370855e+00
   5.4000000e+01   9.3372974e+00
   5.5000000e+01   9.1375408e+00
   5.6000000e+01   8.9378996e+00
   5.7000000e+01   8.7384501e+00
   5.8000000e+01   8.5392723e+00
   5.9000000e+01   8.3404408e+00
   6.0000000e+01   8.1420298e+00
   6.1000000e+01   7.9931312e+00
   6.2000000e+01   7.8446960e+00
   6.3000000e+01   7.6967740e+00
   6.4000000e+01   7.5494161e+00
   6.5000000e+01   7.4026651e+00
   6.6000000e+01   7.2565651e+00
   6.7000000e+01   7.1111584e+00
   6.8000000e+01   6.9664874e+00
   6.9000000e+01   6.8225913e+00
   7.0000000e+01   6.6795101e+00
   7.1000000e+01   6.5372820e+00
   7.2000000e+01   6.3959422e+00
   7.3000000e+01   6.2555275e+00
   7.4000000e+01   6.1160712e+00
   7.5000000e+01   5.9776058e+00
   7.6000000e+01   5.8401637e+00
   7.7000000e+01   5.7037745e+00
   7.8000000e+01   5.5684681e+00
   7.9000000e+01   5.4342713e+00
   8.0000000e+01   5.3012114e+00
   8.1000000e+01   5.1693139e+00
   8.2000000e+01   5.0386033e+00
   8.3000000e+01   4.9091020e+00
   8.4000000e+01   4.7808328e+00
   8.5000000e+01   4.6538157e+00
   8.6000000e+01   4.5280714e+00
   8.7000000e+01   4.4036169e+00
   8.8000000e+01   4.2804708e+00
   8.9000000e+01   4.1586494e+00
   9.0000000e+01   4.0381680e+00
   9.1000000e+01   3.9225943e+00
   9.2000000e+01   3.8087416e+00
   9.3000000e+01   3.6967068e+00
   9.4000000e+01   3.5863495e+00
   9.5000000e+01   3.4776790e+00
   9.6000000e+01   3.3707039e+00
   9.7000000e+01   3.2654319e+00
   9.8000000e+01   3.1618705e+00
   9.9000000e+01   3.0600255e+00
   1.0000000e+02   2.9599028e+00
   1.0100000e+02   2.8615072e+00
   1.0200000e+02   2.7648599e+00
   1.0300000e+02   2.6700294e+00
   1.0400000e+02   2.5769532e+00
   1.0500000e+02   2.4856324e+00
   1.0600000e+02   2.3960690e+00
   1.0700000e+02   2.3082647e+00
   1.0800000e+02   2.2222202e+00
   1.0900000e+02   2.1379354e+00
   1.1000000e+02   2.0554311e+00
   1.1100000e+02   1.9746865e+00
   1.1200000e+02   1.8956946e+00
   1.1300000e+02   1.8184541e+00
   1.1400000e+02   1.7429627e+00
   1.1500000e+02   1.6692184e+00
   1.1600000e+02   1.5972186e+00
   1.1700000e+02   1.5269604e+00
   1.1800000e+02   1.4584403e+00
   1.1900000e+02   1.3916547e+00
   1.2000000e+02   1.3266008e+00
   1.2100000e+02   1.2732974e+00
   1.2200000e+02   1.2216421e+00
   1.2300000e+02   1.1716305e+00
   1.2400000e+02   1.1232588e+00
   1.2500000e+02   1.0765229e+00
   1.2600000e+02   1.0314186e+00
   1.2700000e+02   9.8794121e-01
   1.2800000e+02   9.4608665e-01
   1.2900000e+02   9.0585035e-01
   1.3000000e+02   8.6722809e-01
   1.3100000e+02   8.3021516e-01
   1.3200000e+02   7.9480755e-01
   1.3300000e+02   7.6100004e-01
   1.3400000e+02   7.2878867e-01
   1.3500000e+02   6.9816911e-01
   1.3600000e+02   6.6913658e-01
   1.3700000e+02   6.4168692e-01
   1.3800000e+02   6.1581582e-01
   1.3900000e+02   5.9151888e-01
   1.4000000e+02   5.6879228e-01
   1.4100000e+02   5.4763228e-01
   1.4200000e+02   5.2803403e-01
   1.4300000e+02   5.0999373e-01
   1.4400000e+02   4.9350736e-01
   1.4500000e+02   4.7857127e-01
   1.4600000e+02   4.6518162e-01
   1.4700000e+02   4.5333517e-01
   1.4800000e+02   4.4302809e-01
   1.4900000e+02   4.3425730e-01
   1.5000000e+02   4.2701951e-01
   1.5100000e+02   4.0337998e-01
   1.5200000e+02   3.8115367e-01
   1.5300000e+02   3.6033574e-01
   1.5400000e+02   3.4092167e-01
   1.5500000e+02   3.2290685e-01
   1.5600000e+02   3.0628693e-01
   1.5700000e+02   2.9105720e-01
   1.5800000e+02   2.7721339e-01
   1.5900000e+02   2.6475114e-01
   1.6000000e+02   2.5366649e-01
   1.6100000e+02   2.4395528e-01
   1.6200000e+02   2.3561342e-01
   1.6300000e+02   2.2863725e-01
   1.6400000e+02   2.2302279e-01
   1.6500000e+02   2.1876673e-01
   1.6600000e+02   2.1586585e-01
   1.6700000e+02   2.1431625e-01
   1.6800000e+02   2.1411476e-01
   1.6900000e+02   2.1525781e-01
   1.7000000e+02   2.1774229e-01
   1.7100000e+02   2.2156516e-01
   1.7200000e+02   2.2672357e-01
   1.7300000e+02   2.3321459e-01
   1.7400000e+02   2.4103576e-01
   1.7500000e+02   2.5018433e-01
   1.7600000e+02   2.6065803e-01
   1.7700000e+02   2.7245420e-01
   1.7800000e+02   2.8557104e-01
   1.7900000e+02   3.0000603e-01
   1.8000000e+02   3.1575742e-01
   1.8100000e+02   3.1160733e-01
   1.8200000e+02   3.0868280e-01
   1.8300000e+02   3.0697906e-01
   1.8400000e+02   3.0649117e-01
   1.8500000e+02   3.0721396e-01
   1.8600000e+02   3.0914280e-01
   1.8700000e+02   3.1227279e-01
   1.8800000e+02   3.1659931e-01
   1.8900000e+02   3.2211766e-01
   1.9000000e+02   3.2882333e-01
   1.9100000e+02   3.3671170e-01
   1.9200000e+02   3.4577808e-01
   1.9300000e+02   3.5601828e-01
   1.9400000e+02   3.6742774e-01
   1.9500000e+02   3.8000214e-01
   1.9600000e+02   3.9373699e-01
   1.9700000e+02   4.0862817e-01
   1.9800000e+02   4.2467120e-01
   1.9900000e+02   4.4186193e-01
   2.0000000e+02   4.6019617e-01
   2.0100000e+02   4.7966936e-01
   2.0200000e+02   5.0027752e-01
   2.0300000e+02   5.2201641e-01
   2.0400000e+02   5.4488164e-01
   2.0500000e+02   5.6886905e-01
   2.0600000e+02   5.9397435e-01
   2.0700000e+02   6.2019324e-01
   2.0800000e+02   6.4752185e-01
   2.0900000e+02   6.7595530e-01
   2.1000000e+02   7.0548934e-01
   2.1100000e+02   7.3748684e-01
   2.1200000e+02   7.7046001e-01
   2.1300000e+02   8.0440390e-01
   2.1400000e+02   8.3931309e-01
   2.1500000e+02   8.7518191e-01
   2.1600000e+02   9.1200483e-01
   2.1700000e+02   9.4977665e-01
   2.1800000e+02   9.8849112e-01
   2.1900000e+02   1.0281428e+00
   2.2000000e+02   1.0687255e+00
   2.2100000e+02   1.1102334e+00
   2.2200000e+02   1.1526600e+00
   2.2300000e+02   1.1959984e+00
   2.2400000e+02   1.2402420e+00
   2.2500000e+02   1.2853839e+00
   2.2600000e+02   1.3314171e+00
   2.2700000e+02   1.3783339e+00
   2.2800000e+02   1.4261271e+00
   2.2900000e+02   1.4747887e+00
   2.3000000e+02   1.5243109e+00
   2.3100000e+02   1.5746856e+00
   2.3200000e+02   1.6259035e+00
   2.3300000e+02   1.6779560e+00
   2.3400000e+02   1.7308339e+00
   2.3500000e+02   1.7845274e+00
   2.3600000e+02   1.8390270e+00
   2.3700000e+02   1.8943224e+00
   2.3800000e+02   1.9504033e+00
   2.3900000e+02   2.0072985e+00
   2.4000000e+02   2.0649681e+00
   2.4100000e+02   2.1471140e+00
   2.4200000e+02   2.2302840e+00
   2.4300000e+02   2.3144696e+00
   2.4400000e+02   2.3996611e+00
   2.4500000e+02   2.4858496e+00
   2.4600000e+02   2.5730243e+00
   2.4700000e+02   2.6611753e+00
   2.4800000e+02   2.7502906e+00
   2.4900000e+02   2.8403590e+00
   2.5000000e+02   2.9313686e+00
   2.5100000e+02   3.0233061e+00
   2.5200000e+02   3.1161585e+00
   2.5300000e+02   3.2099121e+00
   2.5400000e+02   3.3045521e+00
   2.5500000e+02   3.4000633e+00
   2.5600000e+02   3.4964299e+00
   2.5700000e+02   3.5936358e+00
   2.5800000e+02   3.6916633e+00
   2.5900000e+02   3.7904947e+00
   2.6000000e+02   3.8901112e+00
   2.6100000e+02   3.9904935e+00
   2.6200000e+02   4.0916209e+00
   2.6300000e+02   4.1934733e+00
   2.6400000e+02   4.2960291e+00
   2.6500000e+02   4.3992639e+00
   2.6600000e+02   4.5031557e+00
   2.6700000e+02   4.6076803e+00
   2.6800000e+02   4.7128119e+00
   2.6900000e+02   4.8185239e+00
   2.7000000e+02   4.9247904e+00
   2.7100000e+02   5.0374660e+00
   2.7200000e+02   5.1507597e+00
   2.7300000e+02   5.2646441e+00
   2.7400000e+02   5.3790913e+00
   2.7500000e+02   5.4940724e+00
   2.7600000e+02   5.6095567e+00
   2.7700000e+02   5.7255135e+00
   2.7800000e+02   5.8419104e+00
   2.7900000e+02   5.9587140e+00
   2.8000000e+02   6.0758905e+00
   2.8100000e+02   6.1934037e+00
   2.8200000e+02   6.3112168e+00
   2.8300000e+02   6.4292936e+00
   2.8400000e+02   6.5475936e+00
   2.8500000e+02   6.6660776e+00
   2.8600000e+02   6.7847042e+00
   2.8700000e+02   6.9034314e+00
   2.8800000e+02   7.0222163e+00
   2.8900000e+02   7.1410136e+00
   2.9000000e+02   7.2597780e+00
   2.9100000e+02   7.3784633e+00
   2.9200000e+02   7.4970212e+00
   2.9300000e+02   7.6154022e+00
   2.9400000e+02   7.7335582e+00
   2.9500000e+02   7.8514357e+00
   2.9600000e+02   7.9689841e+00
   2.9700000e+02   8.0861502e+00
   2.9800000e+02   8.2028799e+00
   2.9900000e+02   8.3191166e+00
   3.0000000e+02   8.4348059e+00
   3.0100000e+02   8.6002731e+00
   3.0200000e+02   8.7655354e+00
   3.0300000e+02   8.9305277e+00
   3.0400000e+02   9.0951824e+00
   3.0500000e+02   9.2594328e+00
   3.0600000e+02   9.4232111e+00
   3.0700000e+02   9.5864458e+00
   3.0800000e+02   9.7490683e+00
   3.0900000e+02   9.9110050e+00
   3.1000000e+02   1.0072185e+01
   3.1100000e+02   1.0232533e+01
   3.1200000e+02   1.0391976e+01
   3.1300000e+02   1.0550437e+01
   3.1400000e+02   1.0707843e+01
   3.1500000e+02   1.0864115e+01
   3.1600000e+02   1.1019176e+01
   3.1700000e+02   1.1172951e+01
   3.1800000e+02   1.1325360e+01
   3.1900000e+02   1.1476325e+01
   3.2000000e+02   1.1625769e+01
   3.2100000e+02   1.1773612e+01
   3.2200000e+02   1.1919776e+01
   3.2300000e+02   1.2064183e+01
   3.2400000e+02   1.2206757e+01
   3.2500000e+02   1.2347416e+01
   3.2600000e+02   1.2486086e+01
   3.2700000e+02   1.2622688e+01
   3.2800000e+02   1.2757147e+01
   3.2900000e+02   1.2889386e+01
   3.3000000e+02   1.3019333e+01
   3.3100000e+02   1.3094394e+01
   3.3200000e+02   1.3166833e+01
   3.3300000e+02   1.3236590e+01
   3.3400000e+02   1.3303609e+01
   3.3500000e+02   1.3367832e+01
   3.3600000e+02   1.3429205e+01
   3.3700000e+02   1.3487676e+01
   3.3800000e+02   1.3543191e+01
   3.3900000e+02   1.3595704e+01
   3.4000000e+02   1.3645165e+01
   3.4100000e+02   1.3691530e+01
   3.4200000e+02   1.3734756e+01
   3.4300000e+02   1.3774802e+01
   3.4400000e+02   1.3811630e+01
   3.4500000e+02   1.3845204e+01
   3.4600000e+02   1.3875490e+01
   3.4700000e+02   1.3902456e+01
   3.4800000e+02   1.3926075e+01
   3.4900000e+02   1.3946321e+01
   3.5000000e+02   1.3963168e+01
   3.5100000e+02   1.3976601e+01
   3.5200000e+02   1.3986598e+01
   3.5300000e+02   1.3993147e+01
   3.5400000e+02   1.3996235e+01
   3.5500000e+02   1.3995853e+01
   3.5600000e+02   1.3991997e+01
   3.5700000e+02   1.3984662e+01
   3.5800000e+02   1.3973850e+01
   3.5900000e+02   1.3959562e+01
   2.6219766e-08   1.3941807e+01
