   0.0000000e+00   9.5192539e+03
   1.0000000e+00   1.4015176e+04
   2.0000000e+00   1.4017824e+04
   3.0000000e+00   1.4021722e+04
   4.0000000e+00   1.4026785e+04
   5.0000000e+00   1.4033018e+04
   6.0000000e+00   1.4040422e+04
   7.0000000e+00   1.4049000e+04
   8.0000000e+00   1.4058752e+04
   9.0000000e+00   1.4069680e+04
   1.0000000e+01   1.4081785e+04
   1.1000000e+01   1.4095073e+04
   1.2000000e+01   1.4109543e+04
   1.3000000e+01   1.4125196e+04
   1.4000000e+01   1.4142034e+04
   1.5000000e+01   1.4160058e+04
   1.6000000e+01   1.4179266e+04
   1.7000000e+01   1.4199665e+04
   1.8000000e+01   1.4221250e+04
   1.9000000e+01   1.4244019e+04
   2.0000000e+01   1.4267970e+04
   2.1000000e+01   1.4293102e+04
   2.2000000e+01   1.4319415e+04
   2.3000000e+01   1.4346906e+04
   2.4000000e+01   1.4375572e+04
   2.5000000e+01   1.4405411e+04
   2.6000000e+01   1.4436419e+04
   2.7000000e+01   1.4468594e+04
   2.8000000e+01   1.4501930e+04
   2.9000000e+01   1.4536425e+04
   3.0000000e+01   1.4572072e+04
   3.1000000e+01   1.4611424e+04
   3.2000000e+01   1.4651807e+04
   3.3000000e+01   1.4693216e+04
   3.4000000e+01   1.4735648e+04
   3.5000000e+01   1.4779102e+04
   3.6000000e+01   1.4823570e+04
   3.7000000e+01   1.4869050e+04
   3.8000000e+01   1.4915535e+04
   3.9000000e+01   1.4963022e+04
   4.0000000e+01   1.5011506e+04
   4.1000000e+01   1.5060975e+04
   4.2000000e+01   1.5111425e+04
   4.3000000e+01   1.5162846e+04
   4.4000000e+01   1.5215232e+04
   4.5000000e+01   1.5268578e+04
   4.6000000e+01   1.5322898e+04
   4.7000000e+01   1.5378162e+04
   4.8000000e+01   1.5434345e+04
   4.9000000e+01   1.5491438e+04
   5.0000000e+01   1.5548957e+04
   5.1000000e+01   1.5607286e+04
   5.2000000e+01   1.5666394e+04
   5.3000000e+01   1.5726125e+04
   5.4000000e+01   1.5786634e+04
   5.5000000e+01   1.5847909e+04
   5.6000000e+01   1.5909936e+04
   5.7000000e+01   1.5972699e+04
   5.8000000e+01   1.6036186e+04
   5.9000000e+01   1.6100379e+04
   6.0000000e+01   1.6165263e+04
   6.1000000e+01   1.6225000e+04
   6.2000000e+01   1.6285594e+04
   6.3000000e+01   1.6347021e+04
   6.4000000e+01   1.6409260e+04
   6.5000000e+01   1.6472289e+04
   6.6000000e+01   1.6536088e+04
   6.7000000e+01   1.6600633e+04
   6.8000000e+01   1.6665904e+04
   6.9000000e+01   1.6731877e+04
   7.0000000e+01   1.6798533e+04
   7.1000000e+01   1.6865844e+04
   7.2000000e+01   1.6933789e+04
   7.3000000e+01   1.7002344e+04
   7.4000000e+01   1.7071486e+04
   7.5000000e+01   1.7141189e+04
   7.6000000e+01   1.7211430e+04
   7.7000000e+01   1.7282182e+04
   7.8000000e+01   1.7353420e+04
   7.9000000e+01   1.7425125e+04
   8.0000000e+01   1.7497264e+04
   8.1000000e+01   1.7569816e+04
   8.2000000e+01   1.7642754e+04
   8.3000000e+01   1.7716059e+04
   8.4000000e+01   1.7789697e+04
   8.5000000e+01   1.7863645e+04
   8.6000000e+01   1.7937879e+04
   8.7000000e+01   1.8012369e+04
   8.8000000e+01   1.8087088e+04
   8.9000000e+01   1.8162014e+04
   9.0000000e+01   1.8237119e+04
   9.1000000e+01   1.8310428e+04
   9.2000000e+01   1.8383725e+04
   9.3000000e+01   1.8456922e+04
   9.4000000e+01   1.8530107e+04
   9.5000000e+01   1.8603264e+04
   9.6000000e+01   1.8676357e+04
   9.7000000e+01   1.8749365e+04
   9.8000000e+01   1.8822266e+04
   9.9000000e+01   1.8895027e+04
   1.0000000e+02   1.8967629e+04
   1.0100000e+02   1.9040045e+04
   1.0200000e+02   1.9112232e+04
   1.0300000e+02   1.9184117e+04
   1.0400000e+02   1.9255727e+04
   1.0500000e+02   1.9327037e+04
   1.0600000e+02   1.9398025e+04
   1.0700000e+02   1.9468664e+04
   1.0800000e+02   1.9538932e+04
   1.0900000e+02   1.9608799e+04
   1.1000000e+02   1.9678232e+04
   1.1100000e+02   1.9747217e+04
   1.1200000e+02   1.9815738e+04
   1.1300000e+02   1.9883766e+04
   1.1400000e+02   1.9951283e+04
   1.1500000e+02   2.0018262e+04
   1.1600000e+02   2.0084680e+04
   1.1700000e+02   2.0150516e+04
   1.1800000e+02   2.0215742e+04
   1.1900000e+02   2.0280338e+04
   1.2000000e+02   2.0344281e+04
   1.2100000e+02   2.0406516e+04
   1.2200000e+02   2.0468068e+04
   1.2300000e+02   2.0528918e+04
   1.2400000e+02   2.0589043e+04
   1.2500000e+02   2.0648422e+04
   1.2600000e+02   2.0707035e+04
   1.2700000e+02   2.0764861e+04
   1.2800000e+02   2.0821879e+04
   1.2900000e+02   2.0878070e+04
   1.3000000e+02   2.0933414e+04
   1.3100000e+02   2.0987891e+04
   1.3200000e+02   2.1041482e+04
   1.3300000e+02   2.1094168e+04
   1.3400000e+02   2.1145934e+04
   1.3500000e+02   2.1196754e+04
   1.3600000e+02   2.1246615e+04
   1.3700000e+02   2.1295502e+04
   1.3800000e+02   2.1343393e+04
   1.3900000e+02   2.1390273e+04
   1.4000000e+02   2.1436125e+04
   1.4100000e+02   2.1480936e+04
   1.4200000e+02   2.1524688e+04
   1.4300000e+02   2.1567363e+04
   1.4400000e+02   2.1608949e+04
   1.4500000e+02   2.1649430e+04
   1.4600000e+02   2.1688789e+04
   1.4700000e+02   2.1727016e+04
   1.4800000e+02   2.1764096e+04
   1.4900000e+02   2.1800014e+04
   1.5000000e+02   2.1834758e+04
   1.5100000e+02   2.1872223e+04
   1.5200000e+02   2.1908490e+04
   1.5300000e+02   2.1943551e+04
   1.5400000e+02   2.1977391e+04
   1.5500000e+02   2.2010000e+04
   1.5600000e+02   2.2041363e+04
   1.5700000e+02   2.2071475e+04
   1.5800000e+02   2.2100320e+04
   1.5900000e+02   2.2127891e+04
   1.6000000e+02   2.2154176e+04
   1.6100000e+02   2.2179164e+04
   1.6200000e+02   2.2202852e+04
   1.6300000e+02   2.2225227e+04
   1.6400000e+02   2.2246281e+04
   1.6500000e+02   2.2266012e+04
   1.6600000e+02   2.2284408e+04
   1.6700000e+02   2.2301463e+04
   1.6800000e+02   2.2317174e+04
   1.6900000e+02   2.2331529e+04
   1.7000000e+02   2.2344529e+04
   1.7100000e+02   2.2356166e+04
   1.7200000e+02   2.2366436e+04
   1.7300000e+02   2.2375336e+04
   1.7400000e+02   2.2382861e+04
   1.7500000e+02   2.2389008e+04
   1.7600000e+02   2.2393777e+04
   1.7700000e+02   2.2397166e+04
   1.7800000e+02   2.2399170e+04
   1.7900000e+02   2.2399793e+04
   1.8000000e+02   2.2399029e+04
   1.8100000e+02   2.2400754e+04
   1.8200000e+02   2.2401041e+04
   1.8300000e+02   2.2399893e+04
   1.8400000e+02   2.2397309e+04
   1.8500000e+02   2.2393295e+04
   1.8600000e+02   2.2387850e+04
   1.8700000e+02   2.2380977e+04
   1.8800000e+02   2.2372678e+04
   1.8900000e+02   2.2362963e+04
   1.9000000e+02   2.2351832e+04
   1.9100000e+02   2.2339289e+04
   1.9200000e+02   2.2325342e+04
   1.9300000e+02   2.2309992e+04
   1.9400000e+02   2.2293250e+04
   1.9500000e+02   2.2275121e+04
   1.9600000e+02   2.2255611e+04
   1.9700000e+02   2.2234729e+04
   1.9800000e+02   2.2212479e+04
   1.9900000e+02   2.2188873e+04
   2.0000000e+02   2.2163920e+04
   2.0100000e+02   2.2137625e+04
   2.0200000e+02   2.2110002e+04
   2.0300000e+02   2.2081057e+04
   2.0400000e+02   2.2050803e+04
   2.0500000e+02   2.2019250e+04
   2.0600000e+02   2.1986408e+04
   2.0700000e+02   2.1952289e+04
   2.0800000e+02   2.1916908e+04
   2.0900000e+02   2.1880273e+04
   2.1000000e+02   2.1842398e+04
   2.1100000e+02   2.1803625e+04
   2.1200000e+02   2.1763686e+04
   2.1300000e+02   2.1722594e+04
   2.1400000e+02   2.1680359e+04
   2.1500000e+02   2.1637000e+04
   2.1600000e+02   2.1592523e+04
   2.1700000e+02   2.1546949e+04
   2.1800000e+02   2.1500287e+04
   2.1900000e+02   2.1452555e+04
   2.2000000e+02   2.1403766e+04
   2.2100000e+02   2.1353938e+04
   2.2200000e+02   2.1303084e+04
   2.2300000e+02   2.1251221e+04
   2.2400000e+02   2.1198367e+04
   2.2500000e+02   2.1144537e+04
   2.2600000e+02   2.1089746e+04
   2.2700000e+02   2.1034016e+04
   2.2800000e+02   2.0977359e+04
   2.2900000e+02   2.0919799e+04
   2.3000000e+02   2.0861354e+04
   2.3100000e+02   2.0802039e+04
   2.3200000e+02   2.0741875e+04
   2.3300000e+02   2.0680877e+04
   2.3400000e+02   2.0619070e+04
   2.3500000e+02   2.0556471e+04
   2.3600000e+02   2.0493098e+04
   2.3700000e+02   2.0428973e+04
   2.3800000e+02   2.0364117e+04
   2.3900000e+02   2.0298520e+04
   2.4000000e+02   2.0232227e+04
   2.4100000e+02   2.0162439e+04
   2.4200000e+02   2.0092047e+04
   2.4300000e+02   2.0021068e+04
   2.4400000e+02   1.9949529e+04
   2.4500000e+02   1.9877449e+04
   2.4600000e+02   1.9804852e+04
   2.4700000e+02   1.9731758e+04
   2.4800000e+02   1.9658191e+04
   2.4900000e+02   1.9584176e+04
   2.5000000e+02   1.9509732e+04
   2.5100000e+02   1.9434887e+04
   2.5200000e+02   1.9359660e+04
   2.5300000e+02   1.9284078e+04
   2.5400000e+02   1.9208160e+04
   2.5500000e+02   1.9131934e+04
   2.5600000e+02   1.9055422e+04
   2.5700000e+02   1.8978646e+04
   2.5800000e+02   1.8901633e+04
   2.5900000e+02   1.8824404e+04
   2.6000000e+02   1.8746984e+04
   2.6100000e+02   1.8669396e+04
   2.6200000e+02   1.8591666e+04
   2.6300000e+02   1.8513814e+04
   2.6400000e+02   1.8435867e+04
   2.6500000e+02   1.8357848e+04
   2.6600000e+02   1.8279781e+04
   2.6700000e+02   1.8201688e+04
   2.6800000e+02   1.8123594e+04
   2.6900000e+02   1.8045523e+04
   2.7000000e+02   1.7967500e+04
   2.7100000e+02   1.7889049e+04
   2.7200000e+02   1.7810670e+04
   2.7300000e+02   1.7732387e+04
   2.7400000e+02   1.7654223e+04
   2.7500000e+02   1.7576203e+04
   2.7600000e+02   1.7498352e+04
   2.7700000e+02   1.7420691e+04
   2.7800000e+02   1.7343246e+04
   2.7900000e+02   1.7266039e+04
   2.8000000e+02   1.7189094e+04
   2.8100000e+02   1.7112434e+04
   2.8200000e+02   1.7036082e+04
   2.8300000e+02   1.6960061e+04
   2.8400000e+02   1.6884393e+04
   2.8500000e+02   1.6809102e+04
   2.8600000e+02   1.6734209e+04
   2.8700000e+02   1.6659736e+04
   2.8800000e+02   1.6585705e+04
   2.8900000e+02   1.6512137e+04
   2.9000000e+02   1.6439057e+04
   2.9100000e+02   1.6366481e+04
   2.9200000e+02   1.6294433e+04
   2.9300000e+02   1.6222934e+04
   2.9400000e+02   1.6152002e+04
   2.9500000e+02   1.6081661e+04
   2.9600000e+02   1.6011927e+04
   2.9700000e+02   1.5942822e+04
   2.9800000e+02   1.5874365e+04
   2.9900000e+02   1.5806575e+04
   3.0000000e+02   1.5739470e+04
   3.0100000e+02   1.5672320e+04
   3.0200000e+02   1.5606014e+04
   3.0300000e+02   1.5540567e+04
   3.0400000e+02   1.5475996e+04
   3.0500000e+02   1.5412319e+04
   3.0600000e+02   1.5349550e+04
   3.0700000e+02   1.5287705e+04
   3.0800000e+02   1.5226800e+04
   3.0900000e+02   1.5166849e+04
   3.1000000e+02   1.5107866e+04
   3.1100000e+02   1.5049867e+04
   3.1200000e+02   1.4992864e+04
   3.1300000e+02   1.4936871e+04
   3.1400000e+02   1.4881900e+04
   3.1500000e+02   1.4827965e+04
   3.1600000e+02   1.4775076e+04
   3.1700000e+02   1.4723246e+04
   3.1800000e+02   1.4672486e+04
   3.1900000e+02   1.4622809e+04
   3.2000000e+02   1.4574223e+04
   3.2100000e+02   1.4526738e+04
   3.2200000e+02   1.4480366e+04
   3.2300000e+02   1.4435115e+04
   3.2400000e+02   1.4390995e+04
   3.2500000e+02   1.4348014e+04
   3.2600000e+02   1.4306180e+04
   3.2700000e+02   1.4265502e+04
   3.2800000e+02   1.4225986e+04
   3.2900000e+02   1.4187643e+04
   3.3000000e+02   1.4150475e+04
   3.3100000e+02   1.4112055e+04
   3.3200000e+02   1.4074755e+04
   3.3300000e+02   1.4038582e+04
   3.3400000e+02   1.4003545e+04
   3.3500000e+02   1.3969651e+04
   3.3600000e+02   1.3936907e+04
   3.3700000e+02   1.3905320e+04
   3.3800000e+02   1.3874898e+04
   3.3900000e+02   1.3845646e+04
   3.4000000e+02   1.3817572e+04
   3.4100000e+02   1.3790681e+04
   3.4200000e+02   1.3764979e+04
   3.4300000e+02   1.3740471e+04
   3.4400000e+02   1.3717163e+04
   3.4500000e+02   1.3695060e+04
   3.4600000e+02   1.3674166e+04
   3.4700000e+02   1.3654487e+04
   3.4800000e+02   1.3636027e+04
   3.4900000e+02   1.3618790e+04
   3.5000000e+02   1.3602780e+04
   3.5100000e+02   1.3588000e+04
   3.5200000e+02   1.3574453e+04
   3.5300000e+02   1.3562146e+04
   3.5400000e+02   1.3551077e+04
   3.5500000e+02   1.3541252e+04
   3.5600000e+02   1.3532672e+04
   3.5700000e+02   1.3525340e+04
   3.5800000e+02   1.3519259e+04
   3.5900000e+02   1.3514429e+04
   2.6219766e-08   1.3510853e+04
