   0.0000000e+00   0.0000000e+00
   1.0000000e+00   4.9407879e-04
   2.0000000e+00   1.2531121e-03
   3.0000000e+00   2.0236890e-03
   4.0000000e+00   2.8040456e-03
   5.0000000e+00   3.5938805e-03
   6.0000000e+00   4.3930821e-03
   7.0000000e+00   5.2015032e-03
   8.0000000e+00   6.0193483e-03
   9.0000000e+00   6.8466999e-03
   1.0000000e+01   7.6839011e-03
   1.1000000e+01   8.5311309e-03
   1.2000000e+01   9.3886368e-03
   1.3000000e+01   1.0256279e-02
   1.4000000e+01   1.1134347e-02
   1.5000000e+01   1.2022277e-02
   1.6000000e+01   1.2919757e-02
   1.7000000e+01   1.3826934e-02
   1.8000000e+01   1.4743501e-02
   1.9000000e+01   1.5669048e-02
   2.0000000e+01   1.6603602e-02
   2.1000000e+01   1.7547192e-02
   2.2000000e+01   1.8499788e-02
   2.3000000e+01   1.9461280e-02
   2.4000000e+01   2.0431509e-02
   2.5000000e+01   2.1410493e-02
   2.6000000e+01   2.2398064e-02
   2.7000000e+01   2.3394167e-02
   2.8000000e+01   2.4398662e-02
   2.9000000e+01   2.5411569e-02
   3.0000000e+01   2.6432797e-02
   3.1000000e+01   2.7711678e-02
   3.2000000e+01   2.9013602e-02
   3.3000000e+01   3.0338259e-02
   3.4000000e+01   3.1685449e-02
   3.5000000e+01   3.3054996e-02
   3.6000000e+01   3.4446657e-02
   3.7000000e+01   3.5860233e-02
   3.8000000e+01   3.7295546e-02
   3.9000000e+01   3.8752321e-02
   4.0000000e+01   4.0230270e-02
   4.1000000e+01   4.1729074e-02
   4.2000000e+01   4.3248456e-02
   4.3000000e+01   4.4788238e-02
   4.4000000e+01   4.6348162e-02
   4.5000000e+01   4.7928002e-02
   4.6000000e+01   4.9527567e-02
   4.7000000e+01   5.1146660e-02
   4.8000000e+01   5.2785043e-02
   4.9000000e+01   5.4442566e-02
   5.0000000e+01   5.6119014e-02
   5.1000000e+01   5.7814166e-02
   5.2000000e+01   5.9527807e-02
   5.3000000e+01   6.1259761e-02
   5.4000000e+01   6.3009813e-02
   5.5000000e+01   6.4777754e-02
   5.6000000e+01   6.6563353e-02
   5.7000000e+01   6.8366408e-02
   5.8000000e+01   7.0186704e-02
   5.9000000e+01   7.2024047e-02
   6.0000000e+01   7.3878273e-02
   6.1000000e+01   7.6361075e-02
   6.2000000e+01   7.8876860e-02
   6.3000000e+01   8.1425130e-02
   6.4000000e+01   8.4005922e-02
   6.5000000e+01   8.6619109e-02
   6.6000000e+01   8.9264624e-02
   6.7000000e+01   9.1942392e-02
   6.8000000e+01   9.4652362e-02
   6.9000000e+01   9.7394444e-02
   7.0000000e+01   1.0016854e-01
   7.1000000e+01   1.0297458e-01
   7.2000000e+01   1.0581248e-01
   7.3000000e+01   1.0868215e-01
   7.4000000e+01   1.1158350e-01
   7.5000000e+01   1.1451644e-01
   7.6000000e+01   1.1748088e-01
   7.7000000e+01   1.2047691e-01
   7.8000000e+01   1.2350460e-01
   7.9000000e+01   1.2656395e-01
   8.0000000e+01   1.2965493e-01
   8.1000000e+01   1.3277747e-01
   8.2000000e+01   1.3593154e-01
   8.3000000e+01   1.3911711e-01
   8.4000000e+01   1.4233413e-01
   8.5000000e+01   1.4558257e-01
   8.6000000e+01   1.4886241e-01
   8.7000000e+01   1.5217359e-01
   8.8000000e+01   1.5551609e-01
   8.9000000e+01   1.5888987e-01
   9.0000000e+01   1.6229489e-01
   9.1000000e+01   1.6698815e-01
   9.2000000e+01   1.7177087e-01
   9.3000000e+01   1.7664529e-01
   9.4000000e+01   1.8161371e-01
   9.5000000e+01   1.8667847e-01
   9.6000000e+01   1.9184196e-01
   9.7000000e+01   1.9710663e-01
   9.8000000e+01   2.0247254e-01
   9.9000000e+01   2.0793758e-01
   1.0000000e+02   2.1350214e-01
   1.0100000e+02   2.1916655e-01
   1.0200000e+02   2.2493117e-01
   1.0300000e+02   2.3079634e-01
   1.0400000e+02   2.3676209e-01
   1.0500000e+02   2.4282002e-01
   1.0600000e+02   2.4896896e-01
   1.0700000e+02   2.5520763e-01
   1.0800000e+02   2.6153487e-01
   1.0900000e+02   2.6795024e-01
   1.1000000e+02   2.7445394e-01
   1.1100000e+02   2.8104290e-01
   1.1200000e+02   2.8771299e-01
   1.1300000e+02   2.9446298e-01
   1.1400000e+02   3.0129173e-01
   1.1500000e+02   3.0819827e-01
   1.1600000e+02   3.1518164e-01
   1.1700000e+02   3.2224095e-01
   1.1800000e+02   3.2937542e-01
   1.1900000e+02   3.3657858e-01
   1.2000000e+02   3.4384918e-01
   1.2100000e+02   3.4954864e-01
   1.2200000e+02   3.5517579e-01
   1.2300000e+02   3.6073098e-01
   1.2400000e+02   3.6621448e-01
   1.2500000e+02   3.7162653e-01
   1.2600000e+02   3.7696722e-01
   1.2700000e+02   3.8224992e-01
   1.2800000e+02   3.8747385e-01
   1.2900000e+02   3.9263773e-01
   1.3000000e+02   3.9773789e-01
   1.3100000e+02   4.0277132e-01
   1.3200000e+02   4.0773568e-01
   1.3300000e+02   4.1262835e-01
   1.3400000e+02   4.1744658e-01
   1.3500000e+02   4.2218363e-01
   1.3600000e+02   4.2683572e-01
   1.3700000e+02   4.3140051e-01
   1.3800000e+02   4.3587559e-01
   1.3900000e+02   4.4025856e-01
   1.4000000e+02   4.4454777e-01
   1.4100000e+02   4.4874009e-01
   1.4200000e+02   4.5282611e-01
   1.4300000e+02   4.5680141e-01
   1.4400000e+02   4.6066636e-01
   1.4500000e+02   4.6442115e-01
   1.4600000e+02   4.6806318e-01
   1.4700000e+02   4.7158957e-01
   1.4800000e+02   4.7500035e-01
   1.4900000e+02   4.7829494e-01
   1.5000000e+02   4.8147205e-01
   1.5100000e+02   4.8177889e-01
   1.5200000e+02   4.8206285e-01
   1.5300000e+02   4.8232549e-01
   1.5400000e+02   4.8256832e-01
   1.5500000e+02   4.8279268e-01
   1.5600000e+02   4.8299947e-01
   1.5700000e+02   4.8318979e-01
   1.5800000e+02   4.8336458e-01
   1.5900000e+02   4.8352480e-01
   1.6000000e+02   4.8367053e-01
   1.6100000e+02   4.8380145e-01
   1.6200000e+02   4.8391801e-01
   1.6300000e+02   4.8402059e-01
   1.6400000e+02   4.8410958e-01
   1.6500000e+02   4.8418534e-01
   1.6600000e+02   4.8424828e-01
   1.6700000e+02   4.8429868e-01
   1.6800000e+02   4.8433697e-01
   1.6900000e+02   4.8436344e-01
   1.7000000e+02   4.8437843e-01
   1.7100000e+02   4.8438224e-01
   1.7200000e+02   4.8437515e-01
   1.7300000e+02   4.8435751e-01
   1.7400000e+02   4.8432949e-01
   1.7500000e+02   4.8429120e-01
   1.7600000e+02   4.8424307e-01
   1.7700000e+02   4.8418555e-01
   1.7800000e+02   4.8411903e-01
   1.7900000e+02   4.8404390e-01
   1.8000000e+02   4.8396048e-01
   1.8100000e+02   4.8237205e-01
   1.8200000e+02   4.8079842e-01
   1.8300000e+02   4.7923833e-01
   1.8400000e+02   4.7769070e-01
   1.8500000e+02   4.7615448e-01
   1.8600000e+02   4.7462866e-01
   1.8700000e+02   4.7311237e-01
   1.8800000e+02   4.7160473e-01
   1.8900000e+02   4.7010493e-01
   1.9000000e+02   4.6861303e-01
   1.9100000e+02   4.6712872e-01
   1.9200000e+02   4.6565157e-01
   1.9300000e+02   4.6418104e-01
   1.9400000e+02   4.6271646e-01
   1.9500000e+02   4.6125773e-01
   1.9600000e+02   4.5980465e-01
   1.9700000e+02   4.5835990e-01
   1.9800000e+02   4.5692453e-01
   1.9900000e+02   4.5549878e-01
   2.0000000e+02   4.5408282e-01
   2.0100000e+02   4.5267668e-01
   2.0200000e+02   4.5128080e-01
   2.0300000e+02   4.4989538e-01
   2.0400000e+02   4.4852075e-01
   2.0500000e+02   4.4715714e-01
   2.0600000e+02   4.4580477e-01
   2.0700000e+02   4.4446388e-01
   2.0800000e+02   4.4313464e-01
   2.0900000e+02   4.4181725e-01
   2.1000000e+02   4.4051179e-01
   2.1100000e+02   4.3472168e-01
   2.1200000e+02   4.2894658e-01
   2.1300000e+02   4.2318693e-01
   2.1400000e+02   4.1744325e-01
   2.1500000e+02   4.1171604e-01
   2.1600000e+02   4.0600574e-01
   2.1700000e+02   4.0031281e-01
   2.1800000e+02   3.9463764e-01
   2.1900000e+02   3.8898072e-01
   2.2000000e+02   3.8334244e-01
   2.2100000e+02   3.7772325e-01
   2.2200000e+02   3.7212345e-01
   2.2300000e+02   3.6654353e-01
   2.2400000e+02   3.6098379e-01
   2.2500000e+02   3.5544464e-01
   2.2600000e+02   3.4992638e-01
   2.2700000e+02   3.4442952e-01
   2.2800000e+02   3.3895445e-01
   2.2900000e+02   3.3350155e-01
   2.3000000e+02   3.2807118e-01
   2.3100000e+02   3.2266364e-01
   2.3200000e+02   3.1727922e-01
   2.3300000e+02   3.1191832e-01
   2.3400000e+02   3.0658117e-01
   2.3500000e+02   3.0126816e-01
   2.3600000e+02   2.9597950e-01
   2.3700000e+02   2.9071552e-01
   2.3800000e+02   2.8547651e-01
   2.3900000e+02   2.8026268e-01
   2.4000000e+02   2.7507430e-01
   2.4100000e+02   2.7167478e-01
   2.4200000e+02   2.6823986e-01
   2.4300000e+02   2.6476946e-01
   2.4400000e+02   2.6126367e-01
   2.4500000e+02   2.5772244e-01
   2.4600000e+02   2.5414574e-01
   2.4700000e+02   2.5053367e-01
   2.4800000e+02   2.4688616e-01
   2.4900000e+02   2.4320324e-01
   2.5000000e+02   2.3948489e-01
   2.5100000e+02   2.3573111e-01
   2.5200000e+02   2.3194194e-01
   2.5300000e+02   2.2811736e-01
   2.5400000e+02   2.2425739e-01
   2.5500000e+02   2.2036202e-01
   2.5600000e+02   2.1643168e-01
   2.5700000e+02   2.1246658e-01
   2.5800000e+02   2.0846662e-01
   2.5900000e+02   2.0443159e-01
   2.6000000e+02   2.0036137e-01
   2.6100000e+02   1.9625580e-01
   2.6200000e+02   1.9211474e-01
   2.6300000e+02   1.8793802e-01
   2.6400000e+02   1.8372546e-01
   2.6500000e+02   1.7947695e-01
   2.6600000e+02   1.7519230e-01
   2.6700000e+02   1.7087138e-01
   2.6800000e+02   1.6651401e-01
   2.6900000e+02   1.6212003e-01
   2.7000000e+02   1.5768927e-01
   2.7100000e+02   1.5617146e-01
   2.7200000e+02   1.5464699e-01
   2.7300000e+02   1.5311596e-01
   2.7400000e+02   1.5157835e-01
   2.7500000e+02   1.5003420e-01
   2.7600000e+02   1.4848357e-01
   2.7700000e+02   1.4692649e-01
   2.7800000e+02   1.4536302e-01
   2.7900000e+02   1.4379314e-01
   2.8000000e+02   1.4221692e-01
   2.8100000e+02   1.4063439e-01
   2.8200000e+02   1.3904557e-01
   2.8300000e+02   1.3745049e-01
   2.8400000e+02   1.3584918e-01
   2.8500000e+02   1.3424167e-01
   2.8600000e+02   1.3262799e-01
   2.8700000e+02   1.3100816e-01
   2.8800000e+02   1.2938222e-01
   2.8900000e+02   1.2775020e-01
   2.9000000e+02   1.2611213e-01
   2.9100000e+02   1.2446804e-01
   2.9200000e+02   1.2281795e-01
   2.9300000e+02   1.2116189e-01
   2.9400000e+02   1.1949989e-01
   2.9500000e+02   1.1783198e-01
   2.9600000e+02   1.1615818e-01
   2.9700000e+02   1.1447853e-01
   2.9800000e+02   1.1279304e-01
   2.9900000e+02   1.1110174e-01
   3.0000000e+02   1.0940468e-01
   3.0100000e+02   1.0885004e-01
   3.0200000e+02   1.0829279e-01
   3.0300000e+02   1.0773294e-01
   3.0400000e+02   1.0717051e-01
   3.0500000e+02   1.0660553e-01
   3.0600000e+02   1.0603800e-01
   3.0700000e+02   1.0546795e-01
   3.0800000e+02   1.0489539e-01
   3.0900000e+02   1.0432035e-01
   3.1000000e+02   1.0374282e-01
   3.1100000e+02   1.0316285e-01
   3.1200000e+02   1.0258044e-01
   3.1300000e+02   1.0199561e-01
   3.1400000e+02   1.0140838e-01
   3.1500000e+02   1.0081876e-01
   3.1600000e+02   1.0022677e-01
   3.1700000e+02   9.9632427e-02
   3.1800000e+02   9.9035740e-02
   3.1900000e+02   9.8436736e-02
   3.2000000e+02   9.7835429e-02
   3.2100000e+02   9.7231820e-02
   3.2200000e+02   9.6625939e-02
   3.2300000e+02   9.6017800e-02
   3.2400000e+02   9.5407419e-02
   3.2500000e+02   9.4794810e-02
   3.2600000e+02   9.4179988e-02
   3.2700000e+02   9.3562961e-02
   3.2800000e+02   9.2943765e-02
   3.2900000e+02   9.2322387e-02
   3.3000000e+02   9.1698870e-02
   3.3100000e+02   9.1915376e-02
   3.3200000e+02   9.2131466e-02
   3.3300000e+02   9.2347138e-02
   3.3400000e+02   9.2562392e-02
   3.3500000e+02   9.2777237e-02
   3.3600000e+02   9.2991665e-02
   3.3700000e+02   9.3205690e-02
   3.3800000e+02   9.3419306e-02
   3.3900000e+02   9.3632519e-02
   3.4000000e+02   9.3845330e-02
   3.4100000e+02   9.4057739e-02
   3.4200000e+02   9.4269753e-02
   3.4300000e+02   9.4481364e-02
   3.4400000e+02   9.4692595e-02
   3.4500000e+02   9.4903432e-02
   3.4600000e+02   9.5113866e-02
   3.4700000e+02   9.5323928e-02
   3.4800000e+02   9.5533602e-02
   3.4900000e+02   9.5742889e-02
   3.5000000e+02   9.5951803e-02
   3.5100000e+02   9.6160337e-02
   3.5200000e+02   9.6368499e-02
   3.5300000e+02   9.6576281e-02
   3.5400000e+02   9.6783705e-02
   3.5500000e+02   9.6990749e-02
   3.5600000e+02   9.7197436e-02
   3.5700000e+02   9.7403750e-02
   3.5800000e+02   9.7609706e-02
   3.5900000e+02   9.7815305e-02
   7.1133672e-07   9.8020546e-02
   1.0000007e+00   9.9166334e-02
   2.0000007e+00   1.0031325e-01
   3.0000007e+00   1.0146131e-01
   4.0000010e+00   1.0261047e-01
   5.0000010e+00   1.0376075e-01
   6.0000010e+00   1.0491213e-01
   7.0000010e+00   1.0606461e-01
   8.0000010e+00   1.0721818e-01
   9.0000010e+00   1.0837282e-01
   1.0000001e+01   1.0952854e-01
   1.1000001e+01   1.1068532e-01
   1.2000001e+01   1.1184316e-01
   1.3000001e+01   1.1300205e-01
   1.4000001e+01   1.1416199e-01
   1.5000001e+01   1.1532296e-01
   1.6000000e+01   1.1648496e-01
   1.7000000e+01   1.1764798e-01
   1.8000000e+01   1.1881202e-01
   1.9000000e+01   1.1997706e-01
   2.0000000e+01   1.2114310e-01
   2.1000000e+01   1.2231014e-01
   2.2000000e+01   1.2347816e-01
   2.3000000e+01   1.2464717e-01
   2.4000000e+01   1.2581715e-01
   2.5000000e+01   1.2698810e-01
   2.6000000e+01   1.2816000e-01
   2.7000000e+01   1.2933287e-01
   2.8000000e+01   1.3050666e-01
   2.9000000e+01   1.3168143e-01
   3.0000000e+01   1.3285711e-01
   3.1000000e+01   1.3553502e-01
   3.2000000e+01   1.3821617e-01
   3.3000000e+01   1.4090049e-01
   3.4000000e+01   1.4358799e-01
   3.5000000e+01   1.4627862e-01
   3.6000000e+01   1.4897232e-01
   3.7000000e+01   1.5166907e-01
   3.8000000e+01   1.5436885e-01
   3.9000000e+01   1.5707159e-01
   4.0000000e+01   1.5977728e-01
   4.1000000e+01   1.6248590e-01
   4.2000000e+01   1.6519739e-01
   4.3000000e+01   1.6791172e-01
   4.4000000e+01   1.7062888e-01
   4.5000000e+01   1.7334881e-01
   4.6000000e+01   1.7607149e-01
   4.7000000e+01   1.7879690e-01
   4.8000000e+01   1.8152501e-01
   4.9000000e+01   1.8425576e-01
   5.0000000e+01   1.8698917e-01
   5.1000000e+01   1.8972516e-01
   5.2000000e+01   1.9246374e-01
   5.3000000e+01   1.9520485e-01
   5.4000000e+01   1.9794850e-01
   5.5000000e+01   2.0069464e-01
   5.6000000e+01   2.0344324e-01
   5.7000000e+01   2.0619430e-01
   5.8000000e+01   2.0894776e-01
   5.9000000e+01   2.1170361e-01
   6.0000000e+01   2.1446183e-01
   6.1000000e+01   2.2185169e-01
   6.2000000e+01   2.2926041e-01
   6.3000000e+01   2.3668805e-01
   6.4000000e+01   2.4413465e-01
   6.5000000e+01   2.5160030e-01
   6.6000000e+01   2.5908506e-01
   6.7000000e+01   2.6658902e-01
   6.8000000e+01   2.7411222e-01
   6.9000000e+01   2.8165478e-01
   7.0000000e+01   2.8921673e-01
   7.1000000e+01   2.9679814e-01
   7.2000000e+01   3.0439910e-01
   7.3000000e+01   3.1201971e-01
   7.4000000e+01   3.1966004e-01
   7.5000000e+01   3.2732147e-01
   7.6000000e+01   3.3500496e-01
   7.7000000e+01   3.4271094e-01
   7.8000000e+01   3.5044003e-01
   7.9000000e+01   3.5819259e-01
   8.0000000e+01   3.6596921e-01
   8.1000000e+01   3.7377042e-01
   8.2000000e+01   3.8159674e-01
   8.3000000e+01   3.8944870e-01
   8.4000000e+01   3.9732686e-01
   8.5000000e+01   4.0523177e-01
   8.6000000e+01   4.1316402e-01
   8.7000000e+01   4.2112422e-01
   8.8000000e+01   4.2911291e-01
   8.9000000e+01   4.3713075e-01
   9.0000000e+01   4.4517830e-01
   9.1000000e+01   4.4854549e-01
   9.2000000e+01   4.5188808e-01
   9.3000000e+01   4.5520565e-01
   9.4000000e+01   4.5849767e-01
   9.5000000e+01   4.6176380e-01
   9.6000000e+01   4.6500349e-01
   9.7000000e+01   4.6821627e-01
   9.8000000e+01   4.7140163e-01
   9.9000000e+01   4.7455907e-01
   1.0000000e+02   4.7768807e-01
   1.0100000e+02   4.8078793e-01
   1.0200000e+02   4.8385695e-01
   1.0300000e+02   4.8689482e-01
   1.0400000e+02   4.8990119e-01
   1.0500000e+02   4.9287558e-01
   1.0600000e+02   4.9581766e-01
   1.0700000e+02   4.9872708e-01
   1.0800000e+02   5.0160336e-01
   1.0900000e+02   5.0444609e-01
   1.1000000e+02   5.0725496e-01
   1.1100000e+02   5.1002938e-01
   1.1200000e+02   5.1276904e-01
   1.1300000e+02   5.1547348e-01
   1.1400000e+02   5.1814222e-01
   1.1500000e+02   5.2077484e-01
   1.1600000e+02   5.2337086e-01
   1.1700000e+02   5.2592981e-01
   1.1800000e+02   5.2845114e-01
   1.1900000e+02   5.3093451e-01
   1.2000000e+02   5.3337932e-01
   1.2100000e+02   5.3314787e-01
   1.2200000e+02   5.3291559e-01
   1.2300000e+02   5.3268248e-01
   1.2400000e+02   5.3244847e-01
   1.2500000e+02   5.3221369e-01
   1.2600000e+02   5.3197801e-01
   1.2700000e+02   5.3174150e-01
   1.2800000e+02   5.3150415e-01
   1.2900000e+02   5.3126597e-01
   1.3000000e+02   5.3102690e-01
   1.3100000e+02   5.3078711e-01
   1.3200000e+02   5.3054643e-01
   1.3300000e+02   5.3030497e-01
   1.3400000e+02   5.3006262e-01
   1.3500000e+02   5.2981949e-01
   1.3600000e+02   5.2957553e-01
   1.3700000e+02   5.2933079e-01
   1.3800000e+02   5.2908522e-01
   1.3900000e+02   5.2883887e-01
   1.4000000e+02   5.2859163e-01
   1.4100000e+02   5.2834368e-01
   1.4200000e+02   5.2809489e-01
   1.4300000e+02   5.2784538e-01
   1.4400000e+02   5.2759498e-01
   1.4500000e+02   5.2734381e-01
   1.4600000e+02   5.2709186e-01
   1.4700000e+02   5.2683914e-01
   1.4800000e+02   5.2658564e-01
   1.4900000e+02   5.2633131e-01
   1.5000000e+02   5.2607626e-01
   1.5100000e+02   5.2564949e-01
   1.5200000e+02   5.2522284e-01
   1.5300000e+02   5.2479625e-01
   1.5400000e+02   5.2436978e-01
   1.5500000e+02   5.2394331e-01
   1.5600000e+02   5.2351695e-01
   1.5700000e+02   5.2309066e-01
   1.5800000e+02   5.2266443e-01
   1.5900000e+02   5.2223825e-01
   1.6000000e+02   5.2181220e-01
   1.6100000e+02   5.2138615e-01
   1.6200000e+02   5.2096021e-01
   1.6300000e+02   5.2053434e-01
   1.6400000e+02   5.2010852e-01
   1.6500000e+02   5.1968277e-01
   1.6600000e+02   5.1925707e-01
   1.6700000e+02   5.1883143e-01
   1.6800000e+02   5.1840585e-01
   1.6900000e+02   5.1798034e-01
   1.7000000e+02   5.1755488e-01
   1.7100000e+02   5.1712954e-01
   1.7200000e+02   5.1670420e-01
   1.7300000e+02   5.1627892e-01
   1.7400000e+02   5.1585370e-01
   1.7500000e+02   5.1542854e-01
   1.7600000e+02   5.1500344e-01
   1.7700000e+02   5.1457846e-01
   1.7800000e+02   5.1415342e-01
   1.7900000e+02   5.1372856e-01
   1.8000000e+02   5.1330370e-01
   1.8100000e+02   5.1266074e-01
   1.8200000e+02   5.1201874e-01
   1.8300000e+02   5.1137763e-01
   1.8400000e+02   5.1073760e-01
   1.8500000e+02   5.1009840e-01
   1.8600000e+02   5.0946021e-01
   1.8700000e+02   5.0882292e-01
   1.8800000e+02   5.0818658e-01
   1.8900000e+02   5.0755125e-01
   1.9000000e+02   5.0691676e-01
   1.9100000e+02   5.0628328e-01
   1.9200000e+02   5.0565064e-01
   1.9300000e+02   5.0501895e-01
   1.9400000e+02   5.0438821e-01
   1.9500000e+02   5.0375837e-01
   1.9600000e+02   5.0312942e-01
   1.9700000e+02   5.0250137e-01
   1.9800000e+02   5.0187427e-01
   1.9900000e+02   5.0124800e-01
   2.0000000e+02   5.0062269e-01
   2.0100000e+02   4.9999827e-01
   2.0200000e+02   4.9937472e-01
   2.0300000e+02   4.9875206e-01
   2.0400000e+02   4.9813026e-01
   2.0500000e+02   4.9750939e-01
   2.0600000e+02   4.9688938e-01
   2.0700000e+02   4.9627024e-01
   2.0800000e+02   4.9565196e-01
   2.0900000e+02   4.9503458e-01
   2.1000000e+02   4.9441805e-01
   2.1100000e+02   4.9275482e-01
   2.1200000e+02   4.9109554e-01
   2.1300000e+02   4.8944014e-01
   2.1400000e+02   4.8778847e-01
   2.1500000e+02   4.8614037e-01
   2.1600000e+02   4.8449576e-01
   2.1700000e+02   4.8285446e-01
   2.1800000e+02   4.8121643e-01
   2.1900000e+02   4.7958145e-01
   2.2000000e+02   4.7794950e-01
   2.2100000e+02   4.7632048e-01
   2.2200000e+02   4.7469419e-01
   2.2300000e+02   4.7307062e-01
   2.2400000e+02   4.7144961e-01
   2.2500000e+02   4.6983111e-01
   2.2600000e+02   4.6821502e-01
   2.2700000e+02   4.6660125e-01
   2.2800000e+02   4.6498969e-01
   2.2900000e+02   4.6338028e-01
   2.3000000e+02   4.6177295e-01
   2.3100000e+02   4.6016759e-01
   2.3200000e+02   4.5856416e-01
   2.3300000e+02   4.5696256e-01
   2.3400000e+02   4.5536274e-01
   2.3500000e+02   4.5376462e-01
   2.3600000e+02   4.5216811e-01
   2.3700000e+02   4.5057321e-01
   2.3800000e+02   4.4897979e-01
   2.3900000e+02   4.4738784e-01
   2.4000000e+02   4.4579726e-01
   2.4100000e+02   4.3770823e-01
   2.4200000e+02   4.2961916e-01
   2.4300000e+02   4.2153019e-01
   2.4400000e+02   4.1344127e-01
   2.4500000e+02   4.0535256e-01
   2.4600000e+02   3.9726409e-01
   2.4700000e+02   3.8917598e-01
   2.4800000e+02   3.8108826e-01
   2.4900000e+02   3.7300095e-01
   2.5000000e+02   3.6491415e-01
   2.5100000e+02   3.5682794e-01
   2.5200000e+02   3.4874231e-01
   2.5300000e+02   3.4065738e-01
   2.5400000e+02   3.3257315e-01
   2.5500000e+02   3.2448971e-01
   2.5600000e+02   3.1640711e-01
   2.5700000e+02   3.0832535e-01
   2.5800000e+02   3.0024448e-01
   2.5900000e+02   2.9216459e-01
   2.6000000e+02   2.8408569e-01
   2.6100000e+02   2.7600783e-01
   2.6200000e+02   2.6793107e-01
   2.6300000e+02   2.5985539e-01
   2.6400000e+02   2.5178087e-01
   2.6500000e+02   2.4370754e-01
   2.6600000e+02   2.3563541e-01
   2.6700000e+02   2.2756454e-01
   2.6800000e+02   2.1949497e-01
   2.6900000e+02   2.1142669e-01
   2.7000000e+02   2.0335977e-01
   2.7100000e+02   2.0104188e-01
   2.7200000e+02   1.9872144e-01
   2.7300000e+02   1.9639845e-01
   2.7400000e+02   1.9407293e-01
   2.7500000e+02   1.9174489e-01
   2.7600000e+02   1.8941431e-01
   2.7700000e+02   1.8708122e-01
   2.7800000e+02   1.8474561e-01
   2.7900000e+02   1.8240750e-01
   2.8000000e+02   1.8006688e-01
   2.8100000e+02   1.7772377e-01
   2.8200000e+02   1.7537816e-01
   2.8300000e+02   1.7303008e-01
   2.8400000e+02   1.7067949e-01
   2.8500000e+02   1.6832645e-01
   2.8600000e+02   1.6597094e-01
   2.8700000e+02   1.6361296e-01
   2.8800000e+02   1.6125251e-01
   2.8900000e+02   1.5888962e-01
   2.9000000e+02   1.5652429e-01
   2.9100000e+02   1.5415651e-01
   2.9200000e+02   1.5178630e-01
   2.9300000e+02   1.4941365e-01
   2.9400000e+02   1.4703856e-01
   2.9500000e+02   1.4466107e-01
   2.9600000e+02   1.4228114e-01
   2.9700000e+02   1.3989882e-01
   2.9800000e+02   1.3751410e-01
   2.9900000e+02   1.3512696e-01
   3.0000000e+02   1.3273744e-01
   3.0100000e+02   1.3190413e-01
   3.0200000e+02   1.3107015e-01
   3.0300000e+02   1.3023548e-01
   3.0400000e+02   1.2940015e-01
   3.0500000e+02   1.2856415e-01
   3.0600000e+02   1.2772748e-01
   3.0700000e+02   1.2689014e-01
   3.0800000e+02   1.2605213e-01
   3.0900000e+02   1.2521346e-01
   3.1000000e+02   1.2437414e-01
   3.1100000e+02   1.2353415e-01
   3.1200000e+02   1.2269349e-01
   3.1300000e+02   1.2185220e-01
   3.1400000e+02   1.2101024e-01
   3.1500000e+02   1.2016762e-01
   3.1600000e+02   1.1932436e-01
   3.1700000e+02   1.1848044e-01
   3.1800000e+02   1.1763588e-01
   3.1900000e+02   1.1679067e-01
   3.2000000e+02   1.1594481e-01
   3.2100000e+02   1.1509831e-01
   3.2200000e+02   1.1425117e-01
   3.2300000e+02   1.1340339e-01
   3.2400000e+02   1.1255497e-01
   3.2500000e+02   1.1170590e-01
   3.2600000e+02   1.1085621e-01
   3.2700000e+02   1.1000587e-01
   3.2800000e+02   1.0915491e-01
   3.2900000e+02   1.0830332e-01
   3.3000000e+02   1.0745109e-01
   3.3100000e+02   1.0761046e-01
   3.3200000e+02   1.0776979e-01
   3.3300000e+02   1.0792908e-01
   3.3400000e+02   1.0808832e-01
   3.3500000e+02   1.0824753e-01
   3.3600000e+02   1.0840669e-01
   3.3700000e+02   1.0856580e-01
   3.3800000e+02   1.0872488e-01
   3.3900000e+02   1.0888391e-01
   3.4000000e+02   1.0904290e-01
   3.4100000e+02   1.0920185e-01
   3.4200000e+02   1.0936075e-01
   3.4300000e+02   1.0951962e-01
   3.4400000e+02   1.0967845e-01
   3.4500000e+02   1.0983723e-01
   3.4600000e+02   1.0999598e-01
   3.4700000e+02   1.1015468e-01
   3.4800000e+02   1.1031334e-01
   3.4900000e+02   1.1047196e-01
   3.5000000e+02   1.1063054e-01
   3.5100000e+02   1.1078909e-01
   3.5200000e+02   1.1094759e-01
   3.5300000e+02   1.1110605e-01
   3.5400000e+02   1.1126447e-01
   3.5500000e+02   1.1142285e-01
   3.5600000e+02   1.1158120e-01
   3.5700000e+02   1.1173950e-01
   3.5800000e+02   1.1189777e-01
   3.5900000e+02   1.1205599e-01
   1.4226848e-06   1.1221418e-01
