   0.0000000e+00   1.4920002e+04
   1.0000000e+00   2.4450203e+04
   2.0000000e+00   2.4450990e+04
   3.0000000e+00   2.4453461e+04
   4.0000000e+00   2.4457822e+04
   5.0000000e+00   2.4464076e+04
   6.0000000e+00   2.4472229e+04
   7.0000000e+00   2.4482279e+04
   8.0000000e+00   2.4494227e+04
   9.0000000e+00   2.4508029e+04
   1.0000000e+01   2.4523717e+04
   1.1000000e+01   2.4541293e+04
   1.2000000e+01   2.4560758e+04
   1.3000000e+01   2.4582115e+04
   1.4000000e+01   2.4605361e+04
   1.5000000e+01   2.4630486e+04
   1.6000000e+01   2.4657492e+04
   1.7000000e+01   2.4686369e+04
   1.8000000e+01   2.4717117e+04
   1.9000000e+01   2.4749744e+04
   2.0000000e+01   2.4784236e+04
   2.1000000e+01   2.4820588e+04
   2.2000000e+01   2.4858793e+04
   2.3000000e+01   2.4898850e+04
   2.4000000e+01   2.4940758e+04
   2.5000000e+01   2.4984506e+04
   2.6000000e+01   2.5030080e+04
   2.7000000e+01   2.5077471e+04
   2.8000000e+01   2.5126672e+04
   2.9000000e+01   2.5177666e+04
   3.0000000e+01   2.5230451e+04
   3.1000000e+01   2.5288311e+04
   3.2000000e+01   2.5347875e+04
   3.3000000e+01   2.5409129e+04
   3.4000000e+01   2.5472053e+04
   3.5000000e+01   2.5536645e+04
   3.6000000e+01   2.5602904e+04
   3.7000000e+01   2.5670816e+04
   3.8000000e+01   2.5740369e+04
   3.9000000e+01   2.5811555e+04
   4.0000000e+01   2.5884355e+04
   4.1000000e+01   2.5958758e+04
   4.2000000e+01   2.6034752e+04
   4.3000000e+01   2.6112314e+04
   4.4000000e+01   2.6191436e+04
   4.5000000e+01   2.6272105e+04
   4.6000000e+01   2.6354299e+04
   4.7000000e+01   2.6437996e+04
   4.8000000e+01   2.6523189e+04
   4.9000000e+01   2.6609852e+04
   5.0000000e+01   2.6697965e+04
   5.1000000e+01   2.6787523e+04
   5.2000000e+01   2.6878486e+04
   5.3000000e+01   2.6970832e+04
   5.4000000e+01   2.7064531e+04
   5.5000000e+01   2.7159570e+04
   5.6000000e+01   2.7255896e+04
   5.7000000e+01   2.7353477e+04
   5.8000000e+01   2.7452313e+04
   5.9000000e+01   2.7552387e+04
   6.0000000e+01   2.7653674e+04
   6.1000000e+01   2.7752750e+04
   6.2000000e+01   2.7853014e+04
   6.3000000e+01   2.7954398e+04
   6.4000000e+01   2.8056859e+04
   6.5000000e+01   2.8160369e+04
   6.6000000e+01   2.8264902e+04
   6.7000000e+01   2.8370506e+04
   6.8000000e+01   2.8477123e+04
   6.9000000e+01   2.8584668e+04
   7.0000000e+01   2.8693111e+04
   7.1000000e+01   2.8802412e+04
   7.2000000e+01   2.8912488e+04
   7.3000000e+01   2.9023389e+04
   7.4000000e+01   2.9135041e+04
   7.5000000e+01   2.9247365e+04
   7.6000000e+01   2.9360404e+04
   7.7000000e+01   2.9474135e+04
   7.8000000e+01   2.9588541e+04
   7.9000000e+01   2.9703561e+04
   8.0000000e+01   2.9819164e+04
   8.1000000e+01   2.9935320e+04
   8.2000000e+01   3.0051967e+04
   8.3000000e+01   3.0169068e+04
   8.4000000e+01   3.0286701e+04
   8.5000000e+01   3.0404732e+04
   8.6000000e+01   3.0523232e+04
   8.7000000e+01   3.0642057e+04
   8.8000000e+01   3.0761150e+04
   8.9000000e+01   3.0880500e+04
   9.0000000e+01   3.1000053e+04
   9.1000000e+01   3.1074117e+04
   9.2000000e+01   3.1145514e+04
   9.3000000e+01   3.1214037e+04
   9.4000000e+01   3.1279479e+04
   9.5000000e+01   3.1341676e+04
   9.6000000e+01   3.1400371e+04
   9.7000000e+01   3.1458354e+04
   9.8000000e+01   3.1518125e+04
   9.9000000e+01   3.1576248e+04
   1.0000000e+02   3.1632721e+04
   1.0100000e+02   3.1687543e+04
   1.0200000e+02   3.1740609e+04
   1.0300000e+02   3.1792277e+04
   1.0400000e+02   3.1854148e+04
   1.0500000e+02   3.1915742e+04
   1.0600000e+02   3.1976875e+04
   1.0700000e+02   3.2037455e+04
   1.0800000e+02   3.2096871e+04
   1.0900000e+02   3.2154600e+04
   1.1000000e+02   3.2214139e+04
   1.1100000e+02   3.2276777e+04
   1.1200000e+02   3.2338430e+04
   1.1300000e+02   3.2398914e+04
   1.1400000e+02   3.2458111e+04
   1.1500000e+02   3.2515895e+04
   1.1600000e+02   3.2572115e+04
   1.1700000e+02   3.2626652e+04
   1.1800000e+02   3.2685906e+04
   1.1900000e+02   3.2743564e+04
   1.2000000e+02   3.2799137e+04
   1.2100000e+02   3.2884953e+04
   1.2200000e+02   3.2969777e+04
   1.2300000e+02   3.3053691e+04
   1.2400000e+02   3.3136773e+04
   1.2500000e+02   3.3219102e+04
   1.2600000e+02   3.3284281e+04
   1.2700000e+02   3.3347332e+04
   1.2800000e+02   3.3409480e+04
   1.2900000e+02   3.3473223e+04
   1.3000000e+02   3.3537816e+04
   1.3100000e+02   3.3602410e+04
   1.3200000e+02   3.3667379e+04
   1.3300000e+02   3.3732957e+04
   1.3400000e+02   3.3806074e+04
   1.3500000e+02   3.3882672e+04
   1.3600000e+02   3.3960539e+04
   1.3700000e+02   3.4039934e+04
   1.3800000e+02   3.4120984e+04
   1.3900000e+02   3.4203227e+04
   1.4000000e+02   3.4288008e+04
   1.4100000e+02   3.4389523e+04
   1.4200000e+02   3.4499414e+04
   1.4300000e+02   3.4608828e+04
   1.4400000e+02   3.4717715e+04
   1.4500000e+02   3.4829074e+04
   1.4600000e+02   3.4942734e+04
   1.4700000e+02   3.5055820e+04
   1.4800000e+02   3.5169930e+04
   1.4900000e+02   3.5284367e+04
   1.5000000e+02   3.5396477e+04
   1.5100000e+02   3.5466098e+04
   1.5200000e+02   3.5532738e+04
   1.5300000e+02   3.5596445e+04
   1.5400000e+02   3.5657332e+04
   1.5500000e+02   3.5715891e+04
   1.5600000e+02   3.5771824e+04
   1.5700000e+02   3.5825172e+04
   1.5800000e+02   3.5875953e+04
   1.5900000e+02   3.5925246e+04
   1.6000000e+02   3.5973238e+04
   1.6100000e+02   3.6019070e+04
   1.6200000e+02   3.6062684e+04
   1.6300000e+02   3.6104066e+04
   1.6400000e+02   3.6143184e+04
   1.6500000e+02   3.6180020e+04
   1.6600000e+02   3.6214563e+04
   1.6700000e+02   3.6246805e+04
   1.6800000e+02   3.6276734e+04
   1.6900000e+02   3.6304344e+04
   1.7000000e+02   3.6329621e+04
   1.7100000e+02   3.6352570e+04
   1.7200000e+02   3.6373203e+04
   1.7300000e+02   3.6391551e+04
   1.7400000e+02   3.6407766e+04
   1.7500000e+02   3.6421539e+04
   1.7600000e+02   3.6432871e+04
   1.7700000e+02   3.6441766e+04
   1.7800000e+02   3.6448238e+04
   1.7900000e+02   3.6452313e+04
   1.8000000e+02   3.6453934e+04
   1.8100000e+02   3.6446813e+04
   1.8200000e+02   3.6439027e+04
   1.8300000e+02   3.6430398e+04
   1.8400000e+02   3.6420781e+04
   1.8500000e+02   3.6410035e+04
   1.8600000e+02   3.6398043e+04
   1.8700000e+02   3.6384703e+04
   1.8800000e+02   3.6369887e+04
   1.8900000e+02   3.6352688e+04
   1.9000000e+02   3.6333523e+04
   1.9100000e+02   3.6312496e+04
   1.9200000e+02   3.6289813e+04
   1.9300000e+02   3.6265449e+04
   1.9400000e+02   3.6239023e+04
   1.9500000e+02   3.6210496e+04
   1.9600000e+02   3.6175813e+04
   1.9700000e+02   3.6137695e+04
   1.9800000e+02   3.6097172e+04
   1.9900000e+02   3.6054426e+04
   2.0000000e+02   3.6009484e+04
   2.0100000e+02   3.5962160e+04
   2.0200000e+02   3.5912469e+04
   2.0300000e+02   3.5860441e+04
   2.0400000e+02   3.5806121e+04
   2.0500000e+02   3.5749535e+04
   2.0600000e+02   3.5690711e+04
   2.0700000e+02   3.5629672e+04
   2.0800000e+02   3.5566457e+04
   2.0900000e+02   3.5501086e+04
   2.1000000e+02   3.5433598e+04
   2.1100000e+02   3.5411922e+04
   2.1200000e+02   3.5387891e+04
   2.1300000e+02   3.5361539e+04
   2.1400000e+02   3.5332895e+04
   2.1500000e+02   3.5302000e+04
   2.1600000e+02   3.5268887e+04
   2.1700000e+02   3.5233582e+04
   2.1800000e+02   3.5196121e+04
   2.1900000e+02   3.5156539e+04
   2.2000000e+02   3.5114871e+04
   2.2100000e+02   3.5071152e+04
   2.2200000e+02   3.5025414e+04
   2.2300000e+02   3.4977695e+04
   2.2400000e+02   3.4928027e+04
   2.2500000e+02   3.4876449e+04
   2.2600000e+02   3.4822941e+04
   2.2700000e+02   3.4767535e+04
   2.2800000e+02   3.4710309e+04
   2.2900000e+02   3.4651301e+04
   2.3000000e+02   3.4590559e+04
   2.3100000e+02   3.4528113e+04
   2.3200000e+02   3.4464004e+04
   2.3300000e+02   3.4398254e+04
   2.3400000e+02   3.4330891e+04
   2.3500000e+02   3.4261957e+04
   2.3600000e+02   3.4191508e+04
   2.3700000e+02   3.4119582e+04
   2.3800000e+02   3.4046219e+04
   2.3900000e+02   3.3971445e+04
   2.4000000e+02   3.3895309e+04
   2.4100000e+02   3.3801039e+04
   2.4200000e+02   3.3706199e+04
   2.4300000e+02   3.3610828e+04
   2.4400000e+02   3.3514965e+04
   2.4500000e+02   3.3418652e+04
   2.4600000e+02   3.3321930e+04
   2.4700000e+02   3.3224844e+04
   2.4800000e+02   3.3127441e+04
   2.4900000e+02   3.3029754e+04
   2.5000000e+02   3.2931836e+04
   2.5100000e+02   3.2833727e+04
   2.5200000e+02   3.2735475e+04
   2.5300000e+02   3.2637121e+04
   2.5400000e+02   3.2538715e+04
   2.5500000e+02   3.2439811e+04
   2.5600000e+02   3.2340604e+04
   2.5700000e+02   3.2241578e+04
   2.5800000e+02   3.2142779e+04
   2.5900000e+02   3.2044260e+04
   2.6000000e+02   3.1946064e+04
   2.6100000e+02   3.1848252e+04
   2.6200000e+02   3.1750861e+04
   2.6300000e+02   3.1653955e+04
   2.6400000e+02   3.1557574e+04
   2.6500000e+02   3.1461771e+04
   2.6600000e+02   3.1366602e+04
   2.6700000e+02   3.1272111e+04
   2.6800000e+02   3.1178355e+04
   2.6900000e+02   3.1085383e+04
   2.7000000e+02   3.0993252e+04
   2.7100000e+02   3.0864553e+04
   2.7200000e+02   3.0736070e+04
   2.7300000e+02   3.0607844e+04
   2.7400000e+02   3.0479908e+04
   2.7500000e+02   3.0352311e+04
   2.7600000e+02   3.0225084e+04
   2.7700000e+02   3.0098270e+04
   2.7800000e+02   2.9971908e+04
   2.7900000e+02   2.9846037e+04
   2.8000000e+02   2.9720707e+04
   2.8100000e+02   2.9595943e+04
   2.8200000e+02   2.9471785e+04
   2.8300000e+02   2.9348271e+04
   2.8400000e+02   2.9225438e+04
   2.8500000e+02   2.9103322e+04
   2.8600000e+02   2.8981961e+04
   2.8700000e+02   2.8861395e+04
   2.8800000e+02   2.8741656e+04
   2.8900000e+02   2.8622783e+04
   2.9000000e+02   2.8504809e+04
   2.9100000e+02   2.8387768e+04
   2.9200000e+02   2.8271695e+04
   2.9300000e+02   2.8156629e+04
   2.9400000e+02   2.8042600e+04
   2.9500000e+02   2.7929637e+04
   2.9600000e+02   2.7817781e+04
   2.9700000e+02   2.7707059e+04
   2.9800000e+02   2.7597504e+04
   2.9900000e+02   2.7489146e+04
   3.0000000e+02   2.7382021e+04
   3.0100000e+02   2.7273373e+04
   3.0200000e+02   2.7165928e+04
   3.0300000e+02   2.7059713e+04
   3.0400000e+02   2.6954764e+04
   3.0500000e+02   2.6851104e+04
   3.0600000e+02   2.6748760e+04
   3.0700000e+02   2.6647758e+04
   3.0800000e+02   2.6548123e+04
   3.0900000e+02   2.6449887e+04
   3.1000000e+02   2.6353070e+04
   3.1100000e+02   2.6257701e+04
   3.1200000e+02   2.6163803e+04
   3.1300000e+02   2.6071400e+04
   3.1400000e+02   2.5980514e+04
   3.1500000e+02   2.5891168e+04
   3.1600000e+02   2.5803385e+04
   3.1700000e+02   2.5717186e+04
   3.1800000e+02   2.5632594e+04
   3.1900000e+02   2.5549627e+04
   3.2000000e+02   2.5468307e+04
   3.2100000e+02   2.5388650e+04
   3.2200000e+02   2.5310680e+04
   3.2300000e+02   2.5234412e+04
   3.2400000e+02   2.5159863e+04
   3.2500000e+02   2.5087053e+04
   3.2600000e+02   2.5015996e+04
   3.2700000e+02   2.4946709e+04
   3.2800000e+02   2.4879207e+04
   3.2900000e+02   2.4813506e+04
   3.3000000e+02   2.4749619e+04
   3.3100000e+02   2.4688498e+04
   3.3200000e+02   2.4629172e+04
   3.3300000e+02   2.4571656e+04
   3.3400000e+02   2.4515965e+04
   3.3500000e+02   2.4462109e+04
   3.3600000e+02   2.4410100e+04
   3.3700000e+02   2.4359951e+04
   3.3800000e+02   2.4311674e+04
   3.3900000e+02   2.4265277e+04
   3.4000000e+02   2.4220773e+04
   3.4100000e+02   2.4178174e+04
   3.4200000e+02   2.4137484e+04
   3.4300000e+02   2.4098717e+04
   3.4400000e+02   2.4061879e+04
   3.4500000e+02   2.4026979e+04
   3.4600000e+02   2.3994023e+04
   3.4700000e+02   2.3963023e+04
   3.4800000e+02   2.3933979e+04
   3.4900000e+02   2.3906904e+04
   3.5000000e+02   2.3881801e+04
   3.5100000e+02   2.3858676e+04
   3.5200000e+02   2.3837529e+04
   3.5300000e+02   2.3818375e+04
   3.5400000e+02   2.3801209e+04
   3.5500000e+02   2.3786035e+04
   3.5600000e+02   2.3772861e+04
   3.5700000e+02   2.3761688e+04
   3.5800000e+02   2.3752514e+04
   3.5900000e+02   2.3745346e+04
   7.1133672e-07   2.3740184e+04
   1.0000007e+00   2.3737305e+04
   2.0000007e+00   2.3736438e+04
   3.0000007e+00   2.3737588e+04
   4.0000010e+00   2.3740754e+04
   5.0000010e+00   2.3745938e+04
   6.0000010e+00   2.3753131e+04
   7.0000010e+00   2.3762344e+04
   8.0000010e+00   2.3773576e+04
   9.0000010e+00   2.3786826e+04
   1.0000001e+01   2.3802094e+04
   1.1000001e+01   2.3819377e+04
   1.2000001e+01   2.3838678e+04
   1.3000001e+01   2.3859988e+04
   1.4000001e+01   2.3883309e+04
   1.5000001e+01   2.3908633e+04
   1.6000000e+01   2.3935959e+04
   1.7000000e+01   2.3965283e+04
   1.8000000e+01   2.3996598e+04
   1.9000000e+01   2.4029898e+04
   2.0000000e+01   2.4065180e+04
   2.1000000e+01   2.4102434e+04
   2.2000000e+01   2.4141654e+04
   2.3000000e+01   2.4182834e+04
   2.4000000e+01   2.4225963e+04
   2.5000000e+01   2.4271033e+04
   2.6000000e+01   2.4318031e+04
   2.7000000e+01   2.4366953e+04
   2.8000000e+01   2.4417785e+04
   2.9000000e+01   2.4470514e+04
   3.0000000e+01   2.4525131e+04
   3.1000000e+01   2.4578939e+04
   3.2000000e+01   2.4634691e+04
   3.3000000e+01   2.4692379e+04
   3.4000000e+01   2.4751986e+04
   3.5000000e+01   2.4813500e+04
   3.6000000e+01   2.4876908e+04
   3.7000000e+01   2.4942195e+04
   3.8000000e+01   2.5009350e+04
   3.9000000e+01   2.5078354e+04
   4.0000000e+01   2.5149189e+04
   4.1000000e+01   2.5221836e+04
   4.2000000e+01   2.5296281e+04
   4.3000000e+01   2.5372498e+04
   4.4000000e+01   2.5450477e+04
   4.5000000e+01   2.5530189e+04
   4.6000000e+01   2.5611619e+04
   4.7000000e+01   2.5694740e+04
   4.8000000e+01   2.5779535e+04
   4.9000000e+01   2.5865977e+04
   5.0000000e+01   2.5954043e+04
   5.1000000e+01   2.6043709e+04
   5.2000000e+01   2.6134949e+04
   5.3000000e+01   2.6227738e+04
   5.4000000e+01   2.6322053e+04
   5.5000000e+01   2.6417861e+04
   5.6000000e+01   2.6515137e+04
   5.7000000e+01   2.6613852e+04
   5.8000000e+01   2.6713977e+04
   5.9000000e+01   2.6815482e+04
   6.0000000e+01   2.6918342e+04
   6.1000000e+01   2.6998467e+04
   6.2000000e+01   2.7080229e+04
   6.3000000e+01   2.7163594e+04
   6.4000000e+01   2.7248535e+04
   6.5000000e+01   2.7335029e+04
   6.6000000e+01   2.7423027e+04
   6.7000000e+01   2.7512496e+04
   6.8000000e+01   2.7603400e+04
   6.9000000e+01   2.7695703e+04
   7.0000000e+01   2.7789369e+04
   7.1000000e+01   2.7884359e+04
   7.2000000e+01   2.7980641e+04
   7.3000000e+01   2.8078170e+04
   7.4000000e+01   2.8176596e+04
   7.5000000e+01   2.8275992e+04
   7.6000000e+01   2.8376422e+04
   7.7000000e+01   2.8477834e+04
   7.8000000e+01   2.8580186e+04
   7.9000000e+01   2.8683420e+04
   8.0000000e+01   2.8787494e+04
   8.1000000e+01   2.8892352e+04
   8.2000000e+01   2.8997947e+04
   8.3000000e+01   2.9104225e+04
   8.4000000e+01   2.9211135e+04
   8.5000000e+01   2.9318623e+04
   8.6000000e+01   2.9426635e+04
   8.7000000e+01   2.9535117e+04
   8.8000000e+01   2.9644018e+04
   8.9000000e+01   2.9753277e+04
   9.0000000e+01   2.9862844e+04
   9.1000000e+01   2.9976537e+04
   9.2000000e+01   3.0090582e+04
   9.3000000e+01   3.0204941e+04
   9.4000000e+01   3.0319580e+04
   9.5000000e+01   3.0434465e+04
   9.6000000e+01   3.0549557e+04
   9.7000000e+01   3.0664824e+04
   9.8000000e+01   3.0780234e+04
   9.9000000e+01   3.0895750e+04
   1.0000000e+02   3.1011426e+04
   1.0100000e+02   3.1127656e+04
   1.0200000e+02   3.1243867e+04
   1.0300000e+02   3.1360033e+04
   1.0400000e+02   3.1476117e+04
   1.0500000e+02   3.1592080e+04
   1.0600000e+02   3.1707891e+04
   1.0700000e+02   3.1823514e+04
   1.0800000e+02   3.1938914e+04
   1.0900000e+02   3.2054059e+04
   1.1000000e+02   3.2168916e+04
   1.1100000e+02   3.2283451e+04
   1.1200000e+02   3.2397635e+04
   1.1300000e+02   3.2511434e+04
   1.1400000e+02   3.2624818e+04
   1.1500000e+02   3.2737762e+04
   1.1600000e+02   3.2850230e+04
   1.1700000e+02   3.2962195e+04
   1.1800000e+02   3.3073633e+04
   1.1900000e+02   3.3184512e+04
   1.2000000e+02   3.3294813e+04
   1.2100000e+02   3.3406055e+04
   1.2200000e+02   3.3516164e+04
   1.2300000e+02   3.3625086e+04
   1.2400000e+02   3.3732781e+04
   1.2500000e+02   3.3839227e+04
   1.2600000e+02   3.3944379e+04
   1.2700000e+02   3.4048215e+04
   1.2800000e+02   3.4150691e+04
   1.2900000e+02   3.4251785e+04
   1.3000000e+02   3.4351457e+04
   1.3100000e+02   3.4449684e+04
   1.3200000e+02   3.4546434e+04
   1.3300000e+02   3.4641672e+04
   1.3400000e+02   3.4735371e+04
   1.3500000e+02   3.4827504e+04
   1.3600000e+02   3.4918035e+04
   1.3700000e+02   3.5006945e+04
   1.3800000e+02   3.5094199e+04
   1.3900000e+02   3.5179777e+04
   1.4000000e+02   3.5263645e+04
   1.4100000e+02   3.5345789e+04
   1.4200000e+02   3.5426172e+04
   1.4300000e+02   3.5504773e+04
   1.4400000e+02   3.5581566e+04
   1.4500000e+02   3.5656523e+04
   1.4600000e+02   3.5729633e+04
   1.4700000e+02   3.5800855e+04
   1.4800000e+02   3.5870180e+04
   1.4900000e+02   3.5937582e+04
   1.5000000e+02   3.6003039e+04
   1.5100000e+02   3.6064191e+04
   1.5200000e+02   3.6123359e+04
   1.5300000e+02   3.6180527e+04
   1.5400000e+02   3.6235672e+04
   1.5500000e+02   3.6288781e+04
   1.5600000e+02   3.6339836e+04
   1.5700000e+02   3.6388816e+04
   1.5800000e+02   3.6435711e+04
   1.5900000e+02   3.6480500e+04
   1.6000000e+02   3.6523176e+04
   1.6100000e+02   3.6563719e+04
   1.6200000e+02   3.6602117e+04
   1.6300000e+02   3.6638367e+04
   1.6400000e+02   3.6672445e+04
   1.6500000e+02   3.6704348e+04
   1.6600000e+02   3.6734059e+04
   1.6700000e+02   3.6761566e+04
   1.6800000e+02   3.6786859e+04
   1.6900000e+02   3.6809938e+04
   1.7000000e+02   3.6830789e+04
   1.7100000e+02   3.6849410e+04
   1.7200000e+02   3.6865785e+04
   1.7300000e+02   3.6879918e+04
   1.7400000e+02   3.6891793e+04
   1.7500000e+02   3.6901418e+04
   1.7600000e+02   3.6908781e+04
   1.7700000e+02   3.6913875e+04
   1.7800000e+02   3.6916711e+04
   1.7900000e+02   3.6917277e+04
   1.8000000e+02   3.6915574e+04
   1.8100000e+02   3.6909250e+04
   1.8200000e+02   3.6900664e+04
   1.8300000e+02   3.6889813e+04
   1.8400000e+02   3.6876695e+04
   1.8500000e+02   3.6861320e+04
   1.8600000e+02   3.6843688e+04
   1.8700000e+02   3.6823805e+04
   1.8800000e+02   3.6801676e+04
   1.8900000e+02   3.6777301e+04
   1.9000000e+02   3.6750691e+04
   1.9100000e+02   3.6721855e+04
   1.9200000e+02   3.6690797e+04
   1.9300000e+02   3.6657520e+04
   1.9400000e+02   3.6622047e+04
   1.9500000e+02   3.6584387e+04
   1.9600000e+02   3.6544539e+04
   1.9700000e+02   3.6502520e+04
   1.9800000e+02   3.6458340e+04
   1.9900000e+02   3.6412008e+04
   2.0000000e+02   3.6363543e+04
   2.0100000e+02   3.6312957e+04
   2.0200000e+02   3.6260262e+04
   2.0300000e+02   3.6205477e+04
   2.0400000e+02   3.6148617e+04
   2.0500000e+02   3.6089691e+04
   2.0600000e+02   3.6028730e+04
   2.0700000e+02   3.5965738e+04
   2.0800000e+02   3.5900738e+04
   2.0900000e+02   3.5833754e+04
   2.1000000e+02   3.5764801e+04
   2.1100000e+02   3.5700402e+04
   2.1200000e+02   3.5634168e+04
   2.1300000e+02   3.5566113e+04
   2.1400000e+02   3.5496258e+04
   2.1500000e+02   3.5424625e+04
   2.1600000e+02   3.5351234e+04
   2.1700000e+02   3.5276105e+04
   2.1800000e+02   3.5199266e+04
   2.1900000e+02   3.5120730e+04
   2.2000000e+02   3.5040535e+04
   2.2100000e+02   3.4958691e+04
   2.2200000e+02   3.4875234e+04
   2.2300000e+02   3.4790184e+04
   2.2400000e+02   3.4703570e+04
   2.2500000e+02   3.4615418e+04
   2.2600000e+02   3.4525750e+04
   2.2700000e+02   3.4434602e+04
   2.2800000e+02   3.4341996e+04
   2.2900000e+02   3.4247965e+04
   2.3000000e+02   3.4152539e+04
   2.3100000e+02   3.4055742e+04
   2.3200000e+02   3.3957613e+04
   2.3300000e+02   3.3858176e+04
   2.3400000e+02   3.3757469e+04
   2.3500000e+02   3.3655516e+04
   2.3600000e+02   3.3552355e+04
   2.3700000e+02   3.3448020e+04
   2.3800000e+02   3.3342539e+04
   2.3900000e+02   3.3235949e+04
   2.4000000e+02   3.3128285e+04
   2.4100000e+02   3.3055027e+04
   2.4200000e+02   3.2981078e+04
   2.4300000e+02   3.2906484e+04
   2.4400000e+02   3.2831285e+04
   2.4500000e+02   3.2755523e+04
   2.4600000e+02   3.2679246e+04
   2.4700000e+02   3.2602490e+04
   2.4800000e+02   3.2525303e+04
   2.4900000e+02   3.2447729e+04
   2.5000000e+02   3.2369809e+04
   2.5100000e+02   3.2291588e+04
   2.5200000e+02   3.2213109e+04
   2.5300000e+02   3.2134420e+04
   2.5400000e+02   3.2055561e+04
   2.5500000e+02   3.1976576e+04
   2.5600000e+02   3.1897512e+04
   2.5700000e+02   3.1818414e+04
   2.5800000e+02   3.1739324e+04
   2.5900000e+02   3.1660285e+04
   2.6000000e+02   3.1581346e+04
   2.6100000e+02   3.1502549e+04
   2.6200000e+02   3.1423938e+04
   2.6300000e+02   3.1345557e+04
   2.6400000e+02   3.1267451e+04
   2.6500000e+02   3.1189664e+04
   2.6600000e+02   3.1112240e+04
   2.6700000e+02   3.1035221e+04
   2.6800000e+02   3.0958654e+04
   2.6900000e+02   3.0882578e+04
   2.7000000e+02   3.0807041e+04
   2.7100000e+02   3.0679846e+04
   2.7200000e+02   3.0552889e+04
   2.7300000e+02   3.0426215e+04
   2.7400000e+02   3.0299863e+04
   2.7500000e+02   3.0173871e+04
   2.7600000e+02   3.0048279e+04
   2.7700000e+02   2.9923131e+04
   2.7800000e+02   2.9798461e+04
   2.7900000e+02   2.9674309e+04
   2.8000000e+02   2.9550717e+04
   2.8100000e+02   2.9427721e+04
   2.8200000e+02   2.9305359e+04
   2.8300000e+02   2.9183672e+04
   2.8400000e+02   2.9062695e+04
   2.8500000e+02   2.8942467e+04
   2.8600000e+02   2.8823025e+04
   2.8700000e+02   2.8704406e+04
   2.8800000e+02   2.8586646e+04
   2.8900000e+02   2.8469779e+04
   2.9000000e+02   2.8353846e+04
   2.9100000e+02   2.8238877e+04
   2.9200000e+02   2.8124912e+04
   2.9300000e+02   2.8011980e+04
   2.9400000e+02   2.7900119e+04
   2.9500000e+02   2.7789359e+04
   2.9600000e+02   2.7679738e+04
   2.9700000e+02   2.7571285e+04
   2.9800000e+02   2.7464031e+04
   2.9900000e+02   2.7358012e+04
   3.0000000e+02   2.7253256e+04
   3.0100000e+02   2.7145441e+04
   3.0200000e+02   2.7038830e+04
   3.0300000e+02   2.6933459e+04
   3.0400000e+02   2.6829354e+04
   3.0500000e+02   2.6726543e+04
   3.0600000e+02   2.6625055e+04
   3.0700000e+02   2.6524914e+04
   3.0800000e+02   2.6426148e+04
   3.0900000e+02   2.6328787e+04
   3.1000000e+02   2.6232852e+04
   3.1100000e+02   2.6138369e+04
   3.1200000e+02   2.6045365e+04
   3.1300000e+02   2.5953861e+04
   3.1400000e+02   2.5863881e+04
   3.1500000e+02   2.5775449e+04
   3.1600000e+02   2.5688590e+04
   3.1700000e+02   2.5603318e+04
   3.1800000e+02   2.5519660e+04
   3.1900000e+02   2.5437637e+04
   3.2000000e+02   2.5357266e+04
   3.2100000e+02   2.5278568e+04
   3.2200000e+02   2.5201561e+04
   3.2300000e+02   2.5126264e+04
   3.2400000e+02   2.5052693e+04
   3.2500000e+02   2.4980869e+04
   3.2600000e+02   2.4910803e+04
   3.2700000e+02   2.4842516e+04
   3.2800000e+02   2.4776018e+04
   3.2900000e+02   2.4711328e+04
   3.3000000e+02   2.4648459e+04
   3.3100000e+02   2.4587494e+04
   3.3200000e+02   2.4528328e+04
   3.3300000e+02   2.4470979e+04
   3.3400000e+02   2.4415455e+04
   3.3500000e+02   2.4361775e+04
   3.3600000e+02   2.4309947e+04
   3.3700000e+02   2.4259984e+04
   3.3800000e+02   2.4211898e+04
   3.3900000e+02   2.4165701e+04
   3.4000000e+02   2.4121404e+04
   3.4100000e+02   2.4079014e+04
   3.4200000e+02   2.4038543e+04
   3.4300000e+02   2.3999998e+04
   3.4400000e+02   2.3963391e+04
   3.4500000e+02   2.3928727e+04
   3.4600000e+02   2.3896014e+04
   3.4700000e+02   2.3865262e+04
   3.4800000e+02   2.3836473e+04
   3.4900000e+02   2.3809656e+04
   3.5000000e+02   2.3784818e+04
   3.5100000e+02   2.3761965e+04
   3.5200000e+02   2.3741098e+04
   3.5300000e+02   2.3722223e+04
   3.5400000e+02   2.3705346e+04
   3.5500000e+02   2.3690471e+04
   3.5600000e+02   2.3677596e+04
   3.5700000e+02   2.3666729e+04
   3.5800000e+02   2.3657869e+04
   3.5900000e+02   2.3651020e+04
   1.4226848e-06   2.3646182e+04
