   0.0000000e+00   0.0000000e+00
   1.0000000e+00   1.1298182e-04
   2.0000000e+00   8.6166209e-04
   3.0000000e+00   1.6130786e-03
   4.0000000e+00   2.3665943e-03
   5.0000000e+00   3.1221593e-03
   6.0000000e+00   3.8797241e-03
   7.0000000e+00   4.6392386e-03
   8.0000000e+00   5.4006544e-03
   9.0000000e+00   6.1639240e-03
   1.0000000e+01   6.9289971e-03
   1.1000000e+01   7.6958323e-03
   1.2000000e+01   8.4643839e-03
   1.3000000e+01   9.2346072e-03
   1.4000000e+01   1.0006456e-02
   1.5000000e+01   1.0779900e-02
   1.6000000e+01   1.1554904e-02
   1.7000000e+01   1.2331434e-02
   1.8000000e+01   1.3109451e-02
   1.9000000e+01   1.3888919e-02
   2.0000000e+01   1.4669799e-02
   2.1000000e+01   1.5452055e-02
   2.2000000e+01   1.6235650e-02
   2.3000000e+01   1.7020550e-02
   2.4000000e+01   1.7806718e-02
   2.5000000e+01   1.8594120e-02
   2.6000000e+01   1.9382719e-02
   2.7000000e+01   2.0172482e-02
   2.8000000e+01   2.0963376e-02
   2.9000000e+01   2.1755371e-02
   3.0000000e+01   2.2548428e-02
   3.1000000e+01   2.3373086e-02
   3.2000000e+01   2.4201004e-02
   3.3000000e+01   2.5032165e-02
   3.4000000e+01   2.5866551e-02
   3.5000000e+01   2.6704149e-02
   3.6000000e+01   2.7544944e-02
   3.7000000e+01   2.8388916e-02
   3.8000000e+01   2.9236056e-02
   3.9000000e+01   3.0086346e-02
   4.0000000e+01   3.0939780e-02
   4.1000000e+01   3.1796340e-02
   4.2000000e+01   3.2656010e-02
   4.3000000e+01   3.3518776e-02
   4.4000000e+01   3.4384619e-02
   4.5000000e+01   3.5253532e-02
   4.6000000e+01   3.6125496e-02
   4.7000000e+01   3.7000496e-02
   4.8000000e+01   3.7878521e-02
   4.9000000e+01   3.8759544e-02
   5.0000000e+01   3.9643563e-02
   5.1000000e+01   4.0530555e-02
   5.2000000e+01   4.1420504e-02
   5.3000000e+01   4.2313401e-02
   5.4000000e+01   4.3209232e-02
   5.5000000e+01   4.4107985e-02
   5.6000000e+01   4.5009647e-02
   5.7000000e+01   4.5914199e-02
   5.8000000e+01   4.6821624e-02
   5.9000000e+01   4.7731910e-02
   6.0000000e+01   4.8645034e-02
   6.1000000e+01   4.9589392e-02
   6.2000000e+01   5.0536670e-02
   6.3000000e+01   5.1486824e-02
   6.4000000e+01   5.2439809e-02
   6.5000000e+01   5.3395577e-02
   6.6000000e+01   5.4354079e-02
   6.7000000e+01   5.5315275e-02
   6.8000000e+01   5.6279115e-02
   6.9000000e+01   5.7245564e-02
   7.0000000e+01   5.8214568e-02
   7.1000000e+01   5.9186082e-02
   7.2000000e+01   6.0160074e-02
   7.3000000e+01   6.1136492e-02
   7.4000000e+01   6.2115300e-02
   7.5000000e+01   6.3096456e-02
   7.6000000e+01   6.4079911e-02
   7.7000000e+01   6.5065645e-02
   7.8000000e+01   6.6053592e-02
   7.9000000e+01   6.7043722e-02
   8.0000000e+01   6.8035997e-02
   8.1000000e+01   6.9030382e-02
   8.2000000e+01   7.0026822e-02
   8.3000000e+01   7.1025297e-02
   8.4000000e+01   7.2025761e-02
   8.5000000e+01   7.3028177e-02
   8.6000000e+01   7.4032508e-02
   8.7000000e+01   7.5038724e-02
   8.8000000e+01   7.6046787e-02
   8.9000000e+01   7.7056654e-02
   9.0000000e+01   7.8068219e-02
   9.1000000e+01   7.8937739e-02
   9.2000000e+01   7.9805776e-02
   9.3000000e+01   8.0672294e-02
   9.4000000e+01   8.1537262e-02
   9.5000000e+01   8.2400657e-02
   9.6000000e+01   8.3262436e-02
   9.7000000e+01   8.4122583e-02
   9.8000000e+01   8.4981024e-02
   9.9000000e+01   8.5837714e-02
   1.0000000e+02   8.6692601e-02
   1.0100000e+02   8.7545648e-02
   1.0200000e+02   8.8396810e-02
   1.0300000e+02   8.9246050e-02
   1.0400000e+02   9.0093322e-02
   1.0500000e+02   9.0938590e-02
   1.0600000e+02   9.1781810e-02
   1.0700000e+02   9.2622951e-02
   1.0800000e+02   9.3461968e-02
   1.0900000e+02   9.4298832e-02
   1.1000000e+02   9.5133498e-02
   1.1100000e+02   9.5965937e-02
   1.1200000e+02   9.6796110e-02
   1.1300000e+02   9.7623989e-02
   1.1400000e+02   9.8449543e-02
   1.1500000e+02   9.9272713e-02
   1.1600000e+02   1.0009348e-01
   1.1700000e+02   1.0091183e-01
   1.1800000e+02   1.0172774e-01
   1.1900000e+02   1.0254119e-01
   1.2000000e+02   1.0335217e-01
   1.2100000e+02   1.0390233e-01
   1.2200000e+02   1.0444782e-01
   1.2300000e+02   1.0498867e-01
   1.2400000e+02   1.0552492e-01
   1.2500000e+02   1.0605660e-01
   1.2600000e+02   1.0658374e-01
   1.2700000e+02   1.0710639e-01
   1.2800000e+02   1.0762456e-01
   1.2900000e+02   1.0813830e-01
   1.3000000e+02   1.0864764e-01
   1.3100000e+02   1.0915261e-01
   1.3200000e+02   1.0965323e-01
   1.3300000e+02   1.1014956e-01
   1.3400000e+02   1.1064162e-01
   1.3500000e+02   1.1112944e-01
   1.3600000e+02   1.1161304e-01
   1.3700000e+02   1.1209248e-01
   1.3800000e+02   1.1256777e-01
   1.3900000e+02   1.1303893e-01
   1.4000000e+02   1.1350594e-01
   1.4100000e+02   1.1396879e-01
   1.4200000e+02   1.1442749e-01
   1.4300000e+02   1.1488207e-01
   1.4400000e+02   1.1533253e-01
   1.4500000e+02   1.1577891e-01
   1.4600000e+02   1.1622120e-01
   1.4700000e+02   1.1665943e-01
   1.4800000e+02   1.1709364e-01
   1.4900000e+02   1.1752380e-01
   1.5000000e+02   1.1794998e-01
   1.5100000e+02   1.1819999e-01
   1.5200000e+02   1.1844534e-01
   1.5300000e+02   1.1868606e-01
   1.5400000e+02   1.1892219e-01
   1.5500000e+02   1.1915377e-01
   1.5600000e+02   1.1938076e-01
   1.5700000e+02   1.1960322e-01
   1.5800000e+02   1.1982119e-01
   1.5900000e+02   1.2003469e-01
   1.6000000e+02   1.2024380e-01
   1.6100000e+02   1.2044854e-01
   1.6200000e+02   1.2064895e-01
   1.6300000e+02   1.2084509e-01
   1.6400000e+02   1.2103698e-01
   1.6500000e+02   1.2122466e-01
   1.6600000e+02   1.2140819e-01
   1.6700000e+02   1.2158761e-01
   1.6800000e+02   1.2176295e-01
   1.6900000e+02   1.2193425e-01
   1.7000000e+02   1.2210155e-01
   1.7100000e+02   1.2226489e-01
   1.7200000e+02   1.2242430e-01
   1.7300000e+02   1.2257984e-01
   1.7400000e+02   1.2273154e-01
   1.7500000e+02   1.2287942e-01
   1.7600000e+02   1.2302352e-01
   1.7700000e+02   1.2316389e-01
   1.7800000e+02   1.2330057e-01
   1.7900000e+02   1.2343358e-01
   1.8000000e+02   1.2356295e-01
   1.8100000e+02   1.2361523e-01
   1.8200000e+02   1.2366432e-01
   1.8300000e+02   1.2371027e-01
   1.8400000e+02   1.2375314e-01
   1.8500000e+02   1.2379295e-01
   1.8600000e+02   1.2382975e-01
   1.8700000e+02   1.2386359e-01
   1.8800000e+02   1.2389452e-01
   1.8900000e+02   1.2392256e-01
   1.9000000e+02   1.2394778e-01
   1.9100000e+02   1.2397017e-01
   1.9200000e+02   1.2398980e-01
   1.9300000e+02   1.2400666e-01
   1.9400000e+02   1.2402080e-01
   1.9500000e+02   1.2403224e-01
   1.9600000e+02   1.2404103e-01
   1.9700000e+02   1.2404718e-01
   1.9800000e+02   1.2405074e-01
   1.9900000e+02   1.2405173e-01
   2.0000000e+02   1.2405018e-01
   2.0100000e+02   1.2404612e-01
   2.0200000e+02   1.2403958e-01
   2.0300000e+02   1.2403058e-01
   2.0400000e+02   1.2401918e-01
   2.0500000e+02   1.2400537e-01
   2.0600000e+02   1.2398920e-01
   2.0700000e+02   1.2397069e-01
   2.0800000e+02   1.2394987e-01
   2.0900000e+02   1.2392677e-01
   2.1000000e+02   1.2390140e-01
   2.1100000e+02   1.2383586e-01
   2.1200000e+02   1.2376779e-01
   2.1300000e+02   1.2369724e-01
   2.1400000e+02   1.2362421e-01
   2.1500000e+02   1.2354877e-01
   2.1600000e+02   1.2347092e-01
   2.1700000e+02   1.2339070e-01
   2.1800000e+02   1.2330814e-01
   2.1900000e+02   1.2322323e-01
   2.2000000e+02   1.2313601e-01
   2.2100000e+02   1.2304651e-01
   2.2200000e+02   1.2295476e-01
   2.2300000e+02   1.2286080e-01
   2.2400000e+02   1.2276466e-01
   2.2500000e+02   1.2266637e-01
   2.2600000e+02   1.2256595e-01
   2.2700000e+02   1.2246344e-01
   2.2800000e+02   1.2235887e-01
   2.2900000e+02   1.2225226e-01
   2.3000000e+02   1.2214365e-01
   2.3100000e+02   1.2203306e-01
   2.3200000e+02   1.2192052e-01
   2.3300000e+02   1.2180606e-01
   2.3400000e+02   1.2168971e-01
   2.3500000e+02   1.2157150e-01
   2.3600000e+02   1.2145144e-01
   2.3700000e+02   1.2132958e-01
   2.3800000e+02   1.2120593e-01
   2.3900000e+02   1.2108051e-01
   2.4000000e+02   1.2095336e-01
   2.4100000e+02   1.2080503e-01
   2.4200000e+02   1.2065477e-01
   2.4300000e+02   1.2050261e-01
   2.4400000e+02   1.2034856e-01
   2.4500000e+02   1.2019265e-01
   2.4600000e+02   1.2003491e-01
   2.4700000e+02   1.1987534e-01
   2.4800000e+02   1.1971398e-01
   2.4900000e+02   1.1955085e-01
   2.5000000e+02   1.1938596e-01
   2.5100000e+02   1.1921934e-01
   2.5200000e+02   1.1905100e-01
   2.5300000e+02   1.1888097e-01
   2.5400000e+02   1.1870927e-01
   2.5500000e+02   1.1853591e-01
   2.5600000e+02   1.1836091e-01
   2.5700000e+02   1.1818430e-01
   2.5800000e+02   1.1800610e-01
   2.5900000e+02   1.1782631e-01
   2.6000000e+02   1.1764497e-01
   2.6100000e+02   1.1746208e-01
   2.6200000e+02   1.1727767e-01
   2.6300000e+02   1.1709176e-01
   2.6400000e+02   1.1690436e-01
   2.6500000e+02   1.1671549e-01
   2.6600000e+02   1.1652517e-01
   2.6700000e+02   1.1633341e-01
   2.6800000e+02   1.1614024e-01
   2.6900000e+02   1.1594566e-01
   2.7000000e+02   1.1574970e-01
   2.7100000e+02   1.1562426e-01
   2.7200000e+02   1.1549696e-01
   2.7300000e+02   1.1536780e-01
   2.7400000e+02   1.1523680e-01
   2.7500000e+02   1.1510399e-01
   2.7600000e+02   1.1496938e-01
   2.7700000e+02   1.1483297e-01
   2.7800000e+02   1.1469480e-01
   2.7900000e+02   1.1455488e-01
   2.8000000e+02   1.1441322e-01
   2.8100000e+02   1.1426984e-01
   2.8200000e+02   1.1412475e-01
   2.8300000e+02   1.1397797e-01
   2.8400000e+02   1.1382952e-01
   2.8500000e+02   1.1367940e-01
   2.8600000e+02   1.1352764e-01
   2.8700000e+02   1.1337425e-01
   2.8800000e+02   1.1321924e-01
   2.8900000e+02   1.1306264e-01
   2.9000000e+02   1.1290444e-01
   2.9100000e+02   1.1274467e-01
   2.9200000e+02   1.1258335e-01
   2.9300000e+02   1.1242048e-01
   2.9400000e+02   1.1225608e-01
   2.9500000e+02   1.1209017e-01
   2.9600000e+02   1.1192276e-01
   2.9700000e+02   1.1175385e-01
   2.9800000e+02   1.1158347e-01
   2.9900000e+02   1.1141164e-01
   3.0000000e+02   1.1123835e-01
   3.0100000e+02   1.1129521e-01
   3.0200000e+02   1.1135082e-01
   3.0300000e+02   1.1140518e-01
   3.0400000e+02   1.1145829e-01
   3.0500000e+02   1.1151018e-01
   3.0600000e+02   1.1156084e-01
   3.0700000e+02   1.1161028e-01
   3.0800000e+02   1.1165851e-01
   3.0900000e+02   1.1170553e-01
   3.1000000e+02   1.1175137e-01
   3.1100000e+02   1.1179601e-01
   3.1200000e+02   1.1183947e-01
   3.1300000e+02   1.1188175e-01
   3.1400000e+02   1.1192286e-01
   3.1500000e+02   1.1196281e-01
   3.1600000e+02   1.1200161e-01
   3.1700000e+02   1.1203926e-01
   3.1800000e+02   1.1207577e-01
   3.1900000e+02   1.1211114e-01
   3.2000000e+02   1.1214539e-01
   3.2100000e+02   1.1217852e-01
   3.2200000e+02   1.1221053e-01
   3.2300000e+02   1.1224144e-01
   3.2400000e+02   1.1227124e-01
   3.2500000e+02   1.1229996e-01
   3.2600000e+02   1.1232758e-01
   3.2700000e+02   1.1235413e-01
   3.2800000e+02   1.1237960e-01
   3.2900000e+02   1.1240400e-01
   3.3000000e+02   1.1242733e-01
   3.3100000e+02   1.1274362e-01
   3.3200000e+02   1.1305946e-01
   3.3300000e+02   1.1337487e-01
   3.3400000e+02   1.1368984e-01
   3.3500000e+02   1.1400437e-01
   3.3600000e+02   1.1431847e-01
   3.3700000e+02   1.1463214e-01
   3.3800000e+02   1.1494537e-01
   3.3900000e+02   1.1525818e-01
   3.4000000e+02   1.1557056e-01
   3.4100000e+02   1.1588252e-01
   3.4200000e+02   1.1619405e-01
   3.4300000e+02   1.1650515e-01
   3.4400000e+02   1.1681584e-01
   3.4500000e+02   1.1712611e-01
   3.4600000e+02   1.1743595e-01
   3.4700000e+02   1.1774538e-01
   3.4800000e+02   1.1805440e-01
   3.4900000e+02   1.1836301e-01
   3.5000000e+02   1.1867120e-01
   3.5100000e+02   1.1897899e-01
   3.5200000e+02   1.1928637e-01
   3.5300000e+02   1.1959334e-01
   3.5400000e+02   1.1989990e-01
   3.5500000e+02   1.2020607e-01
   3.5600000e+02   1.2051182e-01
   3.5700000e+02   1.2081718e-01
   3.5800000e+02   1.2112215e-01
   3.5900000e+02   1.2142672e-01
   2.6219766e-08   1.2173089e-01
