   0.0000000e+00   6.0278862e-03
   1.0000000e+00   3.2786645e-02
   2.0000000e+00   3.2759577e-02
   3.0000000e+00   3.2723848e-02
   4.0000000e+00   3.2686528e-02
   5.0000000e+00   3.2646149e-02
   6.0000000e+00   3.2603178e-02
   7.0000000e+00   3.2558456e-02
   8.0000000e+00   3.2511964e-02
   9.0000000e+00   3.2463692e-02
   1.0000000e+01   3.2412570e-02
   1.1000000e+01   3.2357313e-02
   1.2000000e+01   3.2299574e-02
   1.3000000e+01   3.2239333e-02
   1.4000000e+01   3.2176554e-02
   1.5000000e+01   3.2111231e-02
   1.6000000e+01   3.2043338e-02
   1.7000000e+01   3.1971797e-02
   1.8000000e+01   3.1897511e-02
   1.9000000e+01   3.1820823e-02
   2.0000000e+01   3.1739827e-02
   2.1000000e+01   3.1650998e-02
   2.2000000e+01   3.1558741e-02
   2.3000000e+01   3.1483810e-02
   2.4000000e+01   3.1413797e-02
   2.5000000e+01   3.1337671e-02
   2.6000000e+01   3.1255107e-02
   2.7000000e+01   3.1165967e-02
   2.8000000e+01   3.1070154e-02
   2.9000000e+01   3.0967604e-02
   3.0000000e+01   3.0858263e-02
   3.1000000e+01   3.0546594e-02
   3.2000000e+01   3.0276548e-02
   3.3000000e+01   2.9972447e-02
   3.4000000e+01   2.9634753e-02
   3.5000000e+01   2.9262323e-02
   3.6000000e+01   2.8853813e-02
   3.7000000e+01   2.8392123e-02
   3.8000000e+01   2.7886489e-02
   3.9000000e+01   2.7334955e-02
   4.0000000e+01   2.6735650e-02
   4.1000000e+01   2.5974426e-02
   4.2000000e+01   2.4987891e-02
   4.3000000e+01   2.3870882e-02
   4.4000000e+01   2.2566417e-02
   4.5000000e+01   2.1092577e-02
   4.6000000e+01   1.9444412e-02
   4.7000000e+01   1.7602589e-02
   4.8000000e+01   1.5545399e-02
   4.9000000e+01   1.3384208e-02
   5.0000000e+01   1.1386767e-02
   5.1000000e+01   9.2245201e-03
   5.2000000e+01   6.8939873e-03
   5.3000000e+01   5.4240776e-03
   5.4000000e+01   4.6206648e-03
   5.5000000e+01   3.8249749e-03
   5.6000000e+01   3.0433622e-03
   5.7000000e+01   1.9345705e-03
   5.8000000e+01   8.1829529e-04
   5.9000000e+01  -3.0483765e-04
   6.0000000e+01  -1.2121928e-03
   6.1000000e+01  -1.0608417e-03
   6.2000000e+01  -9.5583190e-04
   6.3000000e+01  -8.4073085e-04
   6.4000000e+01  -7.5242214e-04
   6.5000000e+01  -1.7053031e-04
   6.6000000e+01   2.4881202e-04
   6.7000000e+01   4.3563041e-04
   6.8000000e+01   3.6121719e-04
   6.9000000e+01   2.6629830e-04
   7.0000000e+01   1.2197297e-04
   7.1000000e+01  -1.6013467e-04
   7.2000000e+01  -5.6709279e-04
   7.3000000e+01  -1.2177267e-03
   7.4000000e+01  -2.0786764e-03
   7.5000000e+01  -2.9376461e-03
   7.6000000e+01  -3.2998300e-03
   7.7000000e+01  -3.7103430e-03
   7.8000000e+01  -4.0916135e-03
   7.9000000e+01  -4.4423458e-03
   8.0000000e+01  -4.7971350e-03
   8.1000000e+01  -5.1486776e-03
   8.2000000e+01  -4.6195942e-03
   8.3000000e+01  -4.0711439e-03
   8.4000000e+01  -3.5686840e-03
   8.5000000e+01  -3.1032464e-03
   8.6000000e+01  -2.6731379e-03
   8.7000000e+01  -2.2568014e-03
   8.8000000e+01  -1.8882325e-03
   8.9000000e+01  -1.5009189e-03
   9.0000000e+01  -1.1554923e-03
   9.1000000e+01  -4.1930334e-04
   9.2000000e+01   2.6887027e-04
   9.3000000e+01   9.0769259e-04
   9.4000000e+01   1.5039678e-03
   9.5000000e+01   2.0639016e-03
   9.6000000e+01   2.5730918e-03
   9.7000000e+01   2.9661977e-03
   9.8000000e+01   3.3453812e-03
   9.9000000e+01   3.7131994e-03
   1.0000000e+02   4.0727756e-03
   1.0100000e+02   4.4282102e-03
   1.0200000e+02   4.7839978e-03
   1.0300000e+02   5.1389020e-03
   1.0400000e+02   5.4945946e-03
   1.0500000e+02   5.8635632e-03
   1.0600000e+02   6.2660458e-03
   1.0700000e+02   6.6686482e-03
   1.0800000e+02   7.0726778e-03
   1.0900000e+02   7.4790260e-03
   1.1000000e+02   7.8885360e-03
   1.1100000e+02   8.3019231e-03
   1.1200000e+02   8.7198662e-03
   1.1300000e+02   9.1429129e-03
   1.1400000e+02   9.5988084e-03
   1.1500000e+02   1.0142967e-02
   1.1600000e+02   1.0646722e-02
   1.1700000e+02   1.1110763e-02
   1.1800000e+02   1.1538076e-02
   1.1900000e+02   1.1931441e-02
   1.2000000e+02   1.2293347e-02
   1.2100000e+02   1.2131089e-02
   1.2200000e+02   1.1963037e-02
   1.2300000e+02   1.1789717e-02
   1.2400000e+02   1.1611572e-02
   1.2500000e+02   1.1429005e-02
   1.2600000e+02   1.1242441e-02
   1.2700000e+02   1.1052277e-02
   1.2800000e+02   1.0858850e-02
   1.2900000e+02   1.0662391e-02
   1.3000000e+02   1.0463132e-02
   1.3100000e+02   1.0261344e-02
   1.3200000e+02   1.0057303e-02
   1.3300000e+02   9.8512415e-03
   1.3400000e+02   9.6434020e-03
   1.3500000e+02   9.4339931e-03
   1.3600000e+02   9.2231771e-03
   1.3700000e+02   9.0110293e-03
   1.3800000e+02   8.7977275e-03
   1.3900000e+02   8.5834451e-03
   1.4000000e+02   8.3683124e-03
   1.4100000e+02   8.1524467e-03
   1.4200000e+02   7.9359543e-03
   1.4300000e+02   7.7188364e-03
   1.4400000e+02   7.5011859e-03
   1.4500000e+02   7.2830664e-03
   1.4600000e+02   7.0645413e-03
   1.4700000e+02   6.8456810e-03
   1.4800000e+02   6.6265659e-03
   1.4900000e+02   6.4072493e-03
   1.5000000e+02   6.1877831e-03
   1.5100000e+02   5.8435472e-03
   1.5200000e+02   5.4995064e-03
   1.5300000e+02   5.1556793e-03
   1.5400000e+02   4.8120921e-03
   1.5500000e+02   4.4687819e-03
   1.5600000e+02   4.1257651e-03
   1.5700000e+02   3.7830274e-03
   1.5800000e+02   3.4405568e-03
   1.5900000e+02   3.0983808e-03
   1.6000000e+02   2.7565316e-03
   1.6100000e+02   2.4150286e-03
   1.6200000e+02   2.0738859e-03
   1.6300000e+02   1.7331247e-03
   1.6400000e+02   1.3927631e-03
   1.6500000e+02   1.0528193e-03
   1.6600000e+02   7.1331445e-04
   1.6700000e+02   3.7425989e-04
   1.6800000e+02   3.5669484e-05
   1.6900000e+02  -3.0243883e-04
   1.7000000e+02  -6.4004917e-04
   1.7100000e+02  -9.7714551e-04
   1.7200000e+02  -1.3137155e-03
   1.7300000e+02  -1.6497510e-03
   1.7400000e+02  -1.9852398e-03
   1.7500000e+02  -2.3201774e-03
   1.7600000e+02  -2.6545632e-03
   1.7700000e+02  -2.9883943e-03
   1.7800000e+02  -3.3216679e-03
   1.7900000e+02  -3.6543850e-03
   1.8000000e+02  -3.9865468e-03
   1.8100000e+02  -4.4834651e-03
   1.8200000e+02  -4.9783275e-03
   1.8300000e+02  -5.4712184e-03
   1.8400000e+02  -5.9622237e-03
   1.8500000e+02  -6.4514172e-03
   1.8600000e+02  -6.9388598e-03
   1.8700000e+02  -7.4246102e-03
   1.8800000e+02  -7.9087224e-03
   1.8900000e+02  -8.3912378e-03
   1.9000000e+02  -8.8721961e-03
   1.9100000e+02  -9.3516549e-03
   1.9200000e+02  -9.8296618e-03
   1.9300000e+02  -1.0306266e-02
   1.9400000e+02  -1.0781516e-02
   1.9500000e+02  -1.1255404e-02
   1.9600000e+02  -1.1727951e-02
   1.9700000e+02  -1.2199173e-02
   1.9800000e+02  -1.2669101e-02
   1.9900000e+02  -1.3137751e-02
   2.0000000e+02  -1.3605151e-02
   2.0100000e+02  -1.4071338e-02
   2.0200000e+02  -1.4536332e-02
   2.0300000e+02  -1.5000156e-02
   2.0400000e+02  -1.5462838e-02
   2.0500000e+02  -1.5924403e-02
   2.0600000e+02  -1.6384870e-02
   2.0700000e+02  -1.6844224e-02
   2.0800000e+02  -1.7302478e-02
   2.0900000e+02  -1.7759658e-02
   2.1000000e+02  -1.8215777e-02
   2.1100000e+02  -1.8871075e-02
   2.1200000e+02  -1.9513262e-02
   2.1300000e+02  -2.0143013e-02
   2.1400000e+02  -2.0760963e-02
   2.1500000e+02  -2.1367697e-02
   2.1600000e+02  -2.1963766e-02
   2.1700000e+02  -2.2549681e-02
   2.1800000e+02  -2.3125937e-02
   2.1900000e+02  -2.3693031e-02
   2.2000000e+02  -2.4251444e-02
   2.2100000e+02  -2.4801640e-02
   2.2200000e+02  -2.5344068e-02
   2.2300000e+02  -2.5879148e-02
   2.2400000e+02  -2.6407214e-02
   2.2500000e+02  -2.6928540e-02
   2.2600000e+02  -2.7443482e-02
   2.2700000e+02  -2.7952369e-02
   2.2800000e+02  -2.8455531e-02
   2.2900000e+02  -2.8953278e-02
   2.3000000e+02  -2.9445900e-02
   2.3100000e+02  -2.9933689e-02
   2.3200000e+02  -3.0416938e-02
   2.3300000e+02  -3.0895919e-02
   2.3400000e+02  -3.1370886e-02
   2.3500000e+02  -3.1842023e-02
   2.3600000e+02  -3.2309502e-02
   2.3700000e+02  -3.2773405e-02
   2.3800000e+02  -3.3233911e-02
   2.3900000e+02  -3.3691220e-02
   2.4000000e+02  -3.4145508e-02
   2.4100000e+02  -3.2925412e-02
   2.4200000e+02  -3.1715684e-02
   2.4300000e+02  -3.0516069e-02
   2.4400000e+02  -2.9314589e-02
   2.4500000e+02  -2.8041596e-02
   2.4600000e+02  -2.6788240e-02
   2.4700000e+02  -2.5556590e-02
   2.4800000e+02  -2.4345508e-02
   2.4900000e+02  -2.3153819e-02
   2.5000000e+02  -2.1980418e-02
   2.5100000e+02  -2.0824241e-02
   2.5200000e+02  -1.9684281e-02
   2.5300000e+02  -1.8559724e-02
   2.5400000e+02  -1.7449778e-02
   2.5500000e+02  -1.6353702e-02
   2.5600000e+02  -1.5270811e-02
   2.5700000e+02  -1.4200463e-02
   2.5800000e+02  -1.3142055e-02
   2.5900000e+02  -1.2095021e-02
   2.6000000e+02  -1.1058836e-02
   2.6100000e+02  -1.0033009e-02
   2.6200000e+02  -9.0170847e-03
   2.6300000e+02  -8.0106379e-03
   2.6400000e+02  -7.0132236e-03
   2.6500000e+02  -6.0244529e-03
   2.6600000e+02  -5.0439881e-03
   2.6700000e+02  -4.0715165e-03
   2.6800000e+02  -3.1067245e-03
   2.6900000e+02  -2.1493447e-03
   2.7000000e+02  -1.1991352e-03
   2.7100000e+02  -7.5395597e-04
   2.7200000e+02  -3.0909191e-04
   2.7300000e+02   1.3547482e-04
   2.7400000e+02   5.7975983e-04
   2.7500000e+02   1.0237813e-03
   2.7600000e+02   1.4675523e-03
   2.7700000e+02   1.9110885e-03
   2.7800000e+02   2.3544051e-03
   2.7900000e+02   2.7975168e-03
   2.8000000e+02   3.2404361e-03
   2.8100000e+02   3.6831771e-03
   2.8200000e+02   4.1257539e-03
   2.8300000e+02   4.5681796e-03
   2.8400000e+02   5.0104694e-03
   2.8500000e+02   5.4526362e-03
   2.8600000e+02   5.8946954e-03
   2.8700000e+02   6.3366578e-03
   2.8800000e+02   6.8052746e-03
   2.8900000e+02   7.2857272e-03
   2.9000000e+02   7.7696992e-03
   2.9100000e+02   8.2566757e-03
   2.9200000e+02   8.7465886e-03
   2.9300000e+02   9.2393719e-03
   2.9400000e+02   9.7349714e-03
   2.9500000e+02   1.0232149e-02
   2.9600000e+02   1.0732144e-02
   2.9700000e+02   1.1235430e-02
   2.9800000e+02   1.1741941e-02
   2.9900000e+02   1.2251614e-02
   3.0000000e+02   1.2764386e-02
   3.0100000e+02   1.3247716e-02
   3.0200000e+02   1.3727670e-02
   3.0300000e+02   1.4204312e-02
   3.0400000e+02   1.4677702e-02
   3.0500000e+02   1.5147897e-02
   3.0600000e+02   1.5614954e-02
   3.0700000e+02   1.6078928e-02
   3.0800000e+02   1.6539879e-02
   3.0900000e+02   1.6998585e-02
   3.1000000e+02   1.7457459e-02
   3.1100000e+02   1.7914202e-02
   3.1200000e+02   1.8368850e-02
   3.1300000e+02   1.8821444e-02
   3.1400000e+02   1.9272024e-02
   3.1500000e+02   1.9720629e-02
   3.1600000e+02   2.0167304e-02
   3.1700000e+02   2.0612087e-02
   3.1800000e+02   2.1055019e-02
   3.1900000e+02   2.1496138e-02
   3.2000000e+02   2.1935483e-02
   3.2100000e+02   2.2373095e-02
   3.2200000e+02   2.2809004e-02
   3.2300000e+02   2.3243248e-02
   3.2400000e+02   2.3675863e-02
   3.2500000e+02   2.4106881e-02
   3.2600000e+02   2.4536336e-02
   3.2700000e+02   2.4964262e-02
   3.2800000e+02   2.5390690e-02
   3.2900000e+02   2.5815856e-02
   3.3000000e+02   2.6239185e-02
   3.3100000e+02   2.6345903e-02
   3.3200000e+02   2.6452193e-02
   3.3300000e+02   2.6558066e-02
   3.3400000e+02   2.6663538e-02
   3.3500000e+02   2.6768615e-02
   3.3600000e+02   2.6873307e-02
   3.3700000e+02   2.6976362e-02
   3.3800000e+02   2.7077906e-02
   3.3900000e+02   2.7178520e-02
   3.4000000e+02   2.7278192e-02
   3.4100000e+02   2.7376918e-02
   3.4200000e+02   2.7474692e-02
   3.4300000e+02   2.7571511e-02
   3.4400000e+02   2.7667364e-02
   3.4500000e+02   2.7762253e-02
   3.4600000e+02   2.7856166e-02
   3.4700000e+02   2.7949095e-02
   3.4800000e+02   2.8041035e-02
   3.4900000e+02   2.8131975e-02
   3.5000000e+02   2.8221905e-02
   3.5100000e+02   2.8310817e-02
   3.5200000e+02   2.8398696e-02
   3.5300000e+02   2.8485533e-02
   3.5400000e+02   2.8571313e-02
   3.5500000e+02   2.8656026e-02
   3.5600000e+02   2.8739657e-02
   3.5700000e+02   2.8822191e-02
   3.5800000e+02   2.8903613e-02
   3.5900000e+02   2.8983906e-02
   7.1133672e-07   2.9063055e-02
   1.0000007e+00   2.9031640e-02
   2.0000007e+00   2.9000895e-02
   3.0000007e+00   2.8970832e-02
   4.0000010e+00   2.8941467e-02
   5.0000010e+00   2.8912814e-02
   6.0000010e+00   2.8884888e-02
   7.0000010e+00   2.8857704e-02
   8.0000010e+00   2.8831277e-02
   9.0000010e+00   2.8805628e-02
   1.0000001e+01   2.8780097e-02
   1.1000001e+01   2.8754773e-02
   1.2000001e+01   2.8730055e-02
   1.3000001e+01   2.8705968e-02
   1.4000001e+01   2.8682528e-02
   1.5000001e+01   2.8659755e-02
   1.6000000e+01   2.8637674e-02
   1.7000000e+01   2.8616300e-02
   1.8000000e+01   2.8595664e-02
   1.9000000e+01   2.8575782e-02
   2.0000000e+01   2.8556680e-02
   2.1000000e+01   2.8538385e-02
   2.2000000e+01   2.8520921e-02
   2.3000000e+01   2.8504314e-02
   2.4000000e+01   2.8488593e-02
   2.5000000e+01   2.8473785e-02
   2.6000000e+01   2.8459920e-02
   2.7000000e+01   2.8447026e-02
   2.8000000e+01   2.8435135e-02
   2.9000000e+01   2.8424282e-02
   3.0000000e+01   2.8414493e-02
   3.1000000e+01   2.8150588e-02
   3.2000000e+01   2.7888313e-02
   3.3000000e+01   2.7627619e-02
   3.4000000e+01   2.7368460e-02
   3.5000000e+01   2.7110798e-02
   3.6000000e+01   2.6854588e-02
   3.7000000e+01   2.6599793e-02
   3.8000000e+01   2.6346374e-02
   3.9000000e+01   2.6094299e-02
   4.0000000e+01   2.5843533e-02
   4.1000000e+01   2.5594041e-02
   4.2000000e+01   2.5345795e-02
   4.3000000e+01   2.5098767e-02
   4.4000000e+01   2.4852926e-02
   4.5000000e+01   2.4608249e-02
   4.6000000e+01   2.4364706e-02
   4.7000000e+01   2.4122275e-02
   4.8000000e+01   2.3880936e-02
   4.9000000e+01   2.3640662e-02
   5.0000000e+01   2.3401434e-02
   5.1000000e+01   2.3163231e-02
   5.2000000e+01   2.2926038e-02
   5.3000000e+01   2.2689832e-02
   5.4000000e+01   2.2454597e-02
   5.5000000e+01   2.2220315e-02
   5.6000000e+01   2.1986974e-02
   5.7000000e+01   2.1754557e-02
   5.8000000e+01   2.1523053e-02
   5.9000000e+01   2.1292442e-02
   6.0000000e+01   2.1062715e-02
   6.1000000e+01   2.1092499e-02
   6.2000000e+01   2.1121806e-02
   6.3000000e+01   2.1150656e-02
   6.4000000e+01   2.1179071e-02
   6.5000000e+01   2.1207072e-02
   6.6000000e+01   2.1234684e-02
   6.7000000e+01   2.1261925e-02
   6.8000000e+01   2.1288816e-02
   6.9000000e+01   2.1315373e-02
   7.0000000e+01   2.1341616e-02
   7.1000000e+01   2.1367565e-02
   7.2000000e+01   2.1393232e-02
   7.3000000e+01   2.1418637e-02
   7.4000000e+01   2.1443792e-02
   7.5000000e+01   2.1468714e-02
   7.6000000e+01   2.1493414e-02
   7.7000000e+01   2.1517908e-02
   7.8000000e+01   2.1542210e-02
   7.9000000e+01   2.1566331e-02
   8.0000000e+01   2.1590274e-02
   8.1000000e+01   2.1614056e-02
   8.2000000e+01   2.1637684e-02
   8.3000000e+01   2.1661170e-02
   8.4000000e+01   2.1684524e-02
   8.5000000e+01   2.1707758e-02
   8.6000000e+01   2.1730879e-02
   8.7000000e+01   2.1753896e-02
   8.8000000e+01   2.1776820e-02
   8.9000000e+01   2.1799657e-02
   9.0000000e+01   2.1822415e-02
   9.1000000e+01   2.1748113e-02
   9.2000000e+01   2.1673849e-02
   9.3000000e+01   2.1599626e-02
   9.4000000e+01   2.1525441e-02
   9.5000000e+01   2.1451294e-02
   9.6000000e+01   2.1377185e-02
   9.7000000e+01   2.1303114e-02
   9.8000000e+01   2.1229083e-02
   9.9000000e+01   2.1155091e-02
   1.0000000e+02   2.1081135e-02
   1.0100000e+02   2.1007219e-02
   1.0200000e+02   2.0933341e-02
   1.0300000e+02   2.0859499e-02
   1.0400000e+02   2.0785693e-02
   1.0500000e+02   2.0711925e-02
   1.0600000e+02   2.0638196e-02
   1.0700000e+02   2.0564498e-02
   1.0800000e+02   2.0490840e-02
   1.0900000e+02   2.0417215e-02
   1.1000000e+02   2.0343626e-02
   1.1100000e+02   2.0270070e-02
   1.1200000e+02   2.0196546e-02
   1.1300000e+02   2.0123051e-02
   1.1400000e+02   2.0049592e-02
   1.1500000e+02   1.9976163e-02
   1.1600000e+02   1.9902766e-02
   1.1700000e+02   1.9829402e-02
   1.1800000e+02   1.9756071e-02
   1.1900000e+02   1.9682774e-02
   1.2000000e+02   1.9609509e-02
   1.2100000e+02   1.9419035e-02
   1.2200000e+02   1.9228790e-02
   1.2300000e+02   1.9038770e-02
   1.2400000e+02   1.8848980e-02
   1.2500000e+02   1.8659415e-02
   1.2600000e+02   1.8470079e-02
   1.2700000e+02   1.8280968e-02
   1.2800000e+02   1.8092083e-02
   1.2900000e+02   1.7903425e-02
   1.3000000e+02   1.7714992e-02
   1.3100000e+02   1.7526787e-02
   1.3200000e+02   1.7338805e-02
   1.3300000e+02   1.7151047e-02
   1.3400000e+02   1.6963512e-02
   1.3500000e+02   1.6776200e-02
   1.3600000e+02   1.6589113e-02
   1.3700000e+02   1.6402246e-02
   1.3800000e+02   1.6215604e-02
   1.3900000e+02   1.6029179e-02
   1.4000000e+02   1.5842974e-02
   1.4100000e+02   1.5656983e-02
   1.4200000e+02   1.5471212e-02
   1.4300000e+02   1.5285656e-02
   1.4400000e+02   1.5100315e-02
   1.4500000e+02   1.4915190e-02
   1.4600000e+02   1.4730281e-02
   1.4700000e+02   1.4545588e-02
   1.4800000e+02   1.4361110e-02
   1.4900000e+02   1.4176847e-02
   1.5000000e+02   1.3992799e-02
   1.5100000e+02   1.3726734e-02
   1.5200000e+02   1.3460936e-02
   1.5300000e+02   1.3195408e-02
   1.5400000e+02   1.2930147e-02
   1.5500000e+02   1.2665158e-02
   1.5600000e+02   1.2400438e-02
   1.5700000e+02   1.2135988e-02
   1.5800000e+02   1.1871807e-02
   1.5900000e+02   1.1607896e-02
   1.6000000e+02   1.1344253e-02
   1.6100000e+02   1.1080880e-02
   1.6200000e+02   1.0817776e-02
   1.6300000e+02   1.0554941e-02
   1.6400000e+02   1.0292377e-02
   1.6500000e+02   1.0030085e-02
   1.6600000e+02   9.7680632e-03
   1.6700000e+02   9.5063141e-03
   1.6800000e+02   9.2448369e-03
   1.6900000e+02   8.9836307e-03
   1.7000000e+02   8.7226983e-03
   1.7100000e+02   8.4620388e-03
   1.7200000e+02   8.2016513e-03
   1.7300000e+02   7.9415375e-03
   1.7400000e+02   7.6816967e-03
   1.7500000e+02   7.4221296e-03
   1.7600000e+02   7.1628359e-03
   1.7700000e+02   6.9038151e-03
   1.7800000e+02   6.6450671e-03
   1.7900000e+02   6.3865925e-03
   1.8000000e+02   6.1283908e-03
   1.8100000e+02   5.7991049e-03
   1.8200000e+02   5.4705977e-03
   1.8300000e+02   5.1428690e-03
   1.8400000e+02   4.8159161e-03
   1.8500000e+02   4.4897352e-03
   1.8600000e+02   4.1643251e-03
   1.8700000e+02   3.8396849e-03
   1.8800000e+02   3.5158112e-03
   1.8900000e+02   3.1927021e-03
   1.9000000e+02   2.8703555e-03
   1.9100000e+02   2.5487691e-03
   1.9200000e+02   2.2279406e-03
   1.9300000e+02   1.9078674e-03
   1.9400000e+02   1.5885464e-03
   1.9500000e+02   1.2699753e-03
   1.9600000e+02   9.5215137e-04
   1.9700000e+02   6.3507247e-04
   1.9800000e+02   3.1873569e-04
   1.9900000e+02   3.1381476e-06
   2.0000000e+02  -3.1172234e-04
   2.0100000e+02  -6.2584830e-04
   2.0200000e+02  -9.3924283e-04
   2.0300000e+02  -1.2519122e-03
   2.0400000e+02  -1.5638617e-03
   2.0500000e+02  -1.8750950e-03
   2.0600000e+02  -2.1856145e-03
   2.0700000e+02  -2.4954232e-03
   2.0800000e+02  -2.8045243e-03
   2.0900000e+02  -3.1129199e-03
   2.1000000e+02  -3.4206135e-03
   2.1100000e+02  -3.7556663e-03
   2.1200000e+02  -4.0903008e-03
   2.1300000e+02  -4.4245194e-03
   2.1400000e+02  -4.7583217e-03
   2.1500000e+02  -5.0917091e-03
   2.1600000e+02  -5.4246844e-03
   2.1700000e+02  -5.7572485e-03
   2.1800000e+02  -6.0894047e-03
   2.1900000e+02  -6.4211544e-03
   2.2000000e+02  -6.7524998e-03
   2.2100000e+02  -7.0834430e-03
   2.2200000e+02  -7.4139857e-03
   2.2300000e+02  -7.7441270e-03
   2.2400000e+02  -8.0738682e-03
   2.2500000e+02  -8.4032100e-03
   2.2600000e+02  -8.7321196e-03
   2.2700000e+02  -9.0605766e-03
   2.2800000e+02  -9.3885828e-03
   2.2900000e+02  -9.7161410e-03
   2.3000000e+02  -1.0043256e-02
   2.3100000e+02  -1.0369931e-02
   2.3200000e+02  -1.0696168e-02
   2.3300000e+02  -1.1021974e-02
   2.3400000e+02  -1.1347345e-02
   2.3500000e+02  -1.1672286e-02
   2.3600000e+02  -1.1996800e-02
   2.3700000e+02  -1.2320890e-02
   2.3800000e+02  -1.2644561e-02
   2.3900000e+02  -1.2967814e-02
   2.4000000e+02  -1.3290663e-02
   2.4100000e+02  -1.2990450e-02
   2.4200000e+02  -1.2693984e-02
   2.4300000e+02  -1.2401192e-02
   2.4400000e+02  -1.2112076e-02
   2.4500000e+02  -1.1826645e-02
   2.4600000e+02  -1.1544907e-02
   2.4700000e+02  -1.1266872e-02
   2.4800000e+02  -1.0977359e-02
   2.4900000e+02  -1.0682002e-02
   2.5000000e+02  -1.0385628e-02
   2.5100000e+02  -1.0088457e-02
   2.5200000e+02  -9.7906115e-03
   2.5300000e+02  -9.4922027e-03
   2.5400000e+02  -9.1933385e-03
   2.5500000e+02  -8.8941222e-03
   2.5600000e+02  -8.5946508e-03
   2.5700000e+02  -8.2950145e-03
   2.5800000e+02  -7.9952972e-03
   2.5900000e+02  -7.6955813e-03
   2.6000000e+02  -7.3959436e-03
   2.6100000e+02  -7.0964568e-03
   2.6200000e+02  -6.7971908e-03
   2.6300000e+02  -6.4982064e-03
   2.6400000e+02  -6.1995690e-03
   2.6500000e+02  -5.9013362e-03
   2.6600000e+02  -5.6035621e-03
   2.6700000e+02  -5.3062988e-03
   2.6800000e+02  -5.0095981e-03
   2.6900000e+02  -4.7135046e-03
   2.7000000e+02  -4.4180639e-03
   2.7100000e+02  -3.5951491e-03
   2.7200000e+02  -2.7745441e-03
   2.7300000e+02  -1.9561637e-03
   2.7400000e+02  -1.1399197e-03
   2.7500000e+02  -3.2573511e-04
   2.7600000e+02   4.8646436e-04
   2.7700000e+02   1.2967517e-03
   2.7800000e+02   2.1051972e-03
   2.7900000e+02   2.9118657e-03
   2.8000000e+02   3.7168218e-03
   2.8100000e+02   4.5201280e-03
   2.8200000e+02   5.3218394e-03
   2.8300000e+02   6.1220159e-03
   2.8400000e+02   6.9207088e-03
   2.8500000e+02   7.7179708e-03
   2.8600000e+02   8.5138502e-03
   2.8700000e+02   9.3083959e-03
   2.8800000e+02   1.0101652e-02
   2.8900000e+02   1.0893662e-02
   2.9000000e+02   1.1684468e-02
   2.9100000e+02   1.2474108e-02
   2.9200000e+02   1.3262623e-02
   2.9300000e+02   1.4050048e-02
   2.9400000e+02   1.4836419e-02
   2.9500000e+02   1.5621769e-02
   2.9600000e+02   1.6406130e-02
   2.9700000e+02   1.7189534e-02
   2.9800000e+02   1.7972011e-02
   2.9900000e+02   1.8753586e-02
   3.0000000e+02   1.9534288e-02
   3.0100000e+02   1.9731598e-02
   3.0200000e+02   1.9928833e-02
   3.0300000e+02   2.0125983e-02
   3.0400000e+02   2.0323046e-02
   3.0500000e+02   2.0520015e-02
   3.0600000e+02   2.0716885e-02
   3.0700000e+02   2.0913655e-02
   3.0800000e+02   2.1110319e-02
   3.0900000e+02   2.1306872e-02
   3.1000000e+02   2.1503314e-02
   3.1100000e+02   2.1699643e-02
   3.1200000e+02   2.1895854e-02
   3.1300000e+02   2.2091946e-02
   3.1400000e+02   2.2287911e-02
   3.1500000e+02   2.2483747e-02
   3.1600000e+02   2.2679454e-02
   3.1700000e+02   2.2875026e-02
   3.1800000e+02   2.3070460e-02
   3.1900000e+02   2.3265753e-02
   3.2000000e+02   2.3460902e-02
   3.2100000e+02   2.3655908e-02
   3.2200000e+02   2.3850761e-02
   3.2300000e+02   2.4045466e-02
   3.2400000e+02   2.4240015e-02
   3.2500000e+02   2.4434408e-02
   3.2600000e+02   2.4628643e-02
   3.2700000e+02   2.4822718e-02
   3.2800000e+02   2.5016628e-02
   3.2900000e+02   2.5210377e-02
   3.3000000e+02   2.5403956e-02
   3.3100000e+02   2.5521679e-02
   3.3200000e+02   2.5639229e-02
   3.3300000e+02   2.5756607e-02
   3.3400000e+02   2.5873818e-02
   3.3500000e+02   2.5990861e-02
   3.3600000e+02   2.6107740e-02
   3.3700000e+02   2.6224459e-02
   3.3800000e+02   2.6341017e-02
   3.3900000e+02   2.6457418e-02
   3.4000000e+02   2.6573665e-02
   3.4100000e+02   2.6689759e-02
   3.4200000e+02   2.6805703e-02
   3.4300000e+02   2.6921496e-02
   3.4400000e+02   2.7037144e-02
   3.4500000e+02   2.7152644e-02
   3.4600000e+02   2.7268002e-02
   3.4700000e+02   2.7383219e-02
   3.4800000e+02   2.7498296e-02
   3.4900000e+02   2.7613234e-02
   3.5000000e+02   2.7728038e-02
   3.5100000e+02   2.7842708e-02
   3.5200000e+02   2.7957246e-02
   3.5300000e+02   2.8071651e-02
   3.5400000e+02   2.8185928e-02
   3.5500000e+02   2.8300077e-02
   3.5600000e+02   2.8414097e-02
   3.5700000e+02   2.8527990e-02
   3.5800000e+02   2.8641758e-02
   3.5900000e+02   2.8755404e-02
   1.4226848e-06   2.8868927e-02
