   0.0000000e+00   1.0662524e+02
   1.0000000e+00   3.8172577e+01
   2.0000000e+00   3.8113659e+01
   3.0000000e+00   3.8048111e+01
   4.0000000e+00   3.7976955e+01
   5.0000000e+00   3.7900078e+01
   6.0000000e+00   3.7817516e+01
   7.0000000e+00   3.7729271e+01
   8.0000000e+00   3.7635330e+01
   9.0000000e+00   3.7535839e+01
   1.0000000e+01   3.7430843e+01
   1.1000000e+01   3.7320400e+01
   1.2000000e+01   3.7204666e+01
   1.3000000e+01   3.7083626e+01
   1.4000000e+01   3.6957298e+01
   1.5000000e+01   3.6825798e+01
   1.6000000e+01   3.6689220e+01
   1.7000000e+01   3.6547634e+01
   1.8000000e+01   3.6401138e+01
   1.9000000e+01   3.6249828e+01
   2.0000000e+01   3.6093803e+01
   2.1000000e+01   3.5933155e+01
   2.2000000e+01   3.5767906e+01
   2.3000000e+01   3.5598244e+01
   2.4000000e+01   3.5424286e+01
   2.5000000e+01   3.5246136e+01
   2.6000000e+01   3.5063915e+01
   2.7000000e+01   3.4877739e+01
   2.8000000e+01   3.4687737e+01
   2.9000000e+01   3.4494015e+01
   3.0000000e+01   3.4296703e+01
   3.1000000e+01   3.4076023e+01
   3.2000000e+01   3.3851906e+01
   3.3000000e+01   3.3624489e+01
   3.4000000e+01   3.3393963e+01
   3.5000000e+01   3.3160439e+01
   3.6000000e+01   3.2924076e+01
   3.7000000e+01   3.2685017e+01
   3.8000000e+01   3.2443359e+01
   3.9000000e+01   3.2199249e+01
   4.0000000e+01   3.1952824e+01
   4.1000000e+01   3.1704233e+01
   4.2000000e+01   3.1453613e+01
   4.3000000e+01   3.1201109e+01
   4.4000000e+01   3.0946863e+01
   4.5000000e+01   3.0690977e+01
   4.6000000e+01   3.0433592e+01
   4.7000000e+01   3.0174889e+01
   4.8000000e+01   2.9915005e+01
   4.9000000e+01   2.9654074e+01
   5.0000000e+01   2.9392227e+01
   5.1000000e+01   2.9129587e+01
   5.2000000e+01   2.8866249e+01
   5.3000000e+01   2.8602390e+01
   5.4000000e+01   2.8338135e+01
   5.5000000e+01   2.8073608e+01
   5.6000000e+01   2.7808931e+01
   5.7000000e+01   2.7544226e+01
   5.8000000e+01   2.7279604e+01
   5.9000000e+01   2.7015182e+01
   6.0000000e+01   2.6751070e+01
   6.1000000e+01   2.6469498e+01
   6.2000000e+01   2.6188168e+01
   6.3000000e+01   2.5907188e+01
   6.4000000e+01   2.5626667e+01
   6.5000000e+01   2.5346710e+01
   6.6000000e+01   2.5067419e+01
   6.7000000e+01   2.4788889e+01
   6.8000000e+01   2.4511269e+01
   6.9000000e+01   2.4234596e+01
   7.0000000e+01   2.3958958e+01
   7.1000000e+01   2.3684435e+01
   7.2000000e+01   2.3411118e+01
   7.3000000e+01   2.3139076e+01
   7.4000000e+01   2.2868389e+01
   7.5000000e+01   2.2599129e+01
   7.6000000e+01   2.2331352e+01
   7.7000000e+01   2.2065104e+01
   7.8000000e+01   2.1800472e+01
   7.9000000e+01   2.1537519e+01
   8.0000000e+01   2.1276300e+01
   8.1000000e+01   2.1016865e+01
   8.2000000e+01   2.0759275e+01
   8.3000000e+01   2.0503571e+01
   8.4000000e+01   2.0249798e+01
   8.5000000e+01   1.9997997e+01
   8.6000000e+01   1.9748211e+01
   8.7000000e+01   1.9500469e+01
   8.8000000e+01   1.9254808e+01
   8.9000000e+01   1.9011261e+01
   9.0000000e+01   1.8769817e+01
   9.1000000e+01   1.8527090e+01
   9.2000000e+01   1.8285595e+01
   9.3000000e+01   1.8045355e+01
   9.4000000e+01   1.7806387e+01
   9.5000000e+01   1.7568693e+01
   9.6000000e+01   1.7332285e+01
   9.7000000e+01   1.7097191e+01
   9.8000000e+01   1.6863419e+01
   9.9000000e+01   1.6630976e+01
   1.0000000e+02   1.6399872e+01
   1.0100000e+02   1.6170097e+01
   1.0200000e+02   1.5941652e+01
   1.0300000e+02   1.5714534e+01
   1.0400000e+02   1.5488745e+01
   1.0500000e+02   1.5264294e+01
   1.0600000e+02   1.5041177e+01
   1.0700000e+02   1.4819382e+01
   1.0800000e+02   1.4598852e+01
   1.0900000e+02   1.4379632e+01
   1.1000000e+02   1.4161716e+01
   1.1100000e+02   1.3945091e+01
   1.1200000e+02   1.3729743e+01
   1.1300000e+02   1.3515653e+01
   1.1400000e+02   1.3302802e+01
   1.1500000e+02   1.3091176e+01
   1.1600000e+02   1.2880742e+01
   1.1700000e+02   1.2671502e+01
   1.1800000e+02   1.2463433e+01
   1.1900000e+02   1.2256514e+01
   1.2000000e+02   1.2050719e+01
   1.2100000e+02   1.1904498e+01
   1.2200000e+02   1.1751877e+01
   1.2300000e+02   1.1593827e+01
   1.2400000e+02   1.1431189e+01
   1.2500000e+02   1.1255018e+01
   1.2600000e+02   1.1061993e+01
   1.2700000e+02   1.0863361e+01
   1.2800000e+02   1.0660145e+01
   1.2900000e+02   1.0453479e+01
   1.3000000e+02   1.0244331e+01
   1.3100000e+02   1.0033536e+01
   1.3200000e+02   9.8172741e+00
   1.3300000e+02   9.5947037e+00
   1.3400000e+02   9.3729305e+00
   1.3500000e+02   9.1526852e+00
   1.3600000e+02   8.9344025e+00
   1.3700000e+02   8.7184410e+00
   1.3800000e+02   8.5051031e+00
   1.3900000e+02   8.2946424e+00
   1.4000000e+02   8.0872717e+00
   1.4100000e+02   7.8809381e+00
   1.4200000e+02   7.6712999e+00
   1.4300000e+02   7.4662318e+00
   1.4400000e+02   7.2660341e+00
   1.4500000e+02   7.0706935e+00
   1.4600000e+02   6.8801780e+00
   1.4700000e+02   6.6944542e+00
   1.4800000e+02   6.5134840e+00
   1.4900000e+02   6.3372283e+00
   1.5000000e+02   6.1656451e+00
   1.5100000e+02   6.1125546e+00
   1.5200000e+02   6.0635180e+00
   1.5300000e+02   6.0182562e+00
   1.5400000e+02   5.9765258e+00
   1.5500000e+02   5.9381113e+00
   1.5600000e+02   5.9031038e+00
   1.5700000e+02   5.8716283e+00
   1.5800000e+02   5.8428202e+00
   1.5900000e+02   5.8165407e+00
   1.6000000e+02   5.7926893e+00
   1.6100000e+02   5.7711749e+00
   1.6200000e+02   5.7519140e+00
   1.6300000e+02   5.7348313e+00
   1.6400000e+02   5.7198586e+00
   1.6500000e+02   5.7069321e+00
   1.6600000e+02   5.6959939e+00
   1.6700000e+02   5.6869912e+00
   1.6800000e+02   5.6798749e+00
   1.6900000e+02   5.6745996e+00
   1.7000000e+02   5.6711245e+00
   1.7100000e+02   5.6694107e+00
   1.7200000e+02   5.6694226e+00
   1.7300000e+02   5.6711278e+00
   1.7400000e+02   5.6744957e+00
   1.7500000e+02   5.6794991e+00
   1.7600000e+02   5.6861110e+00
   1.7700000e+02   5.6943083e+00
   1.7800000e+02   5.7040696e+00
   1.7900000e+02   5.7153726e+00
   1.8000000e+02   5.7281990e+00
   1.8100000e+02   5.8333683e+00
   1.8200000e+02   5.9385519e+00
   1.8300000e+02   6.0438061e+00
   1.8400000e+02   6.1491899e+00
   1.8500000e+02   6.2547679e+00
   1.8600000e+02   6.3606062e+00
   1.8700000e+02   6.4667749e+00
   1.8800000e+02   6.5733485e+00
   1.8900000e+02   6.6804051e+00
   1.9000000e+02   6.7853365e+00
   1.9100000e+02   6.8883476e+00
   1.9200000e+02   6.9916019e+00
   1.9300000e+02   7.0953274e+00
   1.9400000e+02   7.1997008e+00
   1.9500000e+02   7.3048959e+00
   1.9600000e+02   7.4110870e+00
   1.9700000e+02   7.5184503e+00
   1.9800000e+02   7.6271644e+00
   1.9900000e+02   7.7374110e+00
   2.0000000e+02   7.8312421e+00
   2.0100000e+02   7.9212384e+00
   2.0200000e+02   8.0105209e+00
   2.0300000e+02   8.0991707e+00
   2.0400000e+02   8.1872540e+00
   2.0500000e+02   8.2748346e+00
   2.0600000e+02   8.3608646e+00
   2.0700000e+02   8.4406958e+00
   2.0800000e+02   8.5204115e+00
   2.0900000e+02   8.6002951e+00
   2.1000000e+02   8.6803980e+00
   2.1100000e+02   8.8040380e+00
   2.1200000e+02   8.9328337e+00
   2.1300000e+02   9.0665655e+00
   2.1400000e+02   9.2050390e+00
   2.1500000e+02   9.3480759e+00
   2.1600000e+02   9.4955196e+00
   2.1700000e+02   9.6472254e+00
   2.1800000e+02   9.8030577e+00
   2.1900000e+02   9.9629030e+00
   2.2000000e+02   1.0126652e+01
   2.2100000e+02   1.0294206e+01
   2.2200000e+02   1.0463908e+01
   2.2300000e+02   1.0637166e+01
   2.2400000e+02   1.0814222e+01
   2.2500000e+02   1.0994997e+01
   2.2600000e+02   1.1179414e+01
   2.2700000e+02   1.1367401e+01
   2.2800000e+02   1.1558894e+01
   2.2900000e+02   1.1753830e+01
   2.3000000e+02   1.1952150e+01
   2.3100000e+02   1.2153802e+01
   2.3200000e+02   1.2358731e+01
   2.3300000e+02   1.2566890e+01
   2.3400000e+02   1.2778233e+01
   2.3500000e+02   1.2989062e+01
   2.3600000e+02   1.3204282e+01
   2.3700000e+02   1.3424220e+01
   2.3800000e+02   1.3648709e+01
   2.3900000e+02   1.3877586e+01
   2.4000000e+02   1.4110703e+01
   2.4100000e+02   1.4300108e+01
   2.4200000e+02   1.4492224e+01
   2.4300000e+02   1.4687065e+01
   2.4400000e+02   1.4884639e+01
   2.4500000e+02   1.5084954e+01
   2.4600000e+02   1.5288013e+01
   2.4700000e+02   1.5493825e+01
   2.4800000e+02   1.5702402e+01
   2.4900000e+02   1.5913748e+01
   2.5000000e+02   1.6127869e+01
   2.5100000e+02   1.6344765e+01
   2.5200000e+02   1.6564440e+01
   2.5300000e+02   1.6786898e+01
   2.5400000e+02   1.7012138e+01
   2.5500000e+02   1.7240160e+01
   2.5600000e+02   1.7470959e+01
   2.5700000e+02   1.7704533e+01
   2.5800000e+02   1.7940874e+01
   2.5900000e+02   1.8179974e+01
   2.6000000e+02   1.8421824e+01
   2.6100000e+02   1.8666416e+01
   2.6200000e+02   1.8913740e+01
   2.6300000e+02   1.9163780e+01
   2.6400000e+02   1.9416519e+01
   2.6500000e+02   1.9671944e+01
   2.6600000e+02   1.9930027e+01
   2.6700000e+02   2.0190750e+01
   2.6800000e+02   2.0454090e+01
   2.6900000e+02   2.0720018e+01
   2.7000000e+02   2.0988504e+01
   2.7100000e+02   2.1208544e+01
   2.7200000e+02   2.1430729e+01
   2.7300000e+02   2.1655035e+01
   2.7400000e+02   2.1881432e+01
   2.7500000e+02   2.2109892e+01
   2.7600000e+02   2.2340378e+01
   2.7700000e+02   2.2572859e+01
   2.7800000e+02   2.2807295e+01
   2.7900000e+02   2.3043646e+01
   2.8000000e+02   2.3281862e+01
   2.8100000e+02   2.3521906e+01
   2.8200000e+02   2.3763733e+01
   2.8300000e+02   2.4007294e+01
   2.8400000e+02   2.4252535e+01
   2.8500000e+02   2.4499403e+01
   2.8600000e+02   2.4747837e+01
   2.8700000e+02   2.4997782e+01
   2.8800000e+02   2.5249170e+01
   2.8900000e+02   2.5501940e+01
   2.9000000e+02   2.5756018e+01
   2.9100000e+02   2.6011335e+01
   2.9200000e+02   2.6267817e+01
   2.9300000e+02   2.6525383e+01
   2.9400000e+02   2.6783958e+01
   2.9500000e+02   2.7043457e+01
   2.9600000e+02   2.7303791e+01
   2.9700000e+02   2.7564877e+01
   2.9800000e+02   2.7826620e+01
   2.9900000e+02   2.8088924e+01
   3.0000000e+02   2.8351696e+01
   3.0100000e+02   2.8576283e+01
   3.0200000e+02   2.8800701e+01
   3.0300000e+02   2.9024851e+01
   3.0400000e+02   2.9248627e+01
   3.0500000e+02   2.9471928e+01
   3.0600000e+02   2.9694645e+01
   3.0700000e+02   2.9916670e+01
   3.0800000e+02   3.0137892e+01
   3.0900000e+02   3.0358187e+01
   3.1000000e+02   3.0577448e+01
   3.1100000e+02   3.0795563e+01
   3.1200000e+02   3.1012421e+01
   3.1300000e+02   3.1227898e+01
   3.1400000e+02   3.1441870e+01
   3.1500000e+02   3.1654222e+01
   3.1600000e+02   3.1864828e+01
   3.1700000e+02   3.2073566e+01
   3.1800000e+02   3.2280312e+01
   3.1900000e+02   3.2484943e+01
   3.2000000e+02   3.2687336e+01
   3.2100000e+02   3.2887360e+01
   3.2200000e+02   3.3084892e+01
   3.2300000e+02   3.3279812e+01
   3.2400000e+02   3.3471985e+01
   3.2500000e+02   3.3661297e+01
   3.2600000e+02   3.3847614e+01
   3.2700000e+02   3.4030823e+01
   3.2800000e+02   3.4210789e+01
   3.2900000e+02   3.4387402e+01
   3.3000000e+02   3.4560535e+01
   3.3100000e+02   3.4690155e+01
   3.3200000e+02   3.4815781e+01
   3.3300000e+02   3.4937305e+01
   3.3400000e+02   3.5054626e+01
   3.3500000e+02   3.5167645e+01
   3.3600000e+02   3.5276253e+01
   3.3700000e+02   3.5380363e+01
   3.3800000e+02   3.5479877e+01
   3.3900000e+02   3.5574707e+01
   3.4000000e+02   3.5664761e+01
   3.4100000e+02   3.5749950e+01
   3.4200000e+02   3.5830204e+01
   3.4300000e+02   3.5905441e+01
   3.4400000e+02   3.5975582e+01
   3.4500000e+02   3.6040558e+01
   3.4600000e+02   3.6100304e+01
   3.4700000e+02   3.6154758e+01
   3.4800000e+02   3.6203861e+01
   3.4900000e+02   3.6247555e+01
   3.5000000e+02   3.6285793e+01
   3.5100000e+02   3.6318531e+01
   3.5200000e+02   3.6345726e+01
   3.5300000e+02   3.6367340e+01
   3.5400000e+02   3.6383347e+01
   3.5500000e+02   3.6393711e+01
   3.5600000e+02   3.6398415e+01
   3.5700000e+02   3.6397438e+01
   3.5800000e+02   3.6390778e+01
   3.5900000e+02   3.6378414e+01
   7.1133672e-07   3.6360348e+01
   1.0000007e+00   3.6293591e+01
   2.0000007e+00   3.6221085e+01
   3.0000007e+00   3.6142853e+01
   4.0000010e+00   3.6058929e+01
   5.0000010e+00   3.5969345e+01
   6.0000010e+00   3.5874142e+01
   7.0000010e+00   3.5773361e+01
   8.0000010e+00   3.5667061e+01
   9.0000010e+00   3.5555294e+01
   1.0000001e+01   3.5438122e+01
   1.1000001e+01   3.5315601e+01
   1.2000001e+01   3.5187813e+01
   1.3000001e+01   3.5054829e+01
   1.4000001e+01   3.4916725e+01
   1.5000001e+01   3.4773586e+01
   1.6000000e+01   3.4625500e+01
   1.7000000e+01   3.4472565e+01
   1.8000000e+01   3.4314869e+01
   1.9000000e+01   3.4152519e+01
   2.0000000e+01   3.3985615e+01
   2.1000000e+01   3.3814270e+01
   2.2000000e+01   3.3638592e+01
   2.3000000e+01   3.3458694e+01
   2.4000000e+01   3.3274700e+01
   2.5000000e+01   3.3086720e+01
   2.6000000e+01   3.2894890e+01
   2.7000000e+01   3.2699329e+01
   2.8000000e+01   3.2500168e+01
   2.9000000e+01   3.2297539e+01
   3.0000000e+01   3.2091568e+01
   3.1000000e+01   3.1837536e+01
   3.2000000e+01   3.1580568e+01
   3.3000000e+01   3.1320816e+01
   3.4000000e+01   3.1058430e+01
   3.5000000e+01   3.0793564e+01
   3.6000000e+01   3.0526375e+01
   3.7000000e+01   3.0257011e+01
   3.8000000e+01   2.9985630e+01
   3.9000000e+01   2.9712383e+01
   4.0000000e+01   2.9437426e+01
   4.1000000e+01   2.9160908e+01
   4.2000000e+01   2.8882982e+01
   4.3000000e+01   2.8603800e+01
   4.4000000e+01   2.8323511e+01
   4.5000000e+01   2.8042261e+01
   4.6000000e+01   2.7760197e+01
   4.7000000e+01   2.7477463e+01
   4.8000000e+01   2.7194202e+01
   4.9000000e+01   2.6910553e+01
   5.0000000e+01   2.6626654e+01
   5.1000000e+01   2.6342638e+01
   5.2000000e+01   2.6058640e+01
   5.3000000e+01   2.5774788e+01
   5.4000000e+01   2.5491209e+01
   5.5000000e+01   2.5208027e+01
   5.6000000e+01   2.4925360e+01
   5.7000000e+01   2.4643326e+01
   5.8000000e+01   2.4362041e+01
   5.9000000e+01   2.4081610e+01
   6.0000000e+01   2.3802139e+01
   6.1000000e+01   2.3426102e+01
   6.2000000e+01   2.3051489e+01
   6.3000000e+01   2.2678431e+01
   6.4000000e+01   2.2307043e+01
   6.5000000e+01   2.1937443e+01
   6.6000000e+01   2.1569738e+01
   6.7000000e+01   2.1204037e+01
   6.8000000e+01   2.0840435e+01
   6.9000000e+01   2.0479036e+01
   7.0000000e+01   2.0119926e+01
   7.1000000e+01   1.9763191e+01
   7.2000000e+01   1.9408916e+01
   7.3000000e+01   1.9057177e+01
   7.4000000e+01   1.8708046e+01
   7.5000000e+01   1.8361589e+01
   7.6000000e+01   1.8017872e+01
   7.7000000e+01   1.7676954e+01
   7.8000000e+01   1.7338890e+01
   7.9000000e+01   1.7003725e+01
   8.0000000e+01   1.6671515e+01
   8.1000000e+01   1.6342293e+01
   8.2000000e+01   1.6016104e+01
   8.3000000e+01   1.5692977e+01
   8.4000000e+01   1.5372946e+01
   8.5000000e+01   1.5056035e+01
   8.6000000e+01   1.4742270e+01
   8.7000000e+01   1.4431669e+01
   8.8000000e+01   1.4124249e+01
   8.9000000e+01   1.3820024e+01
   9.0000000e+01   1.3519005e+01
   9.1000000e+01   1.3203971e+01
   9.2000000e+01   1.2892388e+01
   9.3000000e+01   1.2584271e+01
   9.4000000e+01   1.2279633e+01
   9.5000000e+01   1.1978478e+01
   9.6000000e+01   1.1680815e+01
   9.7000000e+01   1.1386642e+01
   9.8000000e+01   1.1095963e+01
   9.9000000e+01   1.0808767e+01
   1.0000000e+02   1.0525054e+01
   1.0100000e+02   1.0244811e+01
   1.0200000e+02   9.9680281e+00
   1.0300000e+02   9.6946907e+00
   1.0400000e+02   9.4247847e+00
   1.0500000e+02   9.1582890e+00
   1.0600000e+02   8.8951864e+00
   1.0700000e+02   8.6354542e+00
   1.0800000e+02   8.3790693e+00
   1.0900000e+02   8.1260052e+00
   1.1000000e+02   7.8762369e+00
   1.1100000e+02   7.6297350e+00
   1.1200000e+02   7.3864708e+00
   1.1300000e+02   7.1464138e+00
   1.1400000e+02   6.9095321e+00
   1.1500000e+02   6.6757922e+00
   1.1600000e+02   6.4451604e+00
   1.1700000e+02   6.2176027e+00
   1.1800000e+02   5.9930830e+00
   1.1900000e+02   5.7715650e+00
   1.2000000e+02   5.5530109e+00
   1.2100000e+02   5.5195894e+00
   1.2200000e+02   5.4873929e+00
   1.2300000e+02   5.4564180e+00
   1.2400000e+02   5.4266615e+00
   1.2500000e+02   5.3981194e+00
   1.2600000e+02   5.3707886e+00
   1.2700000e+02   5.3446660e+00
   1.2800000e+02   5.3197474e+00
   1.2900000e+02   5.2960296e+00
   1.3000000e+02   5.2735095e+00
   1.3100000e+02   5.2521834e+00
   1.3200000e+02   5.2320476e+00
   1.3300000e+02   5.2130990e+00
   1.3400000e+02   5.1953340e+00
   1.3500000e+02   5.1787500e+00
   1.3600000e+02   5.1633430e+00
   1.3700000e+02   5.1491103e+00
   1.3800000e+02   5.1360483e+00
   1.3900000e+02   5.1241546e+00
   1.4000000e+02   5.1134262e+00
   1.4100000e+02   5.1038599e+00
   1.4200000e+02   5.0954533e+00
   1.4300000e+02   5.0882034e+00
   1.4400000e+02   5.0821085e+00
   1.4500000e+02   5.0771651e+00
   1.4600000e+02   5.0733719e+00
   1.4700000e+02   5.0707259e+00
   1.4800000e+02   5.0692263e+00
   1.4900000e+02   5.0688696e+00
   1.5000000e+02   5.0696554e+00
   1.5100000e+02   5.0570903e+00
   1.5200000e+02   5.0457225e+00
   1.5300000e+02   5.0355482e+00
   1.5400000e+02   5.0265632e+00
   1.5500000e+02   5.0187635e+00
   1.5600000e+02   5.0121450e+00
   1.5700000e+02   5.0067034e+00
   1.5800000e+02   5.0024366e+00
   1.5900000e+02   4.9993401e+00
   1.6000000e+02   4.9974108e+00
   1.6100000e+02   4.9966459e+00
   1.6200000e+02   4.9970427e+00
   1.6300000e+02   4.9985986e+00
   1.6400000e+02   5.0013103e+00
   1.6500000e+02   5.0051765e+00
   1.6600000e+02   5.0101938e+00
   1.6700000e+02   5.0163612e+00
   1.6800000e+02   5.0236773e+00
   1.6900000e+02   5.0321388e+00
   1.7000000e+02   5.0417457e+00
   1.7100000e+02   5.0524964e+00
   1.7200000e+02   5.0643897e+00
   1.7300000e+02   5.0774245e+00
   1.7400000e+02   5.0915999e+00
   1.7500000e+02   5.1069160e+00
   1.7600000e+02   5.1233721e+00
   1.7700000e+02   5.1409683e+00
   1.7800000e+02   5.1597037e+00
   1.7900000e+02   5.1795793e+00
   1.8000000e+02   5.2005949e+00
   1.8100000e+02   5.2091742e+00
   1.8200000e+02   5.2188902e+00
   1.8300000e+02   5.2297416e+00
   1.8400000e+02   5.2417259e+00
   1.8500000e+02   5.2548418e+00
   1.8600000e+02   5.2690887e+00
   1.8700000e+02   5.2844658e+00
   1.8800000e+02   5.3009710e+00
   1.8900000e+02   5.3186049e+00
   1.9000000e+02   5.3373661e+00
   1.9100000e+02   5.3572545e+00
   1.9200000e+02   5.3782701e+00
   1.9300000e+02   5.4004126e+00
   1.9400000e+02   5.4236813e+00
   1.9500000e+02   5.4480777e+00
   1.9600000e+02   5.4736018e+00
   1.9700000e+02   5.5002542e+00
   1.9800000e+02   5.5280352e+00
   1.9900000e+02   5.5569453e+00
   2.0000000e+02   5.5869861e+00
   2.0100000e+02   5.6181583e+00
   2.0200000e+02   5.6504631e+00
   2.0300000e+02   5.6839023e+00
   2.0400000e+02   5.7184768e+00
   2.0500000e+02   5.7541881e+00
   2.0600000e+02   5.7910376e+00
   2.0700000e+02   5.8290281e+00
   2.0800000e+02   5.8681602e+00
   2.0900000e+02   5.9084368e+00
   2.1000000e+02   5.9498601e+00
   2.1100000e+02   6.1236367e+00
   2.1200000e+02   6.2986794e+00
   2.1300000e+02   6.4750133e+00
   2.1400000e+02   6.6526623e+00
   2.1500000e+02   6.8316488e+00
   2.1600000e+02   7.0119967e+00
   2.1700000e+02   7.1937289e+00
   2.1800000e+02   7.3768678e+00
   2.1900000e+02   7.5614357e+00
   2.2000000e+02   7.7474546e+00
   2.2100000e+02   7.9349461e+00
   2.2200000e+02   8.1239309e+00
   2.2300000e+02   8.3144302e+00
   2.2400000e+02   8.5064631e+00
   2.2500000e+02   8.7000504e+00
   2.2600000e+02   8.8952103e+00
   2.2700000e+02   9.0919628e+00
   2.2800000e+02   9.2903252e+00
   2.2900000e+02   9.4903154e+00
   2.3000000e+02   9.6919498e+00
   2.3100000e+02   9.8952465e+00
   2.3200000e+02   1.0100220e+01
   2.3300000e+02   1.0306884e+01
   2.3400000e+02   1.0515254e+01
   2.3500000e+02   1.0725345e+01
   2.3600000e+02   1.0937167e+01
   2.3700000e+02   1.1150734e+01
   2.3800000e+02   1.1366055e+01
   2.3900000e+02   1.1583142e+01
   2.4000000e+02   1.1802004e+01
   2.4100000e+02   1.2037639e+01
   2.4200000e+02   1.2275970e+01
   2.4300000e+02   1.2517017e+01
   2.4400000e+02   1.2760799e+01
   2.4500000e+02   1.3007333e+01
   2.4600000e+02   1.3256633e+01
   2.4700000e+02   1.3508716e+01
   2.4800000e+02   1.3763594e+01
   2.4900000e+02   1.4021281e+01
   2.5000000e+02   1.4281787e+01
   2.5100000e+02   1.4545121e+01
   2.5200000e+02   1.4811294e+01
   2.5300000e+02   1.5080310e+01
   2.5400000e+02   1.5352174e+01
   2.5500000e+02   1.5626891e+01
   2.5600000e+02   1.5904460e+01
   2.5700000e+02   1.6184885e+01
   2.5800000e+02   1.6468159e+01
   2.5900000e+02   1.6754280e+01
   2.6000000e+02   1.7043240e+01
   2.6100000e+02   1.7335033e+01
   2.6200000e+02   1.7629644e+01
   2.6300000e+02   1.7927065e+01
   2.6400000e+02   1.8227276e+01
   2.6500000e+02   1.8530262e+01
   2.6600000e+02   1.8835999e+01
   2.6700000e+02   1.9144464e+01
   2.6800000e+02   1.9455631e+01
   2.6900000e+02   1.9769474e+01
   2.7000000e+02   2.0085957e+01
   2.7100000e+02   2.0319113e+01
   2.7200000e+02   2.0554420e+01
   2.7300000e+02   2.0791857e+01
   2.7400000e+02   2.1031391e+01
   2.7500000e+02   2.1272997e+01
   2.7600000e+02   2.1516640e+01
   2.7700000e+02   2.1762285e+01
   2.7800000e+02   2.2009899e+01
   2.7900000e+02   2.2259439e+01
   2.8000000e+02   2.2510866e+01
   2.8100000e+02   2.2764133e+01
   2.8200000e+02   2.3019196e+01
   2.8300000e+02   2.3276001e+01
   2.8400000e+02   2.3534500e+01
   2.8500000e+02   2.3794634e+01
   2.8600000e+02   2.4056347e+01
   2.8700000e+02   2.4319578e+01
   2.8800000e+02   2.4584263e+01
   2.8900000e+02   2.4850336e+01
   2.9000000e+02   2.5117723e+01
   2.9100000e+02   2.5386358e+01
   2.9200000e+02   2.5656162e+01
   2.9300000e+02   2.5927055e+01
   2.9400000e+02   2.6198956e+01
   2.9500000e+02   2.6471779e+01
   2.9600000e+02   2.6745441e+01
   2.9700000e+02   2.7019846e+01
   2.9800000e+02   2.7294905e+01
   2.9900000e+02   2.7570518e+01
   3.0000000e+02   2.7846588e+01
   3.0100000e+02   2.8076521e+01
   3.0200000e+02   2.8306292e+01
   3.0300000e+02   2.8535795e+01
   3.0400000e+02   2.8764931e+01
   3.0500000e+02   2.8993591e+01
   3.0600000e+02   2.9221672e+01
   3.0700000e+02   2.9449060e+01
   3.0800000e+02   2.9675644e+01
   3.0900000e+02   2.9901310e+01
   3.1000000e+02   3.0125948e+01
   3.1100000e+02   3.0349434e+01
   3.1200000e+02   3.0571655e+01
   3.1300000e+02   3.0792488e+01
   3.1400000e+02   3.1011812e+01
   3.1500000e+02   3.1229507e+01
   3.1600000e+02   3.1445450e+01
   3.1700000e+02   3.1659515e+01
   3.1800000e+02   3.1871576e+01
   3.1900000e+02   3.2081509e+01
   3.2000000e+02   3.2289188e+01
   3.2100000e+02   3.2494488e+01
   3.2200000e+02   3.2697281e+01
   3.2300000e+02   3.2897438e+01
   3.2400000e+02   3.3094837e+01
   3.2500000e+02   3.3289352e+01
   3.2600000e+02   3.3480850e+01
   3.2700000e+02   3.3669216e+01
   3.2800000e+02   3.3854321e+01
   3.2900000e+02   3.4036041e+01
   3.3000000e+02   3.4214260e+01
   3.3100000e+02   3.4345051e+01
   3.3200000e+02   3.4471844e+01
   3.3300000e+02   3.4594532e+01
   3.3400000e+02   3.4713009e+01
   3.3500000e+02   3.4827171e+01
   3.3600000e+02   3.4936924e+01
   3.3700000e+02   3.5042164e+01
   3.3800000e+02   3.5142799e+01
   3.3900000e+02   3.5238739e+01
   3.4000000e+02   3.5329895e+01
   3.4100000e+02   3.5416183e+01
   3.4200000e+02   3.5497513e+01
   3.4300000e+02   3.5573818e+01
   3.4400000e+02   3.5645012e+01
   3.4500000e+02   3.5711033e+01
   3.4600000e+02   3.5771812e+01
   3.4700000e+02   3.5827278e+01
   3.4800000e+02   3.5877384e+01
   3.4900000e+02   3.5922066e+01
   3.5000000e+02   3.5961277e+01
   3.5100000e+02   3.5994972e+01
   3.5200000e+02   3.6023109e+01
   3.5300000e+02   3.6045647e+01
   3.5400000e+02   3.6062561e+01
   3.5500000e+02   3.6073822e+01
   3.5600000e+02   3.6079407e+01
   3.5700000e+02   3.6079300e+01
   3.5800000e+02   3.6073483e+01
   3.5900000e+02   3.6061954e+01
   1.4226848e-06   3.6044712e+01
