   0.0000000e+00   6.8838400e-19
   1.0000000e+00   7.0504047e-04
   2.0000000e+00   1.2097758e-03
   3.0000000e+00   1.7226679e-03
   4.0000000e+00   2.2427917e-03
   5.0000000e+00   2.7699342e-03
   6.0000000e+00   3.3040070e-03
   7.0000000e+00   3.8448982e-03
   8.0000000e+00   4.3927357e-03
   9.0000000e+00   4.9475674e-03
   1.0000000e+01   5.5096238e-03
   1.1000000e+01   6.0790279e-03
   1.2000000e+01   6.6559566e-03
   1.3000000e+01   7.2403178e-03
   1.4000000e+01   7.8323251e-03
   1.5000000e+01   8.4315892e-03
   1.6000000e+01   9.0378961e-03
   1.7000000e+01   9.6513610e-03
   1.8000000e+01   1.0271770e-02
   1.9000000e+01   1.0898832e-02
   2.0000000e+01   1.1532569e-02
   2.1000000e+01   1.2173012e-02
   2.2000000e+01   1.2820133e-02
   2.3000000e+01   1.3473863e-02
   2.4000000e+01   1.4134092e-02
   2.5000000e+01   1.4800843e-02
   2.6000000e+01   1.5474004e-02
   2.7000000e+01   1.6153540e-02
   2.8000000e+01   1.6839363e-02
   2.9000000e+01   1.7531496e-02
   3.0000000e+01   1.8229889e-02
   3.1000000e+01   1.9093240e-02
   3.2000000e+01   1.9972149e-02
   3.3000000e+01   2.0866409e-02
   3.4000000e+01   2.1775885e-02
   3.5000000e+01   2.2700472e-02
   3.6000000e+01   2.3640009e-02
   3.7000000e+01   2.4594370e-02
   3.8000000e+01   2.5563452e-02
   3.9000000e+01   2.6547071e-02
   4.0000000e+01   2.7545022e-02
   4.1000000e+01   2.8557086e-02
   4.2000000e+01   2.9583061e-02
   4.3000000e+01   3.0622846e-02
   4.4000000e+01   3.1676263e-02
   4.5000000e+01   3.2743160e-02
   4.6000000e+01   3.3823416e-02
   4.7000000e+01   3.4916908e-02
   4.8000000e+01   3.6023472e-02
   4.9000000e+01   3.7142988e-02
   5.0000000e+01   3.8275316e-02
   5.1000000e+01   3.9420288e-02
   5.2000000e+01   4.0577762e-02
   5.3000000e+01   4.1747622e-02
   5.4000000e+01   4.2929716e-02
   5.5000000e+01   4.4123903e-02
   5.6000000e+01   4.5330018e-02
   5.7000000e+01   4.6547908e-02
   5.8000000e+01   4.7777422e-02
   5.9000000e+01   4.9018424e-02
   6.0000000e+01   5.0270811e-02
   6.1000000e+01   5.1939029e-02
   6.2000000e+01   5.3630553e-02
   6.3000000e+01   5.5345200e-02
   6.4000000e+01   5.7082765e-02
   6.5000000e+01   5.8843039e-02
   6.6000000e+01   6.0625844e-02
   6.7000000e+01   6.2431023e-02
   6.8000000e+01   6.4258404e-02
   6.9000000e+01   6.6107802e-02
   7.0000000e+01   6.7979038e-02
   7.1000000e+01   6.9871962e-02
   7.2000000e+01   7.1786404e-02
   7.3000000e+01   7.3722191e-02
   7.4000000e+01   7.5679168e-02
   7.5000000e+01   7.7657156e-02
   7.6000000e+01   7.9655997e-02
   7.7000000e+01   8.1675537e-02
   7.8000000e+01   8.3715633e-02
   7.9000000e+01   8.5776158e-02
   8.0000000e+01   8.7856948e-02
   8.1000000e+01   8.9957863e-02
   8.2000000e+01   9.2078738e-02
   8.3000000e+01   9.4219416e-02
   8.4000000e+01   9.6379757e-02
   8.5000000e+01   9.8559618e-02
   8.6000000e+01   1.0075885e-01
   8.7000000e+01   1.0297733e-01
   8.8000000e+01   1.0521491e-01
   8.9000000e+01   1.0747147e-01
   9.0000000e+01   1.0974686e-01
   9.1000000e+01   1.1302947e-01
   9.2000000e+01   1.1636036e-01
   9.3000000e+01   1.1973987e-01
   9.4000000e+01   1.2316843e-01
   9.5000000e+01   1.2664641e-01
   9.6000000e+01   1.3017420e-01
   9.7000000e+01   1.3375220e-01
   9.8000000e+01   1.3738078e-01
   9.9000000e+01   1.4106034e-01
   1.0000000e+02   1.4479128e-01
   1.0100000e+02   1.4857401e-01
   1.0200000e+02   1.5240890e-01
   1.0300000e+02   1.5629636e-01
   1.0400000e+02   1.6023679e-01
   1.0500000e+02   1.6423059e-01
   1.0600000e+02   1.6827814e-01
   1.0700000e+02   1.7237987e-01
   1.0800000e+02   1.7653614e-01
   1.0900000e+02   1.8074740e-01
   1.1000000e+02   1.8501407e-01
   1.1100000e+02   1.8933652e-01
   1.1200000e+02   1.9371521e-01
   1.1300000e+02   1.9815050e-01
   1.1400000e+02   2.0264283e-01
   1.1500000e+02   2.0719263e-01
   1.1600000e+02   2.1180028e-01
   1.1700000e+02   2.1646623e-01
   1.1800000e+02   2.2119091e-01
   1.1900000e+02   2.2597474e-01
   1.2000000e+02   2.3081808e-01
   1.2100000e+02   2.3660801e-01
   1.2200000e+02   2.4243313e-01
   1.2300000e+02   2.4828796e-01
   1.2400000e+02   2.5416735e-01
   1.2500000e+02   2.6006645e-01
   1.2600000e+02   2.6597813e-01
   1.2700000e+02   2.7189481e-01
   1.2800000e+02   2.7781144e-01
   1.2900000e+02   2.8372264e-01
   1.3000000e+02   2.8962329e-01
   1.3100000e+02   2.9550865e-01
   1.3200000e+02   3.0137408e-01
   1.3300000e+02   3.0721337e-01
   1.3400000e+02   3.1301939e-01
   1.3500000e+02   3.1878766e-01
   1.3600000e+02   3.2451385e-01
   1.3700000e+02   3.3019406e-01
   1.3800000e+02   3.3582443e-01
   1.3900000e+02   3.4140152e-01
   1.4000000e+02   3.4692189e-01
   1.4100000e+02   3.5238245e-01
   1.4200000e+02   3.5777867e-01
   1.4300000e+02   3.6310241e-01
   1.4400000e+02   3.6835063e-01
   1.4500000e+02   3.7352061e-01
   1.4600000e+02   3.7860993e-01
   1.4700000e+02   3.8361624e-01
   1.4800000e+02   3.8853732e-01
   1.4900000e+02   3.9337116e-01
   1.5000000e+02   3.9811584e-01
   1.5100000e+02   3.9858529e-01
   1.5200000e+02   3.9902139e-01
   1.5300000e+02   3.9942595e-01
   1.5400000e+02   3.9980063e-01
   1.5500000e+02   4.0014693e-01
   1.5600000e+02   4.0046632e-01
   1.5700000e+02   4.0076059e-01
   1.5800000e+02   4.0103185e-01
   1.5900000e+02   4.0128124e-01
   1.6000000e+02   4.0150973e-01
   1.6100000e+02   4.0171826e-01
   1.6200000e+02   4.0190774e-01
   1.6300000e+02   4.0207905e-01
   1.6400000e+02   4.0223300e-01
   1.6500000e+02   4.0237027e-01
   1.6600000e+02   4.0249166e-01
   1.6700000e+02   4.0259781e-01
   1.6800000e+02   4.0268943e-01
   1.6900000e+02   4.0276709e-01
   1.7000000e+02   4.0283141e-01
   1.7100000e+02   4.0288293e-01
   1.7200000e+02   4.0292218e-01
   1.7300000e+02   4.0294972e-01
   1.7400000e+02   4.0296599e-01
   1.7500000e+02   4.0297148e-01
   1.7600000e+02   4.0296659e-01
   1.7700000e+02   4.0295175e-01
   1.7800000e+02   4.0292740e-01
   1.7900000e+02   4.0289390e-01
   1.8000000e+02   4.0285161e-01
   1.8100000e+02   4.0055901e-01
   1.8200000e+02   3.9834872e-01
   1.8300000e+02   3.9622107e-01
   1.8400000e+02   3.9417642e-01
   1.8500000e+02   3.9221510e-01
   1.8600000e+02   3.9033741e-01
   1.8700000e+02   3.8854364e-01
   1.8800000e+02   3.8683406e-01
   1.8900000e+02   3.8520893e-01
   1.9000000e+02   3.8366854e-01
   1.9100000e+02   3.8221121e-01
   1.9200000e+02   3.8083515e-01
   1.9300000e+02   3.7953991e-01
   1.9400000e+02   3.7832496e-01
   1.9500000e+02   3.7718999e-01
   1.9600000e+02   3.7613466e-01
   1.9700000e+02   3.7515858e-01
   1.9800000e+02   3.7426156e-01
   1.9900000e+02   3.7344337e-01
   2.0000000e+02   3.7270376e-01
   2.0100000e+02   3.7203497e-01
   2.0200000e+02   3.7143433e-01
   2.0300000e+02   3.7090048e-01
   2.0400000e+02   3.7043214e-01
   2.0500000e+02   3.7002796e-01
   2.0600000e+02   3.6968669e-01
   2.0700000e+02   3.6940622e-01
   2.0800000e+02   3.6917999e-01
   2.0900000e+02   3.6900651e-01
   2.1000000e+02   3.6888459e-01
   2.1100000e+02   3.6396137e-01
   2.1200000e+02   3.5897246e-01
   2.1300000e+02   3.5392046e-01
   2.1400000e+02   3.4880772e-01
   2.1500000e+02   3.4363657e-01
   2.1600000e+02   3.3840919e-01
   2.1700000e+02   3.3312762e-01
   2.1800000e+02   3.2779387e-01
   2.1900000e+02   3.2240978e-01
   2.2000000e+02   3.1697711e-01
   2.2100000e+02   3.1149766e-01
   2.2200000e+02   3.0597293e-01
   2.2300000e+02   3.0040395e-01
   2.2400000e+02   2.9479218e-01
   2.2500000e+02   2.8913912e-01
   2.2600000e+02   2.8344631e-01
   2.2700000e+02   2.7771515e-01
   2.2800000e+02   2.7194697e-01
   2.2900000e+02   2.6614311e-01
   2.3000000e+02   2.6030475e-01
   2.3100000e+02   2.5443316e-01
   2.3200000e+02   2.4852943e-01
   2.3300000e+02   2.4259470e-01
   2.3400000e+02   2.3663001e-01
   2.3500000e+02   2.3063639e-01
   2.3600000e+02   2.2461367e-01
   2.3700000e+02   2.1856359e-01
   2.3800000e+02   2.1248803e-01
   2.3900000e+02   2.0638877e-01
   2.4000000e+02   2.0026751e-01
   2.4100000e+02   1.9769599e-01
   2.4200000e+02   1.9510593e-01
   2.4300000e+02   1.9249752e-01
   2.4400000e+02   1.8987100e-01
   2.4500000e+02   1.8722652e-01
   2.4600000e+02   1.8456428e-01
   2.4700000e+02   1.8188451e-01
   2.4800000e+02   1.7918737e-01
   2.4900000e+02   1.7647307e-01
   2.5000000e+02   1.7374176e-01
   2.5100000e+02   1.7099364e-01
   2.5200000e+02   1.6822886e-01
   2.5300000e+02   1.6544765e-01
   2.5400000e+02   1.6265012e-01
   2.5500000e+02   1.5983649e-01
   2.5600000e+02   1.5700689e-01
   2.5700000e+02   1.5416151e-01
   2.5800000e+02   1.5130050e-01
   2.5900000e+02   1.4842403e-01
   2.6000000e+02   1.4553227e-01
   2.6100000e+02   1.4262532e-01
   2.6200000e+02   1.3970338e-01
   2.6300000e+02   1.3676658e-01
   2.6400000e+02   1.3381507e-01
   2.6500000e+02   1.3084899e-01
   2.6600000e+02   1.2786850e-01
   2.6700000e+02   1.2487374e-01
   2.6800000e+02   1.2186482e-01
   2.6900000e+02   1.1884190e-01
   2.7000000e+02   1.1580511e-01
   2.7100000e+02   1.1470106e-01
   2.7200000e+02   1.1359169e-01
   2.7300000e+02   1.1247706e-01
   2.7400000e+02   1.1135719e-01
   2.7500000e+02   1.1023212e-01
   2.7600000e+02   1.0910190e-01
   2.7700000e+02   1.0796656e-01
   2.7800000e+02   1.0682615e-01
   2.7900000e+02   1.0568069e-01
   2.8000000e+02   1.0453024e-01
   2.8100000e+02   1.0337481e-01
   2.8200000e+02   1.0221446e-01
   2.8300000e+02   1.0104920e-01
   2.8400000e+02   9.9879086e-02
   2.8500000e+02   9.8704129e-02
   2.8600000e+02   9.7524390e-02
   2.8700000e+02   9.6339889e-02
   2.8800000e+02   9.5150650e-02
   2.8900000e+02   9.3956716e-02
   2.9000000e+02   9.2758127e-02
   2.9100000e+02   9.1554902e-02
   2.9200000e+02   9.0347089e-02
   2.9300000e+02   8.9134708e-02
   2.9400000e+02   8.7917790e-02
   2.9500000e+02   8.6696371e-02
   2.9600000e+02   8.5470490e-02
   2.9700000e+02   8.4240168e-02
   2.9800000e+02   8.3005436e-02
   2.9900000e+02   8.1766330e-02
   3.0000000e+02   8.0522865e-02
   3.0100000e+02   8.0093704e-02
   3.0200000e+02   7.9662599e-02
   3.0300000e+02   7.9229571e-02
   3.0400000e+02   7.8794621e-02
   3.0500000e+02   7.8357786e-02
   3.0600000e+02   7.7919059e-02
   3.0700000e+02   7.7478468e-02
   3.0800000e+02   7.7036008e-02
   3.0900000e+02   7.6591715e-02
   3.1000000e+02   7.6145582e-02
   3.1100000e+02   7.5697631e-02
   3.1200000e+02   7.5247876e-02
   3.1300000e+02   7.4796334e-02
   3.1400000e+02   7.4343003e-02
   3.1500000e+02   7.3887914e-02
   3.1600000e+02   7.3431067e-02
   3.1700000e+02   7.2972476e-02
   3.1800000e+02   7.2512157e-02
   3.1900000e+02   7.2050117e-02
   3.2000000e+02   7.1586370e-02
   3.2100000e+02   7.1120940e-02
   3.2200000e+02   7.0653811e-02
   3.2300000e+02   7.0185021e-02
   3.2400000e+02   6.9714569e-02
   3.2500000e+02   6.9242477e-02
   3.2600000e+02   6.8768747e-02
   3.2700000e+02   6.8293400e-02
   3.2800000e+02   6.7816429e-02
   3.2900000e+02   6.7337863e-02
   3.3000000e+02   6.6857718e-02
   3.3100000e+02   6.7011461e-02
   3.3200000e+02   6.7164913e-02
   3.3300000e+02   6.7318082e-02
   3.3400000e+02   6.7470968e-02
   3.3500000e+02   6.7623571e-02
   3.3600000e+02   6.7775883e-02
   3.3700000e+02   6.7927919e-02
   3.3800000e+02   6.8079673e-02
   3.3900000e+02   6.8231143e-02
   3.4000000e+02   6.8382345e-02
   3.4100000e+02   6.8533264e-02
   3.4200000e+02   6.8683907e-02
   3.4300000e+02   6.8834282e-02
   3.4400000e+02   6.8984382e-02
   3.4500000e+02   6.9134213e-02
   3.4600000e+02   6.9283769e-02
   3.4700000e+02   6.9433063e-02
   3.4800000e+02   6.9582082e-02
   3.4900000e+02   6.9730848e-02
   3.5000000e+02   6.9879338e-02
   3.5100000e+02   7.0027567e-02
   3.5200000e+02   7.0175536e-02
   3.5300000e+02   7.0323251e-02
   3.5400000e+02   7.0470706e-02
   3.5500000e+02   7.0617899e-02
   3.5600000e+02   7.0764832e-02
   3.5700000e+02   7.0911519e-02
   3.5800000e+02   7.1057953e-02
   3.5900000e+02   7.1204133e-02
   7.1133672e-07   7.1350053e-02
   1.0000007e+00   7.2184190e-02
   2.0000007e+00   7.3019154e-02
   3.0000007e+00   7.3854953e-02
   4.0000010e+00   7.4691571e-02
   5.0000010e+00   7.5529009e-02
   6.0000010e+00   7.6367252e-02
   7.0000010e+00   7.7206291e-02
   8.0000010e+00   7.8046136e-02
   9.0000010e+00   7.8886770e-02
   1.0000001e+01   7.9728186e-02
   1.1000001e+01   8.0570377e-02
   1.2000001e+01   8.1413336e-02
   1.3000001e+01   8.2257062e-02
   1.4000001e+01   8.3101548e-02
   1.5000001e+01   8.3946787e-02
   1.6000000e+01   8.4792770e-02
   1.7000000e+01   8.5639499e-02
   1.8000000e+01   8.6486951e-02
   1.9000000e+01   8.7335140e-02
   2.0000000e+01   8.8184059e-02
   2.1000000e+01   8.9033686e-02
   2.2000000e+01   8.9884020e-02
   2.3000000e+01   9.0735070e-02
   2.4000000e+01   9.1586821e-02
   2.5000000e+01   9.2439264e-02
   2.6000000e+01   9.3292400e-02
   2.7000000e+01   9.4146222e-02
   2.8000000e+01   9.5000722e-02
   2.9000000e+01   9.5855892e-02
   3.0000000e+01   9.6711740e-02
   3.1000000e+01   9.8444484e-02
   3.2000000e+01   1.0017927e-01
   3.3000000e+01   1.0191607e-01
   3.4000000e+01   1.0365488e-01
   3.5000000e+01   1.0539570e-01
   3.6000000e+01   1.0713848e-01
   3.7000000e+01   1.0888325e-01
   3.8000000e+01   1.1062997e-01
   3.9000000e+01   1.1237863e-01
   4.0000000e+01   1.1412922e-01
   4.1000000e+01   1.1588173e-01
   4.2000000e+01   1.1763614e-01
   4.3000000e+01   1.1939245e-01
   4.4000000e+01   1.2115065e-01
   4.5000000e+01   1.2291072e-01
   4.6000000e+01   1.2467263e-01
   4.7000000e+01   1.2643640e-01
   4.8000000e+01   1.2820199e-01
   4.9000000e+01   1.2996942e-01
   5.0000000e+01   1.3173866e-01
   5.1000000e+01   1.3350968e-01
   5.2000000e+01   1.3528250e-01
   5.3000000e+01   1.3705711e-01
   5.4000000e+01   1.3883348e-01
   5.5000000e+01   1.4061160e-01
   5.6000000e+01   1.4239147e-01
   5.7000000e+01   1.4417307e-01
   5.8000000e+01   1.4595640e-01
   5.9000000e+01   1.4774144e-01
   6.0000000e+01   1.4952818e-01
   6.1000000e+01   1.5386268e-01
   6.2000000e+01   1.5821163e-01
   6.3000000e+01   1.6257483e-01
   6.4000000e+01   1.6695212e-01
   6.5000000e+01   1.7134334e-01
   6.6000000e+01   1.7574836e-01
   6.7000000e+01   1.8016699e-01
   6.8000000e+01   1.8459912e-01
   6.9000000e+01   1.8904456e-01
   7.0000000e+01   1.9350320e-01
   7.1000000e+01   1.9797488e-01
   7.2000000e+01   2.0245947e-01
   7.3000000e+01   2.0695683e-01
   7.4000000e+01   2.1146682e-01
   7.5000000e+01   2.1598934e-01
   7.6000000e+01   2.2052421e-01
   7.7000000e+01   2.2507134e-01
   7.8000000e+01   2.2963059e-01
   7.9000000e+01   2.3420186e-01
   8.0000000e+01   2.3878501e-01
   8.1000000e+01   2.4337994e-01
   8.2000000e+01   2.4798650e-01
   8.3000000e+01   2.5260460e-01
   8.4000000e+01   2.5723413e-01
   8.5000000e+01   2.6187500e-01
   8.6000000e+01   2.6652706e-01
   8.7000000e+01   2.7119023e-01
   8.8000000e+01   2.7586439e-01
   8.9000000e+01   2.8054947e-01
   9.0000000e+01   2.8524536e-01
   9.1000000e+01   2.9111367e-01
   9.2000000e+01   2.9696485e-01
   9.3000000e+01   3.0279902e-01
   9.4000000e+01   3.0861631e-01
   9.5000000e+01   3.1441692e-01
   9.6000000e+01   3.2020095e-01
   9.7000000e+01   3.2596862e-01
   9.8000000e+01   3.3171999e-01
   9.9000000e+01   3.3745527e-01
   1.0000000e+02   3.4317458e-01
   1.0100000e+02   3.4887803e-01
   1.0200000e+02   3.5456577e-01
   1.0300000e+02   3.6023799e-01
   1.0400000e+02   3.6589473e-01
   1.0500000e+02   3.7153620e-01
   1.0600000e+02   3.7716246e-01
   1.0700000e+02   3.8277370e-01
   1.0800000e+02   3.8837001e-01
   1.0900000e+02   3.9395154e-01
   1.1000000e+02   3.9951834e-01
   1.1100000e+02   4.0507063e-01
   1.1200000e+02   4.1060844e-01
   1.1300000e+02   4.1613194e-01
   1.1400000e+02   4.2164120e-01
   1.1500000e+02   4.2713639e-01
   1.1600000e+02   4.3261755e-01
   1.1700000e+02   4.3808484e-01
   1.1800000e+02   4.4353834e-01
   1.1900000e+02   4.4897822e-01
   1.2000000e+02   4.5440447e-01
   1.2100000e+02   4.5353374e-01
   1.2200000e+02   4.5266294e-01
   1.2300000e+02   4.5179203e-01
   1.2400000e+02   4.5092103e-01
   1.2500000e+02   4.5004994e-01
   1.2600000e+02   4.4917876e-01
   1.2700000e+02   4.4830745e-01
   1.2800000e+02   4.4743612e-01
   1.2900000e+02   4.4656464e-01
   1.3000000e+02   4.4569311e-01
   1.3100000e+02   4.4482148e-01
   1.3200000e+02   4.4394973e-01
   1.3300000e+02   4.4307792e-01
   1.3400000e+02   4.4220600e-01
   1.3500000e+02   4.4133401e-01
   1.3600000e+02   4.4046193e-01
   1.3700000e+02   4.3958977e-01
   1.3800000e+02   4.3871748e-01
   1.3900000e+02   4.3784514e-01
   1.4000000e+02   4.3697271e-01
   1.4100000e+02   4.3610016e-01
   1.4200000e+02   4.3522754e-01
   1.4300000e+02   4.3435484e-01
   1.4400000e+02   4.3348205e-01
   1.4500000e+02   4.3260917e-01
   1.4600000e+02   4.3173620e-01
   1.4700000e+02   4.3086314e-01
   1.4800000e+02   4.2999002e-01
   1.4900000e+02   4.2911682e-01
   1.5000000e+02   4.2824349e-01
   1.5100000e+02   4.2795306e-01
   1.5200000e+02   4.2766270e-01
   1.5300000e+02   4.2737237e-01
   1.5400000e+02   4.2708206e-01
   1.5500000e+02   4.2679182e-01
   1.5600000e+02   4.2650160e-01
   1.5700000e+02   4.2621145e-01
   1.5800000e+02   4.2592129e-01
   1.5900000e+02   4.2563123e-01
   1.6000000e+02   4.2534116e-01
   1.6100000e+02   4.2505115e-01
   1.6200000e+02   4.2476118e-01
   1.6300000e+02   4.2447126e-01
   1.6400000e+02   4.2418137e-01
   1.6500000e+02   4.2389151e-01
   1.6600000e+02   4.2360172e-01
   1.6700000e+02   4.2331192e-01
   1.6800000e+02   4.2302221e-01
   1.6900000e+02   4.2273250e-01
   1.7000000e+02   4.2244285e-01
   1.7100000e+02   4.2215323e-01
   1.7200000e+02   4.2186368e-01
   1.7300000e+02   4.2157415e-01
   1.7400000e+02   4.2128465e-01
   1.7500000e+02   4.2099518e-01
   1.7600000e+02   4.2070574e-01
   1.7700000e+02   4.2041636e-01
   1.7800000e+02   4.2012703e-01
   1.7900000e+02   4.1983774e-01
   1.8000000e+02   4.1954845e-01
   1.8100000e+02   4.1986004e-01
   1.8200000e+02   4.2017168e-01
   1.8300000e+02   4.2048347e-01
   1.8400000e+02   4.2079535e-01
   1.8500000e+02   4.2110732e-01
   1.8600000e+02   4.2141941e-01
   1.8700000e+02   4.2173156e-01
   1.8800000e+02   4.2204386e-01
   1.8900000e+02   4.2235625e-01
   1.9000000e+02   4.2266876e-01
   1.9100000e+02   4.2298135e-01
   1.9200000e+02   4.2329404e-01
   1.9300000e+02   4.2360684e-01
   1.9400000e+02   4.2391974e-01
   1.9500000e+02   4.2423275e-01
   1.9600000e+02   4.2454585e-01
   1.9700000e+02   4.2485908e-01
   1.9800000e+02   4.2517239e-01
   1.9900000e+02   4.2548576e-01
   2.0000000e+02   4.2579931e-01
   2.0100000e+02   4.2611292e-01
   2.0200000e+02   4.2642662e-01
   2.0300000e+02   4.2674044e-01
   2.0400000e+02   4.2705435e-01
   2.0500000e+02   4.2736834e-01
   2.0600000e+02   4.2768249e-01
   2.0700000e+02   4.2799670e-01
   2.0800000e+02   4.2831102e-01
   2.0900000e+02   4.2862540e-01
   2.1000000e+02   4.2893991e-01
   2.1100000e+02   4.2416877e-01
   2.1200000e+02   4.1940811e-01
   2.1300000e+02   4.1465798e-01
   2.1400000e+02   4.0991828e-01
   2.1500000e+02   4.0518904e-01
   2.1600000e+02   4.0047023e-01
   2.1700000e+02   3.9576188e-01
   2.1800000e+02   3.9106387e-01
   2.1900000e+02   3.8637626e-01
   2.2000000e+02   3.8169900e-01
   2.2100000e+02   3.7703207e-01
   2.2200000e+02   3.7237549e-01
   2.2300000e+02   3.6772916e-01
   2.2400000e+02   3.6309311e-01
   2.2500000e+02   3.5846734e-01
   2.2600000e+02   3.5385180e-01
   2.2700000e+02   3.4924647e-01
   2.2800000e+02   3.4465137e-01
   2.2900000e+02   3.4006643e-01
   2.3000000e+02   3.3549166e-01
   2.3100000e+02   3.3092704e-01
   2.3200000e+02   3.2637253e-01
   2.3300000e+02   3.2182816e-01
   2.3400000e+02   3.1729388e-01
   2.3500000e+02   3.1276968e-01
   2.3600000e+02   3.0825552e-01
   2.3700000e+02   3.0375144e-01
   2.3800000e+02   2.9925734e-01
   2.3900000e+02   2.9477328e-01
   2.4000000e+02   2.9029921e-01
   2.4100000e+02   2.8569576e-01
   2.4200000e+02   2.8108397e-01
   2.4300000e+02   2.7646378e-01
   2.4400000e+02   2.7183521e-01
   2.4500000e+02   2.6719829e-01
   2.4600000e+02   2.6255304e-01
   2.4700000e+02   2.5789940e-01
   2.4800000e+02   2.5323746e-01
   2.4900000e+02   2.4856716e-01
   2.5000000e+02   2.4388856e-01
   2.5100000e+02   2.3920164e-01
   2.5200000e+02   2.3450641e-01
   2.5300000e+02   2.2980288e-01
   2.5400000e+02   2.2509106e-01
   2.5500000e+02   2.2037095e-01
   2.5600000e+02   2.1564257e-01
   2.5700000e+02   2.1090592e-01
   2.5800000e+02   2.0616101e-01
   2.5900000e+02   2.0140783e-01
   2.6000000e+02   1.9664642e-01
   2.6100000e+02   1.9187677e-01
   2.6200000e+02   1.8709888e-01
   2.6300000e+02   1.8231276e-01
   2.6400000e+02   1.7751843e-01
   2.6500000e+02   1.7271589e-01
   2.6600000e+02   1.6790514e-01
   2.6700000e+02   1.6308619e-01
   2.6800000e+02   1.5825906e-01
   2.6900000e+02   1.5342376e-01
   2.7000000e+02   1.4858027e-01
   2.7100000e+02   1.4693269e-01
   2.7200000e+02   1.4528382e-01
   2.7300000e+02   1.4363362e-01
   2.7400000e+02   1.4198211e-01
   2.7500000e+02   1.4032930e-01
   2.7600000e+02   1.3867518e-01
   2.7700000e+02   1.3701978e-01
   2.7800000e+02   1.3536307e-01
   2.7900000e+02   1.3370508e-01
   2.8000000e+02   1.3204581e-01
   2.8100000e+02   1.3038525e-01
   2.8200000e+02   1.2872341e-01
   2.8300000e+02   1.2706031e-01
   2.8400000e+02   1.2539594e-01
   2.8500000e+02   1.2373032e-01
   2.8600000e+02   1.2206342e-01
   2.8700000e+02   1.2039527e-01
   2.8800000e+02   1.1872587e-01
   2.8900000e+02   1.1705523e-01
   2.9000000e+02   1.1538335e-01
   2.9100000e+02   1.1371022e-01
   2.9200000e+02   1.1203586e-01
   2.9300000e+02   1.1036026e-01
   2.9400000e+02   1.0868345e-01
   2.9500000e+02   1.0700541e-01
   2.9600000e+02   1.0532615e-01
   2.9700000e+02   1.0364567e-01
   2.9800000e+02   1.0196398e-01
   2.9900000e+02   1.0028109e-01
   3.0000000e+02   9.8596990e-02
   3.0100000e+02   9.7962461e-02
   3.0200000e+02   9.7327486e-02
   3.0300000e+02   9.6692041e-02
   3.0400000e+02   9.6056163e-02
   3.0500000e+02   9.5419832e-02
   3.0600000e+02   9.4783053e-02
   3.0700000e+02   9.4145827e-02
   3.0800000e+02   9.3508154e-02
   3.0900000e+02   9.2870049e-02
   3.1000000e+02   9.2231490e-02
   3.1100000e+02   9.1592498e-02
   3.1200000e+02   9.0953067e-02
   3.1300000e+02   9.0313196e-02
   3.1400000e+02   8.9672893e-02
   3.1500000e+02   8.9032158e-02
   3.1600000e+02   8.8390976e-02
   3.1700000e+02   8.7749377e-02
   3.1800000e+02   8.7107345e-02
   3.1900000e+02   8.6464874e-02
   3.2000000e+02   8.5821986e-02
   3.2100000e+02   8.5178666e-02
   3.2200000e+02   8.4534928e-02
   3.2300000e+02   8.3890758e-02
   3.2400000e+02   8.3246164e-02
   3.2500000e+02   8.2601160e-02
   3.2600000e+02   8.1955731e-02
   3.2700000e+02   8.1309877e-02
   3.2800000e+02   8.0663614e-02
   3.2900000e+02   8.0016933e-02
   3.3000000e+02   7.9369836e-02
   3.3100000e+02   7.9478949e-02
   3.3200000e+02   7.9588026e-02
   3.3300000e+02   7.9697080e-02
   3.3400000e+02   7.9806104e-02
   3.3500000e+02   7.9915099e-02
   3.3600000e+02   8.0024064e-02
   3.3700000e+02   8.0132999e-02
   3.3800000e+02   8.0241904e-02
   3.3900000e+02   8.0350779e-02
   3.4000000e+02   8.0459625e-02
   3.4100000e+02   8.0568440e-02
   3.4200000e+02   8.0677226e-02
   3.4300000e+02   8.0785990e-02
   3.4400000e+02   8.0894724e-02
   3.4500000e+02   8.1003428e-02
   3.4600000e+02   8.1112109e-02
   3.4700000e+02   8.1220753e-02
   3.4800000e+02   8.1329376e-02
   3.4900000e+02   8.1437968e-02
   3.5000000e+02   8.1546523e-02
   3.5100000e+02   8.1655070e-02
   3.5200000e+02   8.1763573e-02
   3.5300000e+02   8.1872053e-02
   3.5400000e+02   8.1980512e-02
   3.5500000e+02   8.2088940e-02
   3.5600000e+02   8.2197338e-02
   3.5700000e+02   8.2305714e-02
   3.5800000e+02   8.2414061e-02
   3.5900000e+02   8.2522385e-02
   1.4226848e-06   8.2630679e-02
