   0.0000000e+00   1.4596077e+04
   1.0000000e+00   1.7513885e+04
   2.0000000e+00   1.7511631e+04
   3.0000000e+00   1.7511031e+04
   4.0000000e+00   1.7511871e+04
   5.0000000e+00   1.7514230e+04
   6.0000000e+00   1.7518111e+04
   7.0000000e+00   1.7523555e+04
   8.0000000e+00   1.7530594e+04
   9.0000000e+00   1.7539176e+04
   1.0000000e+01   1.7549305e+04
   1.1000000e+01   1.7560986e+04
   1.2000000e+01   1.7574180e+04
   1.3000000e+01   1.7588928e+04
   1.4000000e+01   1.7605260e+04
   1.5000000e+01   1.7623170e+04
   1.6000000e+01   1.7642662e+04
   1.7000000e+01   1.7663742e+04
   1.8000000e+01   1.7686418e+04
   1.9000000e+01   1.7710697e+04
   2.0000000e+01   1.7736584e+04
   2.1000000e+01   1.7764086e+04
   2.2000000e+01   1.7793256e+04
   2.3000000e+01   1.7824047e+04
   2.4000000e+01   1.7856463e+04
   2.5000000e+01   1.7890506e+04
   2.6000000e+01   1.7926180e+04
   2.7000000e+01   1.7963484e+04
   2.8000000e+01   1.8002426e+04
   2.9000000e+01   1.8043002e+04
   3.0000000e+01   1.8085215e+04
   3.1000000e+01   1.8132539e+04
   3.2000000e+01   1.8181467e+04
   3.3000000e+01   1.8231996e+04
   3.4000000e+01   1.8284094e+04
   3.5000000e+01   1.8337783e+04
   3.6000000e+01   1.8393051e+04
   3.7000000e+01   1.8449893e+04
   3.8000000e+01   1.8508340e+04
   3.9000000e+01   1.8568383e+04
   4.0000000e+01   1.8630023e+04
   4.1000000e+01   1.8693258e+04
   4.2000000e+01   1.8758082e+04
   4.3000000e+01   1.8824490e+04
   4.4000000e+01   1.8892475e+04
   4.5000000e+01   1.8962055e+04
   4.6000000e+01   1.9033223e+04
   4.7000000e+01   1.9105939e+04
   4.8000000e+01   1.9180193e+04
   4.9000000e+01   1.9255977e+04
   5.0000000e+01   1.9333273e+04
   5.1000000e+01   1.9412088e+04
   5.2000000e+01   1.9492438e+04
   5.3000000e+01   1.9574260e+04
   5.4000000e+01   1.9657539e+04
   5.5000000e+01   1.9742260e+04
   5.6000000e+01   1.9828404e+04
   5.7000000e+01   1.9915955e+04
   5.8000000e+01   2.0004889e+04
   5.9000000e+01   2.0095189e+04
   6.0000000e+01   2.0186832e+04
   6.1000000e+01   2.0279385e+04
   6.2000000e+01   2.0373236e+04
   6.3000000e+01   2.0468363e+04
   6.4000000e+01   2.0564744e+04
   6.5000000e+01   2.0662357e+04
   6.6000000e+01   2.0761176e+04
   6.7000000e+01   2.0861174e+04
   6.8000000e+01   2.0962270e+04
   6.9000000e+01   2.1064494e+04
   7.0000000e+01   2.1167816e+04
   7.1000000e+01   2.1272209e+04
   7.2000000e+01   2.1377643e+04
   7.3000000e+01   2.1484086e+04
   7.4000000e+01   2.1591508e+04
   7.5000000e+01   2.1699879e+04
   7.6000000e+01   2.1809170e+04
   7.7000000e+01   2.1919363e+04
   7.8000000e+01   2.2030406e+04
   7.9000000e+01   2.2142268e+04
   8.0000000e+01   2.2254910e+04
   8.1000000e+01   2.2368297e+04
   8.2000000e+01   2.2482389e+04
   8.3000000e+01   2.2597154e+04
   8.4000000e+01   2.2712549e+04
   8.5000000e+01   2.2828539e+04
   8.6000000e+01   2.2945092e+04
   8.7000000e+01   2.3062166e+04
   8.8000000e+01   2.3179723e+04
   8.9000000e+01   2.3297725e+04
   9.0000000e+01   2.3416164e+04
   9.1000000e+01   2.3510102e+04
   9.2000000e+01   2.3603945e+04
   9.3000000e+01   2.3697650e+04
   9.4000000e+01   2.3791172e+04
   9.5000000e+01   2.3884494e+04
   9.6000000e+01   2.3977568e+04
   9.7000000e+01   2.4070320e+04
   9.8000000e+01   2.4162695e+04
   9.9000000e+01   2.4254646e+04
   1.0000000e+02   2.4346121e+04
   1.0100000e+02   2.4437098e+04
   1.0200000e+02   2.4527539e+04
   1.0300000e+02   2.4617400e+04
   1.0400000e+02   2.4706627e+04
   1.0500000e+02   2.4795137e+04
   1.0600000e+02   2.4882879e+04
   1.0700000e+02   2.4969822e+04
   1.0800000e+02   2.5056074e+04
   1.0900000e+02   2.5141422e+04
   1.1000000e+02   2.5225801e+04
   1.1100000e+02   2.5309160e+04
   1.1200000e+02   2.5391451e+04
   1.1300000e+02   2.5472627e+04
   1.1400000e+02   2.5552637e+04
   1.1500000e+02   2.5631453e+04
   1.1600000e+02   2.5709090e+04
   1.1700000e+02   2.5785402e+04
   1.1800000e+02   2.5860338e+04
   1.1900000e+02   2.5933857e+04
   1.2000000e+02   2.6005906e+04
   1.2100000e+02   2.5987471e+04
   1.2200000e+02   2.5975684e+04
   1.2300000e+02   2.5969699e+04
   1.2400000e+02   2.5968764e+04
   1.2500000e+02   2.5982268e+04
   1.2600000e+02   2.6013588e+04
   1.2700000e+02   2.6051563e+04
   1.2800000e+02   2.6095629e+04
   1.2900000e+02   2.6144914e+04
   1.3000000e+02   2.6198682e+04
   1.3100000e+02   2.6256275e+04
   1.3200000e+02   2.6322201e+04
   1.3300000e+02   2.6397916e+04
   1.3400000e+02   2.6475879e+04
   1.3500000e+02   2.6555436e+04
   1.3600000e+02   2.6636236e+04
   1.3700000e+02   2.6717984e+04
   1.3800000e+02   2.6800424e+04
   1.3900000e+02   2.6883334e+04
   1.4000000e+02   2.6966543e+04
   1.4100000e+02   2.7052736e+04
   1.4200000e+02   2.7147826e+04
   1.4300000e+02   2.7242063e+04
   1.4400000e+02   2.7335025e+04
   1.4500000e+02   2.7426695e+04
   1.4600000e+02   2.7517061e+04
   1.4700000e+02   2.7606125e+04
   1.4800000e+02   2.7693889e+04
   1.4900000e+02   2.7780352e+04
   1.5000000e+02   2.7865521e+04
   1.5100000e+02   2.7953742e+04
   1.5200000e+02   2.8037758e+04
   1.5300000e+02   2.8117799e+04
   1.5400000e+02   2.8194064e+04
   1.5500000e+02   2.8266729e+04
   1.5600000e+02   2.8335502e+04
   1.5700000e+02   2.8400031e+04
   1.5800000e+02   2.8461498e+04
   1.5900000e+02   2.8520018e+04
   1.6000000e+02   2.8575666e+04
   1.6100000e+02   2.8628496e+04
   1.6200000e+02   2.8678553e+04
   1.6300000e+02   2.8725881e+04
   1.6400000e+02   2.8770518e+04
   1.6500000e+02   2.8812500e+04
   1.6600000e+02   2.8851859e+04
   1.6700000e+02   2.8888641e+04
   1.6800000e+02   2.8922855e+04
   1.6900000e+02   2.8954521e+04
   1.7000000e+02   2.8983662e+04
   1.7100000e+02   2.9010291e+04
   1.7200000e+02   2.9034432e+04
   1.7300000e+02   2.9056096e+04
   1.7400000e+02   2.9075297e+04
   1.7500000e+02   2.9092051e+04
   1.7600000e+02   2.9106369e+04
   1.7700000e+02   2.9118271e+04
   1.7800000e+02   2.9127791e+04
   1.7900000e+02   2.9134914e+04
   1.8000000e+02   2.9139646e+04
   1.8100000e+02   2.9087049e+04
   1.8200000e+02   2.9031465e+04
   1.8300000e+02   2.8972816e+04
   1.8400000e+02   2.8911041e+04
   1.8500000e+02   2.8846080e+04
   1.8600000e+02   2.8777867e+04
   1.8700000e+02   2.8706352e+04
   1.8800000e+02   2.8631453e+04
   1.8900000e+02   2.8553109e+04
   1.9000000e+02   2.8476422e+04
   1.9100000e+02   2.8401090e+04
   1.9200000e+02   2.8323131e+04
   1.9300000e+02   2.8242250e+04
   1.9400000e+02   2.8158270e+04
   1.9500000e+02   2.8071016e+04
   1.9600000e+02   2.7980350e+04
   1.9700000e+02   2.7886119e+04
   1.9800000e+02   2.7788166e+04
   1.9900000e+02   2.7686355e+04
   2.0000000e+02   2.7603990e+04
   2.0100000e+02   2.7524525e+04
   2.0200000e+02   2.7443959e+04
   2.0300000e+02   2.7362227e+04
   2.0400000e+02   2.7279277e+04
   2.0500000e+02   2.7195074e+04
   2.0600000e+02   2.7111541e+04
   2.0700000e+02   2.7036979e+04
   2.0800000e+02   2.6960887e+04
   2.0900000e+02   2.6882883e+04
   2.1000000e+02   2.6802926e+04
   2.1100000e+02   2.6847617e+04
   2.1200000e+02   2.6886854e+04
   2.1300000e+02   2.6920992e+04
   2.1400000e+02   2.6950340e+04
   2.1500000e+02   2.6975189e+04
   2.1600000e+02   2.6995801e+04
   2.1700000e+02   2.7012406e+04
   2.1800000e+02   2.7025268e+04
   2.1900000e+02   2.7034551e+04
   2.2000000e+02   2.7040434e+04
   2.2100000e+02   2.7043086e+04
   2.2200000e+02   2.7044377e+04
   2.2300000e+02   2.7042824e+04
   2.2400000e+02   2.7038215e+04
   2.2500000e+02   2.7030693e+04
   2.2600000e+02   2.7020389e+04
   2.2700000e+02   2.7007432e+04
   2.2800000e+02   2.6991939e+04
   2.2900000e+02   2.6974029e+04
   2.3000000e+02   2.6953807e+04
   2.3100000e+02   2.6931379e+04
   2.3200000e+02   2.6906846e+04
   2.3300000e+02   2.6880305e+04
   2.3400000e+02   2.6851846e+04
   2.3500000e+02   2.6825143e+04
   2.3600000e+02   2.6795420e+04
   2.3700000e+02   2.6762414e+04
   2.3800000e+02   2.6726346e+04
   2.3900000e+02   2.6687436e+04
   2.4000000e+02   2.6645883e+04
   2.4100000e+02   2.6538590e+04
   2.4200000e+02   2.6430686e+04
   2.4300000e+02   2.6322209e+04
   2.4400000e+02   2.6213197e+04
   2.4500000e+02   2.6103693e+04
   2.4600000e+02   2.5993758e+04
   2.4700000e+02   2.5883416e+04
   2.4800000e+02   2.5772703e+04
   2.4900000e+02   2.5661660e+04
   2.5000000e+02   2.5550330e+04
   2.5100000e+02   2.5438756e+04
   2.5200000e+02   2.5326979e+04
   2.5300000e+02   2.5215037e+04
   2.5400000e+02   2.5102975e+04
   2.5500000e+02   2.4990834e+04
   2.5600000e+02   2.4878654e+04
   2.5700000e+02   2.4766482e+04
   2.5800000e+02   2.4654357e+04
   2.5900000e+02   2.4542334e+04
   2.6000000e+02   2.4430447e+04
   2.6100000e+02   2.4318736e+04
   2.6200000e+02   2.4207242e+04
   2.6300000e+02   2.4096010e+04
   2.6400000e+02   2.3985078e+04
   2.6500000e+02   2.3874494e+04
   2.6600000e+02   2.3764297e+04
   2.6700000e+02   2.3654529e+04
   2.6800000e+02   2.3545234e+04
   2.6900000e+02   2.3436453e+04
   2.7000000e+02   2.3328225e+04
   2.7100000e+02   2.3206148e+04
   2.7200000e+02   2.3084438e+04
   2.7300000e+02   2.2963133e+04
   2.7400000e+02   2.2842271e+04
   2.7500000e+02   2.2721893e+04
   2.7600000e+02   2.2602033e+04
   2.7700000e+02   2.2482732e+04
   2.7800000e+02   2.2364025e+04
   2.7900000e+02   2.2245955e+04
   2.8000000e+02   2.2128563e+04
   2.8100000e+02   2.2011879e+04
   2.8200000e+02   2.1895934e+04
   2.8300000e+02   2.1780766e+04
   2.8400000e+02   2.1666410e+04
   2.8500000e+02   2.1552896e+04
   2.8600000e+02   2.1440264e+04
   2.8700000e+02   2.1328543e+04
   2.8800000e+02   2.1217770e+04
   2.8900000e+02   2.1107975e+04
   2.9000000e+02   2.0999188e+04
   2.9100000e+02   2.0891441e+04
   2.9200000e+02   2.0784766e+04
   2.9300000e+02   2.0679191e+04
   2.9400000e+02   2.0574748e+04
   2.9500000e+02   2.0471461e+04
   2.9600000e+02   2.0369361e+04
   2.9700000e+02   2.0268475e+04
   2.9800000e+02   2.0168828e+04
   2.9900000e+02   2.0070445e+04
   3.0000000e+02   1.9973350e+04
   3.0100000e+02   1.9877033e+04
   3.0200000e+02   1.9781920e+04
   3.0300000e+02   1.9688037e+04
   3.0400000e+02   1.9595404e+04
   3.0500000e+02   1.9504041e+04
   3.0600000e+02   1.9413971e+04
   3.0700000e+02   1.9325211e+04
   3.0800000e+02   1.9237779e+04
   3.0900000e+02   1.9151705e+04
   3.1000000e+02   1.9067000e+04
   3.1100000e+02   1.8983676e+04
   3.1200000e+02   1.8901744e+04
   3.1300000e+02   1.8821227e+04
   3.1400000e+02   1.8742135e+04
   3.1500000e+02   1.8664484e+04
   3.1600000e+02   1.8588289e+04
   3.1700000e+02   1.8513557e+04
   3.1800000e+02   1.8440303e+04
   3.1900000e+02   1.8368541e+04
   3.2000000e+02   1.8298275e+04
   3.2100000e+02   1.8229520e+04
   3.2200000e+02   1.8162283e+04
   3.2300000e+02   1.8096574e+04
   3.2400000e+02   1.8032398e+04
   3.2500000e+02   1.7969766e+04
   3.2600000e+02   1.7908684e+04
   3.2700000e+02   1.7849156e+04
   3.2800000e+02   1.7791189e+04
   3.2900000e+02   1.7734789e+04
   3.3000000e+02   1.7679961e+04
   3.3100000e+02   1.7627189e+04
   3.3200000e+02   1.7575924e+04
   3.3300000e+02   1.7526170e+04
   3.3400000e+02   1.7477932e+04
   3.3500000e+02   1.7431215e+04
   3.3600000e+02   1.7386025e+04
   3.3700000e+02   1.7342369e+04
   3.3800000e+02   1.7300248e+04
   3.3900000e+02   1.7259668e+04
   3.4000000e+02   1.7220635e+04
   3.4100000e+02   1.7183150e+04
   3.4200000e+02   1.7147217e+04
   3.4300000e+02   1.7112844e+04
   3.4400000e+02   1.7080029e+04
   3.4500000e+02   1.7048779e+04
   3.4600000e+02   1.7019098e+04
   3.4700000e+02   1.6990986e+04
   3.4800000e+02   1.6964447e+04
   3.4900000e+02   1.6939486e+04
   3.5000000e+02   1.6916107e+04
   3.5100000e+02   1.6894311e+04
   3.5200000e+02   1.6874102e+04
   3.5300000e+02   1.6855480e+04
   3.5400000e+02   1.6838453e+04
   3.5500000e+02   1.6823023e+04
   3.5600000e+02   1.6809189e+04
   3.5700000e+02   1.6796959e+04
   3.5800000e+02   1.6786334e+04
   3.5900000e+02   1.6777318e+04
   7.1133672e-07   1.6769912e+04
   1.0000007e+00   1.6763594e+04
   2.0000007e+00   1.6758902e+04
   3.0000007e+00   1.6755850e+04
   4.0000010e+00   1.6754438e+04
   5.0000010e+00   1.6754678e+04
   6.0000010e+00   1.6756572e+04
   7.0000010e+00   1.6760133e+04
   8.0000010e+00   1.6765363e+04
   9.0000010e+00   1.6772270e+04
   1.0000001e+01   1.6780861e+04
   1.1000001e+01   1.6791143e+04
   1.2000001e+01   1.6803119e+04
   1.3000001e+01   1.6816797e+04
   1.4000001e+01   1.6832184e+04
   1.5000001e+01   1.6849283e+04
   1.6000000e+01   1.6868104e+04
   1.7000000e+01   1.6888646e+04
   1.8000000e+01   1.6910918e+04
   1.9000000e+01   1.6934922e+04
   2.0000000e+01   1.6960664e+04
   2.1000000e+01   1.6988146e+04
   2.2000000e+01   1.7017375e+04
   2.3000000e+01   1.7048350e+04
   2.4000000e+01   1.7081074e+04
   2.5000000e+01   1.7115549e+04
   2.6000000e+01   1.7151777e+04
   2.7000000e+01   1.7189760e+04
   2.8000000e+01   1.7229498e+04
   2.9000000e+01   1.7270988e+04
   3.0000000e+01   1.7314232e+04
   3.1000000e+01   1.7357168e+04
   3.2000000e+01   1.7401953e+04
   3.3000000e+01   1.7448590e+04
   3.4000000e+01   1.7497072e+04
   3.5000000e+01   1.7547400e+04
   3.6000000e+01   1.7599570e+04
   3.7000000e+01   1.7653580e+04
   3.8000000e+01   1.7709426e+04
   3.9000000e+01   1.7767098e+04
   4.0000000e+01   1.7826594e+04
   4.1000000e+01   1.7887902e+04
   4.2000000e+01   1.7951018e+04
   4.3000000e+01   1.8015928e+04
   4.4000000e+01   1.8082623e+04
   4.5000000e+01   1.8151096e+04
   4.6000000e+01   1.8221326e+04
   4.7000000e+01   1.8293307e+04
   4.8000000e+01   1.8367021e+04
   4.9000000e+01   1.8442453e+04
   5.0000000e+01   1.8519588e+04
   5.1000000e+01   1.8598406e+04
   5.2000000e+01   1.8678891e+04
   5.3000000e+01   1.8761021e+04
   5.4000000e+01   1.8844777e+04
   5.5000000e+01   1.8930139e+04
   5.6000000e+01   1.9017082e+04
   5.7000000e+01   1.9105586e+04
   5.8000000e+01   1.9195623e+04
   5.9000000e+01   1.9287176e+04
   6.0000000e+01   1.9380211e+04
   6.1000000e+01   1.9465180e+04
   6.2000000e+01   1.9551838e+04
   6.3000000e+01   1.9640160e+04
   6.4000000e+01   1.9730121e+04
   6.5000000e+01   1.9821688e+04
   6.6000000e+01   1.9914834e+04
   6.7000000e+01   2.0009529e+04
   6.8000000e+01   2.0105738e+04
   6.9000000e+01   2.0203432e+04
   7.0000000e+01   2.0302574e+04
   7.1000000e+01   2.0403129e+04
   7.2000000e+01   2.0505064e+04
   7.3000000e+01   2.0608342e+04
   7.4000000e+01   2.0712924e+04
   7.5000000e+01   2.0818771e+04
   7.6000000e+01   2.0925848e+04
   7.7000000e+01   2.1034111e+04
   7.8000000e+01   2.1143523e+04
   7.9000000e+01   2.1254043e+04
   8.0000000e+01   2.1365627e+04
   8.1000000e+01   2.1478234e+04
   8.2000000e+01   2.1591824e+04
   8.3000000e+01   2.1706350e+04
   8.4000000e+01   2.1821771e+04
   8.5000000e+01   2.1938041e+04
   8.6000000e+01   2.2055115e+04
   8.7000000e+01   2.2172951e+04
   8.8000000e+01   2.2291502e+04
   8.9000000e+01   2.2410725e+04
   9.0000000e+01   2.2530570e+04
   9.1000000e+01   2.2624965e+04
   9.2000000e+01   2.2720154e+04
   9.3000000e+01   2.2816086e+04
   9.4000000e+01   2.2912705e+04
   9.5000000e+01   2.3009961e+04
   9.6000000e+01   2.3107803e+04
   9.7000000e+01   2.3206176e+04
   9.8000000e+01   2.3305027e+04
   9.9000000e+01   2.3404309e+04
   1.0000000e+02   2.3503963e+04
   1.0100000e+02   2.3603938e+04
   1.0200000e+02   2.3704186e+04
   1.0300000e+02   2.3804650e+04
   1.0400000e+02   2.3905281e+04
   1.0500000e+02   2.4006029e+04
   1.0600000e+02   2.4106840e+04
   1.0700000e+02   2.4207664e+04
   1.0800000e+02   2.4308449e+04
   1.0900000e+02   2.4409148e+04
   1.1000000e+02   2.4509709e+04
   1.1100000e+02   2.4610082e+04
   1.1200000e+02   2.4710217e+04
   1.1300000e+02   2.4810066e+04
   1.1400000e+02   2.4909580e+04
   1.1500000e+02   2.5008713e+04
   1.1600000e+02   2.5107414e+04
   1.1700000e+02   2.5205637e+04
   1.1800000e+02   2.5303336e+04
   1.1900000e+02   2.5400463e+04
   1.2000000e+02   2.5496973e+04
   1.2100000e+02   2.5611076e+04
   1.2200000e+02   2.5724047e+04
   1.2300000e+02   2.5835850e+04
   1.2400000e+02   2.5946449e+04
   1.2500000e+02   2.6055814e+04
   1.2600000e+02   2.6163910e+04
   1.2700000e+02   2.6270705e+04
   1.2800000e+02   2.6376166e+04
   1.2900000e+02   2.6480264e+04
   1.3000000e+02   2.6582965e+04
   1.3100000e+02   2.6684238e+04
   1.3200000e+02   2.6784057e+04
   1.3300000e+02   2.6882385e+04
   1.3400000e+02   2.6979199e+04
   1.3500000e+02   2.7074467e+04
   1.3600000e+02   2.7168160e+04
   1.3700000e+02   2.7260252e+04
   1.3800000e+02   2.7350715e+04
   1.3900000e+02   2.7439521e+04
   1.4000000e+02   2.7526645e+04
   1.4100000e+02   2.7612061e+04
   1.4200000e+02   2.7695740e+04
   1.4300000e+02   2.7777664e+04
   1.4400000e+02   2.7857807e+04
   1.4500000e+02   2.7936141e+04
   1.4600000e+02   2.8012648e+04
   1.4700000e+02   2.8087303e+04
   1.4800000e+02   2.8160086e+04
   1.4900000e+02   2.8230973e+04
   1.5000000e+02   2.8299947e+04
   1.5100000e+02   2.8363666e+04
   1.5200000e+02   2.8425436e+04
   1.5300000e+02   2.8485240e+04
   1.5400000e+02   2.8543061e+04
   1.5500000e+02   2.8598877e+04
   1.5600000e+02   2.8652672e+04
   1.5700000e+02   2.8704432e+04
   1.5800000e+02   2.8754137e+04
   1.5900000e+02   2.8801775e+04
   1.6000000e+02   2.8847332e+04
   1.6100000e+02   2.8890791e+04
   1.6200000e+02   2.8932139e+04
   1.6300000e+02   2.8971365e+04
   1.6400000e+02   2.9008457e+04
   1.6500000e+02   2.9043404e+04
   1.6600000e+02   2.9076193e+04
   1.6700000e+02   2.9106818e+04
   1.6800000e+02   2.9135270e+04
   1.6900000e+02   2.9161535e+04
   1.7000000e+02   2.9185611e+04
   1.7100000e+02   2.9207488e+04
   1.7200000e+02   2.9227160e+04
   1.7300000e+02   2.9244625e+04
   1.7400000e+02   2.9259871e+04
   1.7500000e+02   2.9272900e+04
   1.7600000e+02   2.9283705e+04
   1.7700000e+02   2.9292287e+04
   1.7800000e+02   2.9298641e+04
   1.7900000e+02   2.9302766e+04
   1.8000000e+02   2.9304660e+04
   1.8100000e+02   2.9299377e+04
   1.8200000e+02   2.9291871e+04
   1.8300000e+02   2.9282139e+04
   1.8400000e+02   2.9270188e+04
   1.8500000e+02   2.9256016e+04
   1.8600000e+02   2.9239627e+04
   1.8700000e+02   2.9221025e+04
   1.8800000e+02   2.9200217e+04
   1.8900000e+02   2.9177205e+04
   1.9000000e+02   2.9151998e+04
   1.9100000e+02   2.9124602e+04
   1.9200000e+02   2.9095023e+04
   1.9300000e+02   2.9063271e+04
   1.9400000e+02   2.9029354e+04
   1.9500000e+02   2.8993279e+04
   1.9600000e+02   2.8955063e+04
   1.9700000e+02   2.8914709e+04
   1.9800000e+02   2.8872234e+04
   1.9900000e+02   2.8827648e+04
   2.0000000e+02   2.8780967e+04
   2.0100000e+02   2.8732199e+04
   2.0200000e+02   2.8681363e+04
   2.0300000e+02   2.8628473e+04
   2.0400000e+02   2.8573543e+04
   2.0500000e+02   2.8516592e+04
   2.0600000e+02   2.8457633e+04
   2.0700000e+02   2.8396688e+04
   2.0800000e+02   2.8333771e+04
   2.0900000e+02   2.8268904e+04
   2.1000000e+02   2.8202107e+04
   2.1100000e+02   2.8155043e+04
   2.1200000e+02   2.8106289e+04
   2.1300000e+02   2.8055873e+04
   2.1400000e+02   2.8003816e+04
   2.1500000e+02   2.7950148e+04
   2.1600000e+02   2.7894893e+04
   2.1700000e+02   2.7838082e+04
   2.1800000e+02   2.7779740e+04
   2.1900000e+02   2.7719895e+04
   2.2000000e+02   2.7658578e+04
   2.2100000e+02   2.7595820e+04
   2.2200000e+02   2.7531648e+04
   2.2300000e+02   2.7466096e+04
   2.2400000e+02   2.7399193e+04
   2.2500000e+02   2.7330971e+04
   2.2600000e+02   2.7261465e+04
   2.2700000e+02   2.7190705e+04
   2.2800000e+02   2.7118727e+04
   2.2900000e+02   2.7045563e+04
   2.3000000e+02   2.6971248e+04
   2.3100000e+02   2.6895814e+04
   2.3200000e+02   2.6819303e+04
   2.3300000e+02   2.6741744e+04
   2.3400000e+02   2.6663178e+04
   2.3500000e+02   2.6583639e+04
   2.3600000e+02   2.6503164e+04
   2.3700000e+02   2.6421789e+04
   2.3800000e+02   2.6339555e+04
   2.3900000e+02   2.6256496e+04
   2.4000000e+02   2.6172652e+04
   2.4100000e+02   2.6072611e+04
   2.4200000e+02   2.5972002e+04
   2.4300000e+02   2.5870869e+04
   2.4400000e+02   2.5769252e+04
   2.4500000e+02   2.5667199e+04
   2.4600000e+02   2.5564752e+04
   2.4700000e+02   2.5461955e+04
   2.4800000e+02   2.5358854e+04
   2.4900000e+02   2.5255492e+04
   2.5000000e+02   2.5151912e+04
   2.5100000e+02   2.5048164e+04
   2.5200000e+02   2.4944289e+04
   2.5300000e+02   2.4840334e+04
   2.5400000e+02   2.4736346e+04
   2.5500000e+02   2.4632367e+04
   2.5600000e+02   2.4528447e+04
   2.5700000e+02   2.4424629e+04
   2.5800000e+02   2.4320959e+04
   2.5900000e+02   2.4217482e+04
   2.6000000e+02   2.4114248e+04
   2.6100000e+02   2.4011299e+04
   2.6200000e+02   2.3908680e+04
   2.6300000e+02   2.3806439e+04
   2.6400000e+02   2.3704621e+04
   2.6500000e+02   2.3603271e+04
   2.6600000e+02   2.3502436e+04
   2.6700000e+02   2.3402156e+04
   2.6800000e+02   2.3302480e+04
   2.6900000e+02   2.3203451e+04
   2.7000000e+02   2.3105115e+04
   2.7100000e+02   2.2984906e+04
   2.7200000e+02   2.2865078e+04
   2.7300000e+02   2.2745674e+04
   2.7400000e+02   2.2626730e+04
   2.7500000e+02   2.2508287e+04
   2.7600000e+02   2.2390383e+04
   2.7700000e+02   2.2273057e+04
   2.7800000e+02   2.2156344e+04
   2.7900000e+02   2.2040283e+04
   2.8000000e+02   2.1924912e+04
   2.8100000e+02   2.1810268e+04
   2.8200000e+02   2.1696387e+04
   2.8300000e+02   2.1583301e+04
   2.8400000e+02   2.1471051e+04
   2.8500000e+02   2.1359666e+04
   2.8600000e+02   2.1249184e+04
   2.8700000e+02   2.1139639e+04
   2.8800000e+02   2.1031061e+04
   2.8900000e+02   2.0923484e+04
   2.9000000e+02   2.0816941e+04
   2.9100000e+02   2.0711461e+04
   2.9200000e+02   2.0607076e+04
   2.9300000e+02   2.0503816e+04
   2.9400000e+02   2.0401709e+04
   2.9500000e+02   2.0300783e+04
   2.9600000e+02   2.0201068e+04
   2.9700000e+02   2.0102590e+04
   2.9800000e+02   2.0005375e+04
   2.9900000e+02   1.9909447e+04
   3.0000000e+02   1.9814834e+04
   3.0100000e+02   1.9719553e+04
   3.0200000e+02   1.9625488e+04
   3.0300000e+02   1.9532658e+04
   3.0400000e+02   1.9441088e+04
   3.0500000e+02   1.9350795e+04
   3.0600000e+02   1.9261803e+04
   3.0700000e+02   1.9174127e+04
   3.0800000e+02   1.9087791e+04
   3.0900000e+02   1.9002809e+04
   3.1000000e+02   1.8919199e+04
   3.1100000e+02   1.8836979e+04
   3.1200000e+02   1.8756164e+04
   3.1300000e+02   1.8676770e+04
   3.1400000e+02   1.8598811e+04
   3.1500000e+02   1.8522297e+04
   3.1600000e+02   1.8447248e+04
   3.1700000e+02   1.8373672e+04
   3.1800000e+02   1.8301582e+04
   3.1900000e+02   1.8230988e+04
   3.2000000e+02   1.8161902e+04
   3.2100000e+02   1.8094332e+04
   3.2200000e+02   1.8028289e+04
   3.2300000e+02   1.7963779e+04
   3.2400000e+02   1.7900813e+04
   3.2500000e+02   1.7839395e+04
   3.2600000e+02   1.7779533e+04
   3.2700000e+02   1.7721234e+04
   3.2800000e+02   1.7664502e+04
   3.2900000e+02   1.7609344e+04
   3.3000000e+02   1.7555764e+04
   3.3100000e+02   1.7503182e+04
   3.3200000e+02   1.7452115e+04
   3.3300000e+02   1.7402566e+04
   3.3400000e+02   1.7354541e+04
   3.3500000e+02   1.7308047e+04
   3.3600000e+02   1.7263086e+04
   3.3700000e+02   1.7219664e+04
   3.3800000e+02   1.7177789e+04
   3.3900000e+02   1.7137459e+04
   3.4000000e+02   1.7098686e+04
   3.4100000e+02   1.7061467e+04
   3.4200000e+02   1.7025809e+04
   3.4300000e+02   1.6991715e+04
   3.4400000e+02   1.6959191e+04
   3.4500000e+02   1.6928236e+04
   3.4600000e+02   1.6898859e+04
   3.4700000e+02   1.6871059e+04
   3.4800000e+02   1.6844840e+04
   3.4900000e+02   1.6820207e+04
   3.5000000e+02   1.6797160e+04
   3.5100000e+02   1.6775705e+04
   3.5200000e+02   1.6755846e+04
   3.5300000e+02   1.6737580e+04
   3.5400000e+02   1.6720916e+04
   3.5500000e+02   1.6705855e+04
   3.5600000e+02   1.6692400e+04
   3.5700000e+02   1.6680555e+04
   3.5800000e+02   1.6670320e+04
   3.5900000e+02   1.6661701e+04
   1.4226848e-06   1.6654701e+04
