   0.0000000e+00   1.0499974e+02
   1.0000000e+00   1.3784966e+01
   2.0000000e+00   1.3753822e+01
   3.0000000e+00   1.3720143e+01
   4.0000000e+00   1.3684111e+01
   5.0000000e+00   1.3645741e+01
   6.0000000e+00   1.3605054e+01
   7.0000000e+00   1.3562067e+01
   8.0000000e+00   1.3516802e+01
   9.0000000e+00   1.3469276e+01
   1.0000000e+01   1.3419513e+01
   1.1000000e+01   1.3367541e+01
   1.2000000e+01   1.3313389e+01
   1.3000000e+01   1.3257083e+01
   1.4000000e+01   1.3198655e+01
   1.5000000e+01   1.3138134e+01
   1.6000000e+01   1.3075552e+01
   1.7000000e+01   1.3010944e+01
   1.8000000e+01   1.2944344e+01
   1.9000000e+01   1.2875788e+01
   2.0000000e+01   1.2805313e+01
   2.1000000e+01   1.2732957e+01
   2.2000000e+01   1.2658759e+01
   2.3000000e+01   1.2582760e+01
   2.4000000e+01   1.2504999e+01
   2.5000000e+01   1.2425521e+01
   2.6000000e+01   1.2344365e+01
   2.7000000e+01   1.2261577e+01
   2.8000000e+01   1.2177199e+01
   2.9000000e+01   1.2091278e+01
   3.0000000e+01   1.2003859e+01
   3.1000000e+01   1.1911094e+01
   3.2000000e+01   1.1816918e+01
   3.3000000e+01   1.1721385e+01
   3.4000000e+01   1.1624547e+01
   3.5000000e+01   1.1526459e+01
   3.6000000e+01   1.1427171e+01
   3.7000000e+01   1.1326737e+01
   3.8000000e+01   1.1225213e+01
   3.9000000e+01   1.1122648e+01
   4.0000000e+01   1.1019097e+01
   4.1000000e+01   1.0914614e+01
   4.2000000e+01   1.0809249e+01
   4.3000000e+01   1.0703056e+01
   4.4000000e+01   1.0596087e+01
   4.5000000e+01   1.0488403e+01
   4.6000000e+01   1.0380063e+01
   4.7000000e+01   1.0271096e+01
   4.8000000e+01   1.0161553e+01
   4.9000000e+01   1.0051483e+01
   5.0000000e+01   9.9409361e+00
   5.1000000e+01   9.8299589e+00
   5.2000000e+01   9.7186003e+00
   5.3000000e+01   9.6069088e+00
   5.4000000e+01   9.4949303e+00
   5.5000000e+01   9.3827085e+00
   5.6000000e+01   9.2702913e+00
   5.7000000e+01   9.1577234e+00
   5.8000000e+01   9.0450468e+00
   5.9000000e+01   8.9323072e+00
   6.0000000e+01   8.8195448e+00
   6.1000000e+01   8.7186451e+00
   6.2000000e+01   8.6177340e+00
   6.3000000e+01   8.5168447e+00
   6.4000000e+01   8.4160128e+00
   6.5000000e+01   8.3152695e+00
   6.6000000e+01   8.2146492e+00
   6.7000000e+01   8.1141815e+00
   6.8000000e+01   8.0138979e+00
   6.9000000e+01   7.9138303e+00
   7.0000000e+01   7.8140059e+00
   7.1000000e+01   7.7144551e+00
   7.2000000e+01   7.6152058e+00
   7.3000000e+01   7.5162854e+00
   7.4000000e+01   7.4177208e+00
   7.5000000e+01   7.3195372e+00
   7.6000000e+01   7.2217607e+00
   7.7000000e+01   7.1244073e+00
   7.8000000e+01   7.0275025e+00
   7.9000000e+01   6.9310737e+00
   8.0000000e+01   6.8351445e+00
   8.1000000e+01   6.7397356e+00
   8.2000000e+01   6.6448689e+00
   8.3000000e+01   6.5505633e+00
   8.4000000e+01   6.4568396e+00
   8.5000000e+01   6.3637161e+00
   8.6000000e+01   6.2712111e+00
   8.7000000e+01   6.1793423e+00
   8.8000000e+01   6.0881262e+00
   8.9000000e+01   5.9975796e+00
   9.0000000e+01   5.9077172e+00
   9.1000000e+01   5.8188448e+00
   9.2000000e+01   5.7308264e+00
   9.3000000e+01   5.6436758e+00
   9.4000000e+01   5.5574074e+00
   9.5000000e+01   5.4720349e+00
   9.6000000e+01   5.3875713e+00
   9.7000000e+01   5.3040276e+00
   9.8000000e+01   5.2214165e+00
   9.9000000e+01   5.1397476e+00
   1.0000000e+02   5.0590329e+00
   1.0100000e+02   4.9792809e+00
   1.0200000e+02   4.9005013e+00
   1.0300000e+02   4.8227024e+00
   1.0400000e+02   4.7459030e+00
   1.0500000e+02   4.6701226e+00
   1.0600000e+02   4.5953431e+00
   1.0700000e+02   4.5215702e+00
   1.0800000e+02   4.4488111e+00
   1.0900000e+02   4.3770704e+00
   1.1000000e+02   4.3063540e+00
   1.1100000e+02   4.2366672e+00
   1.1200000e+02   4.1680140e+00
   1.1300000e+02   4.1003981e+00
   1.1400000e+02   4.0338235e+00
   1.1500000e+02   3.9682939e+00
   1.1600000e+02   3.9038122e+00
   1.1700000e+02   3.8403811e+00
   1.1800000e+02   3.7780030e+00
   1.1900000e+02   3.7166805e+00
   1.2000000e+02   3.6564150e+00
   1.2100000e+02   3.6044765e+00
   1.2200000e+02   3.5535693e+00
   1.2300000e+02   3.5036931e+00
   1.2400000e+02   3.4548483e+00
   1.2500000e+02   3.4070349e+00
   1.2600000e+02   3.3602526e+00
   1.2700000e+02   3.3145010e+00
   1.2800000e+02   3.2697799e+00
   1.2900000e+02   3.2260885e+00
   1.3000000e+02   3.1834259e+00
   1.3100000e+02   3.1417916e+00
   1.3200000e+02   3.1011844e+00
   1.3300000e+02   3.0616033e+00
   1.3400000e+02   3.0230472e+00
   1.3500000e+02   2.9855149e+00
   1.3600000e+02   2.9490047e+00
   1.3700000e+02   2.9135156e+00
   1.3800000e+02   2.8790464e+00
   1.3900000e+02   2.8455949e+00
   1.4000000e+02   2.8131602e+00
   1.4100000e+02   2.7817402e+00
   1.4200000e+02   2.7513335e+00
   1.4300000e+02   2.7219384e+00
   1.4400000e+02   2.6935532e+00
   1.4500000e+02   2.6661758e+00
   1.4600000e+02   2.6398051e+00
   1.4700000e+02   2.6144390e+00
   1.4800000e+02   2.5900755e+00
   1.4900000e+02   2.5667129e+00
   1.5000000e+02   2.5443497e+00
   1.5100000e+02   2.5205736e+00
   1.5200000e+02   2.4977608e+00
   1.5300000e+02   2.4759092e+00
   1.5400000e+02   2.4550176e+00
   1.5500000e+02   2.4350834e+00
   1.5600000e+02   2.4161053e+00
   1.5700000e+02   2.3980808e+00
   1.5800000e+02   2.3810084e+00
   1.5900000e+02   2.3648956e+00
   1.6000000e+02   2.3497951e+00
   1.6100000e+02   2.3356578e+00
   1.6200000e+02   2.3224819e+00
   1.6300000e+02   2.3102658e+00
   1.6400000e+02   2.2990086e+00
   1.6500000e+02   2.2887084e+00
   1.6600000e+02   2.2793643e+00
   1.6700000e+02   2.2709749e+00
   1.6800000e+02   2.2635388e+00
   1.6900000e+02   2.2570550e+00
   1.7000000e+02   2.2515221e+00
   1.7100000e+02   2.2469387e+00
   1.7200000e+02   2.2433038e+00
   1.7300000e+02   2.2406163e+00
   1.7400000e+02   2.2388749e+00
   1.7500000e+02   2.2380791e+00
   1.7600000e+02   2.2382271e+00
   1.7700000e+02   2.2393181e+00
   1.7800000e+02   2.2413511e+00
   1.7900000e+02   2.2443254e+00
   1.8000000e+02   2.2482398e+00
   1.8100000e+02   2.2480931e+00
   1.8200000e+02   2.2488163e+00
   1.8300000e+02   2.2504075e+00
   1.8400000e+02   2.2528644e+00
   1.8500000e+02   2.2561851e+00
   1.8600000e+02   2.2603674e+00
   1.8700000e+02   2.2654095e+00
   1.8800000e+02   2.2713089e+00
   1.8900000e+02   2.2780640e+00
   1.9000000e+02   2.2856729e+00
   1.9100000e+02   2.2941334e+00
   1.9200000e+02   2.3034434e+00
   1.9300000e+02   2.3136010e+00
   1.9400000e+02   2.3246043e+00
   1.9500000e+02   2.3364515e+00
   1.9600000e+02   2.3491404e+00
   1.9700000e+02   2.3626692e+00
   1.9800000e+02   2.3770401e+00
   1.9900000e+02   2.3922570e+00
   2.0000000e+02   2.4083056e+00
   2.0100000e+02   2.4251835e+00
   2.0200000e+02   2.4428895e+00
   2.0300000e+02   2.4614205e+00
   2.0400000e+02   2.4807744e+00
   2.0500000e+02   2.5009496e+00
   2.0600000e+02   2.5219431e+00
   2.0700000e+02   2.5437531e+00
   2.0800000e+02   2.5663769e+00
   2.0900000e+02   2.5898123e+00
   2.1000000e+02   2.6140568e+00
   2.1100000e+02   2.6384039e+00
   2.1200000e+02   2.6635480e+00
   2.1300000e+02   2.6894877e+00
   2.1400000e+02   2.7162201e+00
   2.1500000e+02   2.7437434e+00
   2.1600000e+02   2.7720547e+00
   2.1700000e+02   2.8011518e+00
   2.1800000e+02   2.8310320e+00
   2.1900000e+02   2.8616927e+00
   2.2000000e+02   2.8931310e+00
   2.2100000e+02   2.9253440e+00
   2.2200000e+02   2.9583292e+00
   2.2300000e+02   2.9920828e+00
   2.2400000e+02   3.0266018e+00
   2.2500000e+02   3.0618832e+00
   2.2600000e+02   3.0979230e+00
   2.2700000e+02   3.1347177e+00
   2.2800000e+02   3.1722639e+00
   2.2900000e+02   3.2105570e+00
   2.3000000e+02   3.2495935e+00
   2.3100000e+02   3.2893689e+00
   2.3200000e+02   3.3298786e+00
   2.3300000e+02   3.3711183e+00
   2.3400000e+02   3.4130828e+00
   2.3500000e+02   3.4557676e+00
   2.3600000e+02   3.4991670e+00
   2.3700000e+02   3.5432756e+00
   2.3800000e+02   3.5880880e+00
   2.3900000e+02   3.6335983e+00
   2.4000000e+02   3.6798003e+00
   2.4100000e+02   3.7349644e+00
   2.4200000e+02   3.7908659e+00
   2.4300000e+02   3.8474987e+00
   2.4400000e+02   3.9048555e+00
   2.4500000e+02   3.9629292e+00
   2.4600000e+02   4.0217128e+00
   2.4700000e+02   4.0811992e+00
   2.4800000e+02   4.1413789e+00
   2.4900000e+02   4.2022448e+00
   2.5000000e+02   4.2637882e+00
   2.5100000e+02   4.3259997e+00
   2.5200000e+02   4.3888698e+00
   2.5300000e+02   4.4523954e+00
   2.5400000e+02   4.5165668e+00
   2.5500000e+02   4.5813684e+00
   2.5600000e+02   4.6467910e+00
   2.5700000e+02   4.7128210e+00
   2.5800000e+02   4.7794495e+00
   2.5900000e+02   4.8466620e+00
   2.6000000e+02   4.9144478e+00
   2.6100000e+02   4.9827929e+00
   2.6200000e+02   5.0516839e+00
   2.6300000e+02   5.1211071e+00
   2.6400000e+02   5.1910486e+00
   2.6500000e+02   5.2614927e+00
   2.6600000e+02   5.3324242e+00
   2.6700000e+02   5.4038277e+00
   2.6800000e+02   5.4756861e+00
   2.6900000e+02   5.5479832e+00
   2.7000000e+02   5.6207004e+00
   2.7100000e+02   5.6936507e+00
   2.7200000e+02   5.7670856e+00
   2.7300000e+02   5.8409877e+00
   2.7400000e+02   5.9153385e+00
   2.7500000e+02   5.9901190e+00
   2.7600000e+02   6.0653100e+00
   2.7700000e+02   6.1408911e+00
   2.7800000e+02   6.2168417e+00
   2.7900000e+02   6.2931409e+00
   2.8000000e+02   6.3697667e+00
   2.8100000e+02   6.4466958e+00
   2.8200000e+02   6.5239067e+00
   2.8300000e+02   6.6013741e+00
   2.8400000e+02   6.6790748e+00
   2.8500000e+02   6.7569833e+00
   2.8600000e+02   6.8350744e+00
   2.8700000e+02   6.9133220e+00
   2.8800000e+02   6.9916992e+00
   2.8900000e+02   7.0701785e+00
   2.9000000e+02   7.1487317e+00
   2.9100000e+02   7.2273307e+00
   2.9200000e+02   7.3059468e+00
   2.9300000e+02   7.3845491e+00
   2.9400000e+02   7.4631076e+00
   2.9500000e+02   7.5415921e+00
   2.9600000e+02   7.6199703e+00
   2.9700000e+02   7.6982107e+00
   2.9800000e+02   7.7762804e+00
   2.9900000e+02   7.8541470e+00
   3.0000000e+02   7.9317760e+00
   3.0100000e+02   8.0104952e+00
   3.0200000e+02   8.0887833e+00
   3.0300000e+02   8.1666031e+00
   3.0400000e+02   8.2439175e+00
   3.0500000e+02   8.3206911e+00
   3.0600000e+02   8.3968840e+00
   3.0700000e+02   8.4724598e+00
   3.0800000e+02   8.5473804e+00
   3.0900000e+02   8.6216068e+00
   3.1000000e+02   8.6951008e+00
   3.1100000e+02   8.7678242e+00
   3.1200000e+02   8.8397350e+00
   3.1300000e+02   8.9107971e+00
   3.1400000e+02   8.9809704e+00
   3.1500000e+02   9.0502148e+00
   3.1600000e+02   9.1184912e+00
   3.1700000e+02   9.1857595e+00
   3.1800000e+02   9.2519827e+00
   3.1900000e+02   9.3171186e+00
   3.2000000e+02   9.3811302e+00
   3.2100000e+02   9.4439774e+00
   3.2200000e+02   9.5056219e+00
   3.2300000e+02   9.5660248e+00
   3.2400000e+02   9.6251488e+00
   3.2500000e+02   9.6829557e+00
   3.2600000e+02   9.7394085e+00
   3.2700000e+02   9.7944689e+00
   3.2800000e+02   9.8481016e+00
   3.2900000e+02   9.9002724e+00
   3.3000000e+02   9.9509439e+00
   3.3100000e+02   9.9963636e+00
   3.3200000e+02   1.0040289e+01
   3.3300000e+02   1.0082688e+01
   3.3400000e+02   1.0123528e+01
   3.3500000e+02   1.0162781e+01
   3.3600000e+02   1.0200413e+01
   3.3700000e+02   1.0236398e+01
   3.3800000e+02   1.0270706e+01
   3.3900000e+02   1.0303310e+01
   3.4000000e+02   1.0334186e+01
   3.4100000e+02   1.0363306e+01
   3.4200000e+02   1.0390647e+01
   3.4300000e+02   1.0416187e+01
   3.4400000e+02   1.0439904e+01
   3.4500000e+02   1.0461778e+01
   3.4600000e+02   1.0481788e+01
   3.4700000e+02   1.0499934e+01
   3.4800000e+02   1.0516199e+01
   3.4900000e+02   1.0530557e+01
   3.5000000e+02   1.0542993e+01
   3.5100000e+02   1.0553494e+01
   3.5200000e+02   1.0562052e+01
   3.5300000e+02   1.0568696e+01
   3.5400000e+02   1.0573395e+01
   3.5500000e+02   1.0576104e+01
   3.5600000e+02   1.0576819e+01
   3.5700000e+02   1.0575538e+01
   3.5800000e+02   1.0572254e+01
   3.5900000e+02   1.0566971e+01
   2.6219766e-08   1.0559686e+01
