   0.0000000e+00   1.3036181e-02
   1.0000000e+00   3.7071370e-02
   2.0000000e+00   3.7251648e-02
   3.0000000e+00   3.7435699e-02
   4.0000000e+00   3.7618719e-02
   5.0000000e+00   3.7800726e-02
   6.0000000e+00   3.7981719e-02
   7.0000000e+00   3.8161710e-02
   8.0000000e+00   3.8340699e-02
   9.0000000e+00   3.8518786e-02
   1.0000000e+01   3.8695950e-02
   1.1000000e+01   3.8872160e-02
   1.2000000e+01   3.9047424e-02
   1.3000000e+01   3.9221752e-02
   1.4000000e+01   3.9395142e-02
   1.5000000e+01   3.9567605e-02
   1.6000000e+01   3.9739143e-02
   1.7000000e+01   3.9909765e-02
   1.8000000e+01   4.0079478e-02
   1.9000000e+01   4.0248286e-02
   2.0000000e+01   4.0416192e-02
   2.1000000e+01   4.0583208e-02
   2.2000000e+01   4.0749338e-02
   2.3000000e+01   4.0914584e-02
   2.4000000e+01   4.1078955e-02
   2.5000000e+01   4.1242454e-02
   2.6000000e+01   4.1405089e-02
   2.7000000e+01   4.1566867e-02
   2.8000000e+01   4.1727792e-02
   2.9000000e+01   4.1887868e-02
   3.0000000e+01   4.2047102e-02
   3.1000000e+01   4.2241141e-02
   3.2000000e+01   4.2431079e-02
   3.3000000e+01   4.2616922e-02
   3.4000000e+01   4.2798679e-02
   3.5000000e+01   4.2976353e-02
   3.6000000e+01   4.3149956e-02
   3.7000000e+01   4.3319494e-02
   3.8000000e+01   4.3484978e-02
   3.9000000e+01   4.3646421e-02
   4.0000000e+01   4.3803833e-02
   4.1000000e+01   4.3957222e-02
   4.2000000e+01   4.4106610e-02
   4.3000000e+01   4.4252004e-02
   4.4000000e+01   4.4393420e-02
   4.5000000e+01   4.4530399e-02
   4.6000000e+01   4.4662669e-02
   4.7000000e+01   4.4791192e-02
   4.8000000e+01   4.4915989e-02
   4.9000000e+01   4.5037068e-02
   5.0000000e+01   4.5154452e-02
   5.1000000e+01   4.5268159e-02
   5.2000000e+01   4.5378204e-02
   5.3000000e+01   4.5484602e-02
   5.4000000e+01   4.5587368e-02
   5.5000000e+01   4.5686528e-02
   5.6000000e+01   4.5782097e-02
   5.7000000e+01   4.5874093e-02
   5.8000000e+01   4.5962535e-02
   5.9000000e+01   4.6047442e-02
   6.0000000e+01   4.6128836e-02
   6.1000000e+01   4.6094775e-02
   6.2000000e+01   4.6062283e-02
   6.3000000e+01   4.6031352e-02
   6.4000000e+01   4.6001978e-02
   6.5000000e+01   4.5974158e-02
   6.6000000e+01   4.5947880e-02
   6.7000000e+01   4.5923147e-02
   6.8000000e+01   4.5899946e-02
   6.9000000e+01   4.5878276e-02
   7.0000000e+01   4.5858126e-02
   7.1000000e+01   4.5839489e-02
   7.2000000e+01   4.5822360e-02
   7.3000000e+01   4.5806725e-02
   7.4000000e+01   4.5792583e-02
   7.5000000e+01   4.5779929e-02
   7.6000000e+01   4.5768745e-02
   7.7000000e+01   4.5759525e-02
   7.8000000e+01   4.5752108e-02
   7.9000000e+01   4.5746226e-02
   8.0000000e+01   4.5741871e-02
   8.1000000e+01   4.5739029e-02
   8.2000000e+01   4.5737691e-02
   8.3000000e+01   4.5737848e-02
   8.4000000e+01   4.5739491e-02
   8.5000000e+01   4.5742601e-02
   8.6000000e+01   4.5747180e-02
   8.7000000e+01   4.5753211e-02
   8.8000000e+01   4.5760680e-02
   8.9000000e+01   4.5769583e-02
   9.0000000e+01   4.5779902e-02
   9.1000000e+01   4.5760512e-02
   9.2000000e+01   4.5738917e-02
   9.3000000e+01   4.5715146e-02
   9.4000000e+01   4.5689207e-02
   9.5000000e+01   4.5661122e-02
   9.6000000e+01   4.5630917e-02
   9.7000000e+01   4.5598604e-02
   9.8000000e+01   4.5564201e-02
   9.9000000e+01   4.5527734e-02
   1.0000000e+02   4.5489218e-02
   1.0100000e+02   4.5448676e-02
   1.0200000e+02   4.5406125e-02
   1.0300000e+02   4.5361586e-02
   1.0400000e+02   4.5314476e-02
   1.0500000e+02   4.5264039e-02
   1.0600000e+02   4.5211948e-02
   1.0700000e+02   4.5158226e-02
   1.0800000e+02   4.5102894e-02
   1.0900000e+02   4.5045964e-02
   1.1000000e+02   4.4987462e-02
   1.1100000e+02   4.4927407e-02
   1.1200000e+02   4.4865809e-02
   1.1300000e+02   4.4802692e-02
   1.1400000e+02   4.4738069e-02
   1.1500000e+02   4.4671968e-02
   1.1600000e+02   4.4604398e-02
   1.1700000e+02   4.4535387e-02
   1.1800000e+02   4.4464942e-02
   1.1900000e+02   4.4393089e-02
   1.2000000e+02   4.4319838e-02
   1.2100000e+02   4.4199236e-02
   1.2200000e+02   4.4078901e-02
   1.2300000e+02   4.3958843e-02
   1.2400000e+02   4.3839052e-02
   1.2500000e+02   4.3719541e-02
   1.2600000e+02   4.3600306e-02
   1.2700000e+02   4.3481354e-02
   1.2800000e+02   4.3362681e-02
   1.2900000e+02   4.3244295e-02
   1.3000000e+02   4.3126192e-02
   1.3100000e+02   4.3008372e-02
   1.3200000e+02   4.2890847e-02
   1.3300000e+02   4.2773608e-02
   1.3400000e+02   4.2656660e-02
   1.3500000e+02   4.2540003e-02
   1.3600000e+02   4.2423639e-02
   1.3700000e+02   4.2307571e-02
   1.3800000e+02   4.2191796e-02
   1.3900000e+02   4.2076316e-02
   1.4000000e+02   4.1961130e-02
   1.4100000e+02   4.1846242e-02
   1.4200000e+02   4.1731648e-02
   1.4300000e+02   4.1617353e-02
   1.4400000e+02   4.1503359e-02
   1.4500000e+02   4.1389659e-02
   1.4600000e+02   4.1276261e-02
   1.4700000e+02   4.1163154e-02
   1.4800000e+02   4.1050352e-02
   1.4900000e+02   4.0937845e-02
   1.5000000e+02   4.0825635e-02
   1.5100000e+02   4.0770851e-02
   1.5200000e+02   4.0716540e-02
   1.5300000e+02   4.0662702e-02
   1.5400000e+02   4.0609326e-02
   1.5500000e+02   4.0556416e-02
   1.5600000e+02   4.0503964e-02
   1.5700000e+02   4.0451966e-02
   1.5800000e+02   4.0400419e-02
   1.5900000e+02   4.0348582e-02
   1.6000000e+02   4.0292073e-02
   1.6100000e+02   4.0234894e-02
   1.6200000e+02   4.0177081e-02
   1.6300000e+02   4.0118650e-02
   1.6400000e+02   4.0059622e-02
   1.6500000e+02   4.0000007e-02
   1.6600000e+02   3.9939824e-02
   1.6700000e+02   3.9879087e-02
   1.6800000e+02   3.9817806e-02
   1.6900000e+02   3.9755996e-02
   1.7000000e+02   3.9693676e-02
   1.7100000e+02   3.9630856e-02
   1.7200000e+02   3.9567549e-02
   1.7300000e+02   3.9503772e-02
   1.7400000e+02   3.9439537e-02
   1.7500000e+02   3.9374847e-02
   1.7600000e+02   3.9309729e-02
   1.7700000e+02   3.9244194e-02
   1.7800000e+02   3.9178245e-02
   1.7900000e+02   3.9111897e-02
   1.8000000e+02   3.9045170e-02
   1.8100000e+02   3.9061278e-02
   1.8200000e+02   3.9078761e-02
   1.8300000e+02   3.9097603e-02
   1.8400000e+02   3.9117776e-02
   1.8500000e+02   3.9139263e-02
   1.8600000e+02   3.9162040e-02
   1.8700000e+02   3.9186087e-02
   1.8800000e+02   3.9211385e-02
   1.8900000e+02   3.9237916e-02
   1.9000000e+02   3.9265659e-02
   1.9100000e+02   3.9294593e-02
   1.9200000e+02   3.9324701e-02
   1.9300000e+02   3.9355963e-02
   1.9400000e+02   3.9388366e-02
   1.9500000e+02   3.9421882e-02
   1.9600000e+02   3.9456498e-02
   1.9700000e+02   3.9492197e-02
   1.9800000e+02   3.9528586e-02
   1.9900000e+02   3.9565202e-02
   2.0000000e+02   3.9603081e-02
   2.0100000e+02   3.9642200e-02
   2.0200000e+02   3.9682545e-02
   2.0300000e+02   3.9724097e-02
   2.0400000e+02   3.9766833e-02
   2.0500000e+02   3.9810732e-02
   2.0600000e+02   3.9855782e-02
   2.0700000e+02   3.9901961e-02
   2.0800000e+02   3.9949253e-02
   2.0900000e+02   3.9997637e-02
   2.1000000e+02   4.0047094e-02
   2.1100000e+02   4.0103443e-02
   2.1200000e+02   4.0160067e-02
   2.1300000e+02   4.0216964e-02
   2.1400000e+02   4.0274136e-02
   2.1500000e+02   4.0331572e-02
   2.1600000e+02   4.0389277e-02
   2.1700000e+02   4.0447239e-02
   2.1800000e+02   4.0505458e-02
   2.1900000e+02   4.0563937e-02
   2.2000000e+02   4.0622663e-02
   2.2100000e+02   4.0681645e-02
   2.2200000e+02   4.0740870e-02
   2.2300000e+02   4.0800333e-02
   2.2400000e+02   4.0860042e-02
   2.2500000e+02   4.0919989e-02
   2.2600000e+02   4.0980164e-02
   2.2700000e+02   4.1040577e-02
   2.2800000e+02   4.1101217e-02
   2.2900000e+02   4.1162081e-02
   2.3000000e+02   4.1223172e-02
   2.3100000e+02   4.1284479e-02
   2.3200000e+02   4.1346010e-02
   2.3300000e+02   4.1407757e-02
   2.3400000e+02   4.1469712e-02
   2.3500000e+02   4.1531879e-02
   2.3600000e+02   4.1594256e-02
   2.3700000e+02   4.1656841e-02
   2.3800000e+02   4.1719627e-02
   2.3900000e+02   4.1782614e-02
   2.4000000e+02   4.1845802e-02
   2.4100000e+02   4.1817572e-02
   2.4200000e+02   4.1790366e-02
   2.4300000e+02   4.1764166e-02
   2.4400000e+02   4.1738968e-02
   2.4500000e+02   4.1714758e-02
   2.4600000e+02   4.1691523e-02
   2.4700000e+02   4.1669261e-02
   2.4800000e+02   4.1647960e-02
   2.4900000e+02   4.1627608e-02
   2.5000000e+02   4.1608196e-02
   2.5100000e+02   4.1589715e-02
   2.5200000e+02   4.1572157e-02
   2.5300000e+02   4.1555118e-02
   2.5400000e+02   4.1538600e-02
   2.5500000e+02   4.1522875e-02
   2.5600000e+02   4.1507937e-02
   2.5700000e+02   4.1493770e-02
   2.5800000e+02   4.1480377e-02
   2.5900000e+02   4.1467741e-02
   2.6000000e+02   4.1455861e-02
   2.6100000e+02   4.1444726e-02
   2.6200000e+02   4.1434329e-02
   2.6300000e+02   4.1424662e-02
   2.6400000e+02   4.1415717e-02
   2.6500000e+02   4.1407488e-02
   2.6600000e+02   4.1399971e-02
   2.6700000e+02   4.1393150e-02
   2.6800000e+02   4.1387022e-02
   2.6900000e+02   4.1381583e-02
   2.7000000e+02   4.1376822e-02
   2.7100000e+02   4.1287102e-02
   2.7200000e+02   4.1197225e-02
   2.7300000e+02   4.1107189e-02
   2.7400000e+02   4.1017000e-02
   2.7500000e+02   4.0926658e-02
   2.7600000e+02   4.0836167e-02
   2.7700000e+02   4.0745527e-02
   2.7800000e+02   4.0654741e-02
   2.7900000e+02   4.0563811e-02
   2.8000000e+02   4.0472738e-02
   2.8100000e+02   4.0381528e-02
   2.8200000e+02   4.0290177e-02
   2.8300000e+02   4.0198691e-02
   2.8400000e+02   4.0107068e-02
   2.8500000e+02   4.0015317e-02
   2.8600000e+02   3.9923437e-02
   2.8700000e+02   3.9831426e-02
   2.8800000e+02   3.9739288e-02
   2.8900000e+02   3.9647028e-02
   2.9000000e+02   3.9554644e-02
   2.9100000e+02   3.9462138e-02
   2.9200000e+02   3.9369512e-02
   2.9300000e+02   3.9276771e-02
   2.9400000e+02   3.9183915e-02
   2.9500000e+02   3.9090943e-02
   2.9600000e+02   3.8997859e-02
   2.9700000e+02   3.8904667e-02
   2.9800000e+02   3.8811363e-02
   2.9900000e+02   3.8717952e-02
   3.0000000e+02   3.8624436e-02
   3.0100000e+02   3.8584810e-02
   3.0200000e+02   3.8545903e-02
   3.0300000e+02   3.8507711e-02
   3.0400000e+02   3.8470227e-02
   3.0500000e+02   3.8433447e-02
   3.0600000e+02   3.8397368e-02
   3.0700000e+02   3.8361985e-02
   3.0800000e+02   3.8327288e-02
   3.0900000e+02   3.8293272e-02
   3.1000000e+02   3.8259935e-02
   3.1100000e+02   3.8227271e-02
   3.1200000e+02   3.8195271e-02
   3.1300000e+02   3.8163938e-02
   3.1400000e+02   3.8133256e-02
   3.1500000e+02   3.8103230e-02
   3.1600000e+02   3.8073853e-02
   3.1700000e+02   3.8045112e-02
   3.1800000e+02   3.8017008e-02
   3.1900000e+02   3.7989538e-02
   3.2000000e+02   3.7962697e-02
   3.2100000e+02   3.7936475e-02
   3.2200000e+02   3.7910871e-02
   3.2300000e+02   3.7885878e-02
   3.2400000e+02   3.7861496e-02
   3.2500000e+02   3.7837718e-02
   3.2600000e+02   3.7814531e-02
   3.2700000e+02   3.7791941e-02
   3.2800000e+02   3.7769943e-02
   3.2900000e+02   3.7748531e-02
   3.3000000e+02   3.7727695e-02
   3.3100000e+02   3.7667666e-02
   3.3200000e+02   3.7607767e-02
   3.3300000e+02   3.7547998e-02
   3.3400000e+02   3.7488356e-02
   3.3500000e+02   3.7428848e-02
   3.3600000e+02   3.7369467e-02
   3.3700000e+02   3.7310213e-02
   3.3800000e+02   3.7251085e-02
   3.3900000e+02   3.7192088e-02
   3.4000000e+02   3.7133209e-02
   3.4100000e+02   3.7074462e-02
   3.4200000e+02   3.7015837e-02
   3.4300000e+02   3.6957335e-02
   3.4400000e+02   3.6898959e-02
   3.4500000e+02   3.6840707e-02
   3.4600000e+02   3.6782574e-02
   3.4700000e+02   3.6723990e-02
   3.4800000e+02   3.6665011e-02
   3.4900000e+02   3.6606036e-02
   3.5000000e+02   3.6547065e-02
   3.5100000e+02   3.6488105e-02
   3.5200000e+02   3.6429148e-02
   3.5300000e+02   3.6368743e-02
   3.5400000e+02   3.6307845e-02
   3.5500000e+02   3.6247682e-02
   3.5600000e+02   3.6188256e-02
   3.5700000e+02   3.6129553e-02
   3.5800000e+02   3.6071569e-02
   3.5900000e+02   3.6014304e-02
   2.6219766e-08   3.5957746e-02
