   0.0000000e+00   1.0203230e+02
   1.0000000e+00   1.7435465e+01
   2.0000000e+00   1.7465889e+01
   3.0000000e+00   1.7548555e+01
   4.0000000e+00   1.7636683e+01
   5.0000000e+00   1.7733654e+01
   6.0000000e+00   1.7843485e+01
   7.0000000e+00   1.7955870e+01
   8.0000000e+00   1.8076431e+01
   9.0000000e+00   1.8209120e+01
   1.0000000e+01   1.8353832e+01
   1.1000000e+01   1.8506474e+01
   1.2000000e+01   1.8669756e+01
   1.3000000e+01   1.8846655e+01
   1.4000000e+01   1.9036312e+01
   1.5000000e+01   1.9236134e+01
   1.6000000e+01   1.9452477e+01
   1.7000000e+01   1.9679529e+01
   1.8000000e+01   1.9924986e+01
   1.9000000e+01   2.0188906e+01
   2.0000000e+01   2.0477537e+01
   2.1000000e+01   2.0782549e+01
   2.2000000e+01   2.1113611e+01
   2.3000000e+01   2.1470289e+01
   2.4000000e+01   2.1850430e+01
   2.5000000e+01   2.2263819e+01
   2.6000000e+01   2.2711819e+01
   2.7000000e+01   2.3182779e+01
   2.8000000e+01   2.3689869e+01
   2.9000000e+01   2.4243105e+01
   3.0000000e+01   2.4843145e+01
   3.1000000e+01   2.2774702e+01
   3.2000000e+01   2.0925764e+01
   3.3000000e+01   1.9267780e+01
   3.4000000e+01   1.7776228e+01
   3.5000000e+01   1.6429811e+01
   3.6000000e+01   1.5217233e+01
   3.7000000e+01   1.4115994e+01
   3.8000000e+01   1.3121214e+01
   3.9000000e+01   1.2232130e+01
   4.0000000e+01   1.1488797e+01
   4.1000000e+01   1.0439401e+01
   4.2000000e+01   9.4537916e+00
   4.3000000e+01   8.6230078e+00
   4.4000000e+01   7.8943877e+00
   4.5000000e+01   7.2461634e+00
   4.6000000e+01   6.6615248e+00
   4.7000000e+01   6.1293058e+00
   4.8000000e+01   5.6416535e+00
   4.9000000e+01   5.1925240e+00
   5.0000000e+01   4.7765675e+00
   5.1000000e+01   4.3904696e+00
   5.2000000e+01   4.0306139e+00
   5.3000000e+01   3.6949005e+00
   5.4000000e+01   3.3802562e+00
   5.5000000e+01   3.0840428e+00
   5.6000000e+01   2.8046584e+00
   5.7000000e+01   2.5413678e+00
   5.8000000e+01   2.2945681e+00
   5.9000000e+01   2.0605130e+00
   6.0000000e+01   1.8381982e+00
   6.1000000e+01   1.7637318e+00
   6.2000000e+01   1.6912490e+00
   6.3000000e+01   1.6206566e+00
   6.4000000e+01   1.5513318e+00
   6.5000000e+01   1.4832169e+00
   6.6000000e+01   1.4167777e+00
   6.7000000e+01   1.3514024e+00
   6.8000000e+01   1.2870644e+00
   6.9000000e+01   1.2247664e+00
   7.0000000e+01   1.1641259e+00
   7.1000000e+01   1.1041118e+00
   7.2000000e+01   1.0448929e+00
   7.3000000e+01   9.8648047e-01
   7.4000000e+01   9.2884737e-01
   7.5000000e+01   8.7196517e-01
   7.6000000e+01   8.1580967e-01
   7.7000000e+01   7.6049662e-01
   7.8000000e+01   7.0582968e-01
   7.9000000e+01   6.5229344e-01
   8.0000000e+01   5.9912670e-01
   8.1000000e+01   5.4592723e-01
   8.2000000e+01   4.9325433e-01
   8.3000000e+01   4.4100687e-01
   8.4000000e+01   3.8917246e-01
   8.5000000e+01   3.3773777e-01
   8.6000000e+01   2.8669119e-01
   8.7000000e+01   2.3553500e-01
   8.8000000e+01   1.8394907e-01
   8.9000000e+01   1.3406378e-01
   9.0000000e+01   3.3225102e+00
   9.1000000e+01   3.3743191e+00
   9.2000000e+01   3.4129124e+00
   9.3000000e+01   3.4523060e+00
   9.4000000e+01   3.4917698e+00
   9.5000000e+01   3.5361679e+00
   9.6000000e+01   3.5816543e+00
   9.7000000e+01   3.6283073e+00
   9.8000000e+01   3.6761701e+00
   9.9000000e+01   3.7252905e+00
   1.0000000e+02   3.7748764e+00
   1.0100000e+02   3.8299294e+00
   1.0200000e+02   3.8865008e+00
   1.0300000e+02   3.9446888e+00
   1.0400000e+02   4.0045576e+00
   1.0500000e+02   4.0661778e+00
   1.0600000e+02   4.1294060e+00
   1.0700000e+02   4.1925945e+00
   1.0800000e+02   4.2609982e+00
   1.0900000e+02   4.3348699e+00
   1.1000000e+02   4.4149156e+00
   1.1100000e+02   4.4996867e+00
   1.1200000e+02   4.5869184e+00
   1.1300000e+02   4.6785889e+00
   1.1400000e+02   4.7753878e+00
   1.1500000e+02   4.8781118e+00
   1.1600000e+02   4.9843831e+00
   1.1700000e+02   5.0986128e+00
   1.1800000e+02   5.2220235e+00
   1.1900000e+02   5.3534532e+00
   1.2000000e+02   5.4912415e+00
   1.2100000e+02   5.6088657e+00
   1.2200000e+02   5.7321148e+00
   1.2300000e+02   5.8564706e+00
   1.2400000e+02   5.9886146e+00
   1.2500000e+02   6.1295471e+00
   1.2600000e+02   6.2761550e+00
   1.2700000e+02   6.4313216e+00
   1.2800000e+02   6.5969248e+00
   1.2900000e+02   6.7720361e+00
   1.3000000e+02   6.9715872e+00
   1.3100000e+02   7.1911807e+00
   1.3200000e+02   7.3830729e+00
   1.3300000e+02   7.5340877e+00
   1.3400000e+02   7.7062016e+00
   1.3500000e+02   7.9066577e+00
   1.3600000e+02   8.0364180e+00
   1.3700000e+02   8.1881351e+00
   1.3800000e+02   8.3728991e+00
   1.3900000e+02   8.5890636e+00
   1.4000000e+02   8.8369122e+00
   1.4100000e+02   9.1258488e+00
   1.4200000e+02   9.4678259e+00
   1.4300000e+02   9.8894138e+00
   1.4400000e+02   1.0427559e+01
   1.4500000e+02   1.1197082e+01
   1.4600000e+02   1.2605564e+01
   1.4700000e+02   1.1205067e+01
   1.4800000e+02   1.0496447e+01
   1.4900000e+02   9.9228010e+00
   1.5000000e+02   9.3721094e+00
   1.5100000e+02   8.9378557e+00
   1.5200000e+02   8.5671787e+00
   1.5300000e+02   8.2436428e+00
   1.5400000e+02   7.9567232e+00
   1.5500000e+02   7.6992049e+00
   1.5600000e+02   7.4658937e+00
   1.5700000e+02   7.2529068e+00
   1.5800000e+02   7.0546236e+00
   1.5900000e+02   6.8716516e+00
   1.6000000e+02   6.7024288e+00
   1.6100000e+02   6.5452790e+00
   1.6200000e+02   6.3988261e+00
   1.6300000e+02   6.2619138e+00
   1.6400000e+02   6.1335688e+00
   1.6500000e+02   6.0129580e+00
   1.6600000e+02   5.8993673e+00
   1.6700000e+02   5.7921805e+00
   1.6800000e+02   5.6908569e+00
   1.6900000e+02   5.5949202e+00
   1.7000000e+02   5.5040946e+00
   1.7100000e+02   5.4179158e+00
   1.7200000e+02   5.3360033e+00
   1.7300000e+02   5.2580562e+00
   1.7400000e+02   5.1838827e+00
   1.7500000e+02   5.1141973e+00
   1.7600000e+02   5.0477195e+00
   1.7700000e+02   4.9842057e+00
   1.7800000e+02   4.9234724e+00
   1.7900000e+02   4.8653526e+00
   1.8000000e+02   4.8096952e+00
   1.8100000e+02   4.7558451e+00
   1.8200000e+02   4.7040377e+00
   1.8300000e+02   4.6541748e+00
   1.8400000e+02   4.6061611e+00
   1.8500000e+02   4.5599108e+00
   1.8600000e+02   4.5153379e+00
   1.8700000e+02   4.4723711e+00
   1.8800000e+02   4.4309411e+00
   1.8900000e+02   4.3909836e+00
   1.9000000e+02   4.3524365e+00
   1.9100000e+02   4.3152409e+00
   1.9200000e+02   4.2793412e+00
   1.9300000e+02   4.2446904e+00
   1.9400000e+02   4.2112336e+00
   1.9500000e+02   4.1789231e+00
   1.9600000e+02   4.1476846e+00
   1.9700000e+02   4.1174827e+00
   1.9800000e+02   4.0883169e+00
   1.9900000e+02   4.0601501e+00
   2.0000000e+02   4.0329437e+00
   2.0100000e+02   4.0066614e+00
   2.0200000e+02   3.9812646e+00
   2.0300000e+02   3.9567223e+00
   2.0400000e+02   3.9330068e+00
   2.0500000e+02   3.9100909e+00
   2.0600000e+02   3.8876579e+00
   2.0700000e+02   3.8659828e+00
   2.0800000e+02   3.8430865e+00
   2.0900000e+02   3.8210890e+00
   2.1000000e+02   3.8000610e+00
   2.1100000e+02   3.7813468e+00
   2.1200000e+02   3.7636085e+00
   2.1300000e+02   3.7467856e+00
   2.1400000e+02   3.7308195e+00
   2.1500000e+02   3.7156544e+00
   2.1600000e+02   3.7117779e+00
   2.1700000e+02   3.7141359e+00
   2.1800000e+02   3.7172031e+00
   2.1900000e+02   3.7208788e+00
   2.2000000e+02   3.7251534e+00
   2.2100000e+02   3.7300136e+00
   2.2200000e+02   3.7354453e+00
   2.2300000e+02   3.7414389e+00
   2.2400000e+02   3.7479794e+00
   2.2500000e+02   3.7550561e+00
   2.2600000e+02   3.7626586e+00
   2.2700000e+02   3.7707777e+00
   2.2800000e+02   3.7794020e+00
   2.2900000e+02   3.7885201e+00
   2.3000000e+02   3.7981243e+00
   2.3100000e+02   3.8082008e+00
   2.3200000e+02   3.8187454e+00
   2.3300000e+02   3.8297367e+00
   2.3400000e+02   3.8411617e+00
   2.3500000e+02   3.8530092e+00
   2.3600000e+02   3.8652673e+00
   2.3700000e+02   3.8779254e+00
   2.3800000e+02   3.8909738e+00
   2.3900000e+02   3.9044015e+00
   2.4000000e+02   3.9182007e+00
   2.4100000e+02   3.9368980e+00
   2.4200000e+02   3.9556932e+00
   2.4300000e+02   3.9745831e+00
   2.4400000e+02   3.9935656e+00
   2.4500000e+02   4.0126381e+00
   2.4600000e+02   4.0317979e+00
   2.4700000e+02   4.0510411e+00
   2.4800000e+02   4.0703645e+00
   2.4900000e+02   4.0897660e+00
   2.5000000e+02   4.1092420e+00
   2.5100000e+02   4.1287899e+00
   2.5200000e+02   4.1484113e+00
   2.5300000e+02   4.1680994e+00
   2.5400000e+02   4.1878462e+00
   2.5500000e+02   4.2076483e+00
   2.5600000e+02   4.2275009e+00
   2.5700000e+02   4.2473993e+00
   2.5800000e+02   4.2673402e+00
   2.5900000e+02   4.2873173e+00
   2.6000000e+02   4.3073297e+00
   2.6100000e+02   4.3273721e+00
   2.6200000e+02   4.3474374e+00
   2.6300000e+02   4.3675208e+00
   2.6400000e+02   4.3876162e+00
   2.6500000e+02   4.4077196e+00
   2.6600000e+02   4.4278245e+00
   2.6700000e+02   4.4479246e+00
   2.6800000e+02   4.4680142e+00
   2.6900000e+02   4.4880877e+00
   2.7000000e+02   4.5081377e+00
   2.7100000e+02   4.5452900e+00
   2.7200000e+02   4.5828538e+00
   2.7300000e+02   4.6208911e+00
   2.7400000e+02   4.6594687e+00
   2.7500000e+02   4.6995225e+00
   2.7600000e+02   4.7409382e+00
   2.7700000e+02   4.7837729e+00
   2.7800000e+02   4.8282986e+00
   2.7900000e+02   4.8748884e+00
   2.8000000e+02   4.9240661e+00
   2.8100000e+02   4.9766197e+00
   2.8200000e+02   5.0338707e+00
   2.8300000e+02   5.0985150e+00
   2.8400000e+02   5.1793685e+00
   2.8500000e+02   5.2239161e+00
   2.8600000e+02   5.2401381e+00
   2.8700000e+02   5.2629795e+00
   2.8800000e+02   5.2878203e+00
   2.8900000e+02   5.3133016e+00
   2.9000000e+02   5.3388491e+00
   2.9100000e+02   5.3641729e+00
   2.9200000e+02   5.3891082e+00
   2.9300000e+02   5.4135537e+00
   2.9400000e+02   5.4374461e+00
   2.9500000e+02   5.4607449e+00
   2.9600000e+02   5.4834204e+00
   2.9700000e+02   5.5054526e+00
   2.9800000e+02   5.5268288e+00
   2.9900000e+02   5.5526576e+00
   3.0000000e+02   5.5786600e+00
   3.0100000e+02   5.5870905e+00
   3.0200000e+02   5.5964093e+00
   3.0300000e+02   5.6065545e+00
   3.0400000e+02   5.6174769e+00
   3.0500000e+02   5.6291471e+00
   3.0600000e+02   5.6415472e+00
   3.0700000e+02   5.6546755e+00
   3.0800000e+02   5.6685481e+00
   3.0900000e+02   5.6831994e+00
   3.1000000e+02   5.6986833e+00
   3.1100000e+02   5.7150784e+00
   3.1200000e+02   5.7324910e+00
   3.1300000e+02   5.7505021e+00
   3.1400000e+02   5.7652340e+00
   3.1500000e+02   5.7825394e+00
   3.1600000e+02   5.7974973e+00
   3.1700000e+02   5.8135810e+00
   3.1800000e+02   5.8309851e+00
   3.1900000e+02   5.8496819e+00
   3.2000000e+02   5.8696804e+00
   3.2100000e+02   5.8910236e+00
   3.2200000e+02   5.9137831e+00
   3.2300000e+02   5.9380627e+00
   3.2400000e+02   5.9640074e+00
   3.2500000e+02   5.9918094e+00
   3.2600000e+02   6.0217147e+00
   3.2700000e+02   6.0540357e+00
   3.2800000e+02   6.0828753e+00
   3.2900000e+02   6.1094465e+00
   3.3000000e+02   6.1371236e+00
   3.3100000e+02   6.1380310e+00
   3.3200000e+02   6.1390381e+00
   3.3300000e+02   6.1395574e+00
   3.3400000e+02   6.1398082e+00
   3.3500000e+02   6.1398010e+00
   3.3600000e+02   6.1395512e+00
   3.3700000e+02   6.1390796e+00
   3.3800000e+02   6.1384039e+00
   3.3900000e+02   6.1358962e+00
   3.4000000e+02   6.1327891e+00
   3.4100000e+02   6.1295733e+00
   3.4200000e+02   6.1256967e+00
   3.4300000e+02   6.1210766e+00
   3.4400000e+02   6.1161680e+00
   3.4500000e+02   6.1109824e+00
   3.4600000e+02   6.1055355e+00
   3.4700000e+02   6.0998459e+00
   3.4800000e+02   6.0939331e+00
   3.4900000e+02   6.0837417e+00
   3.5000000e+02   6.0705800e+00
   3.5100000e+02   6.0555382e+00
   3.5200000e+02   6.0314713e+00
   3.5300000e+02   6.0069642e+00
   3.5400000e+02   5.9820309e+00
   3.5500000e+02   5.9566722e+00
   3.5600000e+02   5.9308915e+00
   3.5700000e+02   5.9046931e+00
   3.5800000e+02   5.8780785e+00
   3.5900000e+02   5.8509536e+00
   2.6219766e-08   5.8230214e+00
