   0.0000000e+00  -1.3775492e-18
   1.0000000e+00   3.2191075e-04
   2.0000000e+00   2.8308919e-03
   3.0000000e+00   5.3643873e-03
   4.0000000e+00   7.9663536e-03
   5.0000000e+00   1.0567300e-02
   6.0000000e+00   1.3156458e-02
   7.0000000e+00   1.5751002e-02
   8.0000000e+00   1.8392840e-02
   9.0000000e+00   2.1006996e-02
   1.0000000e+01   2.3519052e-02
   1.1000000e+01   2.5994973e-02
   1.2000000e+01   2.8459156e-02
   1.3000000e+01   3.0867349e-02
   1.4000000e+01   3.3193428e-02
   1.5000000e+01   3.5504509e-02
   1.6000000e+01   3.7732195e-02
   1.7000000e+01   3.9966624e-02
   1.8000000e+01   4.2188212e-02
   1.9000000e+01   4.4419356e-02
   2.0000000e+01   4.6567656e-02
   2.1000000e+01   4.8698321e-02
   2.2000000e+01   5.0741948e-02
   2.3000000e+01   5.2788850e-02
   2.4000000e+01   5.4817501e-02
   2.5000000e+01   5.6803100e-02
   2.6000000e+01   5.8675375e-02
   2.7000000e+01   6.0500499e-02
   2.8000000e+01   6.2302995e-02
   2.9000000e+01   6.4059198e-02
   3.0000000e+01   6.5768003e-02
   3.1000000e+01   6.8820633e-02
   3.2000000e+01   7.1984604e-02
   3.3000000e+01   7.5251929e-02
   3.4000000e+01   7.8614794e-02
   3.5000000e+01   8.2095973e-02
   3.6000000e+01   8.5631549e-02
   3.7000000e+01   8.9241885e-02
   3.8000000e+01   9.2920974e-02
   3.9000000e+01   9.6662253e-02
   4.0000000e+01   1.0045991e-01
   4.1000000e+01   1.0434474e-01
   4.2000000e+01   1.0827744e-01
   4.3000000e+01   1.1229073e-01
   4.4000000e+01   1.1630357e-01
   4.5000000e+01   1.2034651e-01
   4.6000000e+01   1.2441462e-01
   4.7000000e+01   1.2854631e-01
   4.8000000e+01   1.3269693e-01
   4.9000000e+01   1.3690642e-01
   5.0000000e+01   1.4117420e-01
   5.1000000e+01   1.4545140e-01
   5.2000000e+01   1.4978124e-01
   5.3000000e+01   1.5416336e-01
   5.4000000e+01   1.5849550e-01
   5.5000000e+01   1.6292195e-01
   5.6000000e+01   1.6739495e-01
   5.7000000e+01   1.7191269e-01
   5.8000000e+01   1.7631046e-01
   5.9000000e+01   1.8063101e-01
   6.0000000e+01   1.8498214e-01
   6.1000000e+01   1.8908474e-01
   6.2000000e+01   1.9311358e-01
   6.3000000e+01   1.9706869e-01
   6.4000000e+01   2.0100695e-01
   6.5000000e+01   2.0492978e-01
   6.6000000e+01   2.0878275e-01
   6.7000000e+01   2.1262078e-01
   6.8000000e+01   2.1644513e-01
   6.9000000e+01   2.2014725e-01
   7.0000000e+01   2.2383593e-01
   7.1000000e+01   2.2745913e-01
   7.2000000e+01   2.3107108e-01
   7.3000000e+01   2.3467302e-01
   7.4000000e+01   2.3826523e-01
   7.5000000e+01   2.4184787e-01
   7.6000000e+01   2.4542117e-01
   7.7000000e+01   2.4898531e-01
   7.8000000e+01   2.5254059e-01
   7.9000000e+01   2.5603402e-01
   8.0000000e+01   2.5953558e-01
   8.1000000e+01   2.6309747e-01
   8.2000000e+01   2.6666778e-01
   8.3000000e+01   2.7024734e-01
   8.4000000e+01   2.7383626e-01
   8.5000000e+01   2.7743459e-01
   8.6000000e+01   2.8104246e-01
   8.7000000e+01   2.8471154e-01
   8.8000000e+01   2.8839055e-01
   8.9000000e+01   2.9202899e-01
   9.0000000e+01   2.9567847e-01
   9.1000000e+01   2.9618886e-01
   9.2000000e+01   2.9670030e-01
   9.3000000e+01   2.9721433e-01
   9.4000000e+01   2.9779106e-01
   9.5000000e+01   2.9836997e-01
   9.6000000e+01   2.9895151e-01
   9.7000000e+01   2.9953563e-01
   9.8000000e+01   3.0012220e-01
   9.9000000e+01   3.0071130e-01
   1.0000000e+02   3.0135933e-01
   1.0100000e+02   3.0200917e-01
   1.0200000e+02   3.0266130e-01
   1.0300000e+02   3.0331543e-01
   1.0400000e+02   3.0397150e-01
   1.0500000e+02   3.0462933e-01
   1.0600000e+02   3.0528879e-01
   1.0700000e+02   3.0600184e-01
   1.0800000e+02   3.0676731e-01
   1.0900000e+02   3.0758420e-01
   1.1000000e+02   3.0842641e-01
   1.1100000e+02   3.0926949e-01
   1.1200000e+02   3.1013703e-01
   1.1300000e+02   3.1102812e-01
   1.1400000e+02   3.1194183e-01
   1.1500000e+02   3.1285480e-01
   1.1600000e+02   3.1381077e-01
   1.1700000e+02   3.1480780e-01
   1.1800000e+02   3.1582367e-01
   1.1900000e+02   3.1683695e-01
   1.2000000e+02   3.1784701e-01
   1.2100000e+02   3.1890237e-01
   1.2200000e+02   3.1995896e-01
   1.2300000e+02   3.2105425e-01
   1.2400000e+02   3.2218686e-01
   1.2500000e+02   3.2332024e-01
   1.2600000e+02   3.2445407e-01
   1.2700000e+02   3.2560539e-01
   1.2800000e+02   3.2675689e-01
   1.2900000e+02   3.2790831e-01
   1.3000000e+02   3.2905942e-01
   1.3100000e+02   3.3022478e-01
   1.3200000e+02   3.3140358e-01
   1.3300000e+02   3.3259687e-01
   1.3400000e+02   3.3379123e-01
   1.3500000e+02   3.3498621e-01
   1.3600000e+02   3.3618134e-01
   1.3700000e+02   3.3738989e-01
   1.3800000e+02   3.3861104e-01
   1.3900000e+02   3.3983085e-01
   1.4000000e+02   3.4106126e-01
   1.4100000e+02   3.4230143e-01
   1.4200000e+02   3.4356228e-01
   1.4300000e+02   3.4482002e-01
   1.4400000e+02   3.4607390e-01
   1.4500000e+02   3.4732357e-01
   1.4600000e+02   3.4857932e-01
   1.4700000e+02   3.4984040e-01
   1.4800000e+02   3.5110599e-01
   1.4900000e+02   3.5236597e-01
   1.5000000e+02   3.5361984e-01
   1.5100000e+02   3.5505345e-01
   1.5200000e+02   3.5648182e-01
   1.5300000e+02   3.5790470e-01
   1.5400000e+02   3.5932177e-01
   1.5500000e+02   3.6073270e-01
   1.5600000e+02   3.6213723e-01
   1.5700000e+02   3.6353526e-01
   1.5800000e+02   3.6492646e-01
   1.5900000e+02   3.6631015e-01
   1.6000000e+02   3.6768618e-01
   1.6100000e+02   3.6905444e-01
   1.6200000e+02   3.7041479e-01
   1.6300000e+02   3.7176719e-01
   1.6400000e+02   3.7311167e-01
   1.6500000e+02   3.7444818e-01
   1.6600000e+02   3.7577668e-01
   1.6700000e+02   3.7709719e-01
   1.6800000e+02   3.7840971e-01
   1.6900000e+02   3.7971428e-01
   1.7000000e+02   3.8101092e-01
   1.7100000e+02   3.8229969e-01
   1.7200000e+02   3.8358071e-01
   1.7300000e+02   3.8485411e-01
   1.7400000e+02   3.8611987e-01
   1.7500000e+02   3.8737819e-01
   1.7600000e+02   3.8862976e-01
   1.7700000e+02   3.8987476e-01
   1.7800000e+02   3.9111328e-01
   1.7900000e+02   3.9234555e-01
   1.8000000e+02   3.9357170e-01
   1.8100000e+02   3.9496192e-01
   1.8200000e+02   3.9634645e-01
   1.8300000e+02   3.9772549e-01
   1.8400000e+02   3.9909908e-01
   1.8500000e+02   4.0046737e-01
   1.8600000e+02   4.0183043e-01
   1.8700000e+02   4.0318838e-01
   1.8800000e+02   4.0454122e-01
   1.8900000e+02   4.0588903e-01
   1.9000000e+02   4.0723190e-01
   1.9100000e+02   4.0856999e-01
   1.9200000e+02   4.0990332e-01
   1.9300000e+02   4.1123205e-01
   1.9400000e+02   4.1255626e-01
   1.9500000e+02   4.1387612e-01
   1.9600000e+02   4.1519168e-01
   1.9700000e+02   4.1650292e-01
   1.9800000e+02   4.1781008e-01
   1.9900000e+02   4.1911313e-01
   2.0000000e+02   4.2041227e-01
   2.0100000e+02   4.2170760e-01
   2.0200000e+02   4.2299941e-01
   2.0300000e+02   4.2428771e-01
   2.0400000e+02   4.2557257e-01
   2.0500000e+02   4.2685401e-01
   2.0600000e+02   4.2813206e-01
   2.0700000e+02   4.2940652e-01
   2.0800000e+02   4.3067756e-01
   2.0900000e+02   4.3194151e-01
   2.1000000e+02   4.3319824e-01
   2.1100000e+02   4.3446705e-01
   2.1200000e+02   4.3572849e-01
   2.1300000e+02   4.3698314e-01
   2.1400000e+02   4.3823165e-01
   2.1500000e+02   4.3947458e-01
   2.1600000e+02   4.4012287e-01
   2.1700000e+02   4.4074753e-01
   2.1800000e+02   4.4135848e-01
   2.1900000e+02   4.4195622e-01
   2.2000000e+02   4.4254112e-01
   2.2100000e+02   4.4311345e-01
   2.2200000e+02   4.4367355e-01
   2.2300000e+02   4.4422171e-01
   2.2400000e+02   4.4475827e-01
   2.2500000e+02   4.4528350e-01
   2.2600000e+02   4.4579780e-01
   2.2700000e+02   4.4630134e-01
   2.2800000e+02   4.4679460e-01
   2.2900000e+02   4.4727778e-01
   2.3000000e+02   4.4775116e-01
   2.3100000e+02   4.4821507e-01
   2.3200000e+02   4.4866985e-01
   2.3300000e+02   4.4911590e-01
   2.3400000e+02   4.4955352e-01
   2.3500000e+02   4.4998303e-01
   2.3600000e+02   4.5040473e-01
   2.3700000e+02   4.5081884e-01
   2.3800000e+02   4.5122564e-01
   2.3900000e+02   4.5162538e-01
   2.4000000e+02   4.5201838e-01
   2.4100000e+02   4.5223057e-01
   2.4200000e+02   4.5244476e-01
   2.4300000e+02   4.5266080e-01
   2.4400000e+02   4.5287868e-01
   2.4500000e+02   4.5309833e-01
   2.4600000e+02   4.5331970e-01
   2.4700000e+02   4.5354277e-01
   2.4800000e+02   4.5376748e-01
   2.4900000e+02   4.5399368e-01
   2.5000000e+02   4.5422137e-01
   2.5100000e+02   4.5445046e-01
   2.5200000e+02   4.5468095e-01
   2.5300000e+02   4.5491281e-01
   2.5400000e+02   4.5514601e-01
   2.5500000e+02   4.5538056e-01
   2.5600000e+02   4.5561638e-01
   2.5700000e+02   4.5585349e-01
   2.5800000e+02   4.5609176e-01
   2.5900000e+02   4.5633128e-01
   2.6000000e+02   4.5657185e-01
   2.6100000e+02   4.5681357e-01
   2.6200000e+02   4.5705637e-01
   2.6300000e+02   4.5730025e-01
   2.6400000e+02   4.5754516e-01
   2.6500000e+02   4.5779106e-01
   2.6600000e+02   4.5803794e-01
   2.6700000e+02   4.5828575e-01
   2.6800000e+02   4.5853451e-01
   2.6900000e+02   4.5878422e-01
   2.7000000e+02   4.5903480e-01
   2.7100000e+02   4.5878553e-01
   2.7200000e+02   4.5855537e-01
   2.7300000e+02   4.5834392e-01
   2.7400000e+02   4.5815080e-01
   2.7500000e+02   4.5797575e-01
   2.7600000e+02   4.5781845e-01
   2.7700000e+02   4.5767850e-01
   2.7800000e+02   4.5755556e-01
   2.7900000e+02   4.5744923e-01
   2.8000000e+02   4.5735911e-01
   2.8100000e+02   4.5728496e-01
   2.8200000e+02   4.5722637e-01
   2.8300000e+02   4.5718300e-01
   2.8400000e+02   4.5715448e-01
   2.8500000e+02   4.5714042e-01
   2.8600000e+02   4.5714051e-01
   2.8700000e+02   4.5715439e-01
   2.8800000e+02   4.5718175e-01
   2.8900000e+02   4.5722225e-01
   2.9000000e+02   4.5727560e-01
   2.9100000e+02   4.5734146e-01
   2.9200000e+02   4.5741954e-01
   2.9300000e+02   4.5750961e-01
   2.9400000e+02   4.5761126e-01
   2.9500000e+02   4.5772427e-01
   2.9600000e+02   4.5784837e-01
   2.9700000e+02   4.5798329e-01
   2.9800000e+02   4.5812869e-01
   2.9900000e+02   4.5828441e-01
   3.0000000e+02   4.5845056e-01
   3.0100000e+02   4.5821917e-01
   3.0200000e+02   4.5799416e-01
   3.0300000e+02   4.5777556e-01
   3.0400000e+02   4.5756343e-01
   3.0500000e+02   4.5735770e-01
   3.0600000e+02   4.5715842e-01
   3.0700000e+02   4.5696568e-01
   3.0800000e+02   4.5677954e-01
   3.0900000e+02   4.5660010e-01
   3.1000000e+02   4.5642743e-01
   3.1100000e+02   4.5626169e-01
   3.1200000e+02   4.5610306e-01
   3.1300000e+02   4.5595169e-01
   3.1400000e+02   4.5580769e-01
   3.1500000e+02   4.5567083e-01
   3.1600000e+02   4.5554149e-01
   3.1700000e+02   4.5541903e-01
   3.1800000e+02   4.5530361e-01
   3.1900000e+02   4.5519540e-01
   3.2000000e+02   4.5509455e-01
   3.2100000e+02   4.5500121e-01
   3.2200000e+02   4.5491564e-01
   3.2300000e+02   4.5483798e-01
   3.2400000e+02   4.5476845e-01
   3.2500000e+02   4.5470724e-01
   3.2600000e+02   4.5465454e-01
   3.2700000e+02   4.5461056e-01
   3.2800000e+02   4.5457551e-01
   3.2900000e+02   4.5454893e-01
   3.3000000e+02   4.5453048e-01
   3.3100000e+02   4.5509014e-01
   3.3200000e+02   4.5565170e-01
   3.3300000e+02   4.5621511e-01
   3.3400000e+02   4.5678025e-01
   3.3500000e+02   4.5734712e-01
   3.3600000e+02   4.5791563e-01
   3.3700000e+02   4.5848566e-01
   3.3800000e+02   4.5905718e-01
   3.3900000e+02   4.5963016e-01
   3.4000000e+02   4.6020436e-01
   3.4100000e+02   4.6077979e-01
   3.4200000e+02   4.6135634e-01
   3.4300000e+02   4.6193397e-01
   3.4400000e+02   4.6251258e-01
   3.4500000e+02   4.6309215e-01
   3.4600000e+02   4.6367258e-01
   3.4700000e+02   4.6425384e-01
   3.4800000e+02   4.6483588e-01
   3.4900000e+02   4.6541873e-01
   3.5000000e+02   4.6600211e-01
   3.5100000e+02   4.6658590e-01
   3.5200000e+02   4.6717003e-01
   3.5300000e+02   4.6775380e-01
   3.5400000e+02   4.6833712e-01
   3.5500000e+02   4.6892002e-01
   3.5600000e+02   4.6950242e-01
   3.5700000e+02   4.7008428e-01
   3.5800000e+02   4.7066557e-01
   3.5900000e+02   4.7124624e-01
   2.6219766e-08   4.7182626e-01
