   0.0000000e+00   1.5012513e+04
   1.0000000e+00   3.4621879e+04
   2.0000000e+00   3.4484844e+04
   3.0000000e+00   3.4276406e+04
   4.0000000e+00   3.4059977e+04
   5.0000000e+00   3.3833730e+04
   6.0000000e+00   3.3586586e+04
   7.0000000e+00   3.3344387e+04
   8.0000000e+00   3.3093961e+04
   9.0000000e+00   3.2832168e+04
   1.0000000e+01   3.2562281e+04
   1.1000000e+01   3.2287582e+04
   1.2000000e+01   3.2004336e+04
   1.3000000e+01   3.1711201e+04
   1.4000000e+01   3.1410814e+04
   1.5000000e+01   3.1104551e+04
   1.6000000e+01   3.0788248e+04
   1.7000000e+01   3.0466156e+04
   1.8000000e+01   3.0130365e+04
   1.9000000e+01   2.9783555e+04
   2.0000000e+01   2.9422428e+04
   2.1000000e+01   2.9054535e+04
   2.2000000e+01   2.8674027e+04
   2.3000000e+01   2.8274396e+04
   2.4000000e+01   2.7871963e+04
   2.5000000e+01   2.7456801e+04
   2.6000000e+01   2.7028813e+04
   2.7000000e+01   2.6597436e+04
   2.8000000e+01   2.6155668e+04
   2.9000000e+01   2.5697090e+04
   3.0000000e+01   2.5226748e+04
   3.1000000e+01   2.6669816e+04
   3.2000000e+01   2.8154203e+04
   3.3000000e+01   2.9674215e+04
   3.4000000e+01   3.1224816e+04
   3.5000000e+01   3.2800770e+04
   3.6000000e+01   3.4391277e+04
   3.7000000e+01   3.5997785e+04
   3.8000000e+01   3.7602605e+04
   3.9000000e+01   3.9176004e+04
   4.0000000e+01   4.0591395e+04
   4.1000000e+01   4.2903000e+04
   4.2000000e+01   4.5367785e+04
   4.3000000e+01   4.7683711e+04
   4.4000000e+01   4.9931156e+04
   4.5000000e+01   5.2125262e+04
   4.6000000e+01   5.4284531e+04
   4.7000000e+01   5.6416441e+04
   4.8000000e+01   5.8528895e+04
   4.9000000e+01   6.0622012e+04
   5.0000000e+01   6.2700645e+04
   5.1000000e+01   6.4766324e+04
   5.2000000e+01   6.6818508e+04
   5.3000000e+01   6.8887992e+04
   5.4000000e+01   7.0920523e+04
   5.5000000e+01   7.2941664e+04
   5.6000000e+01   7.4955469e+04
   5.7000000e+01   7.6975289e+04
   5.8000000e+01   7.9002219e+04
   5.9000000e+01   8.0993844e+04
   6.0000000e+01   8.2979367e+04
   6.1000000e+01   8.3082313e+04
   6.2000000e+01   8.3185836e+04
   6.3000000e+01   8.3289891e+04
   6.4000000e+01   8.3394430e+04
   6.5000000e+01   8.3499406e+04
   6.6000000e+01   8.3604914e+04
   6.7000000e+01   8.3710891e+04
   6.8000000e+01   8.3817273e+04
   6.9000000e+01   8.3924203e+04
   7.0000000e+01   8.4045602e+04
   7.1000000e+01   8.4153609e+04
   7.2000000e+01   8.4262000e+04
   7.3000000e+01   8.4370727e+04
   7.4000000e+01   8.4479758e+04
   7.5000000e+01   8.4589055e+04
   7.6000000e+01   8.4698609e+04
   7.7000000e+01   8.4808000e+04
   7.8000000e+01   8.4917664e+04
   7.9000000e+01   8.5027641e+04
   8.0000000e+01   8.5138016e+04
   8.1000000e+01   8.5248422e+04
   8.2000000e+01   8.5358672e+04
   8.3000000e+01   8.5468938e+04
   8.4000000e+01   8.5579188e+04
   8.5000000e+01   8.5689391e+04
   8.6000000e+01   8.5799531e+04
   8.7000000e+01   8.5909484e+04
   8.8000000e+01   8.6005195e+04
   8.9000000e+01   8.6114617e+04
   9.0000000e+01   5.6780117e+04
   9.1000000e+01   5.6451441e+04
   9.2000000e+01   5.6202738e+04
   9.3000000e+01   5.5951914e+04
   9.4000000e+01   5.5698160e+04
   9.5000000e+01   5.5419852e+04
   9.6000000e+01   5.5138555e+04
   9.7000000e+01   5.4854008e+04
   9.8000000e+01   5.4566152e+04
   9.9000000e+01   5.4274922e+04
   1.0000000e+02   5.3980090e+04
   1.0100000e+02   5.3660598e+04
   1.0200000e+02   5.3337402e+04
   1.0300000e+02   5.3010281e+04
   1.0400000e+02   5.2679176e+04
   1.0500000e+02   5.2344035e+04
   1.0600000e+02   5.2005859e+04
   1.0700000e+02   5.1668934e+04
   1.0800000e+02   5.1308547e+04
   1.0900000e+02   5.0924664e+04
   1.1000000e+02   5.0517207e+04
   1.1100000e+02   5.0095797e+04
   1.1200000e+02   4.9669613e+04
   1.1300000e+02   4.9229984e+04
   1.1400000e+02   4.8775809e+04
   1.1500000e+02   4.8306758e+04
   1.1600000e+02   4.7845746e+04
   1.1700000e+02   4.7346660e+04
   1.1800000e+02   4.6823074e+04
   1.1900000e+02   4.6283418e+04
   1.2000000e+02   4.5736016e+04
   1.2100000e+02   4.5246391e+04
   1.2200000e+02   4.4761520e+04
   1.2300000e+02   4.4264430e+04
   1.2400000e+02   4.3749645e+04
   1.2500000e+02   4.3217547e+04
   1.2600000e+02   4.2680715e+04
   1.2700000e+02   4.2129922e+04
   1.2800000e+02   4.1563570e+04
   1.2900000e+02   4.0987969e+04
   1.3000000e+02   4.0362090e+04
   1.3100000e+02   3.9715180e+04
   1.3200000e+02   3.9135855e+04
   1.3300000e+02   3.8631359e+04
   1.3400000e+02   3.8096648e+04
   1.3500000e+02   3.7527105e+04
   1.3600000e+02   3.7032574e+04
   1.3700000e+02   3.6511949e+04
   1.3800000e+02   3.5946801e+04
   1.3900000e+02   3.5337563e+04
   1.4000000e+02   3.4685414e+04
   1.4100000e+02   3.3974504e+04
   1.4200000e+02   3.3188273e+04
   1.4300000e+02   3.2289664e+04
   1.4400000e+02   3.1235619e+04
   1.4500000e+02   2.9877701e+04
   1.4600000e+02   2.7742262e+04
   1.4700000e+02   2.9772420e+04
   1.4800000e+02   3.0911145e+04
   1.4900000e+02   3.1899105e+04
   1.5000000e+02   3.2916285e+04
   1.5100000e+02   3.3750668e+04
   1.5200000e+02   3.4493012e+04
   1.5300000e+02   3.5164289e+04
   1.5400000e+02   3.5778164e+04
   1.5500000e+02   3.6344137e+04
   1.5600000e+02   3.6869285e+04
   1.5700000e+02   3.7358840e+04
   1.5800000e+02   3.7824313e+04
   1.5900000e+02   3.8261281e+04
   1.6000000e+02   3.8671453e+04
   1.6100000e+02   3.9057539e+04
   1.6200000e+02   3.9421535e+04
   1.6300000e+02   3.9765414e+04
   1.6400000e+02   4.0090668e+04
   1.6500000e+02   4.0398605e+04
   1.6600000e+02   4.0690457e+04
   1.6700000e+02   4.0967273e+04
   1.6800000e+02   4.1230133e+04
   1.6900000e+02   4.1479766e+04
   1.7000000e+02   4.1716676e+04
   1.7100000e+02   4.1941746e+04
   1.7200000e+02   4.2155699e+04
   1.7300000e+02   4.2359098e+04
   1.7400000e+02   4.2552184e+04
   1.7500000e+02   4.2732027e+04
   1.7600000e+02   4.2902875e+04
   1.7700000e+02   4.3065250e+04
   1.7800000e+02   4.3219492e+04
   1.7900000e+02   4.3365984e+04
   1.8000000e+02   4.3505023e+04
   1.8100000e+02   4.3626301e+04
   1.8200000e+02   4.3741242e+04
   1.8300000e+02   4.3850133e+04
   1.8400000e+02   4.3953117e+04
   1.8500000e+02   4.4050477e+04
   1.8600000e+02   4.4142363e+04
   1.8700000e+02   4.4228910e+04
   1.8800000e+02   4.4310281e+04
   1.8900000e+02   4.4386660e+04
   1.9000000e+02   4.4458184e+04
   1.9100000e+02   4.4524988e+04
   1.9200000e+02   4.4587230e+04
   1.9300000e+02   4.4644996e+04
   1.9400000e+02   4.4698434e+04
   1.9500000e+02   4.4747656e+04
   1.9600000e+02   4.4792832e+04
   1.9700000e+02   4.4834121e+04
   1.9800000e+02   4.4871523e+04
   1.9900000e+02   4.4905188e+04
   2.0000000e+02   4.4935160e+04
   2.0100000e+02   4.4961543e+04
   2.0200000e+02   4.4984395e+04
   2.0300000e+02   4.5003793e+04
   2.0400000e+02   4.5019883e+04
   2.0500000e+02   4.5032742e+04
   2.0600000e+02   4.5043707e+04
   2.0700000e+02   4.5051523e+04
   2.0800000e+02   4.5064852e+04
   2.0900000e+02   4.5074727e+04
   2.1000000e+02   4.5080918e+04
   2.1100000e+02   4.5076141e+04
   2.1200000e+02   4.5067582e+04
   2.1300000e+02   4.5055309e+04
   2.1400000e+02   4.5039535e+04
   2.1500000e+02   4.5020418e+04
   2.1600000e+02   4.4999582e+04
   2.1700000e+02   4.4953594e+04
   2.1800000e+02   4.4905457e+04
   2.1900000e+02   4.4855605e+04
   2.2000000e+02   4.4804145e+04
   2.2100000e+02   4.4751035e+04
   2.2200000e+02   4.4696223e+04
   2.2300000e+02   4.4639754e+04
   2.2400000e+02   4.4581645e+04
   2.2500000e+02   4.4521910e+04
   2.2600000e+02   4.4460602e+04
   2.2700000e+02   4.4397746e+04
   2.2800000e+02   4.4333379e+04
   2.2900000e+02   4.4267543e+04
   2.3000000e+02   4.4200336e+04
   2.3100000e+02   4.4131750e+04
   2.3200000e+02   4.4061809e+04
   2.3300000e+02   4.3990531e+04
   2.3400000e+02   4.3917961e+04
   2.3500000e+02   4.3844129e+04
   2.3600000e+02   4.3769074e+04
   2.3700000e+02   4.3692828e+04
   2.3800000e+02   4.3615430e+04
   2.3900000e+02   4.3536945e+04
   2.4000000e+02   4.3457492e+04
   2.4100000e+02   4.3374180e+04
   2.4200000e+02   4.3290250e+04
   2.4300000e+02   4.3205723e+04
   2.4400000e+02   4.3120613e+04
   2.4500000e+02   4.3034945e+04
   2.4600000e+02   4.2948738e+04
   2.4700000e+02   4.2862016e+04
   2.4800000e+02   4.2774793e+04
   2.4900000e+02   4.2687090e+04
   2.5000000e+02   4.2598934e+04
   2.5100000e+02   4.2510344e+04
   2.5200000e+02   4.2421348e+04
   2.5300000e+02   4.2331969e+04
   2.5400000e+02   4.2242219e+04
   2.5500000e+02   4.2152125e+04
   2.5600000e+02   4.2061699e+04
   2.5700000e+02   4.1970953e+04
   2.5800000e+02   4.1879934e+04
   2.5900000e+02   4.1788664e+04
   2.6000000e+02   4.1697176e+04
   2.6100000e+02   4.1605488e+04
   2.6200000e+02   4.1513625e+04
   2.6300000e+02   4.1421613e+04
   2.6400000e+02   4.1329473e+04
   2.6500000e+02   4.1237234e+04
   2.6600000e+02   4.1144914e+04
   2.6700000e+02   4.1052543e+04
   2.6800000e+02   4.0960145e+04
   2.6900000e+02   4.0867738e+04
   2.7000000e+02   4.0775359e+04
   2.7100000e+02   4.0666543e+04
   2.7200000e+02   4.0556535e+04
   2.7300000e+02   4.0445340e+04
   2.7400000e+02   4.0332953e+04
   2.7500000e+02   4.0217551e+04
   2.7600000e+02   4.0099656e+04
   2.7700000e+02   3.9979473e+04
   2.7800000e+02   3.9856793e+04
   2.7900000e+02   3.9731332e+04
   2.8000000e+02   3.9602641e+04
   2.8100000e+02   3.9470008e+04
   2.8200000e+02   3.9332133e+04
   2.8300000e+02   3.9186234e+04
   2.8400000e+02   3.9022438e+04
   2.8500000e+02   3.8911258e+04
   2.8600000e+02   3.8837129e+04
   2.8700000e+02   3.8754375e+04
   2.8800000e+02   3.8669039e+04
   2.8900000e+02   3.8582918e+04
   2.9000000e+02   3.8496801e+04
   2.9100000e+02   3.8411070e+04
   2.9200000e+02   3.8325965e+04
   2.9300000e+02   3.8241621e+04
   2.9400000e+02   3.8158133e+04
   2.9500000e+02   3.8075563e+04
   2.9600000e+02   3.7993953e+04
   2.9700000e+02   3.7913336e+04
   2.9800000e+02   3.7833742e+04
   2.9900000e+02   3.7749176e+04
   3.0000000e+02   3.7664793e+04
   3.0100000e+02   3.7613551e+04
   3.0200000e+02   3.7562094e+04
   3.0300000e+02   3.7510410e+04
   3.0400000e+02   3.7458488e+04
   3.0500000e+02   3.7406297e+04
   3.0600000e+02   3.7353793e+04
   3.0700000e+02   3.7300926e+04
   3.0800000e+02   3.7247621e+04
   3.0900000e+02   3.7193805e+04
   3.1000000e+02   3.7139355e+04
   3.1100000e+02   3.7084156e+04
   3.1200000e+02   3.7028047e+04
   3.1300000e+02   3.6971574e+04
   3.1400000e+02   3.6919770e+04
   3.1500000e+02   3.6865039e+04
   3.1600000e+02   3.6813777e+04
   3.1700000e+02   3.6761480e+04
   3.1800000e+02   3.6707922e+04
   3.1900000e+02   3.6653164e+04
   3.2000000e+02   3.6597246e+04
   3.2100000e+02   3.6540188e+04
   3.2200000e+02   3.6481988e+04
   3.2300000e+02   3.6422617e+04
   3.2400000e+02   3.6362023e+04
   3.2500000e+02   3.6300137e+04
   3.2600000e+02   3.6236859e+04
   3.2700000e+02   3.6172070e+04
   3.2800000e+02   3.6112262e+04
   3.2900000e+02   3.6055930e+04
   3.3000000e+02   3.5999527e+04
   3.3100000e+02   3.5959078e+04
   3.3200000e+02   3.5919273e+04
   3.3300000e+02   3.5880719e+04
   3.3400000e+02   3.5843203e+04
   3.3500000e+02   3.5806730e+04
   3.3600000e+02   3.5771301e+04
   3.3700000e+02   3.5736914e+04
   3.3800000e+02   3.5703566e+04
   3.3900000e+02   3.5672781e+04
   3.4000000e+02   3.5643398e+04
   3.4100000e+02   3.5614984e+04
   3.4200000e+02   3.5588051e+04
   3.4300000e+02   3.5562676e+04
   3.4400000e+02   3.5538457e+04
   3.4500000e+02   3.5515398e+04
   3.4600000e+02   3.5493500e+04
   3.4700000e+02   3.5472758e+04
   3.4800000e+02   3.5453164e+04
   3.4900000e+02   3.5438156e+04
   3.5000000e+02   3.5426590e+04
   3.5100000e+02   3.5417539e+04
   3.5200000e+02   3.5417063e+04
   3.5300000e+02   3.5417980e+04
   3.5400000e+02   3.5420305e+04
   3.5500000e+02   3.5424027e+04
   3.5600000e+02   3.5429160e+04
   3.5700000e+02   3.5435707e+04
   3.5800000e+02   3.5443676e+04
   3.5900000e+02   3.5453152e+04
   2.6219766e-08   3.5464422e+04
