   0.0000000e+00   1.1888377e-02
   1.0000000e+00  -5.6888904e-02
   2.0000000e+00  -6.0272124e-02
   3.0000000e+00  -6.5606117e-02
   4.0000000e+00  -7.1190797e-02
   5.0000000e+00  -7.7085353e-02
   6.0000000e+00  -8.3239824e-02
   7.0000000e+00  -8.9653723e-02
   8.0000000e+00  -9.6358411e-02
   9.0000000e+00  -1.0342373e-01
   1.0000000e+01  -1.1077366e-01
   1.1000000e+01  -1.1830863e-01
   1.2000000e+01  -1.2612166e-01
   1.3000000e+01  -1.3426113e-01
   1.4000000e+01  -1.4266412e-01
   1.5000000e+01  -1.5128297e-01
   1.6000000e+01  -1.6024563e-01
   1.7000000e+01  -1.6942130e-01
   1.8000000e+01  -1.7900708e-01
   1.9000000e+01  -1.8898353e-01
   2.0000000e+01  -1.9943236e-01
   2.1000000e+01  -2.1013218e-01
   2.2000000e+01  -2.2126812e-01
   2.3000000e+01  -2.3264484e-01
   2.4000000e+01  -2.4455807e-01
   2.5000000e+01  -2.5697705e-01
   2.6000000e+01  -2.6984259e-01
   2.7000000e+01  -2.8287542e-01
   2.8000000e+01  -2.9633874e-01
   2.9000000e+01  -3.1037575e-01
   3.0000000e+01  -3.2491210e-01
   3.1000000e+01  -2.8343126e-01
   3.2000000e+01  -2.4171175e-01
   3.3000000e+01  -1.9978362e-01
   3.4000000e+01  -1.5768002e-01
   3.5000000e+01  -1.1545186e-01
   3.6000000e+01  -7.3352285e-02
   3.7000000e+01  -3.1219559e-02
   3.8000000e+01   1.0502630e-02
   3.9000000e+01   5.1081378e-02
   4.0000000e+01   8.7253071e-02
   4.1000000e+01   1.4658488e-01
   4.2000000e+01   2.0949955e-01
   4.3000000e+01   2.6821798e-01
   4.4000000e+01   3.2489410e-01
   4.5000000e+01   3.7996957e-01
   4.6000000e+01   4.3395826e-01
   4.7000000e+01   4.8708174e-01
   4.8000000e+01   5.3955925e-01
   4.9000000e+01   5.9141374e-01
   5.0000000e+01   6.4278227e-01
   5.1000000e+01   6.9371241e-01
   5.2000000e+01   7.4420291e-01
   5.3000000e+01   7.9433548e-01
   5.4000000e+01   8.4413606e-01
   5.5000000e+01   8.9358222e-01
   5.6000000e+01   9.4277263e-01
   5.7000000e+01   9.9169761e-01
   5.8000000e+01   1.0403711e+00
   5.9000000e+01   1.0887938e+00
   6.0000000e+01   1.1370131e+00
   6.1000000e+01   1.1380351e+00
   6.2000000e+01   1.1390415e+00
   6.3000000e+01   1.1400337e+00
   6.4000000e+01   1.1410131e+00
   6.5000000e+01   1.1419792e+00
   6.6000000e+01   1.1429327e+00
   6.7000000e+01   1.1438758e+00
   6.8000000e+01   1.1448073e+00
   6.9000000e+01   1.1457268e+00
   7.0000000e+01   1.1466405e+00
   7.1000000e+01   1.1475444e+00
   7.2000000e+01   1.1484425e+00
   7.3000000e+01   1.1493319e+00
   7.4000000e+01   1.1502125e+00
   7.5000000e+01   1.1510847e+00
   7.6000000e+01   1.1519483e+00
   7.7000000e+01   1.1527925e+00
   7.8000000e+01   1.1536304e+00
   7.9000000e+01   1.1544623e+00
   8.0000000e+01   1.1552955e+00
   8.1000000e+01   1.1561211e+00
   8.2000000e+01   1.1569318e+00
   8.3000000e+01   1.1577340e+00
   8.4000000e+01   1.1585280e+00
   8.5000000e+01   1.1593134e+00
   8.6000000e+01   1.1600902e+00
   8.7000000e+01   1.1608583e+00
   8.8000000e+01   1.1616086e+00
   8.9000000e+01   1.1623493e+00
   9.0000000e+01   4.2120385e-01
   9.1000000e+01   4.1051039e-01
   9.2000000e+01   4.0183714e-01
   9.3000000e+01   3.9310920e-01
   9.4000000e+01   3.8431031e-01
   9.5000000e+01   3.7488553e-01
   9.6000000e+01   3.6538571e-01
   9.7000000e+01   3.5580480e-01
   9.8000000e+01   3.4614187e-01
   9.9000000e+01   3.3639574e-01
   1.0000000e+02   3.2656503e-01
   1.0100000e+02   3.1610847e-01
   1.0200000e+02   3.0556223e-01
   1.0300000e+02   2.9492080e-01
   1.0400000e+02   2.8418338e-01
   1.0500000e+02   2.7334884e-01
   1.0600000e+02   2.6244345e-01
   1.0700000e+02   2.5157970e-01
   1.0800000e+02   2.4012604e-01
   1.0900000e+02   2.2808158e-01
   1.1000000e+02   2.1544233e-01
   1.1100000e+02   2.0245364e-01
   1.1200000e+02   1.8935332e-01
   1.1300000e+02   1.7592204e-01
   1.1400000e+02   1.6212770e-01
   1.1500000e+02   1.4796059e-01
   1.1600000e+02   1.3365006e-01
   1.1700000e+02   1.1872485e-01
   1.1800000e+02   1.0317849e-01
   1.1900000e+02   8.7223738e-02
   1.2000000e+02   7.1074456e-02
   1.2100000e+02   5.6544248e-02
   1.2200000e+02   4.1786976e-02
   1.2300000e+02   2.7099509e-02
   1.2400000e+02   1.1970197e-02
   1.2500000e+02  -3.5935147e-03
   1.2600000e+02  -1.9269576e-02
   1.2700000e+02  -3.5295308e-02
   1.2800000e+02  -5.1719774e-02
   1.2900000e+02  -6.8385378e-02
   1.3000000e+02  -8.6355217e-02
   1.3100000e+02  -1.0491716e-01
   1.3200000e+02  -1.2160540e-01
   1.3300000e+02  -1.3615444e-01
   1.3400000e+02  -1.5152070e-01
   1.3500000e+02  -1.6786909e-01
   1.3600000e+02  -1.8176441e-01
   1.3700000e+02  -1.9633979e-01
   1.3800000e+02  -2.1211675e-01
   1.3900000e+02  -2.2905594e-01
   1.4000000e+02  -2.4711929e-01
   1.4100000e+02  -2.6671457e-01
   1.4200000e+02  -2.8827474e-01
   1.4300000e+02  -3.1277570e-01
   1.4400000e+02  -3.4136730e-01
   1.4500000e+02  -3.7798342e-01
   1.4600000e+02  -4.3526745e-01
   1.4700000e+02  -3.8289651e-01
   1.4800000e+02  -3.5415274e-01
   1.4900000e+02  -3.2941929e-01
   1.5000000e+02  -3.0397853e-01
   1.5100000e+02  -2.8329694e-01
   1.5200000e+02  -2.6500964e-01
   1.5300000e+02  -2.4856049e-01
   1.5400000e+02  -2.3358707e-01
   1.5500000e+02  -2.1983604e-01
   1.5600000e+02  -2.0712142e-01
   1.5700000e+02  -1.9530171e-01
   1.5800000e+02  -1.8407926e-01
   1.5900000e+02  -1.7356461e-01
   1.6000000e+02  -1.6371132e-01
   1.6100000e+02  -1.5445252e-01
   1.6200000e+02  -1.4573158e-01
   1.6300000e+02  -1.3750018e-01
   1.6400000e+02  -1.2971660e-01
   1.6500000e+02  -1.2234425e-01
   1.6600000e+02  -1.1535108e-01
   1.6700000e+02  -1.0870919e-01
   1.6800000e+02  -1.0239339e-01
   1.6900000e+02  -9.6381269e-02
   1.7000000e+02  -9.0663321e-02
   1.7100000e+02  -8.5214615e-02
   1.7200000e+02  -8.0014646e-02
   1.7300000e+02  -7.5048052e-02
   1.7400000e+02  -7.0308127e-02
   1.7500000e+02  -6.5871708e-02
   1.7600000e+02  -6.1630584e-02
   1.7700000e+02  -5.7569809e-02
   1.7800000e+02  -5.3679071e-02
   1.7900000e+02  -4.9948853e-02
   1.8000000e+02  -4.6370316e-02
   1.8100000e+02  -4.3193880e-02
   1.8200000e+02  -4.0140674e-02
   1.8300000e+02  -3.7204955e-02
   1.8400000e+02  -3.4381133e-02
   1.8500000e+02  -3.1664107e-02
   1.8600000e+02  -2.9049018e-02
   1.8700000e+02  -2.6531197e-02
   1.8800000e+02  -2.4106471e-02
   1.8900000e+02  -2.1770850e-02
   1.9000000e+02  -1.9520512e-02
   1.9100000e+02  -1.7351774e-02
   1.9200000e+02  -1.5261142e-02
   1.9300000e+02  -1.3245328e-02
   1.9400000e+02  -1.1301202e-02
   1.9500000e+02  -9.4256904e-03
   1.9600000e+02  -7.6133856e-03
   1.9700000e+02  -5.8620181e-03
   1.9800000e+02  -4.1723517e-03
   1.9900000e+02  -2.5418533e-03
   2.0000000e+02  -9.6813735e-04
   2.0100000e+02   5.5109494e-04
   2.0200000e+02   2.0181432e-03
   2.0300000e+02   3.4352327e-03
   2.0400000e+02   4.8042568e-03
   2.0500000e+02   6.1270208e-03
   2.0600000e+02   7.4368203e-03
   2.0700000e+02   8.7023638e-03
   2.0800000e+02   1.0143148e-02
   2.0900000e+02   1.1530915e-02
   2.1000000e+02   1.2857208e-02
   2.1100000e+02   1.3937358e-02
   2.1200000e+02   1.4952965e-02
   2.1300000e+02   1.5908625e-02
   2.1400000e+02   1.6808620e-02
   2.1500000e+02   1.7656920e-02
   2.1600000e+02   1.8457130e-02
   2.1700000e+02   1.8641336e-02
   2.1800000e+02   1.8801197e-02
   2.1900000e+02   1.8946724e-02
   2.2000000e+02   1.9078426e-02
   2.2100000e+02   1.9196587e-02
   2.2200000e+02   1.9301504e-02
   2.2300000e+02   1.9393476e-02
   2.2400000e+02   1.9472834e-02
   2.2500000e+02   1.9539952e-02
   2.2600000e+02   1.9595163e-02
   2.2700000e+02   1.9638805e-02
   2.2800000e+02   1.9671228e-02
   2.2900000e+02   1.9692818e-02
   2.3000000e+02   1.9703910e-02
   2.3100000e+02   1.9704856e-02
   2.3200000e+02   1.9696020e-02
   2.3300000e+02   1.9677777e-02
   2.3400000e+02   1.9650575e-02
   2.3500000e+02   1.9614782e-02
   2.3600000e+02   1.9570753e-02
   2.3700000e+02   1.9518824e-02
   2.3800000e+02   1.9459318e-02
   2.3900000e+02   1.9392552e-02
   2.4000000e+02   1.9318843e-02
   2.4100000e+02   1.9140258e-02
   2.4200000e+02   1.8966613e-02
   2.4300000e+02   1.8797785e-02
   2.4400000e+02   1.8633610e-02
   2.4500000e+02   1.8473923e-02
   2.4600000e+02   1.8318582e-02
   2.4700000e+02   1.8167447e-02
   2.4800000e+02   1.8020375e-02
   2.4900000e+02   1.7877191e-02
   2.5000000e+02   1.7737750e-02
   2.5100000e+02   1.7601902e-02
   2.5200000e+02   1.7469509e-02
   2.5300000e+02   1.7340438e-02
   2.5400000e+02   1.7214607e-02
   2.5500000e+02   1.7091932e-02
   2.5600000e+02   1.6972298e-02
   2.5700000e+02   1.6855603e-02
   2.5800000e+02   1.6741738e-02
   2.5900000e+02   1.6630599e-02
   2.6000000e+02   1.6522095e-02
   2.6100000e+02   1.6416112e-02
   2.6200000e+02   1.6312571e-02
   2.6300000e+02   1.6211400e-02
   2.6400000e+02   1.6112512e-02
   2.6500000e+02   1.6015830e-02
   2.6600000e+02   1.5921267e-02
   2.6700000e+02   1.5828760e-02
   2.6800000e+02   1.5738234e-02
   2.6900000e+02   1.5649635e-02
   2.7000000e+02   1.5562906e-02
   2.7100000e+02   1.4968541e-02
   2.7200000e+02   1.4337323e-02
   2.7300000e+02   1.3668167e-02
   2.7400000e+02   1.2959807e-02
   2.7500000e+02   1.2156581e-02
   2.7600000e+02   1.1273580e-02
   2.7700000e+02   1.0315418e-02
   2.7800000e+02   9.2750946e-03
   2.7900000e+02   8.1423922e-03
   2.8000000e+02   6.9024172e-03
   2.8100000e+02   5.5318205e-03
   2.8200000e+02   3.9896057e-03
   2.8300000e+02   2.1879103e-03
   2.8400000e+02  -1.8015112e-04
   2.8500000e+02  -9.5659803e-04
   2.8600000e+02  -6.0915510e-04
   2.8700000e+02  -5.3906592e-04
   2.8800000e+02  -5.6213723e-04
   2.8900000e+02  -6.2363181e-04
   2.9000000e+02  -7.0053810e-04
   2.9100000e+02  -7.8144053e-04
   2.9200000e+02  -8.6008053e-04
   2.9300000e+02  -9.3288551e-04
   2.9400000e+02  -9.9776953e-04
   2.9500000e+02  -1.0535477e-03
   2.9600000e+02  -1.0996008e-03
   2.9700000e+02  -1.1355988e-03
   2.9800000e+02  -1.1615065e-03
   2.9900000e+02  -1.3629986e-03
   3.0000000e+02  -1.5817090e-03
   3.0100000e+02  -8.3940045e-04
   3.0200000e+02  -1.2984966e-04
   3.0300000e+02   5.4616650e-04
   3.0400000e+02   1.1875527e-03
   3.0500000e+02   1.7929007e-03
   3.0600000e+02   2.3604257e-03
   3.0700000e+02   2.8879666e-03
   3.0800000e+02   3.3728895e-03
   3.0900000e+02   3.8120206e-03
   3.1000000e+02   4.2016087e-03
   3.1100000e+02   4.5371172e-03
   3.1200000e+02   4.8132013e-03
   3.1300000e+02   5.0459737e-03
   3.1400000e+02   5.3900741e-03
   3.1500000e+02   5.6108376e-03
   3.1600000e+02   5.9044845e-03
   3.1700000e+02   6.1321231e-03
   3.1800000e+02   6.2858574e-03
   3.1900000e+02   6.3670496e-03
   3.2000000e+02   6.3761971e-03
   3.2100000e+02   6.3130916e-03
   3.2200000e+02   6.1768675e-03
   3.2300000e+02   5.9659523e-03
   3.2400000e+02   5.6780633e-03
   3.2500000e+02   5.3101094e-03
   3.2600000e+02   4.8581096e-03
   3.2700000e+02   4.3171388e-03
   3.2800000e+02   3.8906345e-03
   3.2900000e+02   3.5313731e-03
   3.3000000e+02   3.1272057e-03
   3.3100000e+02   3.2189032e-03
   3.3200000e+02   3.2892458e-03
   3.3300000e+02   3.3568193e-03
   3.3400000e+02   3.4147887e-03
   3.3500000e+02   3.4628550e-03
   3.3600000e+02   3.5006204e-03
   3.3700000e+02   3.5276378e-03
   3.3800000e+02   3.5434547e-03
   3.3900000e+02   3.5961193e-03
   3.4000000e+02   3.6486860e-03
   3.4100000e+02   3.6867531e-03
   3.4200000e+02   3.7264540e-03
   3.4300000e+02   3.7699260e-03
   3.4400000e+02   3.8041999e-03
   3.4500000e+02   3.8290659e-03
   3.4600000e+02   3.8442046e-03
   3.4700000e+02   3.8492749e-03
   3.4800000e+02   3.8439173e-03
   3.4900000e+02   3.9378540e-03
   3.5000000e+02   4.0942919e-03
   3.5100000e+02   4.2834491e-03
   3.5200000e+02   4.6988516e-03
   3.5300000e+02   5.1103956e-03
   3.5400000e+02   5.5178688e-03
   3.5500000e+02   5.9213252e-03
   3.5600000e+02   6.3208416e-03
   3.5700000e+02   6.7164693e-03
   3.5800000e+02   7.1082707e-03
   3.5900000e+02   7.4991565e-03
   2.6219766e-08   7.8980289e-03
