   0.0000000e+00   1.1976278e+02
   1.0000000e+00   2.8754728e+01
   2.0000000e+00   2.8736641e+01
   3.0000000e+00   2.8716366e+01
   4.0000000e+00   2.8693775e+01
   5.0000000e+00   2.8668884e+01
   6.0000000e+00   2.8641701e+01
   7.0000000e+00   2.8612234e+01
   8.0000000e+00   2.8580503e+01
   9.0000000e+00   2.8546522e+01
   1.0000000e+01   2.8510309e+01
   1.1000000e+01   2.8471882e+01
   1.2000000e+01   2.8431265e+01
   1.3000000e+01   2.8388477e+01
   1.4000000e+01   2.8343540e+01
   1.5000000e+01   2.8296482e+01
   1.6000000e+01   2.8247332e+01
   1.7000000e+01   2.8196115e+01
   1.8000000e+01   2.8142864e+01
   1.9000000e+01   2.8087606e+01
   2.0000000e+01   2.8030375e+01
   2.1000000e+01   2.7971197e+01
   2.2000000e+01   2.7910114e+01
   2.3000000e+01   2.7847160e+01
   2.4000000e+01   2.7782372e+01
   2.5000000e+01   2.7715782e+01
   2.6000000e+01   2.7647434e+01
   2.7000000e+01   2.7577364e+01
   2.8000000e+01   2.7505606e+01
   2.9000000e+01   2.7432207e+01
   3.0000000e+01   2.7357206e+01
   3.1000000e+01   2.7274546e+01
   3.2000000e+01   2.7190247e+01
   3.3000000e+01   2.7104351e+01
   3.4000000e+01   2.7016907e+01
   3.5000000e+01   2.6927961e+01
   3.6000000e+01   2.6837561e+01
   3.7000000e+01   2.6745752e+01
   3.8000000e+01   2.6652586e+01
   3.9000000e+01   2.6558109e+01
   4.0000000e+01   2.6462372e+01
   4.1000000e+01   2.6365421e+01
   4.2000000e+01   2.6267305e+01
   4.3000000e+01   2.6168068e+01
   4.4000000e+01   2.6067762e+01
   4.5000000e+01   2.5966433e+01
   4.6000000e+01   2.5864132e+01
   4.7000000e+01   2.5760904e+01
   4.8000000e+01   2.5656801e+01
   4.9000000e+01   2.5551865e+01
   5.0000000e+01   2.5446146e+01
   5.1000000e+01   2.5339689e+01
   5.2000000e+01   2.5232542e+01
   5.3000000e+01   2.5124750e+01
   5.4000000e+01   2.5016359e+01
   5.5000000e+01   2.4907413e+01
   5.6000000e+01   2.4797958e+01
   5.7000000e+01   2.4688036e+01
   5.8000000e+01   2.4577692e+01
   5.9000000e+01   2.4466965e+01
   6.0000000e+01   2.4355902e+01
   6.1000000e+01   2.4240263e+01
   6.2000000e+01   2.4124235e+01
   6.3000000e+01   2.4007858e+01
   6.4000000e+01   2.3891174e+01
   6.5000000e+01   2.3774225e+01
   6.6000000e+01   2.3657047e+01
   6.7000000e+01   2.3539682e+01
   6.8000000e+01   2.3422167e+01
   6.9000000e+01   2.3304537e+01
   7.0000000e+01   2.3186834e+01
   7.1000000e+01   2.3069088e+01
   7.2000000e+01   2.2951332e+01
   7.3000000e+01   2.2833607e+01
   7.4000000e+01   2.2715940e+01
   7.5000000e+01   2.2598366e+01
   7.6000000e+01   2.2480915e+01
   7.7000000e+01   2.2363621e+01
   7.8000000e+01   2.2246511e+01
   7.9000000e+01   2.2129616e+01
   8.0000000e+01   2.2012964e+01
   8.1000000e+01   2.1896580e+01
   8.2000000e+01   2.1780491e+01
   8.3000000e+01   2.1664722e+01
   8.4000000e+01   2.1549297e+01
   8.5000000e+01   2.1434246e+01
   8.6000000e+01   2.1319588e+01
   8.7000000e+01   2.1205343e+01
   8.8000000e+01   2.1091539e+01
   8.9000000e+01   2.0978189e+01
   9.0000000e+01   2.0865320e+01
   9.1000000e+01   2.0755026e+01
   9.2000000e+01   2.0645172e+01
   9.3000000e+01   2.0535782e+01
   9.4000000e+01   2.0426876e+01
   9.5000000e+01   2.0318478e+01
   9.6000000e+01   2.0210636e+01
   9.7000000e+01   2.0103336e+01
   9.8000000e+01   1.9996593e+01
   9.9000000e+01   1.9890425e+01
   1.0000000e+02   1.9784845e+01
   1.0100000e+02   1.9679850e+01
   1.0200000e+02   1.9575396e+01
   1.0300000e+02   1.9471567e+01
   1.0400000e+02   1.9368380e+01
   1.0500000e+02   1.9265848e+01
   1.0600000e+02   1.9163982e+01
   1.0700000e+02   1.9062798e+01
   1.0800000e+02   1.8962299e+01
   1.0900000e+02   1.8862505e+01
   1.1000000e+02   1.8763428e+01
   1.1100000e+02   1.8665073e+01
   1.1200000e+02   1.8567455e+01
   1.1300000e+02   1.8470579e+01
   1.1400000e+02   1.8374456e+01
   1.1500000e+02   1.8279093e+01
   1.1600000e+02   1.8184500e+01
   1.1700000e+02   1.8090677e+01
   1.1800000e+02   1.7997637e+01
   1.1900000e+02   1.7905382e+01
   1.2000000e+02   1.7813919e+01
   1.2100000e+02   1.7736155e+01
   1.2200000e+02   1.7659216e+01
   1.2300000e+02   1.7583117e+01
   1.2400000e+02   1.7507870e+01
   1.2500000e+02   1.7433485e+01
   1.2600000e+02   1.7359968e+01
   1.2700000e+02   1.7287325e+01
   1.2800000e+02   1.7215563e+01
   1.2900000e+02   1.7144691e+01
   1.3000000e+02   1.7074720e+01
   1.3100000e+02   1.7005657e+01
   1.3200000e+02   1.6937510e+01
   1.3300000e+02   1.6870279e+01
   1.3400000e+02   1.6803968e+01
   1.3500000e+02   1.6738586e+01
   1.3600000e+02   1.6674141e+01
   1.3700000e+02   1.6610632e+01
   1.3800000e+02   1.6548067e+01
   1.3900000e+02   1.6486448e+01
   1.4000000e+02   1.6425781e+01
   1.4100000e+02   1.6366060e+01
   1.4200000e+02   1.6307291e+01
   1.4300000e+02   1.6249477e+01
   1.4400000e+02   1.6192623e+01
   1.4500000e+02   1.6136730e+01
   1.4600000e+02   1.6081800e+01
   1.4700000e+02   1.6027840e+01
   1.4800000e+02   1.5974847e+01
   1.4900000e+02   1.5922820e+01
   1.5000000e+02   1.5871760e+01
   1.5100000e+02   1.5837003e+01
   1.5200000e+02   1.5803238e+01
   1.5300000e+02   1.5770456e+01
   1.5400000e+02   1.5738650e+01
   1.5500000e+02   1.5707814e+01
   1.5600000e+02   1.5678096e+01
   1.5700000e+02   1.5649336e+01
   1.5800000e+02   1.5621482e+01
   1.5900000e+02   1.5594532e+01
   1.6000000e+02   1.5568482e+01
   1.6100000e+02   1.5543332e+01
   1.6200000e+02   1.5519076e+01
   1.6300000e+02   1.5495716e+01
   1.6400000e+02   1.5473246e+01
   1.6500000e+02   1.5451664e+01
   1.6600000e+02   1.5430968e+01
   1.6700000e+02   1.5411158e+01
   1.6800000e+02   1.5392226e+01
   1.6900000e+02   1.5374175e+01
   1.7000000e+02   1.5356999e+01
   1.7100000e+02   1.5340699e+01
   1.7200000e+02   1.5325271e+01
   1.7300000e+02   1.5310714e+01
   1.7400000e+02   1.5297023e+01
   1.7500000e+02   1.5284198e+01
   1.7600000e+02   1.5272237e+01
   1.7700000e+02   1.5261138e+01
   1.7800000e+02   1.5250897e+01
   1.7900000e+02   1.5241514e+01
   1.8000000e+02   1.5232987e+01
   1.8100000e+02   1.5234116e+01
   1.8200000e+02   1.5236126e+01
   1.8300000e+02   1.5239021e+01
   1.8400000e+02   1.5242800e+01
   1.8500000e+02   1.5247467e+01
   1.8600000e+02   1.5253021e+01
   1.8700000e+02   1.5259465e+01
   1.8800000e+02   1.5266801e+01
   1.8900000e+02   1.5275028e+01
   1.9000000e+02   1.5284150e+01
   1.9100000e+02   1.5294167e+01
   1.9200000e+02   1.5305081e+01
   1.9300000e+02   1.5316894e+01
   1.9400000e+02   1.5329604e+01
   1.9500000e+02   1.5343221e+01
   1.9600000e+02   1.5357741e+01
   1.9700000e+02   1.5373169e+01
   1.9800000e+02   1.5389557e+01
   1.9900000e+02   1.5406855e+01
   2.0000000e+02   1.5425053e+01
   2.0100000e+02   1.5444151e+01
   2.0200000e+02   1.5464149e+01
   2.0300000e+02   1.5485049e+01
   2.0400000e+02   1.5506847e+01
   2.0500000e+02   1.5529546e+01
   2.0600000e+02   1.5553143e+01
   2.0700000e+02   1.5577639e+01
   2.0800000e+02   1.5603033e+01
   2.0900000e+02   1.5629322e+01
   2.1000000e+02   1.5656507e+01
   2.1100000e+02   1.5694586e+01
   2.1200000e+02   1.5733563e+01
   2.1300000e+02   1.5773444e+01
   2.1400000e+02   1.5814227e+01
   2.1500000e+02   1.5855916e+01
   2.1600000e+02   1.5898506e+01
   2.1700000e+02   1.5941998e+01
   2.1800000e+02   1.5986396e+01
   2.1900000e+02   1.6031698e+01
   2.2000000e+02   1.6077904e+01
   2.2100000e+02   1.6125017e+01
   2.2200000e+02   1.6173037e+01
   2.2300000e+02   1.6221962e+01
   2.2400000e+02   1.6271793e+01
   2.2500000e+02   1.6322531e+01
   2.2600000e+02   1.6374172e+01
   2.2700000e+02   1.6426720e+01
   2.2800000e+02   1.6480171e+01
   2.2900000e+02   1.6534525e+01
   2.3000000e+02   1.6589781e+01
   2.3100000e+02   1.6645939e+01
   2.3200000e+02   1.6702997e+01
   2.3300000e+02   1.6760954e+01
   2.3400000e+02   1.6819807e+01
   2.3500000e+02   1.6879559e+01
   2.3600000e+02   1.6940205e+01
   2.3700000e+02   1.7001741e+01
   2.3800000e+02   1.7064167e+01
   2.3900000e+02   1.7127483e+01
   2.4000000e+02   1.7191683e+01
   2.4100000e+02   1.7264544e+01
   2.4200000e+02   1.7338469e+01
   2.4300000e+02   1.7413460e+01
   2.4400000e+02   1.7489517e+01
   2.4500000e+02   1.7566635e+01
   2.4600000e+02   1.7644815e+01
   2.4700000e+02   1.7724052e+01
   2.4800000e+02   1.7804350e+01
   2.4900000e+02   1.7885700e+01
   2.5000000e+02   1.7968102e+01
   2.5100000e+02   1.8051554e+01
   2.5200000e+02   1.8136049e+01
   2.5300000e+02   1.8221586e+01
   2.5400000e+02   1.8308161e+01
   2.5500000e+02   1.8395769e+01
   2.5600000e+02   1.8484402e+01
   2.5700000e+02   1.8574055e+01
   2.5800000e+02   1.8664724e+01
   2.5900000e+02   1.8756401e+01
   2.6000000e+02   1.8849081e+01
   2.6100000e+02   1.8942753e+01
   2.6200000e+02   1.9037413e+01
   2.6300000e+02   1.9133047e+01
   2.6400000e+02   1.9229650e+01
   2.6500000e+02   1.9327211e+01
   2.6600000e+02   1.9425718e+01
   2.6700000e+02   1.9525164e+01
   2.6800000e+02   1.9625534e+01
   2.6900000e+02   1.9726814e+01
   2.7000000e+02   1.9828997e+01
   2.7100000e+02   1.9924255e+01
   2.7200000e+02   2.0020361e+01
   2.7300000e+02   2.0117300e+01
   2.7400000e+02   2.0215055e+01
   2.7500000e+02   2.0313618e+01
   2.7600000e+02   2.0412968e+01
   2.7700000e+02   2.0513088e+01
   2.7800000e+02   2.0613962e+01
   2.7900000e+02   2.0715572e+01
   2.8000000e+02   2.0817900e+01
   2.8100000e+02   2.0920923e+01
   2.8200000e+02   2.1024622e+01
   2.8300000e+02   2.1128975e+01
   2.8400000e+02   2.1233961e+01
   2.8500000e+02   2.1339556e+01
   2.8600000e+02   2.1445738e+01
   2.8700000e+02   2.1552481e+01
   2.8800000e+02   2.1659758e+01
   2.8900000e+02   2.1767548e+01
   2.9000000e+02   2.1875822e+01
   2.9100000e+02   2.1984550e+01
   2.9200000e+02   2.2093704e+01
   2.9300000e+02   2.2203257e+01
   2.9400000e+02   2.2313179e+01
   2.9500000e+02   2.2423435e+01
   2.9600000e+02   2.2533997e+01
   2.9700000e+02   2.2644833e+01
   2.9800000e+02   2.2755905e+01
   2.9900000e+02   2.2867184e+01
   3.0000000e+02   2.2978632e+01
   3.0100000e+02   2.3072079e+01
   3.0200000e+02   2.3165442e+01
   3.0300000e+02   2.3258684e+01
   3.0400000e+02   2.3351768e+01
   3.0500000e+02   2.3444656e+01
   3.0600000e+02   2.3537312e+01
   3.0700000e+02   2.3629696e+01
   3.0800000e+02   2.3721769e+01
   3.0900000e+02   2.3813492e+01
   3.1000000e+02   2.3904825e+01
   3.1100000e+02   2.3995728e+01
   3.1200000e+02   2.4086157e+01
   3.1300000e+02   2.4176077e+01
   3.1400000e+02   2.4265444e+01
   3.1500000e+02   2.4354214e+01
   3.1600000e+02   2.4442348e+01
   3.1700000e+02   2.4529799e+01
   3.1800000e+02   2.4616526e+01
   3.1900000e+02   2.4702492e+01
   3.2000000e+02   2.4787649e+01
   3.2100000e+02   2.4871958e+01
   3.2200000e+02   2.4955374e+01
   3.2300000e+02   2.5037855e+01
   3.2400000e+02   2.5119360e+01
   3.2500000e+02   2.5199842e+01
   3.2600000e+02   2.5279264e+01
   3.2700000e+02   2.5357582e+01
   3.2800000e+02   2.5434753e+01
   3.2900000e+02   2.5510738e+01
   3.3000000e+02   2.5585495e+01
   3.3100000e+02   2.5638002e+01
   3.3200000e+02   2.5689049e+01
   3.3300000e+02   2.5738594e+01
   3.3400000e+02   2.5786606e+01
   3.3500000e+02   2.5833050e+01
   3.3600000e+02   2.5877893e+01
   3.3700000e+02   2.5921103e+01
   3.3800000e+02   2.5962645e+01
   3.3900000e+02   2.6002489e+01
   3.4000000e+02   2.6040609e+01
   3.4100000e+02   2.6076971e+01
   3.4200000e+02   2.6111551e+01
   3.4300000e+02   2.6144321e+01
   3.4400000e+02   2.6175257e+01
   3.4500000e+02   2.6204332e+01
   3.4600000e+02   2.6231527e+01
   3.4700000e+02   2.6256817e+01
   3.4800000e+02   2.6280184e+01
   3.4900000e+02   2.6301607e+01
   3.5000000e+02   2.6321070e+01
   3.5100000e+02   2.6338556e+01
   3.5200000e+02   2.6354050e+01
   3.5300000e+02   2.6367540e+01
   3.5400000e+02   2.6379013e+01
   3.5500000e+02   2.6388460e+01
   3.5600000e+02   2.6395870e+01
   3.5700000e+02   2.6401239e+01
   3.5800000e+02   2.6404560e+01
   3.5900000e+02   2.6405827e+01
   2.6219766e-08   2.6405039e+01
