   0.0000000e+00   2.4897514e-18
   1.0000000e+00   1.9820929e-04
   2.0000000e+00   6.6687545e-04
   3.0000000e+00   1.1413477e-03
   4.0000000e+00   1.6217193e-03
   5.0000000e+00   2.1079499e-03
   6.0000000e+00   2.5999981e-03
   7.0000000e+00   3.0978234e-03
   8.0000000e+00   3.6013857e-03
   9.0000000e+00   4.1106464e-03
   1.0000000e+01   4.6255654e-03
   1.1000000e+01   5.1461044e-03
   1.2000000e+01   5.6722253e-03
   1.3000000e+01   6.2038898e-03
   1.4000000e+01   6.7410609e-03
   1.5000000e+01   7.2837030e-03
   1.6000000e+01   7.8317784e-03
   1.7000000e+01   8.3852503e-03
   1.8000000e+01   8.9440793e-03
   1.9000000e+01   9.5082298e-03
   2.0000000e+01   1.0077664e-02
   2.1000000e+01   1.0652344e-02
   2.2000000e+01   1.1232236e-02
   2.3000000e+01   1.1817304e-02
   2.4000000e+01   1.2407511e-02
   2.5000000e+01   1.3002822e-02
   2.6000000e+01   1.3603199e-02
   2.7000000e+01   1.4208608e-02
   2.8000000e+01   1.4819013e-02
   2.9000000e+01   1.5434382e-02
   3.0000000e+01   1.6054679e-02
   3.1000000e+01   1.6792102e-02
   3.2000000e+01   1.7541492e-02
   3.3000000e+01   1.8302785e-02
   3.4000000e+01   1.9075911e-02
   3.5000000e+01   1.9860808e-02
   3.6000000e+01   2.0657405e-02
   3.7000000e+01   2.1465644e-02
   3.8000000e+01   2.2285448e-02
   3.9000000e+01   2.3116760e-02
   4.0000000e+01   2.3959508e-02
   4.1000000e+01   2.4813630e-02
   4.2000000e+01   2.5679054e-02
   4.3000000e+01   2.6555719e-02
   4.4000000e+01   2.7443558e-02
   4.5000000e+01   2.8342510e-02
   4.6000000e+01   2.9252507e-02
   4.7000000e+01   3.0173484e-02
   4.8000000e+01   3.1105381e-02
   4.9000000e+01   3.2048132e-02
   5.0000000e+01   3.3001669e-02
   5.1000000e+01   3.3965938e-02
   5.2000000e+01   3.4940869e-02
   5.3000000e+01   3.5926402e-02
   5.4000000e+01   3.6922477e-02
   5.5000000e+01   3.7929025e-02
   5.6000000e+01   3.8945988e-02
   5.7000000e+01   3.9973300e-02
   5.8000000e+01   4.1010909e-02
   5.9000000e+01   4.2058740e-02
   6.0000000e+01   4.3116741e-02
   6.1000000e+01   4.4391550e-02
   6.2000000e+01   4.5683000e-02
   6.3000000e+01   4.6991013e-02
   6.4000000e+01   4.8315536e-02
   6.5000000e+01   4.9656492e-02
   6.6000000e+01   5.1013812e-02
   6.7000000e+01   5.2387439e-02
   6.8000000e+01   5.3777292e-02
   6.9000000e+01   5.5183318e-02
   7.0000000e+01   5.6605436e-02
   7.1000000e+01   5.8043592e-02
   7.2000000e+01   5.9497714e-02
   7.3000000e+01   6.0967740e-02
   7.4000000e+01   6.2453602e-02
   7.5000000e+01   6.3955233e-02
   7.6000000e+01   6.5472588e-02
   7.7000000e+01   6.7005567e-02
   7.8000000e+01   6.8554133e-02
   7.9000000e+01   7.0118211e-02
   8.0000000e+01   7.1697727e-02
   8.1000000e+01   7.3292628e-02
   8.2000000e+01   7.4902833e-02
   8.3000000e+01   7.6528281e-02
   8.4000000e+01   7.8168921e-02
   8.5000000e+01   7.9824671e-02
   8.6000000e+01   8.1495471e-02
   8.7000000e+01   8.3181255e-02
   8.8000000e+01   8.4881954e-02
   8.9000000e+01   8.6597510e-02
   9.0000000e+01   8.8327855e-02
   9.1000000e+01   9.0164624e-02
   9.2000000e+01   9.2016861e-02
   9.3000000e+01   9.3884371e-02
   9.4000000e+01   9.5766947e-02
   9.5000000e+01   9.7664401e-02
   9.6000000e+01   9.9576525e-02
   9.7000000e+01   1.0150293e-01
   9.8000000e+01   1.0344347e-01
   9.9000000e+01   1.0539798e-01
   1.0000000e+02   1.0736633e-01
   1.0100000e+02   1.0934839e-01
   1.0200000e+02   1.1134393e-01
   1.0300000e+02   1.1335250e-01
   1.0400000e+02   1.1537385e-01
   1.0500000e+02   1.1740777e-01
   1.0600000e+02   1.1945402e-01
   1.0700000e+02   1.2151240e-01
   1.0800000e+02   1.2358267e-01
   1.0900000e+02   1.2566464e-01
   1.1000000e+02   1.2775807e-01
   1.1100000e+02   1.2986279e-01
   1.1200000e+02   1.3197854e-01
   1.1300000e+02   1.3410518e-01
   1.1400000e+02   1.3624245e-01
   1.1500000e+02   1.3839017e-01
   1.1600000e+02   1.4054814e-01
   1.1700000e+02   1.4271618e-01
   1.1800000e+02   1.4489408e-01
   1.1900000e+02   1.4708167e-01
   1.2000000e+02   1.4927875e-01
   1.2100000e+02   1.5087336e-01
   1.2200000e+02   1.5246648e-01
   1.2300000e+02   1.5405779e-01
   1.2400000e+02   1.5564704e-01
   1.2500000e+02   1.5723395e-01
   1.2600000e+02   1.5881856e-01
   1.2700000e+02   1.6040091e-01
   1.2800000e+02   1.6198078e-01
   1.2900000e+02   1.6355789e-01
   1.3000000e+02   1.6513200e-01
   1.3100000e+02   1.6670288e-01
   1.3200000e+02   1.6827036e-01
   1.3300000e+02   1.6983427e-01
   1.3400000e+02   1.7139442e-01
   1.3500000e+02   1.7295063e-01
   1.3600000e+02   1.7450270e-01
   1.3700000e+02   1.7605044e-01
   1.3800000e+02   1.7759369e-01
   1.3900000e+02   1.7913224e-01
   1.4000000e+02   1.8066593e-01
   1.4100000e+02   1.8219458e-01
   1.4200000e+02   1.8371807e-01
   1.4300000e+02   1.8523630e-01
   1.4400000e+02   1.8674909e-01
   1.4500000e+02   1.8825617e-01
   1.4600000e+02   1.8975738e-01
   1.4700000e+02   1.9125250e-01
   1.4800000e+02   1.9274133e-01
   1.4900000e+02   1.9422369e-01
   1.5000000e+02   1.9569938e-01
   1.5100000e+02   1.9631375e-01
   1.5200000e+02   1.9692080e-01
   1.5300000e+02   1.9752069e-01
   1.5400000e+02   1.9811366e-01
   1.5500000e+02   1.9869989e-01
   1.5600000e+02   1.9927959e-01
   1.5700000e+02   1.9985375e-01
   1.5800000e+02   2.0042263e-01
   1.5900000e+02   2.0098630e-01
   1.6000000e+02   2.0154476e-01
   1.6100000e+02   2.0209806e-01
   1.6200000e+02   2.0264624e-01
   1.6300000e+02   2.0318934e-01
   1.6400000e+02   2.0372741e-01
   1.6500000e+02   2.0426045e-01
   1.6600000e+02   2.0478854e-01
   1.6700000e+02   2.0531167e-01
   1.6800000e+02   2.0582990e-01
   1.6900000e+02   2.0634328e-01
   1.7000000e+02   2.0685181e-01
   1.7100000e+02   2.0735553e-01
   1.7200000e+02   2.0785449e-01
   1.7300000e+02   2.0834874e-01
   1.7400000e+02   2.0883828e-01
   1.7500000e+02   2.0932317e-01
   1.7600000e+02   2.0980343e-01
   1.7700000e+02   2.1027912e-01
   1.7800000e+02   2.1075028e-01
   1.7900000e+02   2.1121693e-01
   1.8000000e+02   2.1167912e-01
   1.8100000e+02   2.1162269e-01
   1.8200000e+02   2.1155976e-01
   1.8300000e+02   2.1149026e-01
   1.8400000e+02   2.1141416e-01
   1.8500000e+02   2.1133141e-01
   1.8600000e+02   2.1124198e-01
   1.8700000e+02   2.1114580e-01
   1.8800000e+02   2.1104288e-01
   1.8900000e+02   2.1093313e-01
   1.9000000e+02   2.1081656e-01
   1.9100000e+02   2.1069312e-01
   1.9200000e+02   2.1056277e-01
   1.9300000e+02   2.1042548e-01
   1.9400000e+02   2.1028116e-01
   1.9500000e+02   2.1012972e-01
   1.9600000e+02   2.0997114e-01
   1.9700000e+02   2.0980544e-01
   1.9800000e+02   2.0963266e-01
   1.9900000e+02   2.0945321e-01
   2.0000000e+02   2.0926726e-01
   2.0100000e+02   2.0907488e-01
   2.0200000e+02   2.0887618e-01
   2.0300000e+02   2.0867118e-01
   2.0400000e+02   2.0846003e-01
   2.0500000e+02   2.0824276e-01
   2.0600000e+02   2.0801947e-01
   2.0700000e+02   2.0779020e-01
   2.0800000e+02   2.0755509e-01
   2.0900000e+02   2.0731415e-01
   2.1000000e+02   2.0706744e-01
   2.1100000e+02   2.0627755e-01
   2.1200000e+02   2.0548359e-01
   2.1300000e+02   2.0468560e-01
   2.1400000e+02   2.0388360e-01
   2.1500000e+02   2.0307769e-01
   2.1600000e+02   2.0226786e-01
   2.1700000e+02   2.0145424e-01
   2.1800000e+02   2.0063689e-01
   2.1900000e+02   1.9981588e-01
   2.2000000e+02   1.9899127e-01
   2.2100000e+02   1.9816315e-01
   2.2200000e+02   1.9733156e-01
   2.2300000e+02   1.9649658e-01
   2.2400000e+02   1.9565830e-01
   2.2500000e+02   1.9481681e-01
   2.2600000e+02   1.9397222e-01
   2.2700000e+02   1.9312458e-01
   2.2800000e+02   1.9227396e-01
   2.2900000e+02   1.9142047e-01
   2.3000000e+02   1.9056414e-01
   2.3100000e+02   1.8970506e-01
   2.3200000e+02   1.8884329e-01
   2.3300000e+02   1.8797894e-01
   2.3400000e+02   1.8711203e-01
   2.3500000e+02   1.8624264e-01
   2.3600000e+02   1.8537086e-01
   2.3700000e+02   1.8449675e-01
   2.3800000e+02   1.8362035e-01
   2.3900000e+02   1.8274175e-01
   2.4000000e+02   1.8186103e-01
   2.4100000e+02   1.8065064e-01
   2.4200000e+02   1.7943150e-01
   2.4300000e+02   1.7820366e-01
   2.4400000e+02   1.7696716e-01
   2.4500000e+02   1.7572203e-01
   2.4600000e+02   1.7446835e-01
   2.4700000e+02   1.7320614e-01
   2.4800000e+02   1.7193545e-01
   2.4900000e+02   1.7065635e-01
   2.5000000e+02   1.6936888e-01
   2.5100000e+02   1.6807306e-01
   2.5200000e+02   1.6676894e-01
   2.5300000e+02   1.6545658e-01
   2.5400000e+02   1.6413602e-01
   2.5500000e+02   1.6280730e-01
   2.5600000e+02   1.6147047e-01
   2.5700000e+02   1.6012558e-01
   2.5800000e+02   1.5877266e-01
   2.5900000e+02   1.5741175e-01
   2.6000000e+02   1.5604292e-01
   2.6100000e+02   1.5466619e-01
   2.6200000e+02   1.5328161e-01
   2.6300000e+02   1.5188923e-01
   2.6400000e+02   1.5048909e-01
   2.6500000e+02   1.4908123e-01
   2.6600000e+02   1.4766571e-01
   2.6700000e+02   1.4624253e-01
   2.6800000e+02   1.4481178e-01
   2.6900000e+02   1.4337346e-01
   2.7000000e+02   1.4192763e-01
   2.7100000e+02   1.4096211e-01
   2.7200000e+02   1.3998912e-01
   2.7300000e+02   1.3900873e-01
   2.7400000e+02   1.3802096e-01
   2.7500000e+02   1.3702586e-01
   2.7600000e+02   1.3602345e-01
   2.7700000e+02   1.3501374e-01
   2.7800000e+02   1.3399680e-01
   2.7900000e+02   1.3297266e-01
   2.8000000e+02   1.3194132e-01
   2.8100000e+02   1.3090284e-01
   2.8200000e+02   1.2985723e-01
   2.8300000e+02   1.2880452e-01
   2.8400000e+02   1.2774476e-01
   2.8500000e+02   1.2667798e-01
   2.8600000e+02   1.2560417e-01
   2.8700000e+02   1.2452340e-01
   2.8800000e+02   1.2343569e-01
   2.8900000e+02   1.2234107e-01
   2.9000000e+02   1.2123957e-01
   2.9100000e+02   1.2013120e-01
   2.9200000e+02   1.1901601e-01
   2.9300000e+02   1.1789403e-01
   2.9400000e+02   1.1676528e-01
   2.9500000e+02   1.1562979e-01
   2.9600000e+02   1.1448760e-01
   2.9700000e+02   1.1333872e-01
   2.9800000e+02   1.1218319e-01
   2.9900000e+02   1.1102103e-01
   3.0000000e+02   1.0985228e-01
   3.0100000e+02   1.0942070e-01
   3.0200000e+02   1.0898557e-01
   3.0300000e+02   1.0854690e-01
   3.0400000e+02   1.0810470e-01
   3.0500000e+02   1.0765898e-01
   3.0600000e+02   1.0720975e-01
   3.0700000e+02   1.0675703e-01
   3.0800000e+02   1.0630083e-01
   3.0900000e+02   1.0584117e-01
   3.1000000e+02   1.0537805e-01
   3.1100000e+02   1.0491149e-01
   3.1200000e+02   1.0444151e-01
   3.1300000e+02   1.0396811e-01
   3.1400000e+02   1.0349131e-01
   3.1500000e+02   1.0301112e-01
   3.1600000e+02   1.0252755e-01
   3.1700000e+02   1.0204062e-01
   3.1800000e+02   1.0155035e-01
   3.1900000e+02   1.0105672e-01
   3.2000000e+02   1.0055979e-01
   3.2100000e+02   1.0005954e-01
   3.2200000e+02   9.9555992e-02
   3.2300000e+02   9.9049151e-02
   3.2400000e+02   9.8539039e-02
   3.2500000e+02   9.8025672e-02
   3.2600000e+02   9.7509064e-02
   3.2700000e+02   9.6989207e-02
   3.2800000e+02   9.6466132e-02
   3.2900000e+02   9.5939837e-02
   3.3000000e+02   9.5410340e-02
   3.3100000e+02   9.5570400e-02
   3.3200000e+02   9.5729813e-02
   3.3300000e+02   9.5888570e-02
   3.3400000e+02   9.6046679e-02
   3.3500000e+02   9.6204139e-02
   3.3600000e+02   9.6360959e-02
   3.3700000e+02   9.6517138e-02
   3.3800000e+02   9.6672669e-02
   3.3900000e+02   9.6827559e-02
   3.4000000e+02   9.6981816e-02
   3.4100000e+02   9.7135432e-02
   3.4200000e+02   9.7288407e-02
   3.4300000e+02   9.7440749e-02
   3.4400000e+02   9.7592458e-02
   3.4500000e+02   9.7743541e-02
   3.4600000e+02   9.7893983e-02
   3.4700000e+02   9.8043807e-02
   3.4800000e+02   9.8192997e-02
   3.4900000e+02   9.8341569e-02
   3.5000000e+02   9.8489515e-02
   3.5100000e+02   9.8636836e-02
   3.5200000e+02   9.8783553e-02
   3.5300000e+02   9.8929636e-02
   3.5400000e+02   9.9075116e-02
   3.5500000e+02   9.9219978e-02
   3.5600000e+02   9.9364221e-02
   3.5700000e+02   9.9507861e-02
   3.5800000e+02   9.9650890e-02
   3.5900000e+02   9.9793307e-02
   2.6219766e-08   9.9935129e-02
