   0.0000000e+00   7.9899595e+03
   1.0000000e+00   1.5066238e+04
   2.0000000e+00   1.5068186e+04
   3.0000000e+00   1.5071137e+04
   4.0000000e+00   1.5075156e+04
   5.0000000e+00   1.5080241e+04
   6.0000000e+00   1.5086394e+04
   7.0000000e+00   1.5093613e+04
   8.0000000e+00   1.5101898e+04
   9.0000000e+00   1.5111249e+04
   1.0000000e+01   1.5121662e+04
   1.1000000e+01   1.5133137e+04
   1.2000000e+01   1.5145670e+04
   1.3000000e+01   1.5159261e+04
   1.4000000e+01   1.5173908e+04
   1.5000000e+01   1.5189606e+04
   1.6000000e+01   1.5206353e+04
   1.7000000e+01   1.5224143e+04
   1.8000000e+01   1.5242974e+04
   1.9000000e+01   1.5262841e+04
   2.0000000e+01   1.5283741e+04
   2.1000000e+01   1.5305671e+04
   2.2000000e+01   1.5328623e+04
   2.3000000e+01   1.5352593e+04
   2.4000000e+01   1.5377573e+04
   2.5000000e+01   1.5403561e+04
   2.6000000e+01   1.5430548e+04
   2.7000000e+01   1.5458529e+04
   2.8000000e+01   1.5487502e+04
   2.9000000e+01   1.5517455e+04
   3.0000000e+01   1.5548381e+04
   3.1000000e+01   1.5581832e+04
   3.2000000e+01   1.5616224e+04
   3.3000000e+01   1.5651552e+04
   3.4000000e+01   1.5687807e+04
   3.5000000e+01   1.5724979e+04
   3.6000000e+01   1.5763064e+04
   3.7000000e+01   1.5802050e+04
   3.8000000e+01   1.5841927e+04
   3.9000000e+01   1.5882686e+04
   4.0000000e+01   1.5924317e+04
   4.1000000e+01   1.5966811e+04
   4.2000000e+01   1.6010155e+04
   4.3000000e+01   1.6054344e+04
   4.4000000e+01   1.6099362e+04
   4.5000000e+01   1.6145201e+04
   4.6000000e+01   1.6191848e+04
   4.7000000e+01   1.6239289e+04
   4.8000000e+01   1.6287516e+04
   4.9000000e+01   1.6336514e+04
   5.0000000e+01   1.6386270e+04
   5.1000000e+01   1.6436773e+04
   5.2000000e+01   1.6488008e+04
   5.3000000e+01   1.6539961e+04
   5.4000000e+01   1.6592623e+04
   5.5000000e+01   1.6645973e+04
   5.6000000e+01   1.6700002e+04
   5.7000000e+01   1.6754691e+04
   5.8000000e+01   1.6810027e+04
   5.9000000e+01   1.6865998e+04
   6.0000000e+01   1.6922584e+04
   6.1000000e+01   1.6979076e+04
   6.2000000e+01   1.7036146e+04
   6.3000000e+01   1.7093781e+04
   6.4000000e+01   1.7151961e+04
   6.5000000e+01   1.7210674e+04
   6.6000000e+01   1.7269902e+04
   6.7000000e+01   1.7329627e+04
   6.8000000e+01   1.7389832e+04
   6.9000000e+01   1.7450502e+04
   7.0000000e+01   1.7511617e+04
   7.1000000e+01   1.7573162e+04
   7.2000000e+01   1.7635117e+04
   7.3000000e+01   1.7697465e+04
   7.4000000e+01   1.7760189e+04
   7.5000000e+01   1.7823271e+04
   7.6000000e+01   1.7886691e+04
   7.7000000e+01   1.7950428e+04
   7.8000000e+01   1.8014467e+04
   7.9000000e+01   1.8078785e+04
   8.0000000e+01   1.8143365e+04
   8.1000000e+01   1.8208189e+04
   8.2000000e+01   1.8273236e+04
   8.3000000e+01   1.8338488e+04
   8.4000000e+01   1.8403924e+04
   8.5000000e+01   1.8469523e+04
   8.6000000e+01   1.8535268e+04
   8.7000000e+01   1.8601135e+04
   8.8000000e+01   1.8667105e+04
   8.9000000e+01   1.8733162e+04
   9.0000000e+01   1.8799281e+04
   9.1000000e+01   1.8861605e+04
   9.2000000e+01   1.8923941e+04
   9.3000000e+01   1.8986266e+04
   9.4000000e+01   1.9048559e+04
   9.5000000e+01   1.9110793e+04
   9.6000000e+01   1.9172918e+04
   9.7000000e+01   1.9234955e+04
   9.8000000e+01   1.9296881e+04
   9.9000000e+01   1.9358676e+04
   1.0000000e+02   1.9420318e+04
   1.0100000e+02   1.9481805e+04
   1.0200000e+02   1.9543174e+04
   1.0300000e+02   1.9604344e+04
   1.0400000e+02   1.9665295e+04
   1.0500000e+02   1.9726004e+04
   1.0600000e+02   1.9786453e+04
   1.0700000e+02   1.9846623e+04
   1.0800000e+02   1.9906500e+04
   1.0900000e+02   1.9966053e+04
   1.1000000e+02   2.0025266e+04
   1.1100000e+02   2.0084119e+04
   1.1200000e+02   2.0142588e+04
   1.1300000e+02   2.0200658e+04
   1.1400000e+02   2.0258307e+04
   1.1500000e+02   2.0315514e+04
   1.1600000e+02   2.0372264e+04
   1.1700000e+02   2.0428531e+04
   1.1800000e+02   2.0484303e+04
   1.1900000e+02   2.0539557e+04
   1.2000000e+02   2.0594275e+04
   1.2100000e+02   2.0647605e+04
   1.2200000e+02   2.0700492e+04
   1.2300000e+02   2.0752910e+04
   1.2400000e+02   2.0804840e+04
   1.2500000e+02   2.0856260e+04
   1.2600000e+02   2.0907145e+04
   1.2700000e+02   2.0957473e+04
   1.2800000e+02   2.1007225e+04
   1.2900000e+02   2.1056381e+04
   1.3000000e+02   2.1104918e+04
   1.3100000e+02   2.1152818e+04
   1.3200000e+02   2.1200057e+04
   1.3300000e+02   2.1246621e+04
   1.3400000e+02   2.1292494e+04
   1.3500000e+02   2.1337652e+04
   1.3600000e+02   2.1382078e+04
   1.3700000e+02   2.1425750e+04
   1.3800000e+02   2.1468654e+04
   1.3900000e+02   2.1510771e+04
   1.4000000e+02   2.1552084e+04
   1.4100000e+02   2.1592584e+04
   1.4200000e+02   2.1632252e+04
   1.4300000e+02   2.1671066e+04
   1.4400000e+02   2.1709010e+04
   1.4500000e+02   2.1746070e+04
   1.4600000e+02   2.1782230e+04
   1.4700000e+02   2.1817475e+04
   1.4800000e+02   2.1851789e+04
   1.4900000e+02   2.1885166e+04
   1.5000000e+02   2.1917592e+04
   1.5100000e+02   2.1950768e+04
   1.5200000e+02   2.1982873e+04
   1.5300000e+02   2.2013904e+04
   1.5400000e+02   2.2043850e+04
   1.5500000e+02   2.2072701e+04
   1.5600000e+02   2.2100229e+04
   1.5700000e+02   2.2126615e+04
   1.5800000e+02   2.2151918e+04
   1.5900000e+02   2.2176127e+04
   1.6000000e+02   2.2199236e+04
   1.6100000e+02   2.2221234e+04
   1.6200000e+02   2.2242119e+04
   1.6300000e+02   2.2261881e+04
   1.6400000e+02   2.2280510e+04
   1.6500000e+02   2.2298004e+04
   1.6600000e+02   2.2314357e+04
   1.6700000e+02   2.2329561e+04
   1.6800000e+02   2.2343611e+04
   1.6900000e+02   2.2356506e+04
   1.7000000e+02   2.2368236e+04
   1.7100000e+02   2.2378803e+04
   1.7200000e+02   2.2388197e+04
   1.7300000e+02   2.2396420e+04
   1.7400000e+02   2.2403465e+04
   1.7500000e+02   2.2409330e+04
   1.7600000e+02   2.2414016e+04
   1.7700000e+02   2.2417516e+04
   1.7800000e+02   2.2419834e+04
   1.7900000e+02   2.2420965e+04
   1.8000000e+02   2.2420910e+04
   1.8100000e+02   2.2420818e+04
   1.8200000e+02   2.2419553e+04
   1.8300000e+02   2.2417111e+04
   1.8400000e+02   2.2413492e+04
   1.8500000e+02   2.2408699e+04
   1.8600000e+02   2.2402730e+04
   1.8700000e+02   2.2395592e+04
   1.8800000e+02   2.2387281e+04
   1.8900000e+02   2.2377803e+04
   1.9000000e+02   2.2367158e+04
   1.9100000e+02   2.2355352e+04
   1.9200000e+02   2.2342389e+04
   1.9300000e+02   2.2328270e+04
   1.9400000e+02   2.2313004e+04
   1.9500000e+02   2.2296592e+04
   1.9600000e+02   2.2279039e+04
   1.9700000e+02   2.2260352e+04
   1.9800000e+02   2.2240453e+04
   1.9900000e+02   2.2219416e+04
   2.0000000e+02   2.2197258e+04
   2.0100000e+02   2.2173984e+04
   2.0200000e+02   2.2149605e+04
   2.0300000e+02   2.2124123e+04
   2.0400000e+02   2.2097551e+04
   2.0500000e+02   2.2069895e+04
   2.0600000e+02   2.2041164e+04
   2.0700000e+02   2.2011365e+04
   2.0800000e+02   2.1980512e+04
   2.0900000e+02   2.1948615e+04
   2.1000000e+02   2.1915689e+04
   2.1100000e+02   2.1882611e+04
   2.1200000e+02   2.1848514e+04
   2.1300000e+02   2.1813410e+04
   2.1400000e+02   2.1777309e+04
   2.1500000e+02   2.1740225e+04
   2.1600000e+02   2.1702176e+04
   2.1700000e+02   2.1663176e+04
   2.1800000e+02   2.1623230e+04
   2.1900000e+02   2.1582355e+04
   2.2000000e+02   2.1540568e+04
   2.2100000e+02   2.1497879e+04
   2.2200000e+02   2.1454305e+04
   2.2300000e+02   2.1409855e+04
   2.2400000e+02   2.1364549e+04
   2.2500000e+02   2.1318400e+04
   2.2600000e+02   2.1271424e+04
   2.2700000e+02   2.1223637e+04
   2.2800000e+02   2.1175053e+04
   2.2900000e+02   2.1125689e+04
   2.3000000e+02   2.1075564e+04
   2.3100000e+02   2.1024691e+04
   2.3200000e+02   2.0973090e+04
   2.3300000e+02   2.0920775e+04
   2.3400000e+02   2.0867766e+04
   2.3500000e+02   2.0814078e+04
   2.3600000e+02   2.0759730e+04
   2.3700000e+02   2.0704740e+04
   2.3800000e+02   2.0649127e+04
   2.3900000e+02   2.0592908e+04
   2.4000000e+02   2.0536102e+04
   2.4100000e+02   2.0477463e+04
   2.4200000e+02   2.0418305e+04
   2.4300000e+02   2.0358646e+04
   2.4400000e+02   2.0298506e+04
   2.4500000e+02   2.0237906e+04
   2.4600000e+02   2.0176863e+04
   2.4700000e+02   2.0115400e+04
   2.4800000e+02   2.0053535e+04
   2.4900000e+02   1.9991289e+04
   2.5000000e+02   1.9928682e+04
   2.5100000e+02   1.9865732e+04
   2.5200000e+02   1.9802465e+04
   2.5300000e+02   1.9738895e+04
   2.5400000e+02   1.9675049e+04
   2.5500000e+02   1.9610943e+04
   2.5600000e+02   1.9546602e+04
   2.5700000e+02   1.9482043e+04
   2.5800000e+02   1.9417289e+04
   2.5900000e+02   1.9352361e+04
   2.6000000e+02   1.9287281e+04
   2.6100000e+02   1.9222068e+04
   2.6200000e+02   1.9156746e+04
   2.6300000e+02   1.9091334e+04
   2.6400000e+02   1.9025855e+04
   2.6500000e+02   1.8960328e+04
   2.6600000e+02   1.8894777e+04
   2.6700000e+02   1.8829223e+04
   2.6800000e+02   1.8763686e+04
   2.6900000e+02   1.8698188e+04
   2.7000000e+02   1.8632748e+04
   2.7100000e+02   1.8563621e+04
   2.7200000e+02   1.8494586e+04
   2.7300000e+02   1.8425662e+04
   2.7400000e+02   1.8356869e+04
   2.7500000e+02   1.8288230e+04
   2.7600000e+02   1.8219766e+04
   2.7700000e+02   1.8151492e+04
   2.7800000e+02   1.8083438e+04
   2.7900000e+02   1.8015615e+04
   2.8000000e+02   1.7948049e+04
   2.8100000e+02   1.7880760e+04
   2.8200000e+02   1.7813768e+04
   2.8300000e+02   1.7747092e+04
   2.8400000e+02   1.7680752e+04
   2.8500000e+02   1.7614770e+04
   2.8600000e+02   1.7549164e+04
   2.8700000e+02   1.7483955e+04
   2.8800000e+02   1.7419162e+04
   2.8900000e+02   1.7354803e+04
   2.9000000e+02   1.7290898e+04
   2.9100000e+02   1.7227467e+04
   2.9200000e+02   1.7164525e+04
   2.9300000e+02   1.7102098e+04
   2.9400000e+02   1.7040197e+04
   2.9500000e+02   1.6978844e+04
   2.9600000e+02   1.6918057e+04
   2.9700000e+02   1.6857852e+04
   2.9800000e+02   1.6798246e+04
   2.9900000e+02   1.6739260e+04
   3.0000000e+02   1.6680908e+04
   3.0100000e+02   1.6622291e+04
   3.0200000e+02   1.6564314e+04
   3.0300000e+02   1.6506996e+04
   3.0400000e+02   1.6450350e+04
   3.0500000e+02   1.6394395e+04
   3.0600000e+02   1.6339143e+04
   3.0700000e+02   1.6284612e+04
   3.0800000e+02   1.6230817e+04
   3.0900000e+02   1.6177772e+04
   3.1000000e+02   1.6125493e+04
   3.1100000e+02   1.6073992e+04
   3.1200000e+02   1.6023285e+04
   3.1300000e+02   1.5973384e+04
   3.1400000e+02   1.5924303e+04
   3.1500000e+02   1.5876056e+04
   3.1600000e+02   1.5828655e+04
   3.1700000e+02   1.5782114e+04
   3.1800000e+02   1.5736445e+04
   3.1900000e+02   1.5691659e+04
   3.2000000e+02   1.5647768e+04
   3.2100000e+02   1.5604782e+04
   3.2200000e+02   1.5562714e+04
   3.2300000e+02   1.5521574e+04
   3.2400000e+02   1.5481373e+04
   3.2500000e+02   1.5442121e+04
   3.2600000e+02   1.5403827e+04
   3.2700000e+02   1.5366501e+04
   3.2800000e+02   1.5330153e+04
   3.2900000e+02   1.5294791e+04
   3.3000000e+02   1.5260425e+04
   3.3100000e+02   1.5227523e+04
   3.3200000e+02   1.5195615e+04
   3.3300000e+02   1.5164706e+04
   3.3400000e+02   1.5134806e+04
   3.3500000e+02   1.5105922e+04
   3.3600000e+02   1.5078060e+04
   3.3700000e+02   1.5051229e+04
   3.3800000e+02   1.5025435e+04
   3.3900000e+02   1.5000683e+04
   3.4000000e+02   1.4976980e+04
   3.4100000e+02   1.4954334e+04
   3.4200000e+02   1.4932748e+04
   3.4300000e+02   1.4912229e+04
   3.4400000e+02   1.4892779e+04
   3.4500000e+02   1.4874406e+04
   3.4600000e+02   1.4857113e+04
   3.4700000e+02   1.4840904e+04
   3.4800000e+02   1.4825782e+04
   3.4900000e+02   1.4811753e+04
   3.5000000e+02   1.4798818e+04
   3.5100000e+02   1.4786982e+04
   3.5200000e+02   1.4776247e+04
   3.5300000e+02   1.4766613e+04
   3.5400000e+02   1.4758085e+04
   3.5500000e+02   1.4750665e+04
   3.5600000e+02   1.4744353e+04
   3.5700000e+02   1.4739150e+04
   3.5800000e+02   1.4735060e+04
   3.5900000e+02   1.4732080e+04
   2.6219766e-08   1.4730213e+04
