   0.0000000e+00   1.2051733e-02
   1.0000000e+00   3.5047419e-02
   2.0000000e+00   3.5172176e-02
   3.0000000e+00   3.5292115e-02
   4.0000000e+00   3.5411995e-02
   5.0000000e+00   3.5531804e-02
   6.0000000e+00   3.5651546e-02
   7.0000000e+00   3.5771262e-02
   8.0000000e+00   3.5890918e-02
   9.0000000e+00   3.6010515e-02
   1.0000000e+01   3.6130093e-02
   1.1000000e+01   3.6249615e-02
   1.2000000e+01   3.6369085e-02
   1.3000000e+01   3.6488499e-02
   1.4000000e+01   3.6607862e-02
   1.5000000e+01   3.6727171e-02
   1.6000000e+01   3.6846425e-02
   1.7000000e+01   3.6965635e-02
   1.8000000e+01   3.7084788e-02
   1.9000000e+01   3.7203893e-02
   2.0000000e+01   3.7322950e-02
   2.1000000e+01   3.7441954e-02
   2.2000000e+01   3.7560914e-02
   2.3000000e+01   3.7679825e-02
   2.4000000e+01   3.7798688e-02
   2.5000000e+01   3.7917506e-02
   2.6000000e+01   3.8036279e-02
   2.7000000e+01   3.8155004e-02
   2.8000000e+01   3.8273685e-02
   2.9000000e+01   3.8392320e-02
   3.0000000e+01   3.8510915e-02
   3.1000000e+01   3.8756557e-02
   3.2000000e+01   3.9002236e-02
   3.3000000e+01   3.9247941e-02
   3.4000000e+01   3.9493684e-02
   3.5000000e+01   3.9739456e-02
   3.6000000e+01   3.9985262e-02
   3.7000000e+01   4.0231101e-02
   3.8000000e+01   4.0476974e-02
   3.9000000e+01   4.0722877e-02
   4.0000000e+01   4.0968813e-02
   4.1000000e+01   4.1214783e-02
   4.2000000e+01   4.1460786e-02
   4.3000000e+01   4.1706819e-02
   4.4000000e+01   4.1952893e-02
   4.5000000e+01   4.2198997e-02
   4.6000000e+01   4.2445134e-02
   4.7000000e+01   4.2691305e-02
   4.8000000e+01   4.2937510e-02
   4.9000000e+01   4.3183751e-02
   5.0000000e+01   4.3430027e-02
   5.1000000e+01   4.3676335e-02
   5.2000000e+01   4.3922674e-02
   5.3000000e+01   4.4169053e-02
   5.4000000e+01   4.4415470e-02
   5.5000000e+01   4.4661913e-02
   5.6000000e+01   4.4908397e-02
   5.7000000e+01   4.5154914e-02
   5.8000000e+01   4.5401469e-02
   5.9000000e+01   4.5648057e-02
   6.0000000e+01   4.5894679e-02
   6.1000000e+01   4.6133026e-02
   6.2000000e+01   4.6371829e-02
   6.3000000e+01   4.6611078e-02
   6.4000000e+01   4.6850774e-02
   6.5000000e+01   4.7090914e-02
   6.6000000e+01   4.7331497e-02
   6.7000000e+01   4.7572516e-02
   6.8000000e+01   4.7813971e-02
   6.9000000e+01   4.8055857e-02
   7.0000000e+01   4.8298180e-02
   7.1000000e+01   4.8540939e-02
   7.2000000e+01   4.8784275e-02
   7.3000000e+01   4.9028020e-02
   7.4000000e+01   4.9272232e-02
   7.5000000e+01   4.9516927e-02
   7.6000000e+01   4.9761999e-02
   7.7000000e+01   5.0007444e-02
   7.8000000e+01   5.0253261e-02
   7.9000000e+01   5.0499450e-02
   8.0000000e+01   5.0746001e-02
   8.1000000e+01   5.0992921e-02
   8.2000000e+01   5.1240198e-02
   8.3000000e+01   5.1487841e-02
   8.4000000e+01   5.1735841e-02
   8.5000000e+01   5.1984198e-02
   8.6000000e+01   5.2232902e-02
   8.7000000e+01   5.2481968e-02
   8.8000000e+01   5.2731376e-02
   8.9000000e+01   5.2981135e-02
   9.0000000e+01   5.3231239e-02
   9.1000000e+01   5.3252652e-02
   9.2000000e+01   5.3273913e-02
   9.3000000e+01   5.3294979e-02
   9.4000000e+01   5.3315815e-02
   9.5000000e+01   5.3336035e-02
   9.6000000e+01   5.3353731e-02
   9.7000000e+01   5.3371314e-02
   9.8000000e+01   5.3388759e-02
   9.9000000e+01   5.3406026e-02
   1.0000000e+02   5.3423088e-02
   1.0100000e+02   5.3440947e-02
   1.0200000e+02   5.3463291e-02
   1.0300000e+02   5.3486209e-02
   1.0400000e+02   5.3509675e-02
   1.0500000e+02   5.3533658e-02
   1.0600000e+02   5.3558137e-02
   1.0700000e+02   5.3583078e-02
   1.0800000e+02   5.3608458e-02
   1.0900000e+02   5.3634256e-02
   1.1000000e+02   5.3660441e-02
   1.1100000e+02   5.3686991e-02
   1.1200000e+02   5.3713892e-02
   1.1300000e+02   5.3741112e-02
   1.1400000e+02   5.3768635e-02
   1.1500000e+02   5.3796437e-02
   1.1600000e+02   5.3824503e-02
   1.1700000e+02   5.3852811e-02
   1.1800000e+02   5.3881340e-02
   1.1900000e+02   5.3910080e-02
   1.2000000e+02   5.3939003e-02
   1.2100000e+02   5.3841244e-02
   1.2200000e+02   5.3751200e-02
   1.2300000e+02   5.3668551e-02
   1.2400000e+02   5.3592995e-02
   1.2500000e+02   5.3524245e-02
   1.2600000e+02   5.3462017e-02
   1.2700000e+02   5.3406045e-02
   1.2800000e+02   5.3356089e-02
   1.2900000e+02   5.3311899e-02
   1.3000000e+02   5.3273238e-02
   1.3100000e+02   5.3239774e-02
   1.3200000e+02   5.3211313e-02
   1.3300000e+02   5.3187706e-02
   1.3400000e+02   5.3168762e-02
   1.3500000e+02   5.3154279e-02
   1.3600000e+02   5.3144075e-02
   1.3700000e+02   5.3137966e-02
   1.3800000e+02   5.3135779e-02
   1.3900000e+02   5.3137351e-02
   1.4000000e+02   5.3142518e-02
   1.4100000e+02   5.3151391e-02
   1.4200000e+02   5.3163927e-02
   1.4300000e+02   5.3179454e-02
   1.4400000e+02   5.3197831e-02
   1.4500000e+02   5.3218909e-02
   1.4600000e+02   5.3242557e-02
   1.4700000e+02   5.3268570e-02
   1.4800000e+02   5.3296741e-02
   1.4900000e+02   5.3327359e-02
   1.5000000e+02   5.3360298e-02
   1.5100000e+02   5.3403012e-02
   1.5200000e+02   5.3442702e-02
   1.5300000e+02   5.3479504e-02
   1.5400000e+02   5.3513560e-02
   1.5500000e+02   5.3545009e-02
   1.5600000e+02   5.3560056e-02
   1.5700000e+02   5.3571008e-02
   1.5800000e+02   5.3581797e-02
   1.5900000e+02   5.3592425e-02
   1.6000000e+02   5.3602908e-02
   1.6100000e+02   5.3613249e-02
   1.6200000e+02   5.3623445e-02
   1.6300000e+02   5.3633511e-02
   1.6400000e+02   5.3643450e-02
   1.6500000e+02   5.3653259e-02
   1.6600000e+02   5.3662948e-02
   1.6700000e+02   5.3672522e-02
   1.6800000e+02   5.3681981e-02
   1.6900000e+02   5.3691335e-02
   1.7000000e+02   5.3700581e-02
   1.7100000e+02   5.3709727e-02
   1.7200000e+02   5.3718772e-02
   1.7300000e+02   5.3727727e-02
   1.7400000e+02   5.3736590e-02
   1.7500000e+02   5.3745367e-02
   1.7600000e+02   5.3754058e-02
   1.7700000e+02   5.3762671e-02
   1.7800000e+02   5.3771205e-02
   1.7900000e+02   5.3779665e-02
   1.8000000e+02   5.3788058e-02
   1.8100000e+02   5.3812176e-02
   1.8200000e+02   5.3836722e-02
   1.8300000e+02   5.3861648e-02
   1.8400000e+02   5.3886913e-02
   1.8500000e+02   5.3912472e-02
   1.8600000e+02   5.3938285e-02
   1.8700000e+02   5.3964306e-02
   1.8800000e+02   5.3990498e-02
   1.8900000e+02   5.4016829e-02
   1.9000000e+02   5.4043256e-02
   1.9100000e+02   5.4069746e-02
   1.9200000e+02   5.4096267e-02
   1.9300000e+02   5.4122873e-02
   1.9400000e+02   5.4149609e-02
   1.9500000e+02   5.4176234e-02
   1.9600000e+02   5.4202724e-02
   1.9700000e+02   5.4229055e-02
   1.9800000e+02   5.4250404e-02
   1.9900000e+02   5.4270629e-02
   2.0000000e+02   5.4290310e-02
   2.0100000e+02   5.4309458e-02
   2.0200000e+02   5.4328080e-02
   2.0300000e+02   5.4346196e-02
   2.0400000e+02   5.4363813e-02
   2.0500000e+02   5.4380942e-02
   2.0600000e+02   5.4397590e-02
   2.0700000e+02   5.4413605e-02
   2.0800000e+02   5.4429211e-02
   2.0900000e+02   5.4444544e-02
   2.1000000e+02   5.4459617e-02
   2.1100000e+02   5.4465231e-02
   2.1200000e+02   5.4469913e-02
   2.1300000e+02   5.4473676e-02
   2.1400000e+02   5.4476533e-02
   2.1500000e+02   5.4478500e-02
   2.1600000e+02   5.4480083e-02
   2.1700000e+02   5.4480970e-02
   2.1800000e+02   5.4481171e-02
   2.1900000e+02   5.4480702e-02
   2.2000000e+02   5.4479577e-02
   2.2100000e+02   5.4477803e-02
   2.2200000e+02   5.4475401e-02
   2.2300000e+02   5.4472342e-02
   2.2400000e+02   5.4468598e-02
   2.2500000e+02   5.4464243e-02
   2.2600000e+02   5.4459292e-02
   2.2700000e+02   5.4453760e-02
   2.2800000e+02   5.4447647e-02
   2.2900000e+02   5.4440979e-02
   2.3000000e+02   5.4433759e-02
   2.3100000e+02   5.4426000e-02
   2.3200000e+02   5.4417714e-02
   2.3300000e+02   5.4408912e-02
   2.3400000e+02   5.4399602e-02
   2.3500000e+02   5.4389793e-02
   2.3600000e+02   5.4379500e-02
   2.3700000e+02   5.4368734e-02
   2.3800000e+02   5.4357499e-02
   2.3900000e+02   5.4345809e-02
   2.4000000e+02   5.4333672e-02
   2.4100000e+02   5.4201461e-02
   2.4200000e+02   5.4069269e-02
   2.4300000e+02   5.3937100e-02
   2.4400000e+02   5.3804956e-02
   2.4500000e+02   5.3672832e-02
   2.4600000e+02   5.3540733e-02
   2.4700000e+02   5.3408660e-02
   2.4800000e+02   5.3276610e-02
   2.4900000e+02   5.3144585e-02
   2.5000000e+02   5.3012587e-02
   2.5100000e+02   5.2880615e-02
   2.5200000e+02   5.2748669e-02
   2.5300000e+02   5.2616749e-02
   2.5400000e+02   5.2484855e-02
   2.5500000e+02   5.2352991e-02
   2.5600000e+02   5.2221153e-02
   2.5700000e+02   5.2089345e-02
   2.5800000e+02   5.1957566e-02
   2.5900000e+02   5.1825814e-02
   2.6000000e+02   5.1694091e-02
   2.6100000e+02   5.1562399e-02
   2.6200000e+02   5.1430739e-02
   2.6300000e+02   5.1299103e-02
   2.6400000e+02   5.1167503e-02
   2.6500000e+02   5.1035933e-02
   2.6600000e+02   5.0904389e-02
   2.6700000e+02   5.0772883e-02
   2.6800000e+02   5.0641403e-02
   2.6900000e+02   5.0509956e-02
   2.7000000e+02   5.0378542e-02
   2.7100000e+02   5.0088491e-02
   2.7200000e+02   4.9798436e-02
   2.7300000e+02   4.9508505e-02
   2.7400000e+02   4.9218699e-02
   2.7500000e+02   4.8928864e-02
   2.7600000e+02   4.8638999e-02
   2.7700000e+02   4.8349105e-02
   2.7800000e+02   4.8059184e-02
   2.7900000e+02   4.7769237e-02
   2.8000000e+02   4.7479257e-02
   2.8100000e+02   4.7189251e-02
   2.8200000e+02   4.6899218e-02
   2.8300000e+02   4.6609156e-02
   2.8400000e+02   4.6319064e-02
   2.8500000e+02   4.6028946e-02
   2.8600000e+02   4.5738801e-02
   2.8700000e+02   4.5448631e-02
   2.8800000e+02   4.5158431e-02
   2.8900000e+02   4.4868205e-02
   2.9000000e+02   4.4577949e-02
   2.9100000e+02   4.4287670e-02
   2.9200000e+02   4.3997362e-02
   2.9300000e+02   4.3707028e-02
   2.9400000e+02   4.3416668e-02
   2.9500000e+02   4.3126281e-02
   2.9600000e+02   4.2835865e-02
   2.9700000e+02   4.2545427e-02
   2.9800000e+02   4.2254962e-02
   2.9900000e+02   4.1964471e-02
   3.0000000e+02   4.1673951e-02
   3.0100000e+02   4.1451283e-02
   3.0200000e+02   4.1228585e-02
   3.0300000e+02   4.1005861e-02
   3.0400000e+02   4.0783115e-02
   3.0500000e+02   4.0560346e-02
   3.0600000e+02   4.0337559e-02
   3.0700000e+02   4.0114757e-02
   3.0800000e+02   3.9891936e-02
   3.0900000e+02   3.9669100e-02
   3.1000000e+02   3.9446242e-02
   3.1100000e+02   3.9223365e-02
   3.1200000e+02   3.9000466e-02
   3.1300000e+02   3.8777553e-02
   3.1400000e+02   3.8554620e-02
   3.1500000e+02   3.8331673e-02
   3.1600000e+02   3.8108699e-02
   3.1700000e+02   3.7885711e-02
   3.1800000e+02   3.7662707e-02
   3.1900000e+02   3.7439682e-02
   3.2000000e+02   3.7216637e-02
   3.2100000e+02   3.6993574e-02
   3.2200000e+02   3.6770497e-02
   3.2300000e+02   3.6547400e-02
   3.2400000e+02   3.6324285e-02
   3.2500000e+02   3.6101151e-02
   3.2600000e+02   3.5877999e-02
   3.2700000e+02   3.5654832e-02
   3.2800000e+02   3.5431646e-02
   3.2900000e+02   3.5208441e-02
   3.3000000e+02   3.4985218e-02
   3.3100000e+02   3.4926210e-02
   3.3200000e+02   3.4867197e-02
   3.3300000e+02   3.4808185e-02
   3.3400000e+02   3.4749165e-02
   3.3500000e+02   3.4690149e-02
   3.3600000e+02   3.4631126e-02
   3.3700000e+02   3.4572102e-02
   3.3800000e+02   3.4513075e-02
   3.3900000e+02   3.4454044e-02
   3.4000000e+02   3.4395013e-02
   3.4100000e+02   3.4335978e-02
   3.4200000e+02   3.4276944e-02
   3.4300000e+02   3.4217902e-02
   3.4400000e+02   3.4158863e-02
   3.4500000e+02   3.4099817e-02
   3.4600000e+02   3.4040771e-02
   3.4700000e+02   3.3981726e-02
   3.4800000e+02   3.3922676e-02
   3.4900000e+02   3.3863623e-02
   3.5000000e+02   3.3804566e-02
   3.5100000e+02   3.3745512e-02
   3.5200000e+02   3.3686452e-02
   3.5300000e+02   3.3627391e-02
   3.5400000e+02   3.3568326e-02
   3.5500000e+02   3.3509262e-02
   3.5600000e+02   3.3450194e-02
   3.5700000e+02   3.3391126e-02
   3.5800000e+02   3.3332057e-02
   3.5900000e+02   3.3272982e-02
   2.6219766e-08   3.3213906e-02
