   0.0000000e+00   4.9969955e+01
   1.0000000e+00   2.2320093e+01
   2.0000000e+00   2.2141224e+01
   3.0000000e+00   2.1940126e+01
   4.0000000e+00   2.1728794e+01
   5.0000000e+00   2.1507296e+01
   6.0000000e+00   2.1275688e+01
   7.0000000e+00   2.1034037e+01
   8.0000000e+00   2.0782410e+01
   9.0000000e+00   2.0520889e+01
   1.0000000e+01   2.0249565e+01
   1.1000000e+01   1.9968534e+01
   1.2000000e+01   1.9677900e+01
   1.3000000e+01   1.9377781e+01
   1.4000000e+01   1.9068300e+01
   1.5000000e+01   1.8749590e+01
   1.6000000e+01   1.8421795e+01
   1.7000000e+01   1.8085064e+01
   1.8000000e+01   1.7739561e+01
   1.9000000e+01   1.7385456e+01
   2.0000000e+01   1.7022928e+01
   2.1000000e+01   1.6652157e+01
   2.2000000e+01   1.6273350e+01
   2.3000000e+01   1.5886714e+01
   2.4000000e+01   1.5492466e+01
   2.5000000e+01   1.5090831e+01
   2.6000000e+01   1.4682040e+01
   2.7000000e+01   1.4266337e+01
   2.8000000e+01   1.3843971e+01
   2.9000000e+01   1.3415198e+01
   3.0000000e+01   1.2980283e+01
   3.1000000e+01   1.2485649e+01
   3.2000000e+01   1.1984798e+01
   3.3000000e+01   1.1478036e+01
   3.4000000e+01   1.0965674e+01
   3.5000000e+01   1.0448035e+01
   3.6000000e+01   9.9254417e+00
   3.7000000e+01   9.3982248e+00
   3.8000000e+01   8.8667183e+00
   3.9000000e+01   8.3312235e+00
   4.0000000e+01   7.7920532e+00
   4.1000000e+01   7.2495971e+00
   4.2000000e+01   6.7041998e+00
   4.3000000e+01   6.1562085e+00
   4.4000000e+01   5.6059690e+00
   4.5000000e+01   5.0538273e+00
   4.6000000e+01   4.5001283e+00
   4.7000000e+01   3.9452140e+00
   4.8000000e+01   3.3894253e+00
   4.9000000e+01   2.8330977e+00
   5.0000000e+01   2.2765639e+00
   5.1000000e+01   1.7201509e+00
   5.2000000e+01   1.1641814e+00
   5.3000000e+01   6.0897094e-01
   5.4000000e+01   5.4828689e-02
   5.5000000e+01  -4.9794331e-01
   5.6000000e+01  -1.0490509e+00
   5.7000000e+01  -1.5982080e+00
   5.8000000e+01  -2.1451371e+00
   5.9000000e+01  -2.6895697e+00
   6.0000000e+01  -3.2312469e+00
   6.1000000e+01  -3.5888155e+00
   6.2000000e+01  -3.9431651e+00
   6.3000000e+01  -4.2941389e+00
   6.4000000e+01  -4.6415858e+00
   6.5000000e+01  -4.9853621e+00
   6.6000000e+01  -5.3253307e+00
   6.7000000e+01  -5.6613617e+00
   6.8000000e+01  -5.9933305e+00
   6.9000000e+01  -6.3211207e+00
   7.0000000e+01  -6.6446214e+00
   7.1000000e+01  -6.9637294e+00
   7.2000000e+01  -7.2782264e+00
   7.3000000e+01  -7.5874734e+00
   7.4000000e+01  -7.8919463e+00
   7.5000000e+01  -8.1915722e+00
   7.6000000e+01  -8.4862785e+00
   7.7000000e+01  -8.7760029e+00
   7.8000000e+01  -9.0606852e+00
   7.9000000e+01  -9.3402710e+00
   8.0000000e+01  -9.6147108e+00
   8.1000000e+01  -9.8839626e+00
   8.2000000e+01  -1.0147985e+01
   8.3000000e+01  -1.0406746e+01
   8.4000000e+01  -1.0660212e+01
   8.5000000e+01  -1.0908359e+01
   8.6000000e+01  -1.1151162e+01
   8.7000000e+01  -1.1388605e+01
   8.8000000e+01  -1.1620672e+01
   8.9000000e+01  -1.1847353e+01
   9.0000000e+01  -1.2068636e+01
   9.1000000e+01  -1.1967279e+01
   9.2000000e+01  -1.1863750e+01
   9.3000000e+01  -1.1757985e+01
   9.4000000e+01  -1.1649920e+01
   9.5000000e+01  -1.1539490e+01
   9.6000000e+01  -1.1426634e+01
   9.7000000e+01  -1.1311287e+01
   9.8000000e+01  -1.1193387e+01
   9.9000000e+01  -1.1072871e+01
   1.0000000e+02  -1.0949677e+01
   1.0100000e+02  -1.0823742e+01
   1.0200000e+02  -1.0695004e+01
   1.0300000e+02  -1.0563402e+01
   1.0400000e+02  -1.0428875e+01
   1.0500000e+02  -1.0291360e+01
   1.0600000e+02  -1.0150798e+01
   1.0700000e+02  -1.0007127e+01
   1.0800000e+02  -9.8602858e+00
   1.0900000e+02  -9.7102156e+00
   1.1000000e+02  -9.5568552e+00
   1.1100000e+02  -9.4001446e+00
   1.1200000e+02  -9.2400236e+00
   1.1300000e+02  -9.0764341e+00
   1.1400000e+02  -8.9093142e+00
   1.1500000e+02  -8.7386074e+00
   1.1600000e+02  -8.5642519e+00
   1.1700000e+02  -8.3861895e+00
   1.1800000e+02  -8.2043619e+00
   1.1900000e+02  -8.0187101e+00
   1.2000000e+02  -7.8291755e+00
   1.2100000e+02  -8.0412474e+00
   1.2200000e+02  -8.2471685e+00
   1.2300000e+02  -8.4469881e+00
   1.2400000e+02  -8.6407585e+00
   1.2500000e+02  -8.8285303e+00
   1.2600000e+02  -9.0103531e+00
   1.2700000e+02  -9.1862793e+00
   1.2800000e+02  -9.3563585e+00
   1.2900000e+02  -9.5206413e+00
   1.3000000e+02  -9.6791792e+00
   1.3100000e+02  -9.8320198e+00
   1.3200000e+02  -9.9792147e+00
   1.3300000e+02  -1.0120812e+01
   1.3400000e+02  -1.0256860e+01
   1.3500000e+02  -1.0387406e+01
   1.3600000e+02  -1.0512497e+01
   1.3700000e+02  -1.0632180e+01
   1.3800000e+02  -1.0746500e+01
   1.3900000e+02  -1.0855501e+01
   1.4000000e+02  -1.0959228e+01
   1.4100000e+02  -1.1057722e+01
   1.4200000e+02  -1.1151026e+01
   1.4300000e+02  -1.1239181e+01
   1.4400000e+02  -1.1322227e+01
   1.4500000e+02  -1.1400202e+01
   1.4600000e+02  -1.1473144e+01
   1.4700000e+02  -1.1541090e+01
   1.4800000e+02  -1.1604075e+01
   1.4900000e+02  -1.1662135e+01
   1.5000000e+02  -1.1715302e+01
   1.5100000e+02  -1.1763789e+01
   1.5200000e+02  -1.1807446e+01
   1.5300000e+02  -1.1846302e+01
   1.5400000e+02  -1.1880386e+01
   1.5500000e+02  -1.1909727e+01
   1.5600000e+02  -1.1934351e+01
   1.5700000e+02  -1.1954283e+01
   1.5800000e+02  -1.1969548e+01
   1.5900000e+02  -1.1980170e+01
   1.6000000e+02  -1.1986171e+01
   1.6100000e+02  -1.1987570e+01
   1.6200000e+02  -1.1984388e+01
   1.6300000e+02  -1.1976645e+01
   1.6400000e+02  -1.1964356e+01
   1.6500000e+02  -1.1947540e+01
   1.6600000e+02  -1.1926211e+01
   1.6700000e+02  -1.1900383e+01
   1.6800000e+02  -1.1870070e+01
   1.6900000e+02  -1.1835283e+01
   1.7000000e+02  -1.1796034e+01
   1.7100000e+02  -1.1752333e+01
   1.7200000e+02  -1.1704189e+01
   1.7300000e+02  -1.1651609e+01
   1.7400000e+02  -1.1594601e+01
   1.7500000e+02  -1.1533170e+01
   1.7600000e+02  -1.1467319e+01
   1.7700000e+02  -1.1397055e+01
   1.7800000e+02  -1.1322379e+01
   1.7900000e+02  -1.1243293e+01
   1.8000000e+02  -1.1159799e+01
   1.8100000e+02  -1.1072035e+01
   1.8200000e+02  -1.0979861e+01
   1.8300000e+02  -1.0883275e+01
   1.8400000e+02  -1.0782274e+01
   1.8500000e+02  -1.0676856e+01
   1.8600000e+02  -1.0567017e+01
   1.8700000e+02  -1.0452750e+01
   1.8800000e+02  -1.0334051e+01
   1.8900000e+02  -1.0210915e+01
   1.9000000e+02  -1.0083333e+01
   1.9100000e+02  -9.9512978e+00
   1.9200000e+02  -9.8148022e+00
   1.9300000e+02  -9.6738367e+00
   1.9400000e+02  -9.5283918e+00
   1.9500000e+02  -9.3784571e+00
   1.9600000e+02  -9.2240238e+00
   1.9700000e+02  -9.0650797e+00
   1.9800000e+02  -8.9016142e+00
   1.9900000e+02  -8.7336159e+00
   2.0000000e+02  -8.5610723e+00
   2.0100000e+02  -8.3839722e+00
   2.0200000e+02  -8.2023020e+00
   2.0300000e+02  -8.0160494e+00
   2.0400000e+02  -7.8252020e+00
   2.0500000e+02  -7.6297469e+00
   2.0600000e+02  -7.4296713e+00
   2.0700000e+02  -7.2249627e+00
   2.0800000e+02  -7.0156078e+00
   2.0900000e+02  -6.8015947e+00
   2.1000000e+02  -6.5829105e+00
   2.1100000e+02  -6.7175894e+00
   2.1200000e+02  -6.8490081e+00
   2.1300000e+02  -6.9772639e+00
   2.1400000e+02  -7.1024528e+00
   2.1500000e+02  -7.2246709e+00
   2.1600000e+02  -7.3440123e+00
   2.1700000e+02  -7.4605718e+00
   2.1800000e+02  -7.5744433e+00
   2.1900000e+02  -7.6857204e+00
   2.2000000e+02  -7.7944474e+00
   2.2100000e+02  -7.9006400e+00
   2.2200000e+02  -8.0044851e+00
   2.2300000e+02  -8.1060753e+00
   2.2400000e+02  -8.2055025e+00
   2.2500000e+02  -8.3028593e+00
   2.2600000e+02  -8.3982363e+00
   2.2700000e+02  -8.4917259e+00
   2.2800000e+02  -8.5834188e+00
   2.2900000e+02  -8.6734076e+00
   2.3000000e+02  -8.7617826e+00
   2.3100000e+02  -8.8486366e+00
   2.3200000e+02  -8.9340611e+00
   2.3300000e+02  -9.0181484e+00
   2.3400000e+02  -9.1009903e+00
   2.3500000e+02  -9.1826801e+00
   2.3600000e+02  -9.2633114e+00
   2.3700000e+02  -9.3429775e+00
   2.3800000e+02  -9.4217710e+00
   2.3900000e+02  -9.4997873e+00
   2.4000000e+02  -9.5771208e+00
   2.4100000e+02  -9.3863955e+00
   2.4200000e+02  -9.1931591e+00
   2.4300000e+02  -8.9974442e+00
   2.4400000e+02  -8.7992811e+00
   2.4500000e+02  -8.5987062e+00
   2.4600000e+02  -8.3957558e+00
   2.4700000e+02  -8.1904669e+00
   2.4800000e+02  -7.9828820e+00
   2.4900000e+02  -7.7730417e+00
   2.5000000e+02  -7.5609913e+00
   2.5100000e+02  -7.3467774e+00
   2.5200000e+02  -7.1304493e+00
   2.5300000e+02  -6.9120588e+00
   2.5400000e+02  -6.6916590e+00
   2.5500000e+02  -6.4693069e+00
   2.5600000e+02  -6.2450619e+00
   2.5700000e+02  -6.0189848e+00
   2.5800000e+02  -5.7911401e+00
   2.5900000e+02  -5.5615959e+00
   2.6000000e+02  -5.3304219e+00
   2.6100000e+02  -5.0976911e+00
   2.6200000e+02  -4.8634801e+00
   2.6300000e+02  -4.6278682e+00
   2.6400000e+02  -4.3909369e+00
   2.6500000e+02  -4.1527724e+00
   2.6600000e+02  -3.9134636e+00
   2.6700000e+02  -3.6731029e+00
   2.6800000e+02  -3.4317856e+00
   2.6900000e+02  -3.1896110e+00
   2.7000000e+02  -2.9466815e+00
   2.7100000e+02  -2.4409883e+00
   2.7200000e+02  -1.9315439e+00
   2.7300000e+02  -1.4184965e+00
   2.7400000e+02  -9.0200204e-01
   2.7500000e+02  -3.8222465e-01
   2.7600000e+02   1.4066367e-01
   2.7700000e+02   6.6648304e-01
   2.7800000e+02   1.1950458e+00
   2.7900000e+02   1.7261565e+00
   2.8000000e+02   2.2596121e+00
   2.8100000e+02   2.7952023e+00
   2.8200000e+02   3.3327091e+00
   2.8300000e+02   3.8719079e+00
   2.8400000e+02   4.4125676e+00
   2.8500000e+02   4.9544497e+00
   2.8600000e+02   5.4973102e+00
   2.8700000e+02   6.0408983e+00
   2.8800000e+02   6.5849590e+00
   2.8900000e+02   7.1292310e+00
   2.9000000e+02   7.6734481e+00
   2.9100000e+02   8.2173414e+00
   2.9200000e+02   8.7606344e+00
   2.9300000e+02   9.3030519e+00
   2.9400000e+02   9.8443127e+00
   2.9500000e+02   1.0384132e+01
   2.9600000e+02   1.0922226e+01
   2.9700000e+02   1.1458308e+01
   2.9800000e+02   1.1992088e+01
   2.9900000e+02   1.2523280e+01
   3.0000000e+02   1.3051594e+01
   3.0100000e+02   1.3464560e+01
   3.0200000e+02   1.3874262e+01
   3.0300000e+02   1.4280466e+01
   3.0400000e+02   1.4682938e+01
   3.0500000e+02   1.5081442e+01
   3.0600000e+02   1.5475746e+01
   3.0700000e+02   1.5865617e+01
   3.0800000e+02   1.6250822e+01
   3.0900000e+02   1.6631132e+01
   3.1000000e+02   1.7006317e+01
   3.1100000e+02   1.7376152e+01
   3.1200000e+02   1.7740412e+01
   3.1300000e+02   1.8098873e+01
   3.1400000e+02   1.8451319e+01
   3.1500000e+02   1.8797529e+01
   3.1600000e+02   1.9137293e+01
   3.1700000e+02   1.9470398e+01
   3.1800000e+02   1.9796637e+01
   3.1900000e+02   2.0115808e+01
   3.2000000e+02   2.0427713e+01
   3.2100000e+02   2.0732153e+01
   3.2200000e+02   2.1028938e+01
   3.2300000e+02   2.1317883e+01
   3.2400000e+02   2.1598799e+01
   3.2500000e+02   2.1871513e+01
   3.2600000e+02   2.2135849e+01
   3.2700000e+02   2.2391636e+01
   3.2800000e+02   2.2638712e+01
   3.2900000e+02   2.2876915e+01
   3.3000000e+02   2.3106092e+01
   3.3100000e+02   2.3264851e+01
   3.3200000e+02   2.3414164e+01
   3.3300000e+02   2.3553888e+01
   3.3400000e+02   2.3683882e+01
   3.3500000e+02   2.3804012e+01
   3.3600000e+02   2.3914145e+01
   3.3700000e+02   2.4014154e+01
   3.3800000e+02   2.4103914e+01
   3.3900000e+02   2.4183311e+01
   3.4000000e+02   2.4252226e+01
   3.4100000e+02   2.4310553e+01
   3.4200000e+02   2.4358185e+01
   3.4300000e+02   2.4395023e+01
   3.4400000e+02   2.4420973e+01
   3.4500000e+02   2.4435946e+01
   3.4600000e+02   2.4439856e+01
   3.4700000e+02   2.4432623e+01
   3.4800000e+02   2.4414175e+01
   3.4900000e+02   2.4384445e+01
   3.5000000e+02   2.4343370e+01
   3.5100000e+02   2.4290894e+01
   3.5200000e+02   2.4226965e+01
   3.5300000e+02   2.4151541e+01
   3.5400000e+02   2.4064587e+01
   3.5500000e+02   2.3966070e+01
   3.5600000e+02   2.3855968e+01
   3.5700000e+02   2.3734264e+01
   3.5800000e+02   2.3600952e+01
   3.5900000e+02   2.3456030e+01
   2.6219766e-08   2.3299503e+01
   1.0000000e+00   2.3082781e+01
   2.0000000e+00   2.2854120e+01
   3.0000000e+00   2.2613544e+01
   4.0000000e+00   2.2361088e+01
   5.0000000e+00   2.2096796e+01
   6.0000000e+00   2.1820723e+01
   7.0000000e+00   2.1532936e+01
   8.0000000e+00   2.1233513e+01
   9.0000000e+00   2.0922543e+01
   1.0000000e+01   2.0600126e+01
   1.1000000e+01   2.0266376e+01
   1.2000000e+01   1.9921423e+01
   1.3000000e+01   1.9565401e+01
   1.4000000e+01   1.9198465e+01
   1.5000000e+01   1.8820778e+01
   1.6000000e+01   1.8432518e+01
   1.7000000e+01   1.8033880e+01
   1.8000000e+01   1.7625067e+01
   1.9000000e+01   1.7206295e+01
   2.0000000e+01   1.6777802e+01
   2.1000000e+01   1.6339828e+01
   2.2000000e+01   1.5892636e+01
   2.3000000e+01   1.5436496e+01
   2.4000000e+01   1.4971692e+01
   2.5000000e+01   1.4498522e+01
   2.6000000e+01   1.4017295e+01
   2.7000000e+01   1.3528332e+01
   2.8000000e+01   1.3031965e+01
   2.9000000e+01   1.2528537e+01
   3.0000000e+01   1.2018400e+01
   3.1000000e+01   1.1371088e+01
   3.2000000e+01   1.0716139e+01
   3.3000000e+01   1.0054018e+01
   3.4000000e+01   9.3852072e+00
   3.5000000e+01   8.7101984e+00
   3.6000000e+01   8.0295010e+00
   3.7000000e+01   7.3436322e+00
   3.8000000e+01   6.6531191e+00
   3.9000000e+01   5.9584970e+00
   4.0000000e+01   5.2603073e+00
   4.1000000e+01   4.5590963e+00
   4.2000000e+01   3.8554125e+00
   4.3000000e+01   3.1498055e+00
   4.4000000e+01   2.4428246e+00
   4.5000000e+01   1.7350162e+00
   4.6000000e+01   1.0269223e+00
   4.7000000e+01   3.1907934e-01
   4.8000000e+01  -3.8798434e-01
   4.9000000e+01  -1.0937493e+00
   5.0000000e+01  -1.7977071e+00
   5.1000000e+01  -2.4993613e+00
   5.2000000e+01  -3.1982291e+00
   5.3000000e+01  -3.8938425e+00
   5.4000000e+01  -4.5857491e+00
   5.5000000e+01  -5.2735147e+00
   5.6000000e+01  -5.9567208e+00
   5.7000000e+01  -6.6349692e+00
   5.8000000e+01  -7.3078804e+00
   5.9000000e+01  -7.9750948e+00
   6.0000000e+01  -8.6362724e+00
   6.1000000e+01  -8.7930679e+00
   6.2000000e+01  -8.9485941e+00
   6.3000000e+01  -9.1028061e+00
   6.4000000e+01  -9.2555761e+00
   6.5000000e+01  -9.4067831e+00
   6.6000000e+01  -9.5563087e+00
   6.7000000e+01  -9.7040405e+00
   6.8000000e+01  -9.8498707e+00
   6.9000000e+01  -9.9936962e+00
   7.0000000e+01  -1.0135419e+01
   7.1000000e+01  -1.0274945e+01
   7.2000000e+01  -1.0412185e+01
   7.3000000e+01  -1.0547053e+01
   7.4000000e+01  -1.0679471e+01
   7.5000000e+01  -1.0809360e+01
   7.6000000e+01  -1.0936646e+01
   7.7000000e+01  -1.1061264e+01
   7.8000000e+01  -1.1183146e+01
   7.9000000e+01  -1.1302232e+01
   8.0000000e+01  -1.1418462e+01
   8.1000000e+01  -1.1531782e+01
   8.2000000e+01  -1.1642142e+01
   8.3000000e+01  -1.1749492e+01
   8.4000000e+01  -1.1853786e+01
   8.5000000e+01  -1.1954982e+01
   8.6000000e+01  -1.2053040e+01
   8.7000000e+01  -1.2147923e+01
   8.8000000e+01  -1.2239594e+01
   8.9000000e+01  -1.2328022e+01
   9.0000000e+01  -1.2413176e+01
   9.1000000e+01  -1.2283298e+01
   9.2000000e+01  -1.2152534e+01
   9.3000000e+01  -1.2020802e+01
   9.4000000e+01  -1.1888017e+01
   9.5000000e+01  -1.1754099e+01
   9.6000000e+01  -1.1618967e+01
   9.7000000e+01  -1.1482541e+01
   9.8000000e+01  -1.1344744e+01
   9.9000000e+01  -1.1205498e+01
   1.0000000e+02  -1.1064725e+01
   1.0100000e+02  -1.0922351e+01
   1.0200000e+02  -1.0778299e+01
   1.0300000e+02  -1.0632499e+01
   1.0400000e+02  -1.0484874e+01
   1.0500000e+02  -1.0335354e+01
   1.0600000e+02  -1.0183867e+01
   1.0700000e+02  -1.0030342e+01
   1.0800000e+02  -9.8747101e+00
   1.0900000e+02  -9.7169027e+00
   1.1000000e+02  -9.5568504e+00
   1.1100000e+02  -9.3944864e+00
   1.1200000e+02  -9.2297440e+00
   1.1300000e+02  -9.0625572e+00
   1.1400000e+02  -8.8928604e+00
   1.1500000e+02  -8.7205896e+00
   1.1600000e+02  -8.5456791e+00
   1.1700000e+02  -8.3680658e+00
   1.1800000e+02  -8.1876879e+00
   1.1900000e+02  -8.0044813e+00
   1.2000000e+02  -7.8183861e+00
   1.2100000e+02  -8.0305901e+00
   1.2200000e+02  -8.2366457e+00
   1.2300000e+02  -8.4366016e+00
   1.2400000e+02  -8.6305094e+00
   1.2500000e+02  -8.8184195e+00
   1.2600000e+02  -9.0003824e+00
   1.2700000e+02  -9.1764498e+00
   1.2800000e+02  -9.3466711e+00
   1.2900000e+02  -9.5110970e+00
   1.3000000e+02  -9.6697779e+00
   1.3100000e+02  -9.8227634e+00
   1.3200000e+02  -9.9701033e+00
   1.3300000e+02  -1.0111846e+01
   1.3400000e+02  -1.0248039e+01
   1.3500000e+02  -1.0378732e+01
   1.3600000e+02  -1.0503969e+01
   1.3700000e+02  -1.0623798e+01
   1.3800000e+02  -1.0738264e+01
   1.3900000e+02  -1.0847412e+01
   1.4000000e+02  -1.0951284e+01
   1.4100000e+02  -1.1049925e+01
   1.4200000e+02  -1.1143375e+01
   1.4300000e+02  -1.1231676e+01
   1.4400000e+02  -1.1314867e+01
   1.4500000e+02  -1.1392987e+01
   1.4600000e+02  -1.1466075e+01
   1.4700000e+02  -1.1534165e+01
   1.4800000e+02  -1.1597296e+01
   1.4900000e+02  -1.1655499e+01
   1.5000000e+02  -1.1708811e+01
   1.5100000e+02  -1.1757324e+01
   1.5200000e+02  -1.1801008e+01
   1.5300000e+02  -1.1839892e+01
   1.5400000e+02  -1.1874006e+01
   1.5500000e+02  -1.1903377e+01
   1.5600000e+02  -1.1928031e+01
   1.5700000e+02  -1.1947995e+01
   1.5800000e+02  -1.1963292e+01
   1.5900000e+02  -1.1973947e+01
   1.6000000e+02  -1.1979980e+01
   1.6100000e+02  -1.1981412e+01
   1.6200000e+02  -1.1978265e+01
   1.6300000e+02  -1.1970555e+01
   1.6400000e+02  -1.1958302e+01
   1.6500000e+02  -1.1941521e+01
   1.6600000e+02  -1.1920228e+01
   1.6700000e+02  -1.1894436e+01
   1.6800000e+02  -1.1864160e+01
   1.6900000e+02  -1.1829410e+01
   1.7000000e+02  -1.1790198e+01
   1.7100000e+02  -1.1746534e+01
   1.7200000e+02  -1.1698428e+01
   1.7300000e+02  -1.1645885e+01
   1.7400000e+02  -1.1588915e+01
   1.7500000e+02  -1.1527521e+01
   1.7600000e+02  -1.1461710e+01
   1.7700000e+02  -1.1391484e+01
   1.7800000e+02  -1.1316847e+01
   1.7900000e+02  -1.1237802e+01
   1.8000000e+02  -1.1154347e+01
   1.8100000e+02  -1.1066535e+01
   1.8200000e+02  -1.0974313e+01
   1.8300000e+02  -1.0877681e+01
   1.8400000e+02  -1.0776635e+01
   1.8500000e+02  -1.0671173e+01
   1.8600000e+02  -1.0561291e+01
   1.8700000e+02  -1.0446983e+01
   1.8800000e+02  -1.0328244e+01
   1.8900000e+02  -1.0205069e+01
   1.9000000e+02  -1.0077449e+01
   1.9100000e+02  -9.9453773e+00
   1.9200000e+02  -9.8088465e+00
   1.9300000e+02  -9.6678467e+00
   1.9400000e+02  -9.5223684e+00
   1.9500000e+02  -9.3724031e+00
   1.9600000e+02  -9.2179394e+00
   1.9700000e+02  -9.0589657e+00
   1.9800000e+02  -8.8954725e+00
   1.9900000e+02  -8.7274475e+00
   2.0000000e+02  -8.5548792e+00
   2.0100000e+02  -8.3777542e+00
   2.0200000e+02  -8.1960611e+00
   2.0300000e+02  -8.0097876e+00
   2.0400000e+02  -7.8189201e+00
   2.0500000e+02  -7.6234465e+00
   2.0600000e+02  -7.4233541e+00
   2.0700000e+02  -7.2186294e+00
   2.0800000e+02  -7.0092607e+00
   2.0900000e+02  -6.7952347e+00
   2.1000000e+02  -6.5765395e+00
   2.1100000e+02  -6.7154360e+00
   2.1200000e+02  -6.8512859e+00
   2.1300000e+02  -6.9841743e+00
   2.1400000e+02  -7.1141858e+00
   2.1500000e+02  -7.2414045e+00
   2.1600000e+02  -7.3659153e+00
   2.1700000e+02  -7.4878035e+00
   2.1800000e+02  -7.6071534e+00
   2.1900000e+02  -7.7240500e+00
   2.2000000e+02  -7.8385782e+00
   2.2100000e+02  -7.9508238e+00
   2.2200000e+02  -8.0608721e+00
   2.2300000e+02  -8.1688080e+00
   2.2400000e+02  -8.2747192e+00
   2.2500000e+02  -8.3786907e+00
   2.2600000e+02  -8.4808102e+00
   2.2700000e+02  -8.5811634e+00
   2.2800000e+02  -8.6798401e+00
   2.2900000e+02  -8.7769270e+00
   2.3000000e+02  -8.8725128e+00
   2.3100000e+02  -8.9666882e+00
   2.3200000e+02  -9.0595407e+00
   2.3300000e+02  -9.1511631e+00
   2.3400000e+02  -9.2416449e+00
   2.3500000e+02  -9.3310795e+00
   2.3600000e+02  -9.4195585e+00
   2.3700000e+02  -9.5071764e+00
   2.3800000e+02  -9.5940266e+00
   2.3900000e+02  -9.6802044e+00
   2.4000000e+02  -9.7658072e+00
   2.4100000e+02  -9.5981550e+00
   2.4200000e+02  -9.4278555e+00
   2.4300000e+02  -9.2549400e+00
   2.4400000e+02  -9.0794420e+00
   2.4500000e+02  -8.9013958e+00
   2.4600000e+02  -8.7208395e+00
   2.4700000e+02  -8.5378103e+00
   2.4800000e+02  -8.3523502e+00
   2.4900000e+02  -8.1645012e+00
   2.5000000e+02  -7.9743080e+00
   2.5100000e+02  -7.7818170e+00
   2.5200000e+02  -7.5870767e+00
   2.5300000e+02  -7.3901391e+00
   2.5400000e+02  -7.1910572e+00
   2.5500000e+02  -6.9898872e+00
   2.5600000e+02  -6.7866874e+00
   2.5700000e+02  -6.5815196e+00
   2.5800000e+02  -6.3744473e+00
   2.5900000e+02  -6.1655374e+00
   2.6000000e+02  -5.9548593e+00
   2.6100000e+02  -5.7424855e+00
   2.6200000e+02  -5.5284915e+00
   2.6300000e+02  -5.3129568e+00
   2.6400000e+02  -5.0959625e+00
   2.6500000e+02  -4.8775949e+00
   2.6600000e+02  -4.6579413e+00
   2.6700000e+02  -4.4370952e+00
   2.6800000e+02  -4.2151513e+00
   2.6900000e+02  -3.9922087e+00
   2.7000000e+02  -3.7683711e+00
   2.7100000e+02  -3.2386785e+00
   2.7200000e+02  -2.7052794e+00
   2.7300000e+02  -2.1683323e+00
   2.7400000e+02  -1.6280050e+00
   2.7500000e+02  -1.0844737e+00
   2.7600000e+02  -5.3792262e-01
   2.7700000e+02   1.1455137e-02
   2.7800000e+02   5.6345844e-01
   2.7900000e+02   1.1178778e+00
   2.8000000e+02   1.6744959e+00
   2.8100000e+02   2.2330875e+00
   2.8200000e+02   2.7934201e+00
   2.8300000e+02   3.3552535e+00
   2.8400000e+02   3.9183404e+00
   2.8500000e+02   4.4824271e+00
   2.8600000e+02   5.0472536e+00
   2.8700000e+02   5.6125541e+00
   2.8800000e+02   6.1780562e+00
   2.8900000e+02   6.7434831e+00
   2.9000000e+02   7.3085542e+00
   2.9100000e+02   7.8729825e+00
   2.9200000e+02   8.4364786e+00
   2.9300000e+02   8.9987507e+00
   2.9400000e+02   9.5595026e+00
   2.9500000e+02   1.0118438e+01
   2.9600000e+02   1.0675256e+01
   2.9700000e+02   1.1229656e+01
   2.9800000e+02   1.1781339e+01
   2.9900000e+02   1.2330004e+01
   3.0000000e+02   1.2875349e+01
   3.0100000e+02   1.3305640e+01
   3.0200000e+02   1.3732485e+01
   3.0300000e+02   1.4155636e+01
   3.0400000e+02   1.4574846e+01
   3.0500000e+02   1.4989871e+01
   3.0600000e+02   1.5400464e+01
   3.0700000e+02   1.5806381e+01
   3.0800000e+02   1.6207378e+01
   3.0900000e+02   1.6603218e+01
   3.1000000e+02   1.6993658e+01
   3.1100000e+02   1.7378462e+01
   3.1200000e+02   1.7757397e+01
   3.1300000e+02   1.8130230e+01
   3.1400000e+02   1.8496735e+01
   3.1500000e+02   1.8856686e+01
   3.1600000e+02   1.9209862e+01
   3.1700000e+02   1.9556044e+01
   3.1800000e+02   1.9895018e+01
   3.1900000e+02   2.0226578e+01
   3.2000000e+02   2.0550514e+01
   3.2100000e+02   2.0866629e+01
   3.2200000e+02   2.1174723e+01
   3.2300000e+02   2.1474606e+01
   3.2400000e+02   2.1766092e+01
   3.2500000e+02   2.2048998e+01
   3.2600000e+02   2.2323147e+01
   3.2700000e+02   2.2588367e+01
   3.2800000e+02   2.2844492e+01
   3.2900000e+02   2.3091360e+01
   3.3000000e+02   2.3328814e+01
   3.3100000e+02   2.3492317e+01
   3.3200000e+02   2.3646074e+01
   3.3300000e+02   2.3789934e+01
   3.3400000e+02   2.3923748e+01
   3.3500000e+02   2.4047379e+01
   3.3600000e+02   2.4160686e+01
   3.3700000e+02   2.4263538e+01
   3.3800000e+02   2.4355806e+01
   3.3900000e+02   2.4437368e+01
   3.4000000e+02   2.4508104e+01
   3.4100000e+02   2.4567900e+01
   3.4200000e+02   2.4616646e+01
   3.4300000e+02   2.4654238e+01
   3.4400000e+02   2.4680580e+01
   3.4500000e+02   2.4695574e+01
   3.4600000e+02   2.4699135e+01
   3.4700000e+02   2.4691179e+01
   3.4800000e+02   2.4671629e+01
   3.4900000e+02   2.4640415e+01
   3.5000000e+02   2.4597471e+01
   3.5100000e+02   2.4542738e+01
   3.5200000e+02   2.4476164e+01
   3.5300000e+02   2.4397703e+01
   3.5400000e+02   2.4307316e+01
   3.5500000e+02   2.4204973e+01
   3.5600000e+02   2.4090647e+01
   3.5700000e+02   2.3964321e+01
   3.5800000e+02   2.3825989e+01
   3.5900000e+02   2.3675646e+01
   5.2445557e-08   2.3513302e+01
   1.0000000e+00   2.3286945e+01
   2.0000000e+00   2.3048162e+01
   3.0000000e+00   2.2796978e+01
   4.0000000e+00   2.2533422e+01
   5.0000000e+00   2.2257538e+01
   6.0000000e+00   2.1969376e+01
   7.0000000e+00   2.1669006e+01
   8.0000000e+00   2.1356506e+01
   9.0000000e+00   2.1031965e+01
   1.0000000e+01   2.0695488e+01
   1.1000000e+01   2.0347191e+01
   1.2000000e+01   1.9987207e+01
   1.3000000e+01   1.9615681e+01
   1.4000000e+01   1.9232771e+01
   1.5000000e+01   1.8838650e+01
   1.6000000e+01   1.8433508e+01
   1.7000000e+01   1.8017548e+01
   1.8000000e+01   1.7590986e+01
   1.9000000e+01   1.7154058e+01
   2.0000000e+01   1.6707008e+01
   2.1000000e+01   1.6250101e+01
   2.2000000e+01   1.5783614e+01
   2.3000000e+01   1.5307837e+01
   2.4000000e+01   1.4823074e+01
   2.5000000e+01   1.4329647e+01
   2.6000000e+01   1.3827888e+01
   2.7000000e+01   1.3318143e+01
   2.8000000e+01   1.2800767e+01
   2.9000000e+01   1.2276133e+01
   3.0000000e+01   1.1744617e+01
   3.1000000e+01   1.1074241e+01
   3.2000000e+01   1.0395834e+01
   3.3000000e+01   9.7099037e+00
   3.4000000e+01   9.0169735e+00
   3.5000000e+01   8.3175812e+00
   3.6000000e+01   7.6122789e+00
   3.7000000e+01   6.9016328e+00
   3.8000000e+01   6.1862168e+00
   3.9000000e+01   5.4666147e+00
   4.0000000e+01   4.7434173e+00
   4.1000000e+01   4.0172195e+00
   4.2000000e+01   3.2886183e+00
   4.3000000e+01   2.5582125e+00
   4.4000000e+01   1.8265988e+00
   4.5000000e+01   1.0943705e+00
   4.6000000e+01   3.6211556e-01
   4.7000000e+01  -3.6958566e-01
   4.8000000e+01  -1.1001620e+00
   4.9000000e+01  -1.8290536e+00
   5.0000000e+01  -2.5557134e+00
   5.1000000e+01  -3.2796085e+00
   5.2000000e+01  -4.0002222e+00
   5.3000000e+01  -4.7170558e+00
   5.4000000e+01  -5.4296274e+00
   5.5000000e+01  -6.1374769e+00
   5.6000000e+01  -6.8401628e+00
   5.7000000e+01  -7.5372663e+00
   5.8000000e+01  -8.2283907e+00
   5.9000000e+01  -8.9131603e+00
   6.0000000e+01  -9.5912247e+00
   6.1000000e+01  -9.7059183e+00
   6.2000000e+01  -9.8200903e+00
   6.3000000e+01  -9.9336023e+00
   6.4000000e+01  -1.0046319e+01
   6.5000000e+01  -1.0158112e+01
   6.6000000e+01  -1.0268856e+01
   6.7000000e+01  -1.0378431e+01
   6.8000000e+01  -1.0486726e+01
   6.9000000e+01  -1.0593628e+01
   7.0000000e+01  -1.0699034e+01
   7.1000000e+01  -1.0802843e+01
   7.2000000e+01  -1.0904959e+01
   7.3000000e+01  -1.1005290e+01
   7.4000000e+01  -1.1103749e+01
   7.5000000e+01  -1.1200253e+01
   7.6000000e+01  -1.1294722e+01
   7.7000000e+01  -1.1387079e+01
   7.8000000e+01  -1.1477255e+01
   7.9000000e+01  -1.1565178e+01
   8.0000000e+01  -1.1650784e+01
   8.1000000e+01  -1.1734014e+01
   8.2000000e+01  -1.1814805e+01
   8.3000000e+01  -1.1893104e+01
   8.4000000e+01  -1.1968856e+01
   8.5000000e+01  -1.2042013e+01
   8.6000000e+01  -1.2112528e+01
   8.7000000e+01  -1.2180354e+01
   8.8000000e+01  -1.2245451e+01
   8.9000000e+01  -1.2307777e+01
   9.0000000e+01  -1.2367295e+01
   9.1000000e+01  -1.2237675e+01
   9.2000000e+01  -1.2107260e+01
   9.3000000e+01  -1.1975965e+01
   9.4000000e+01  -1.1843705e+01
   9.5000000e+01  -1.1710398e+01
   9.6000000e+01  -1.1575960e+01
   9.7000000e+01  -1.1440310e+01
   9.8000000e+01  -1.1303370e+01
   9.9000000e+01  -1.1165060e+01
   1.0000000e+02  -1.1025302e+01
   1.0100000e+02  -1.0884018e+01
   1.0200000e+02  -1.0741135e+01
   1.0300000e+02  -1.0596577e+01
   1.0400000e+02  -1.0450271e+01
   1.0500000e+02  -1.0302143e+01
   1.0600000e+02  -1.0152122e+01
   1.0700000e+02  -1.0000139e+01
   1.0800000e+02  -9.8461227e+00
   1.0900000e+02  -9.6900043e+00
   1.1000000e+02  -9.5317154e+00
   1.1100000e+02  -9.3711891e+00
   1.1200000e+02  -9.2083588e+00
   1.1300000e+02  -9.0431585e+00
   1.1400000e+02  -8.8755245e+00
   1.1500000e+02  -8.7053909e+00
   1.1600000e+02  -8.5326948e+00
   1.1700000e+02  -8.3573742e+00
   1.1800000e+02  -8.1793661e+00
   1.1900000e+02  -7.9986091e+00
   1.2000000e+02  -7.8150420e+00
   1.2100000e+02  -8.0272884e+00
   1.2200000e+02  -8.2333870e+00
   1.2300000e+02  -8.4333858e+00
   1.2400000e+02  -8.6273375e+00
   1.2500000e+02  -8.8152905e+00
   1.2600000e+02  -8.9972973e+00
   1.2700000e+02  -9.1734085e+00
   1.2800000e+02  -9.3436737e+00
   1.2900000e+02  -9.5081444e+00
   1.3000000e+02  -9.6668701e+00
   1.3100000e+02  -9.8198996e+00
   1.3200000e+02  -9.9672842e+00
   1.3300000e+02  -1.0109071e+01
   1.3400000e+02  -1.0245309e+01
   1.3500000e+02  -1.0376046e+01
   1.3600000e+02  -1.0501328e+01
   1.3700000e+02  -1.0621202e+01
   1.3800000e+02  -1.0735712e+01
   1.3900000e+02  -1.0844904e+01
   1.4000000e+02  -1.0948821e+01
   1.4100000e+02  -1.1047505e+01
   1.4200000e+02  -1.1141000e+01
   1.4300000e+02  -1.1229344e+01
   1.4400000e+02  -1.1312579e+01
   1.4500000e+02  -1.1390743e+01
   1.4600000e+02  -1.1463874e+01
   1.4700000e+02  -1.1532008e+01
   1.4800000e+02  -1.1595181e+01
   1.4900000e+02  -1.1653428e+01
   1.5000000e+02  -1.1706782e+01
   1.5100000e+02  -1.1755304e+01
   1.5200000e+02  -1.1798997e+01
   1.5300000e+02  -1.1837891e+01
   1.5400000e+02  -1.1872013e+01
   1.5500000e+02  -1.1901393e+01
   1.5600000e+02  -1.1926056e+01
   1.5700000e+02  -1.1946030e+01
   1.5800000e+02  -1.1961336e+01
   1.5900000e+02  -1.1971999e+01
   1.6000000e+02  -1.1978043e+01
   1.6100000e+02  -1.1979485e+01
   1.6200000e+02  -1.1976347e+01
   1.6300000e+02  -1.1968648e+01
   1.6400000e+02  -1.1956405e+01
   1.6500000e+02  -1.1939633e+01
   1.6600000e+02  -1.1918350e+01
   1.6700000e+02  -1.1892569e+01
   1.6800000e+02  -1.1862303e+01
   1.6900000e+02  -1.1827563e+01
   1.7000000e+02  -1.1788363e+01
   1.7100000e+02  -1.1744709e+01
   1.7200000e+02  -1.1696613e+01
   1.7300000e+02  -1.1644082e+01
   1.7400000e+02  -1.1587122e+01
   1.7500000e+02  -1.1525739e+01
   1.7600000e+02  -1.1459939e+01
   1.7700000e+02  -1.1389724e+01
   1.7800000e+02  -1.1315099e+01
   1.7900000e+02  -1.1236064e+01
   1.8000000e+02  -1.1152620e+01
   1.8100000e+02  -1.1064794e+01
   1.8200000e+02  -1.0972557e+01
   1.8300000e+02  -1.0875910e+01
   1.8400000e+02  -1.0774850e+01
   1.8500000e+02  -1.0669374e+01
   1.8600000e+02  -1.0559478e+01
   1.8700000e+02  -1.0445157e+01
   1.8800000e+02  -1.0326406e+01
   1.8900000e+02  -1.0203218e+01
   1.9000000e+02  -1.0075585e+01
   1.9100000e+02  -9.9435015e+00
   1.9200000e+02  -9.8069592e+00
   1.9300000e+02  -9.6659479e+00
   1.9400000e+02  -9.5204582e+00
   1.9500000e+02  -9.3704824e+00
   1.9600000e+02  -9.2160072e+00
   1.9700000e+02  -9.0570250e+00
   1.9800000e+02  -8.8935213e+00
   1.9900000e+02  -8.7254868e+00
   2.0000000e+02  -8.5529089e+00
   2.0100000e+02  -8.3757763e+00
   2.0200000e+02  -8.1940746e+00
   2.0300000e+02  -8.0077925e+00
   2.0400000e+02  -7.8169179e+00
   2.0500000e+02  -7.6214371e+00
   2.0600000e+02  -7.4213376e+00
   2.0700000e+02  -7.2166071e+00
   2.0800000e+02  -7.0072322e+00
   2.0900000e+02  -6.7932005e+00
   2.1000000e+02  -6.5745001e+00
   2.1100000e+02  -6.7132249e+00
   2.1200000e+02  -6.8489633e+00
   2.1300000e+02  -6.9817982e+00
   2.1400000e+02  -7.1118112e+00
   2.1500000e+02  -7.2390852e+00
   2.1600000e+02  -7.3637028e+00
   2.1700000e+02  -7.4857464e+00
   2.1800000e+02  -7.6052990e+00
   2.1900000e+02  -7.7224436e+00
   2.2000000e+02  -7.8372636e+00
   2.2100000e+02  -7.9498429e+00
   2.2200000e+02  -8.0602655e+00
   2.2300000e+02  -8.1686153e+00
   2.2400000e+02  -8.2749777e+00
   2.2500000e+02  -8.3794374e+00
   2.2600000e+02  -8.4820805e+00
   2.2700000e+02  -8.5829926e+00
   2.2800000e+02  -8.6822615e+00
   2.2900000e+02  -8.7799730e+00
   2.3000000e+02  -8.8762178e+00
   2.3100000e+02  -8.9710817e+00
   2.3200000e+02  -9.0646563e+00
   2.3300000e+02  -9.1570301e+00
   2.3400000e+02  -9.2482958e+00
   2.3500000e+02  -9.3385439e+00
   2.3600000e+02  -9.4278679e+00
   2.3700000e+02  -9.5163612e+00
   2.3800000e+02  -9.6041174e+00
   2.3900000e+02  -9.6912336e+00
   2.4000000e+02  -9.7778063e+00
   2.4100000e+02  -9.6176329e+00
   2.4200000e+02  -9.4548006e+00
   2.4300000e+02  -9.2893419e+00
   2.4400000e+02  -9.1212912e+00
   2.4500000e+02  -8.9506826e+00
   2.4600000e+02  -8.7775545e+00
   2.4700000e+02  -8.6019459e+00
   2.4800000e+02  -8.4238968e+00
   2.4900000e+02  -8.2434502e+00
   2.5000000e+02  -8.0606499e+00
   2.5100000e+02  -7.8755450e+00
   2.5200000e+02  -7.6881828e+00
   2.5300000e+02  -7.4986148e+00
   2.5400000e+02  -7.3068957e+00
   2.5500000e+02  -7.1130805e+00
   2.5600000e+02  -6.9172282e+00
   2.5700000e+02  -6.7194004e+00
   2.5800000e+02  -6.5196614e+00
   2.5900000e+02  -6.3180771e+00
   2.6000000e+02  -6.1147180e+00
   2.6100000e+02  -5.9096560e+00
   2.6200000e+02  -5.7029676e+00
   2.6300000e+02  -5.4947314e+00
   2.6400000e+02  -5.2850294e+00
   2.6500000e+02  -5.0739474e+00
   2.6600000e+02  -4.8615737e+00
   2.6700000e+02  -4.6480012e+00
   2.6800000e+02  -4.4333258e+00
   2.6900000e+02  -4.2176471e+00
   2.7000000e+02  -4.0010681e+00
   2.7100000e+02  -3.4660618e+00
   2.7200000e+02  -2.9272928e+00
   2.7300000e+02  -2.3849223e+00
   2.7400000e+02  -1.8391201e+00
   2.7500000e+02  -1.2900656e+00
   2.7600000e+02  -7.3794597e-01
   2.7700000e+02  -1.8295753e-01
   2.7800000e+02   3.7469509e-01
   2.7900000e+02   9.3479878e-01
   2.8000000e+02   1.4971322e+00
   2.8100000e+02   2.0614660e+00
   2.8200000e+02   2.6275632e+00
   2.8300000e+02   3.1951792e+00
   2.8400000e+02   3.7640622e+00
   2.8500000e+02   4.3339534e+00
   2.8600000e+02   4.9045877e+00
   2.8700000e+02   5.4756937e+00
   2.8800000e+02   6.0469947e+00
   2.8900000e+02   6.6182079e+00
   2.9000000e+02   7.1890469e+00
   2.9100000e+02   7.7592196e+00
   2.9200000e+02   8.3284311e+00
   2.9300000e+02   8.8963833e+00
   2.9400000e+02   9.4627743e+00
   2.9500000e+02   1.0027302e+01
   2.9600000e+02   1.0589661e+01
   2.9700000e+02   1.1149544e+01
   2.9800000e+02   1.1706646e+01
   2.9900000e+02   1.2260661e+01
   3.0000000e+02   1.2811283e+01
   3.0100000e+02   1.3247642e+01
   3.0200000e+02   1.3680502e+01
   3.0300000e+02   1.4109614e+01
   3.0400000e+02   1.4534727e+01
   3.0500000e+02   1.4955588e+01
   3.0600000e+02   1.5371949e+01
   3.0700000e+02   1.5783561e+01
   3.0800000e+02   1.6190176e+01
   3.0900000e+02   1.6591549e+01
   3.1000000e+02   1.6987438e+01
   3.1100000e+02   1.7377602e+01
   3.1200000e+02   1.7761801e+01
   3.1300000e+02   1.8139801e+01
   3.1400000e+02   1.8511374e+01
   3.1500000e+02   1.8876286e+01
   3.1600000e+02   1.9234316e+01
   3.1700000e+02   1.9585241e+01
   3.1800000e+02   1.9928846e+01
   3.1900000e+02   2.0264919e+01
   3.2000000e+02   2.0593252e+01
   3.2100000e+02   2.0913639e+01
   3.2200000e+02   2.1225885e+01
   3.2300000e+02   2.1529795e+01
   3.2400000e+02   2.1825180e+01
   3.2500000e+02   2.2111856e+01
   3.2600000e+02   2.2389647e+01
   3.2700000e+02   2.2658375e+01
   3.2800000e+02   2.2917875e+01
   3.2900000e+02   2.3167986e+01
   3.3000000e+02   2.3408548e+01
   3.3100000e+02   2.3573870e+01
   3.3200000e+02   2.3729338e+01
   3.3300000e+02   2.3874800e+01
   3.3400000e+02   2.4010107e+01
   3.3500000e+02   2.4135117e+01
   3.3600000e+02   2.4249685e+01
   3.3700000e+02   2.4353682e+01
   3.3800000e+02   2.4446976e+01
   3.3900000e+02   2.4529438e+01
   3.4000000e+02   2.4600948e+01
   3.4100000e+02   2.4661392e+01
   3.4200000e+02   2.4710659e+01
   3.4300000e+02   2.4748640e+01
   3.4400000e+02   2.4775234e+01
   3.4500000e+02   2.4790348e+01
   3.4600000e+02   2.4793892e+01
   3.4700000e+02   2.4785778e+01
   3.4800000e+02   2.4765932e+01
   3.4900000e+02   2.4734276e+01
   3.5000000e+02   2.4690748e+01
   3.5100000e+02   2.4635284e+01
   3.5200000e+02   2.4567833e+01
   3.5300000e+02   2.4488348e+01
   3.5400000e+02   2.4396786e+01
   3.5500000e+02   2.4293116e+01
   3.5600000e+02   2.4177311e+01
   3.5700000e+02   2.4049355e+01
   3.5800000e+02   2.3909239e+01
   3.5900000e+02   2.3756958e+01
   7.8673565e-08   2.3592522e+01
   1.0000001e+00   2.3362631e+01
   2.0000000e+00   2.3120123e+01
   3.0000000e+00   2.2865017e+01
   4.0000000e+00   2.2597340e+01
   5.0000000e+00   2.2317135e+01
   6.0000000e+00   2.2024452e+01
   7.0000000e+00   2.1719358e+01
   8.0000000e+00   2.1401932e+01
   9.0000000e+00   2.1072262e+01
   1.0000000e+01   2.0730453e+01
   1.1000000e+01   2.0376623e+01
   1.2000000e+01   2.0010902e+01
   1.3000000e+01   1.9633442e+01
   1.4000000e+01   1.9244400e+01
   1.5000000e+01   1.8843952e+01
   1.6000000e+01   1.8432293e+01
   1.7000000e+01   1.8009626e+01
   1.8000000e+01   1.7576178e+01
   1.9000000e+01   1.7132181e+01
   2.0000000e+01   1.6677893e+01
   2.1000000e+01   1.6213579e+01
   2.2000000e+01   1.5739525e+01
   2.3000000e+01   1.5256028e+01
   2.4000000e+01   1.4763403e+01
   2.5000000e+01   1.4261976e+01
   2.6000000e+01   1.3752090e+01
   2.7000000e+01   1.3234099e+01
   2.8000000e+01   1.2708371e+01
   2.9000000e+01   1.2175286e+01
   3.0000000e+01   1.1635237e+01
   3.1000000e+01   1.0956992e+01
   3.2000000e+01   1.0270615e+01
   3.3000000e+01   9.5766258e+00
   3.4000000e+01   8.8755627e+00
   3.5000000e+01   8.1679792e+00
   3.6000000e+01   7.4544439e+00
   3.7000000e+01   6.7355366e+00
   3.8000000e+01   6.0118489e+00
   3.9000000e+01   5.2839808e+00
   4.0000000e+01   4.5525384e+00
   4.1000000e+01   3.8181329e+00
   4.2000000e+01   3.0813785e+00
   4.3000000e+01   2.3428886e+00
   4.4000000e+01   1.6032757e+00
   4.5000000e+01   8.6314797e-01
   4.6000000e+01   1.2310784e-01
   4.7000000e+01  -6.1625057e-01
   4.8000000e+01  -1.3543429e+00
   4.9000000e+01  -2.0905969e+00
   5.0000000e+01  -2.8244538e+00
   5.1000000e+01  -3.5553703e+00
   5.2000000e+01  -4.2828197e+00
   5.3000000e+01  -5.0062938e+00
   5.4000000e+01  -5.7253032e+00
   5.5000000e+01  -6.4393806e+00
   5.6000000e+01  -7.1480784e+00
   5.7000000e+01  -7.8509727e+00
   5.8000000e+01  -8.5476627e+00
   5.9000000e+01  -9.2377691e+00
   6.0000000e+01  -9.9209394e+00
   6.1000000e+01  -1.0021145e+01
   6.2000000e+01  -1.0121049e+01
   6.3000000e+01  -1.0220508e+01
   6.4000000e+01  -1.0319384e+01
   6.5000000e+01  -1.0417546e+01
   6.6000000e+01  -1.0514868e+01
   6.7000000e+01  -1.0611226e+01
   6.8000000e+01  -1.0706505e+01
   6.9000000e+01  -1.0800591e+01
   7.0000000e+01  -1.0893378e+01
   7.1000000e+01  -1.0984762e+01
   7.2000000e+01  -1.1074646e+01
   7.3000000e+01  -1.1162933e+01
   7.4000000e+01  -1.1249537e+01
   7.5000000e+01  -1.1334368e+01
   7.6000000e+01  -1.1417346e+01
   7.7000000e+01  -1.1498392e+01
   7.8000000e+01  -1.1577433e+01
   7.9000000e+01  -1.1654396e+01
   8.0000000e+01  -1.1729215e+01
   8.1000000e+01  -1.1801825e+01
   8.2000000e+01  -1.1872164e+01
   8.3000000e+01  -1.1940174e+01
   8.4000000e+01  -1.2005802e+01
   8.5000000e+01  -1.2068993e+01
   8.6000000e+01  -1.2129698e+01
   8.7000000e+01  -1.2187870e+01
   8.8000000e+01  -1.2243464e+01
   8.9000000e+01  -1.2296438e+01
   9.0000000e+01  -1.2346750e+01
   9.1000000e+01  -1.2217315e+01
   9.2000000e+01  -1.2087119e+01
   9.3000000e+01  -1.1956078e+01
   9.4000000e+01  -1.1824105e+01
   9.5000000e+01  -1.1691117e+01
   9.6000000e+01  -1.1557031e+01
   9.7000000e+01  -1.1421765e+01
   9.8000000e+01  -1.1285239e+01
   9.9000000e+01  -1.1147374e+01
   1.0000000e+02  -1.1008092e+01
   1.0100000e+02  -1.0867316e+01
   1.0200000e+02  -1.0724970e+01
   1.0300000e+02  -1.0580979e+01
   1.0400000e+02  -1.0435271e+01
   1.0500000e+02  -1.0287771e+01
   1.0600000e+02  -1.0138410e+01
   1.0700000e+02  -9.9871149e+00
   1.0800000e+02  -9.8338184e+00
   1.0900000e+02  -9.6784496e+00
   1.1000000e+02  -9.5209417e+00
   1.1100000e+02  -9.3612280e+00
   1.1200000e+02  -9.1992416e+00
   1.1300000e+02  -9.0349178e+00
   1.1400000e+02  -8.8681917e+00
   1.1500000e+02  -8.6989985e+00
   1.1600000e+02  -8.5272770e+00
   1.1700000e+02  -8.3529634e+00
   1.1800000e+02  -8.1759968e+00
   1.1900000e+02  -7.9963164e+00
   1.2000000e+02  -7.8138604e+00
   1.2100000e+02  -8.0261211e+00
   1.2200000e+02  -8.2322330e+00
   1.2300000e+02  -8.4322472e+00
   1.2400000e+02  -8.6262121e+00
   1.2500000e+02  -8.8141804e+00
   1.2600000e+02  -8.9962025e+00
   1.2700000e+02  -9.1723280e+00
   1.2800000e+02  -9.3426085e+00
   1.2900000e+02  -9.5070934e+00
   1.3000000e+02  -9.6658344e+00
   1.3100000e+02  -9.8188791e+00
   1.3200000e+02  -9.9662790e+00
   1.3300000e+02  -1.0108081e+01
   1.3400000e+02  -1.0244334e+01
   1.3500000e+02  -1.0375087e+01
   1.3600000e+02  -1.0500383e+01
   1.3700000e+02  -1.0620273e+01
   1.3800000e+02  -1.0734798e+01
   1.3900000e+02  -1.0844006e+01
   1.4000000e+02  -1.0947938e+01
   1.4100000e+02  -1.1046638e+01
   1.4200000e+02  -1.1140147e+01
   1.4300000e+02  -1.1228508e+01
   1.4400000e+02  -1.1311758e+01
   1.4500000e+02  -1.1389937e+01
   1.4600000e+02  -1.1463083e+01
   1.4700000e+02  -1.1531233e+01
   1.4800000e+02  -1.1594420e+01
   1.4900000e+02  -1.1652683e+01
   1.5000000e+02  -1.1706052e+01
   1.5100000e+02  -1.1754577e+01
   1.5200000e+02  -1.1798272e+01
   1.5300000e+02  -1.1837168e+01
   1.5400000e+02  -1.1871293e+01
   1.5500000e+02  -1.1900676e+01
   1.5600000e+02  -1.1925343e+01
   1.5700000e+02  -1.1945318e+01
   1.5800000e+02  -1.1960628e+01
   1.5900000e+02  -1.1971294e+01
   1.6000000e+02  -1.1977340e+01
   1.6100000e+02  -1.1978786e+01
   1.6200000e+02  -1.1975651e+01
   1.6300000e+02  -1.1967955e+01
   1.6400000e+02  -1.1955715e+01
   1.6500000e+02  -1.1938947e+01
   1.6600000e+02  -1.1917667e+01
   1.6700000e+02  -1.1891890e+01
   1.6800000e+02  -1.1861627e+01
   1.6900000e+02  -1.1826891e+01
   1.7000000e+02  -1.1787693e+01
   1.7100000e+02  -1.1744043e+01
   1.7200000e+02  -1.1695951e+01
   1.7300000e+02  -1.1643423e+01
   1.7400000e+02  -1.1586467e+01
   1.7500000e+02  -1.1525088e+01
   1.7600000e+02  -1.1459291e+01
   1.7700000e+02  -1.1389080e+01
   1.7800000e+02  -1.1314459e+01
   1.7900000e+02  -1.1235428e+01
   1.8000000e+02  -1.1151989e+01
   1.8100000e+02  -1.1064156e+01
   1.8200000e+02  -1.0971913e+01
   1.8300000e+02  -1.0875260e+01
   1.8400000e+02  -1.0774195e+01
   1.8500000e+02  -1.0668714e+01
   1.8600000e+02  -1.0558812e+01
   1.8700000e+02  -1.0444486e+01
   1.8800000e+02  -1.0325728e+01
   1.8900000e+02  -1.0202536e+01
   1.9000000e+02  -1.0074899e+01
   1.9100000e+02  -9.9428101e+00
   1.9200000e+02  -9.8062620e+00
   1.9300000e+02  -9.6652460e+00
   1.9400000e+02  -9.5197535e+00
   1.9500000e+02  -9.3697720e+00
   1.9600000e+02  -9.2152939e+00
   1.9700000e+02  -9.0563068e+00
   1.9800000e+02  -8.8927994e+00
   1.9900000e+02  -8.7247610e+00
   2.0000000e+02  -8.5521793e+00
   2.0100000e+02  -8.3750429e+00
   2.0200000e+02  -8.1933384e+00
   2.0300000e+02  -8.0070534e+00
   2.0400000e+02  -7.8161755e+00
   2.0500000e+02  -7.6206918e+00
   2.0600000e+02  -7.4205894e+00
   2.0700000e+02  -7.2158561e+00
   2.0800000e+02  -7.0064788e+00
   2.0900000e+02  -6.7924452e+00
   2.1000000e+02  -6.5737429e+00
   2.1100000e+02  -6.7122359e+00
   2.1200000e+02  -6.8477731e+00
   2.1300000e+02  -6.9804354e+00
   2.1400000e+02  -7.1103044e+00
   2.1500000e+02  -7.2374616e+00
   2.1600000e+02  -7.3619881e+00
   2.1700000e+02  -7.4839664e+00
   2.1800000e+02  -7.6034780e+00
   2.1900000e+02  -7.7206059e+00
   2.2000000e+02  -7.8354325e+00
   2.2100000e+02  -7.9480414e+00
   2.2200000e+02  -8.0585146e+00
   2.2300000e+02  -8.1669378e+00
   2.2400000e+02  -8.2733936e+00
   2.2500000e+02  -8.3779688e+00
   2.2600000e+02  -8.4807463e+00
   2.2700000e+02  -8.5818129e+00
   2.2800000e+02  -8.6812563e+00
   2.2900000e+02  -8.7791624e+00
   2.3000000e+02  -8.8756189e+00
   2.3100000e+02  -8.9707146e+00
   2.3200000e+02  -9.0645390e+00
   2.3300000e+02  -9.1571827e+00
   2.3400000e+02  -9.2487354e+00
   2.3500000e+02  -9.3392906e+00
   2.3600000e+02  -9.4289398e+00
   2.3700000e+02  -9.5177765e+00
   2.3800000e+02  -9.6058969e+00
   2.3900000e+02  -9.6933956e+00
   2.4000000e+02  -9.7803688e+00
   2.4100000e+02  -9.6238699e+00
   2.4200000e+02  -9.4647112e+00
   2.4300000e+02  -9.3029270e+00
   2.4400000e+02  -9.1385498e+00
   2.4500000e+02  -8.9716167e+00
   2.4600000e+02  -8.8021631e+00
   2.4700000e+02  -8.6302299e+00
   2.4800000e+02  -8.4558563e+00
   2.4900000e+02  -8.2790861e+00
   2.5000000e+02  -8.0999641e+00
   2.5100000e+02  -7.9185371e+00
   2.5200000e+02  -7.7348537e+00
   2.5300000e+02  -7.5489655e+00
   2.5400000e+02  -7.3609262e+00
   2.5500000e+02  -7.1707916e+00
   2.5600000e+02  -6.9786210e+00
   2.5700000e+02  -6.7844753e+00
   2.5800000e+02  -6.5884185e+00
   2.5900000e+02  -6.3905177e+00
   2.6000000e+02  -6.1908422e+00
   2.6100000e+02  -5.9894648e+00
   2.6200000e+02  -5.7864609e+00
   2.6300000e+02  -5.5819101e+00
   2.6400000e+02  -5.3758941e+00
   2.6500000e+02  -5.1684980e+00
   2.6600000e+02  -4.9598112e+00
   2.6700000e+02  -4.7499261e+00
   2.6800000e+02  -4.5389385e+00
   2.6900000e+02  -4.3269482e+00
   2.7000000e+02  -4.1140585e+00
   2.7100000e+02  -3.5766337e+00
   2.7200000e+02  -3.0354111e+00
   2.7300000e+02  -2.4905531e+00
   2.7400000e+02  -1.9422312e+00
   2.7500000e+02  -1.3906252e+00
   2.7600000e+02  -8.3592445e-01
   2.7700000e+02  -2.7832660e-01
   2.7800000e+02   2.8196192e-01
   2.7900000e+02   8.4472609e-01
   2.8000000e+02   1.4097427e+00
   2.8100000e+02   1.9767803e+00
   2.8200000e+02   2.5455997e+00
   2.8300000e+02   3.1159539e+00
   2.8400000e+02   3.6875887e+00
   2.8500000e+02   4.2602429e+00
   2.8600000e+02   4.8336492e+00
   2.8700000e+02   5.4075327e+00
   2.8800000e+02   5.9816141e+00
   2.8900000e+02   6.5556087e+00
   2.9000000e+02   7.1292262e+00
   2.9100000e+02   7.7021718e+00
   2.9200000e+02   8.2741480e+00
   2.9300000e+02   8.8448534e+00
   2.9400000e+02   9.4139843e+00
   2.9500000e+02   9.9812326e+00
   2.9600000e+02   1.0546292e+01
   2.9700000e+02   1.1108853e+01
   2.9800000e+02   1.1668607e+01
   2.9900000e+02   1.2225243e+01
   3.0000000e+02   1.2778454e+01
   3.0100000e+02   1.3217862e+01
   3.0200000e+02   1.3653752e+01
   3.0300000e+02   1.4085870e+01
   3.0400000e+02   1.4513962e+01
   3.0500000e+02   1.4937775e+01
   3.0600000e+02   1.5357057e+01
   3.0700000e+02   1.5771555e+01
   3.0800000e+02   1.6181023e+01
   3.0900000e+02   1.6585209e+01
   3.1000000e+02   1.6983873e+01
   3.1100000e+02   1.7376768e+01
   3.1200000e+02   1.7763655e+01
   3.1300000e+02   1.8144299e+01
   3.1400000e+02   1.8518463e+01
   3.1500000e+02   1.8885920e+01
   3.1600000e+02   1.9246441e+01
   3.1700000e+02   1.9599806e+01
   3.1800000e+02   1.9945795e+01
   3.1900000e+02   2.0284195e+01
   3.2000000e+02   2.0614798e+01
   3.2100000e+02   2.0937395e+01
   3.2200000e+02   2.1251791e+01
   3.2300000e+02   2.1557789e+01
   3.2400000e+02   2.1855200e+01
   3.2500000e+02   2.2143837e+01
   3.2600000e+02   2.2423523e+01
   3.2700000e+02   2.2694082e+01
   3.2800000e+02   2.2955349e+01
   3.2900000e+02   2.3207157e+01
   3.3000000e+02   2.3449350e+01
   3.3100000e+02   2.3615641e+01
   3.3200000e+02   2.3772024e+01
   3.3300000e+02   2.3918346e+01
   3.3400000e+02   2.4054459e+01
   3.3500000e+02   2.4180214e+01
   3.3600000e+02   2.4295471e+01
   3.3700000e+02   2.4400095e+01
   3.3800000e+02   2.4493952e+01
   3.3900000e+02   2.4576918e+01
   3.4000000e+02   2.4648867e+01
   3.4100000e+02   2.4709684e+01
   3.4200000e+02   2.4759256e+01
   3.4300000e+02   2.4797474e+01
   3.4400000e+02   2.4824240e+01
   3.4500000e+02   2.4839451e+01
   3.4600000e+02   2.4843021e+01
   3.4700000e+02   2.4834862e+01
   3.4800000e+02   2.4814894e+01
   3.4900000e+02   2.4783045e+01
   3.5000000e+02   2.4739246e+01
   3.5100000e+02   2.4683435e+01
   3.5200000e+02   2.4615559e+01
   3.5300000e+02   2.4535568e+01
   3.5400000e+02   2.4443424e+01
   3.5500000e+02   2.4339090e+01
   3.5600000e+02   2.4222542e+01
   3.5700000e+02   2.4093761e+01
   3.5800000e+02   2.3952736e+01
   3.5900000e+02   2.3799465e+01
   1.0486701e-07   2.3633953e+01
