   0.0000000e+00   9.9256055e+03
   1.0000000e+00   9.8036377e+03
   2.0000000e+00   9.7910332e+03
   3.0000000e+00   9.7794355e+03
   4.0000000e+00   9.7683896e+03
   5.0000000e+00   9.7579180e+03
   6.0000000e+00   9.7480410e+03
   7.0000000e+00   9.7387832e+03
   8.0000000e+00   9.7301650e+03
   9.0000000e+00   9.7222119e+03
   1.0000000e+01   9.7149482e+03
   1.1000000e+01   9.7083965e+03
   1.2000000e+01   9.7025840e+03
   1.3000000e+01   9.6975332e+03
   1.4000000e+01   9.6932725e+03
   1.5000000e+01   9.6898242e+03
   1.6000000e+01   9.6872168e+03
   1.7000000e+01   9.6854746e+03
   1.8000000e+01   9.6846240e+03
   1.9000000e+01   9.6846914e+03
   2.0000000e+01   9.6857012e+03
   2.1000000e+01   9.6876826e+03
   2.2000000e+01   9.6906572e+03
   2.3000000e+01   9.6946523e+03
   2.4000000e+01   9.6996924e+03
   2.5000000e+01   9.7058008e+03
   2.6000000e+01   9.7130020e+03
   2.7000000e+01   9.7213203e+03
   2.8000000e+01   9.7307773e+03
   2.9000000e+01   9.7413975e+03
   3.0000000e+01   9.7532002e+03
   3.1000000e+01   9.7668252e+03
   3.2000000e+01   9.7816846e+03
   3.3000000e+01   9.7978047e+03
   3.4000000e+01   9.8152100e+03
   3.5000000e+01   9.8339248e+03
   3.6000000e+01   9.8539717e+03
   3.7000000e+01   9.8753721e+03
   3.8000000e+01   9.8981455e+03
   3.9000000e+01   9.9223145e+03
   4.0000000e+01   9.9478984e+03
   4.1000000e+01   9.9749092e+03
   4.2000000e+01   1.0003361e+04
   4.3000000e+01   1.0033268e+04
   4.4000000e+01   1.0064639e+04
   4.5000000e+01   1.0097484e+04
   4.6000000e+01   1.0131813e+04
   4.7000000e+01   1.0167628e+04
   4.8000000e+01   1.0204938e+04
   4.9000000e+01   1.0243741e+04
   5.0000000e+01   1.0284042e+04
   5.1000000e+01   1.0325839e+04
   5.2000000e+01   1.0369129e+04
   5.3000000e+01   1.0413907e+04
   5.4000000e+01   1.0460169e+04
   5.5000000e+01   1.0507906e+04
   5.6000000e+01   1.0557108e+04
   5.7000000e+01   1.0607767e+04
   5.8000000e+01   1.0659867e+04
   5.9000000e+01   1.0713396e+04
   6.0000000e+01   1.0768337e+04
   6.1000000e+01   1.0814447e+04
   6.2000000e+01   1.0861558e+04
   6.3000000e+01   1.0909646e+04
   6.4000000e+01   1.0958688e+04
   6.5000000e+01   1.1008658e+04
   6.6000000e+01   1.1059531e+04
   6.7000000e+01   1.1111281e+04
   6.8000000e+01   1.1163882e+04
   6.9000000e+01   1.1217305e+04
   7.0000000e+01   1.1271522e+04
   7.1000000e+01   1.1326506e+04
   7.2000000e+01   1.1382205e+04
   7.3000000e+01   1.1438488e+04
   7.4000000e+01   1.1495427e+04
   7.5000000e+01   1.1552990e+04
   7.6000000e+01   1.1611146e+04
   7.7000000e+01   1.1669867e+04
   7.8000000e+01   1.1729118e+04
   7.9000000e+01   1.1788869e+04
   8.0000000e+01   1.1849088e+04
   8.1000000e+01   1.1909743e+04
   8.2000000e+01   1.1970801e+04
   8.3000000e+01   1.2032229e+04
   8.4000000e+01   1.2093996e+04
   8.5000000e+01   1.2156068e+04
   8.6000000e+01   1.2218413e+04
   8.7000000e+01   1.2280997e+04
   8.8000000e+01   1.2343787e+04
   8.9000000e+01   1.2406752e+04
   9.0000000e+01   1.2469857e+04
   9.1000000e+01   1.2480035e+04
   9.2000000e+01   1.2490632e+04
   9.3000000e+01   1.2501622e+04
   9.4000000e+01   1.2512980e+04
   9.5000000e+01   1.2524685e+04
   9.6000000e+01   1.2536709e+04
   9.7000000e+01   1.2549030e+04
   9.8000000e+01   1.2561626e+04
   9.9000000e+01   1.2574473e+04
   1.0000000e+02   1.2587547e+04
   1.0100000e+02   1.2600826e+04
   1.0200000e+02   1.2614289e+04
   1.0300000e+02   1.2627914e+04
   1.0400000e+02   1.2641680e+04
   1.0500000e+02   1.2655565e+04
   1.0600000e+02   1.2669550e+04
   1.0700000e+02   1.2683613e+04
   1.0800000e+02   1.2697736e+04
   1.0900000e+02   1.2711899e+04
   1.1000000e+02   1.2726084e+04
   1.1100000e+02   1.2740271e+04
   1.1200000e+02   1.2754444e+04
   1.1300000e+02   1.2768584e+04
   1.1400000e+02   1.2782675e+04
   1.1500000e+02   1.2796701e+04
   1.1600000e+02   1.2810646e+04
   1.1700000e+02   1.2824493e+04
   1.1800000e+02   1.2838229e+04
   1.1900000e+02   1.2851841e+04
   1.2000000e+02   1.2865313e+04
   1.2100000e+02   1.2925659e+04
   1.2200000e+02   1.2985483e+04
   1.2300000e+02   1.3044755e+04
   1.2400000e+02   1.3103443e+04
   1.2500000e+02   1.3161519e+04
   1.2600000e+02   1.3218951e+04
   1.2700000e+02   1.3275714e+04
   1.2800000e+02   1.3331777e+04
   1.2900000e+02   1.3387114e+04
   1.3000000e+02   1.3441697e+04
   1.3100000e+02   1.3495500e+04
   1.3200000e+02   1.3548496e+04
   1.3300000e+02   1.3600662e+04
   1.3400000e+02   1.3651971e+04
   1.3500000e+02   1.3702400e+04
   1.3600000e+02   1.3751926e+04
   1.3700000e+02   1.3800525e+04
   1.3800000e+02   1.3848175e+04
   1.3900000e+02   1.3894855e+04
   1.4000000e+02   1.3940544e+04
   1.4100000e+02   1.3985221e+04
   1.4200000e+02   1.4028866e+04
   1.4300000e+02   1.4071461e+04
   1.4400000e+02   1.4112987e+04
   1.4500000e+02   1.4153426e+04
   1.4600000e+02   1.4192761e+04
   1.4700000e+02   1.4230975e+04
   1.4800000e+02   1.4268053e+04
   1.4900000e+02   1.4303979e+04
   1.5000000e+02   1.4338738e+04
   1.5100000e+02   1.4372279e+04
   1.5200000e+02   1.4404627e+04
   1.5300000e+02   1.4435770e+04
   1.5400000e+02   1.4465694e+04
   1.5500000e+02   1.4494391e+04
   1.5600000e+02   1.4521848e+04
   1.5700000e+02   1.4548056e+04
   1.5800000e+02   1.4573006e+04
   1.5900000e+02   1.4596689e+04
   1.6000000e+02   1.4619098e+04
   1.6100000e+02   1.4640225e+04
   1.6200000e+02   1.4660063e+04
   1.6300000e+02   1.4678608e+04
   1.6400000e+02   1.4695854e+04
   1.6500000e+02   1.4711795e+04
   1.6600000e+02   1.4726429e+04
   1.6700000e+02   1.4739752e+04
   1.6800000e+02   1.4751762e+04
   1.6900000e+02   1.4762457e+04
   1.7000000e+02   1.4771836e+04
   1.7100000e+02   1.4779898e+04
   1.7200000e+02   1.4786646e+04
   1.7300000e+02   1.4792078e+04
   1.7400000e+02   1.4796196e+04
   1.7500000e+02   1.4799002e+04
   1.7600000e+02   1.4800499e+04
   1.7700000e+02   1.4800689e+04
   1.7800000e+02   1.4799579e+04
   1.7900000e+02   1.4797173e+04
   1.8000000e+02   1.4793475e+04
   1.8100000e+02   1.4788459e+04
   1.8200000e+02   1.4782164e+04
   1.8300000e+02   1.4774600e+04
   1.8400000e+02   1.4765771e+04
   1.8500000e+02   1.4755689e+04
   1.8600000e+02   1.4744361e+04
   1.8700000e+02   1.4731799e+04
   1.8800000e+02   1.4718012e+04
   1.8900000e+02   1.4703011e+04
   1.9000000e+02   1.4686808e+04
   1.9100000e+02   1.4669414e+04
   1.9200000e+02   1.4650845e+04
   1.9300000e+02   1.4631112e+04
   1.9400000e+02   1.4610230e+04
   1.9500000e+02   1.4588214e+04
   1.9600000e+02   1.4565079e+04
   1.9700000e+02   1.4540840e+04
   1.9800000e+02   1.4515514e+04
   1.9900000e+02   1.4489118e+04
   2.0000000e+02   1.4461669e+04
   2.0100000e+02   1.4433186e+04
   2.0200000e+02   1.4403687e+04
   2.0300000e+02   1.4373189e+04
   2.0400000e+02   1.4341715e+04
   2.0500000e+02   1.4309283e+04
   2.0600000e+02   1.4275915e+04
   2.0700000e+02   1.4241630e+04
   2.0800000e+02   1.4206451e+04
   2.0900000e+02   1.4170399e+04
   2.1000000e+02   1.4133498e+04
   2.1100000e+02   1.4129902e+04
   2.1200000e+02   1.4125162e+04
   2.1300000e+02   1.4119284e+04
   2.1400000e+02   1.4112278e+04
   2.1500000e+02   1.4104152e+04
   2.1600000e+02   1.4094918e+04
   2.1700000e+02   1.4084583e+04
   2.1800000e+02   1.4073161e+04
   2.1900000e+02   1.4060661e+04
   2.2000000e+02   1.4047086e+04
   2.2100000e+02   1.4032431e+04
   2.2200000e+02   1.4016729e+04
   2.2300000e+02   1.3999993e+04
   2.2400000e+02   1.3982240e+04
   2.2500000e+02   1.3963483e+04
   2.2600000e+02   1.3943738e+04
   2.2700000e+02   1.3923020e+04
   2.2800000e+02   1.3901343e+04
   2.2900000e+02   1.3878725e+04
   2.3000000e+02   1.3855183e+04
   2.3100000e+02   1.3830732e+04
   2.3200000e+02   1.3805393e+04
   2.3300000e+02   1.3779181e+04
   2.3400000e+02   1.3752114e+04
   2.3500000e+02   1.3724213e+04
   2.3600000e+02   1.3695495e+04
   2.3700000e+02   1.3665980e+04
   2.3800000e+02   1.3635688e+04
   2.3900000e+02   1.3604637e+04
   2.4000000e+02   1.3572849e+04
   2.4100000e+02   1.3507558e+04
   2.4200000e+02   1.3441837e+04
   2.4300000e+02   1.3375712e+04
   2.4400000e+02   1.3309205e+04
   2.4500000e+02   1.3242341e+04
   2.4600000e+02   1.3175143e+04
   2.4700000e+02   1.3107635e+04
   2.4800000e+02   1.3039840e+04
   2.4900000e+02   1.2971782e+04
   2.5000000e+02   1.2903485e+04
   2.5100000e+02   1.2834973e+04
   2.5200000e+02   1.2766267e+04
   2.5300000e+02   1.2697391e+04
   2.5400000e+02   1.2628367e+04
   2.5500000e+02   1.2559220e+04
   2.5600000e+02   1.2489972e+04
   2.5700000e+02   1.2420644e+04
   2.5800000e+02   1.2351258e+04
   2.5900000e+02   1.2281838e+04
   2.6000000e+02   1.2212404e+04
   2.6100000e+02   1.2142979e+04
   2.6200000e+02   1.2073582e+04
   2.6300000e+02   1.2004235e+04
   2.6400000e+02   1.1934959e+04
   2.6500000e+02   1.1865774e+04
   2.6600000e+02   1.1796699e+04
   2.6700000e+02   1.1727755e+04
   2.6800000e+02   1.1658961e+04
   2.6900000e+02   1.1590334e+04
   2.7000000e+02   1.1521896e+04
   2.7100000e+02   1.1456577e+04
   2.7200000e+02   1.1392257e+04
   2.7300000e+02   1.1328958e+04
   2.7400000e+02   1.1266704e+04
   2.7500000e+02   1.1205515e+04
   2.7600000e+02   1.1145412e+04
   2.7700000e+02   1.1086414e+04
   2.7800000e+02   1.1028539e+04
   2.7900000e+02   1.0971805e+04
   2.8000000e+02   1.0916227e+04
   2.8100000e+02   1.0861819e+04
   2.8200000e+02   1.0808597e+04
   2.8300000e+02   1.0756571e+04
   2.8400000e+02   1.0705753e+04
   2.8500000e+02   1.0656151e+04
   2.8600000e+02   1.0607776e+04
   2.8700000e+02   1.0560634e+04
   2.8800000e+02   1.0514729e+04
   2.8900000e+02   1.0470068e+04
   2.9000000e+02   1.0426652e+04
   2.9100000e+02   1.0384484e+04
   2.9200000e+02   1.0343564e+04
   2.9300000e+02   1.0303892e+04
   2.9400000e+02   1.0265464e+04
   2.9500000e+02   1.0228277e+04
   2.9600000e+02   1.0192327e+04
   2.9700000e+02   1.0157606e+04
   2.9800000e+02   1.0124109e+04
   2.9900000e+02   1.0091826e+04
   3.0000000e+02   1.0060748e+04
   3.0100000e+02   1.0021152e+04
   3.0200000e+02   9.9823877e+03
   3.0300000e+02   9.9444473e+03
   3.0400000e+02   9.9073242e+03
   3.0500000e+02   9.8710098e+03
   3.0600000e+02   9.8354932e+03
   3.0700000e+02   9.8007666e+03
   3.0800000e+02   9.7668193e+03
   3.0900000e+02   9.7336396e+03
   3.1000000e+02   9.7012168e+03
   3.1100000e+02   9.6695391e+03
   3.1200000e+02   9.6385928e+03
   3.1300000e+02   9.6083672e+03
   3.1400000e+02   9.5788477e+03
   3.1500000e+02   9.5500225e+03
   3.1600000e+02   9.5218760e+03
   3.1700000e+02   9.4943965e+03
   3.1800000e+02   9.4675674e+03
   3.1900000e+02   9.4413770e+03
   3.2000000e+02   9.4158105e+03
   3.2100000e+02   9.3908535e+03
   3.2200000e+02   9.3664902e+03
   3.2300000e+02   9.3427090e+03
   3.2400000e+02   9.3194941e+03
   3.2500000e+02   9.2968330e+03
   3.2600000e+02   9.2747100e+03
   3.2700000e+02   9.2531123e+03
   3.2800000e+02   9.2320273e+03
   3.2900000e+02   9.2114424e+03
   3.3000000e+02   9.1913438e+03
   3.3100000e+02   9.1672441e+03
   3.3200000e+02   9.1435293e+03
   3.3300000e+02   9.1201924e+03
   3.3400000e+02   9.0972285e+03
   3.3500000e+02   9.0746318e+03
   3.3600000e+02   9.0523984e+03
   3.3700000e+02   9.0305244e+03
   3.3800000e+02   9.0090078e+03
   3.3900000e+02   8.9878438e+03
   3.4000000e+02   8.9670332e+03
   3.4100000e+02   8.9465742e+03
   3.4200000e+02   8.9264668e+03
   3.4300000e+02   8.9067119e+03
   3.4400000e+02   8.8873115e+03
   3.4500000e+02   8.8682676e+03
   3.4600000e+02   8.8495840e+03
   3.4700000e+02   8.8312646e+03
   3.4800000e+02   8.8133145e+03
   3.4900000e+02   8.7957393e+03
   3.5000000e+02   8.7785469e+03
   3.5100000e+02   8.7617451e+03
   3.5200000e+02   8.7453418e+03
   3.5300000e+02   8.7293477e+03
   3.5400000e+02   8.7137725e+03
   3.5500000e+02   8.6986279e+03
   3.5600000e+02   8.6839268e+03
   3.5700000e+02   8.6696826e+03
   3.5800000e+02   8.6559102e+03
   3.5900000e+02   8.6426230e+03
   2.6219766e-08   8.6298379e+03
   1.0000000e+00   8.6133496e+03
   2.0000000e+00   8.5974375e+03
   3.0000000e+00   8.5821250e+03
   4.0000000e+00   8.5674365e+03
   5.0000000e+00   8.5533955e+03
   6.0000000e+00   8.5400303e+03
   7.0000000e+00   8.5273643e+03
   8.0000000e+00   8.5154258e+03
   9.0000000e+00   8.5042412e+03
   1.0000000e+01   8.4938398e+03
   1.1000000e+01   8.4842500e+03
   1.2000000e+01   8.4755000e+03
   1.3000000e+01   8.4676191e+03
   1.4000000e+01   8.4606377e+03
   1.5000000e+01   8.4545850e+03
   1.6000000e+01   8.4494912e+03
   1.7000000e+01   8.4453867e+03
   1.8000000e+01   8.4423018e+03
   1.9000000e+01   8.4402666e+03
   2.0000000e+01   8.4393105e+03
   2.1000000e+01   8.4394639e+03
   2.2000000e+01   8.4407568e+03
   2.3000000e+01   8.4432178e+03
   2.4000000e+01   8.4468760e+03
   2.5000000e+01   8.4517588e+03
   2.6000000e+01   8.4578955e+03
   2.7000000e+01   8.4653115e+03
   2.8000000e+01   8.4740342e+03
   2.9000000e+01   8.4840879e+03
   3.0000000e+01   8.4954971e+03
   3.1000000e+01   8.4945078e+03
   3.2000000e+01   8.4952969e+03
   3.3000000e+01   8.4978975e+03
   3.4000000e+01   8.5023408e+03
   3.5000000e+01   8.5086533e+03
   3.6000000e+01   8.5168633e+03
   3.7000000e+01   8.5269951e+03
   3.8000000e+01   8.5390713e+03
   3.9000000e+01   8.5531113e+03
   4.0000000e+01   8.5691338e+03
   4.1000000e+01   8.5871533e+03
   4.2000000e+01   8.6071846e+03
   4.3000000e+01   8.6292373e+03
   4.4000000e+01   8.6533203e+03
   4.5000000e+01   8.6794375e+03
   4.6000000e+01   8.7075938e+03
   4.7000000e+01   8.7377881e+03
   4.8000000e+01   8.7700195e+03
   4.9000000e+01   8.8042832e+03
   5.0000000e+01   8.8405703e+03
   5.1000000e+01   8.8788730e+03
   5.2000000e+01   8.9191777e+03
   5.3000000e+01   8.9614707e+03
   5.4000000e+01   9.0057344e+03
   5.5000000e+01   9.0519482e+03
   5.6000000e+01   9.1000928e+03
   5.7000000e+01   9.1501426e+03
   5.8000000e+01   9.2020713e+03
   5.9000000e+01   9.2558525e+03
   6.0000000e+01   9.3114551e+03
   6.1000000e+01   9.3769512e+03
   6.2000000e+01   9.4431211e+03
   6.3000000e+01   9.5099570e+03
   6.4000000e+01   9.5774395e+03
   6.5000000e+01   9.6455469e+03
   6.6000000e+01   9.7142568e+03
   6.7000000e+01   9.7835479e+03
   6.8000000e+01   9.8533975e+03
   6.9000000e+01   9.9237832e+03
   7.0000000e+01   9.9946816e+03
   7.1000000e+01   1.0066069e+04
   7.2000000e+01   1.0137924e+04
   7.3000000e+01   1.0210220e+04
   7.4000000e+01   1.0282934e+04
   7.5000000e+01   1.0356041e+04
   7.6000000e+01   1.0429518e+04
   7.7000000e+01   1.0503338e+04
   7.8000000e+01   1.0577478e+04
   7.9000000e+01   1.0651911e+04
   8.0000000e+01   1.0726613e+04
   8.1000000e+01   1.0801558e+04
   8.2000000e+01   1.0876721e+04
   8.3000000e+01   1.0952074e+04
   8.4000000e+01   1.1027594e+04
   8.5000000e+01   1.1103253e+04
   8.6000000e+01   1.1179026e+04
   8.7000000e+01   1.1254887e+04
   8.8000000e+01   1.1330810e+04
   8.9000000e+01   1.1406768e+04
   9.0000000e+01   1.1482735e+04
   9.1000000e+01   1.1531597e+04
   9.2000000e+01   1.1580465e+04
   9.3000000e+01   1.1629317e+04
   9.4000000e+01   1.1678134e+04
   9.5000000e+01   1.1726893e+04
   9.6000000e+01   1.1775572e+04
   9.7000000e+01   1.1824153e+04
   9.8000000e+01   1.1872613e+04
   9.9000000e+01   1.1920934e+04
   1.0000000e+02   1.1969094e+04
   1.0100000e+02   1.2017074e+04
   1.0200000e+02   1.2064855e+04
   1.0300000e+02   1.2112419e+04
   1.0400000e+02   1.2159746e+04
   1.0500000e+02   1.2206818e+04
   1.0600000e+02   1.2253618e+04
   1.0700000e+02   1.2300127e+04
   1.0800000e+02   1.2346329e+04
   1.0900000e+02   1.2392206e+04
   1.1000000e+02   1.2437742e+04
   1.1100000e+02   1.2482923e+04
   1.1200000e+02   1.2527730e+04
   1.1300000e+02   1.2572150e+04
   1.1400000e+02   1.2616169e+04
   1.1500000e+02   1.2659771e+04
   1.1600000e+02   1.2702943e+04
   1.1700000e+02   1.2745673e+04
   1.1800000e+02   1.2787946e+04
   1.1900000e+02   1.2829751e+04
   1.2000000e+02   1.2871076e+04
   1.2100000e+02   1.2931359e+04
   1.2200000e+02   1.2991121e+04
   1.2300000e+02   1.3050331e+04
   1.2400000e+02   1.3108959e+04
   1.2500000e+02   1.3166975e+04
   1.2600000e+02   1.3224349e+04
   1.2700000e+02   1.3281052e+04
   1.2800000e+02   1.3337058e+04
   1.2900000e+02   1.3392337e+04
   1.3000000e+02   1.3446864e+04
   1.3100000e+02   1.3500611e+04
   1.3200000e+02   1.3553553e+04
   1.3300000e+02   1.3605664e+04
   1.3400000e+02   1.3656920e+04
   1.3500000e+02   1.3707296e+04
   1.3600000e+02   1.3756770e+04
   1.3700000e+02   1.3805317e+04
   1.3800000e+02   1.3852916e+04
   1.3900000e+02   1.3899546e+04
   1.4000000e+02   1.3945185e+04
   1.4100000e+02   1.3989813e+04
   1.4200000e+02   1.4033409e+04
   1.4300000e+02   1.4075955e+04
   1.4400000e+02   1.4117434e+04
   1.4500000e+02   1.4157825e+04
   1.4600000e+02   1.4197113e+04
   1.4700000e+02   1.4235281e+04
   1.4800000e+02   1.4272313e+04
   1.4900000e+02   1.4308194e+04
   1.5000000e+02   1.4342909e+04
   1.5100000e+02   1.4376432e+04
   1.5200000e+02   1.4408761e+04
   1.5300000e+02   1.4439885e+04
   1.5400000e+02   1.4469792e+04
   1.5500000e+02   1.4498471e+04
   1.5600000e+02   1.4525910e+04
   1.5700000e+02   1.4552102e+04
   1.5800000e+02   1.4577034e+04
   1.5900000e+02   1.4600701e+04
   1.6000000e+02   1.4623093e+04
   1.6100000e+02   1.4644204e+04
   1.6200000e+02   1.4664026e+04
   1.6300000e+02   1.4682555e+04
   1.6400000e+02   1.4699785e+04
   1.6500000e+02   1.4715711e+04
   1.6600000e+02   1.4730329e+04
   1.6700000e+02   1.4743638e+04
   1.6800000e+02   1.4755633e+04
   1.6900000e+02   1.4766313e+04
   1.7000000e+02   1.4775677e+04
   1.7100000e+02   1.4783725e+04
   1.7200000e+02   1.4790456e+04
   1.7300000e+02   1.4795872e+04
   1.7400000e+02   1.4799974e+04
   1.7500000e+02   1.4802764e+04
   1.7600000e+02   1.4804245e+04
   1.7700000e+02   1.4804421e+04
   1.7800000e+02   1.4803296e+04
   1.7900000e+02   1.4800874e+04
   1.8000000e+02   1.4797161e+04
   1.8100000e+02   1.4792151e+04
   1.8200000e+02   1.4785863e+04
   1.8300000e+02   1.4778305e+04
   1.8400000e+02   1.4769483e+04
   1.8500000e+02   1.4759407e+04
   1.8600000e+02   1.4748086e+04
   1.8700000e+02   1.4735530e+04
   1.8800000e+02   1.4721750e+04
   1.8900000e+02   1.4706756e+04
   1.9000000e+02   1.4690560e+04
   1.9100000e+02   1.4673174e+04
   1.9200000e+02   1.4654611e+04
   1.9300000e+02   1.4634887e+04
   1.9400000e+02   1.4614013e+04
   1.9500000e+02   1.4592004e+04
   1.9600000e+02   1.4568876e+04
   1.9700000e+02   1.4544645e+04
   1.9800000e+02   1.4519327e+04
   1.9900000e+02   1.4492938e+04
   2.0000000e+02   1.4465498e+04
   2.0100000e+02   1.4437023e+04
   2.0200000e+02   1.4407532e+04
   2.0300000e+02   1.4377044e+04
   2.0400000e+02   1.4345578e+04
   2.0500000e+02   1.4313155e+04
   2.0600000e+02   1.4279796e+04
   2.0700000e+02   1.4245521e+04
   2.0800000e+02   1.4210351e+04
   2.0900000e+02   1.4174309e+04
   2.1000000e+02   1.4137416e+04
   2.1100000e+02   1.4117950e+04
   2.1200000e+02   1.4097505e+04
   2.1300000e+02   1.4076086e+04
   2.1400000e+02   1.4053700e+04
   2.1500000e+02   1.4030356e+04
   2.1600000e+02   1.4006063e+04
   2.1700000e+02   1.3980827e+04
   2.1800000e+02   1.3954660e+04
   2.1900000e+02   1.3927571e+04
   2.2000000e+02   1.3899570e+04
   2.2100000e+02   1.3870670e+04
   2.2200000e+02   1.3840880e+04
   2.2300000e+02   1.3810213e+04
   2.2400000e+02   1.3778683e+04
   2.2500000e+02   1.3746301e+04
   2.2600000e+02   1.3713081e+04
   2.2700000e+02   1.3679038e+04
   2.2800000e+02   1.3644186e+04
   2.2900000e+02   1.3608538e+04
   2.3000000e+02   1.3572112e+04
   2.3100000e+02   1.3534923e+04
   2.3200000e+02   1.3496986e+04
   2.3300000e+02   1.3458318e+04
   2.3400000e+02   1.3418937e+04
   2.3500000e+02   1.3378857e+04
   2.3600000e+02   1.3338101e+04
   2.3700000e+02   1.3296682e+04
   2.3800000e+02   1.3254620e+04
   2.3900000e+02   1.3211934e+04
   2.4000000e+02   1.3168643e+04
   2.4100000e+02   1.3101385e+04
   2.4200000e+02   1.3033662e+04
   2.4300000e+02   1.2965499e+04
   2.4400000e+02   1.2896920e+04
   2.4500000e+02   1.2827947e+04
   2.4600000e+02   1.2758606e+04
   2.4700000e+02   1.2688920e+04
   2.4800000e+02   1.2618913e+04
   2.4900000e+02   1.2548608e+04
   2.5000000e+02   1.2478031e+04
   2.5100000e+02   1.2407203e+04
   2.5200000e+02   1.2336148e+04
   2.5300000e+02   1.2264891e+04
   2.5400000e+02   1.2193454e+04
   2.5500000e+02   1.2121860e+04
   2.5600000e+02   1.2050133e+04
   2.5700000e+02   1.1978295e+04
   2.5800000e+02   1.1906368e+04
   2.5900000e+02   1.1834377e+04
   2.6000000e+02   1.1762342e+04
   2.6100000e+02   1.1690285e+04
   2.6200000e+02   1.1618229e+04
   2.6300000e+02   1.1546194e+04
   2.6400000e+02   1.1474203e+04
   2.6500000e+02   1.1402275e+04
   2.6600000e+02   1.1330434e+04
   2.6700000e+02   1.1258696e+04
   2.6800000e+02   1.1187084e+04
   2.6900000e+02   1.1115616e+04
   2.7000000e+02   1.1044313e+04
   2.7100000e+02   1.0983132e+04
   2.7200000e+02   1.0922945e+04
   2.7300000e+02   1.0863777e+04
   2.7400000e+02   1.0805651e+04
   2.7500000e+02   1.0748588e+04
   2.7600000e+02   1.0692607e+04
   2.7700000e+02   1.0637730e+04
   2.7800000e+02   1.0583974e+04
   2.7900000e+02   1.0531355e+04
   2.8000000e+02   1.0479891e+04
   2.8100000e+02   1.0429594e+04
   2.8200000e+02   1.0380479e+04
   2.8300000e+02   1.0332556e+04
   2.8400000e+02   1.0285838e+04
   2.8500000e+02   1.0240333e+04
   2.8600000e+02   1.0196049e+04
   2.8700000e+02   1.0152992e+04
   2.8800000e+02   1.0111168e+04
   2.8900000e+02   1.0070581e+04
   2.9000000e+02   1.0031232e+04
   2.9100000e+02   9.9931230e+03
   2.9200000e+02   9.9562539e+03
   2.9300000e+02   9.9206221e+03
   2.9400000e+02   9.8862256e+03
   2.9500000e+02   9.8530586e+03
   2.9600000e+02   9.8211152e+03
   2.9700000e+02   9.7903896e+03
   2.9800000e+02   9.7608730e+03
   2.9900000e+02   9.7325557e+03
   3.0000000e+02   9.7054258e+03
   3.0100000e+02   9.6679639e+03
   3.0200000e+02   9.6313467e+03
   3.0300000e+02   9.5955674e+03
   3.0400000e+02   9.5606182e+03
   3.0500000e+02   9.5264883e+03
   3.0600000e+02   9.4931680e+03
   3.0700000e+02   9.4606475e+03
   3.0800000e+02   9.4289141e+03
   3.0900000e+02   9.3979570e+03
   3.1000000e+02   9.3677646e+03
   3.1100000e+02   9.3383223e+03
   3.1200000e+02   9.3096172e+03
   3.1300000e+02   9.2816367e+03
   3.1400000e+02   9.2543662e+03
   3.1500000e+02   9.2277910e+03
   3.1600000e+02   9.2018965e+03
   3.1700000e+02   9.1766680e+03
   3.1800000e+02   9.1520908e+03
   3.1900000e+02   9.1281494e+03
   3.2000000e+02   9.1048281e+03
   3.2100000e+02   9.0821133e+03
   3.2200000e+02   9.0599883e+03
   3.2300000e+02   9.0384385e+03
   3.2400000e+02   9.0174492e+03
   3.2500000e+02   8.9970049e+03
   3.2600000e+02   8.9770918e+03
   3.2700000e+02   8.9576953e+03
   3.2800000e+02   8.9388008e+03
   3.2900000e+02   8.9203945e+03
   3.3000000e+02   8.9024639e+03
   3.3100000e+02   8.8788447e+03
   3.3200000e+02   8.8556064e+03
   3.3300000e+02   8.8327412e+03
   3.3400000e+02   8.8102441e+03
   3.3500000e+02   8.7881094e+03
   3.3600000e+02   8.7663311e+03
   3.3700000e+02   8.7449072e+03
   3.3800000e+02   8.7238330e+03
   3.3900000e+02   8.7031064e+03
   3.4000000e+02   8.6827256e+03
   3.4100000e+02   8.6626895e+03
   3.4200000e+02   8.6429980e+03
   3.4300000e+02   8.6236514e+03
   3.4400000e+02   8.6046514e+03
   3.4500000e+02   8.5860010e+03
   3.4600000e+02   8.5677031e+03
   3.4700000e+02   8.5497617e+03
   3.4800000e+02   8.5321826e+03
   3.4900000e+02   8.5149717e+03
   3.5000000e+02   8.4981357e+03
   3.5100000e+02   8.4816826e+03
   3.5200000e+02   8.4656221e+03
   3.5300000e+02   8.4499629e+03
   3.5400000e+02   8.4347178e+03
   3.5500000e+02   8.4198965e+03
   3.5600000e+02   8.4055137e+03
   3.5700000e+02   8.3915820e+03
   3.5800000e+02   8.3781162e+03
   3.5900000e+02   8.3651318e+03
   5.2445557e-08   8.3526465e+03
   1.0000000e+00   8.3351865e+03
   2.0000000e+00   8.3183125e+03
   3.0000000e+00   8.3020488e+03
   4.0000000e+00   8.2864209e+03
   5.0000000e+00   8.2714551e+03
   6.0000000e+00   8.2571768e+03
   7.0000000e+00   8.2436143e+03
   8.0000000e+00   8.2307949e+03
   9.0000000e+00   8.2187471e+03
   1.0000000e+01   8.2075010e+03
   1.1000000e+01   8.1970859e+03
   1.2000000e+01   8.1875322e+03
   1.3000000e+01   8.1788706e+03
   1.4000000e+01   8.1711313e+03
   1.5000000e+01   8.1643467e+03
   1.6000000e+01   8.1585469e+03
   1.7000000e+01   8.1537646e+03
   1.8000000e+01   8.1500308e+03
   1.9000000e+01   8.1473770e+03
   2.0000000e+01   8.1458350e+03
   2.1000000e+01   8.1454355e+03
   2.2000000e+01   8.1462095e+03
   2.3000000e+01   8.1481875e+03
   2.4000000e+01   8.1513994e+03
   2.5000000e+01   8.1558750e+03
   2.6000000e+01   8.1616426e+03
   2.7000000e+01   8.1687310e+03
   2.8000000e+01   8.1771665e+03
   2.9000000e+01   8.1869756e+03
   3.0000000e+01   8.1981836e+03
   3.1000000e+01   8.1960586e+03
   3.2000000e+01   8.1957861e+03
   3.3000000e+01   8.1973994e+03
   3.4000000e+01   8.2009297e+03
   3.5000000e+01   8.2064063e+03
   3.6000000e+01   8.2138564e+03
   3.7000000e+01   8.2233047e+03
   3.8000000e+01   8.2347754e+03
   3.9000000e+01   8.2482881e+03
   4.0000000e+01   8.2638604e+03
   4.1000000e+01   8.2815078e+03
   4.2000000e+01   8.3012432e+03
   4.3000000e+01   8.3230762e+03
   4.4000000e+01   8.3470146e+03
   4.5000000e+01   8.3730645e+03
   4.6000000e+01   8.4012256e+03
   4.7000000e+01   8.4314990e+03
   4.8000000e+01   8.4638789e+03
   4.9000000e+01   8.4983613e+03
   5.0000000e+01   8.5349365e+03
   5.1000000e+01   8.5735928e+03
   5.2000000e+01   8.6143164e+03
   5.3000000e+01   8.6570898e+03
   5.4000000e+01   8.7018936e+03
   5.5000000e+01   8.7487070e+03
   5.6000000e+01   8.7975059e+03
   5.7000000e+01   8.8482637e+03
   5.8000000e+01   8.9009521e+03
   5.9000000e+01   8.9555400e+03
   6.0000000e+01   9.0119961e+03
   6.1000000e+01   9.0838916e+03
   6.2000000e+01   9.1564063e+03
   6.3000000e+01   9.2295186e+03
   6.4000000e+01   9.3032090e+03
   6.5000000e+01   9.3774570e+03
   6.6000000e+01   9.4522402e+03
   6.7000000e+01   9.5275391e+03
   6.8000000e+01   9.6033301e+03
   6.9000000e+01   9.6795918e+03
   7.0000000e+01   9.7563018e+03
   7.1000000e+01   9.8334375e+03
   7.2000000e+01   9.9109775e+03
   7.3000000e+01   9.9888965e+03
   7.4000000e+01   1.0067173e+04
   7.5000000e+01   1.0145782e+04
   7.6000000e+01   1.0224701e+04
   7.7000000e+01   1.0303906e+04
   7.8000000e+01   1.0383373e+04
   7.9000000e+01   1.0463077e+04
   8.0000000e+01   1.0542994e+04
   8.1000000e+01   1.0623101e+04
   8.2000000e+01   1.0703370e+04
   8.3000000e+01   1.0783779e+04
   8.4000000e+01   1.0864303e+04
   8.5000000e+01   1.0944917e+04
   8.6000000e+01   1.1025596e+04
   8.7000000e+01   1.1106313e+04
   8.8000000e+01   1.1187047e+04
   8.9000000e+01   1.1267771e+04
   9.0000000e+01   1.1348459e+04
   9.1000000e+01   1.1402399e+04
   9.2000000e+01   1.1456305e+04
   9.3000000e+01   1.1510154e+04
   9.4000000e+01   1.1563928e+04
   9.5000000e+01   1.1617603e+04
   9.6000000e+01   1.1671159e+04
   9.7000000e+01   1.1724577e+04
   9.8000000e+01   1.1777836e+04
   9.9000000e+01   1.1830916e+04
   1.0000000e+02   1.1883798e+04
   1.0100000e+02   1.1936461e+04
   1.0200000e+02   1.1988889e+04
   1.0300000e+02   1.2041060e+04
   1.0400000e+02   1.2092958e+04
   1.0500000e+02   1.2144563e+04
   1.0600000e+02   1.2195860e+04
   1.0700000e+02   1.2246830e+04
   1.0800000e+02   1.2297455e+04
   1.0900000e+02   1.2347722e+04
   1.1000000e+02   1.2397610e+04
   1.1100000e+02   1.2447107e+04
   1.1200000e+02   1.2496197e+04
   1.1300000e+02   1.2544864e+04
   1.1400000e+02   1.2593095e+04
   1.1500000e+02   1.2640875e+04
   1.1600000e+02   1.2688189e+04
   1.1700000e+02   1.2735027e+04
   1.1800000e+02   1.2781375e+04
   1.1900000e+02   1.2827220e+04
   1.2000000e+02   1.2872552e+04
   1.2100000e+02   1.2932818e+04
   1.2200000e+02   1.2992563e+04
   1.2300000e+02   1.3051757e+04
   1.2400000e+02   1.3110368e+04
   1.2500000e+02   1.3168368e+04
   1.2600000e+02   1.3225727e+04
   1.2700000e+02   1.3282415e+04
   1.2800000e+02   1.3338405e+04
   1.2900000e+02   1.3393670e+04
   1.3000000e+02   1.3448182e+04
   1.3100000e+02   1.3501914e+04
   1.3200000e+02   1.3554842e+04
   1.3300000e+02   1.3606938e+04
   1.3400000e+02   1.3658180e+04
   1.3500000e+02   1.3708543e+04
   1.3600000e+02   1.3758002e+04
   1.3700000e+02   1.3806536e+04
   1.3800000e+02   1.3854122e+04
   1.3900000e+02   1.3900738e+04
   1.4000000e+02   1.3946364e+04
   1.4100000e+02   1.3990979e+04
   1.4200000e+02   1.4034563e+04
   1.4300000e+02   1.4077097e+04
   1.4400000e+02   1.4118562e+04
   1.4500000e+02   1.4158941e+04
   1.4600000e+02   1.4198217e+04
   1.4700000e+02   1.4236373e+04
   1.4800000e+02   1.4273394e+04
   1.4900000e+02   1.4309263e+04
   1.5000000e+02   1.4343966e+04
   1.5100000e+02   1.4377484e+04
   1.5200000e+02   1.4409810e+04
   1.5300000e+02   1.4440930e+04
   1.5400000e+02   1.4470833e+04
   1.5500000e+02   1.4499508e+04
   1.5600000e+02   1.4526943e+04
   1.5700000e+02   1.4553131e+04
   1.5800000e+02   1.4578061e+04
   1.5900000e+02   1.4601724e+04
   1.6000000e+02   1.4624112e+04
   1.6100000e+02   1.4645220e+04
   1.6200000e+02   1.4665039e+04
   1.6300000e+02   1.4683564e+04
   1.6400000e+02   1.4700791e+04
   1.6500000e+02   1.4716714e+04
   1.6600000e+02   1.4731329e+04
   1.6700000e+02   1.4744634e+04
   1.6800000e+02   1.4756626e+04
   1.6900000e+02   1.4767303e+04
   1.7000000e+02   1.4776664e+04
   1.7100000e+02   1.4784709e+04
   1.7200000e+02   1.4791438e+04
   1.7300000e+02   1.4796851e+04
   1.7400000e+02   1.4800950e+04
   1.7500000e+02   1.4803737e+04
   1.7600000e+02   1.4805216e+04
   1.7700000e+02   1.4805390e+04
   1.7800000e+02   1.4804262e+04
   1.7900000e+02   1.4801837e+04
   1.8000000e+02   1.4798121e+04
   1.8100000e+02   1.4793115e+04
   1.8200000e+02   1.4786831e+04
   1.8300000e+02   1.4779276e+04
   1.8400000e+02   1.4770459e+04
   1.8500000e+02   1.4760387e+04
   1.8600000e+02   1.4749069e+04
   1.8700000e+02   1.4736518e+04
   1.8800000e+02   1.4722740e+04
   1.8900000e+02   1.4707750e+04
   1.9000000e+02   1.4691559e+04
   1.9100000e+02   1.4674177e+04
   1.9200000e+02   1.4655618e+04
   1.9300000e+02   1.4635897e+04
   1.9400000e+02   1.4615027e+04
   1.9500000e+02   1.4593022e+04
   1.9600000e+02   1.4569898e+04
   1.9700000e+02   1.4545672e+04
   1.9800000e+02   1.4520358e+04
   1.9900000e+02   1.4493975e+04
   2.0000000e+02   1.4466538e+04
   2.0100000e+02   1.4438067e+04
   2.0200000e+02   1.4408581e+04
   2.0300000e+02   1.4378097e+04
   2.0400000e+02   1.4346636e+04
   2.0500000e+02   1.4314217e+04
   2.0600000e+02   1.4280862e+04
   2.0700000e+02   1.4246591e+04
   2.0800000e+02   1.4211426e+04
   2.0900000e+02   1.4175388e+04
   2.1000000e+02   1.4138501e+04
   2.1100000e+02   1.4115451e+04
   2.1200000e+02   1.4091442e+04
   2.1300000e+02   1.4066481e+04
   2.1400000e+02   1.4040574e+04
   2.1500000e+02   1.4013729e+04
   2.1600000e+02   1.3985955e+04
   2.1700000e+02   1.3957260e+04
   2.1800000e+02   1.3927653e+04
   2.1900000e+02   1.3897145e+04
   2.2000000e+02   1.3865744e+04
   2.2100000e+02   1.3833463e+04
   2.2200000e+02   1.3800313e+04
   2.2300000e+02   1.3766306e+04
   2.2400000e+02   1.3731454e+04
   2.2500000e+02   1.3695771e+04
   2.2600000e+02   1.3659269e+04
   2.2700000e+02   1.3621961e+04
   2.2800000e+02   1.3583864e+04
   2.2900000e+02   1.3544991e+04
   2.3000000e+02   1.3505358e+04
   2.3100000e+02   1.3464980e+04
   2.3200000e+02   1.3423874e+04
   2.3300000e+02   1.3382054e+04
   2.3400000e+02   1.3339539e+04
   2.3500000e+02   1.3296345e+04
   2.3600000e+02   1.3252489e+04
   2.3700000e+02   1.3207991e+04
   2.3800000e+02   1.3162867e+04
   2.3900000e+02   1.3117137e+04
   2.4000000e+02   1.3070818e+04
   2.4100000e+02   1.3002363e+04
   2.4200000e+02   1.2933439e+04
   2.4300000e+02   1.2864071e+04
   2.4400000e+02   1.2794282e+04
   2.4500000e+02   1.2724096e+04
   2.4600000e+02   1.2653536e+04
   2.4700000e+02   1.2582626e+04
   2.4800000e+02   1.2511391e+04
   2.4900000e+02   1.2439853e+04
   2.5000000e+02   1.2368035e+04
   2.5100000e+02   1.2295963e+04
   2.5200000e+02   1.2223659e+04
   2.5300000e+02   1.2151147e+04
   2.5400000e+02   1.2078450e+04
   2.5500000e+02   1.2005591e+04
   2.5600000e+02   1.1932592e+04
   2.5700000e+02   1.1859478e+04
   2.5800000e+02   1.1786269e+04
   2.5900000e+02   1.1712989e+04
   2.6000000e+02   1.1639661e+04
   2.6100000e+02   1.1566306e+04
   2.6200000e+02   1.1492944e+04
   2.6300000e+02   1.1419601e+04
   2.6400000e+02   1.1346294e+04
   2.6500000e+02   1.1273047e+04
   2.6600000e+02   1.1199878e+04
   2.6700000e+02   1.1126810e+04
   2.6800000e+02   1.1053862e+04
   2.6900000e+02   1.0981054e+04
   2.7000000e+02   1.0908404e+04
   2.7100000e+02   1.0847713e+04
   2.7200000e+02   1.0788021e+04
   2.7300000e+02   1.0729351e+04
   2.7400000e+02   1.0671726e+04
   2.7500000e+02   1.0615168e+04
   2.7600000e+02   1.0559698e+04
   2.7700000e+02   1.0505335e+04
   2.7800000e+02   1.0452098e+04
   2.7900000e+02   1.0400003e+04
   2.8000000e+02   1.0349066e+04
   2.8100000e+02   1.0299303e+04
   2.8200000e+02   1.0250726e+04
   2.8300000e+02   1.0203348e+04
   2.8400000e+02   1.0157178e+04
   2.8500000e+02   1.0112226e+04
   2.8600000e+02   1.0068500e+04
   2.8700000e+02   1.0026008e+04
   2.8800000e+02   9.9847529e+03
   2.8900000e+02   9.9447393e+03
   2.9000000e+02   9.9059697e+03
   2.9100000e+02   9.8684443e+03
   2.9200000e+02   9.8321641e+03
   2.9300000e+02   9.7971250e+03
   2.9400000e+02   9.7633262e+03
   2.9500000e+02   9.7307617e+03
   2.9600000e+02   9.6994248e+03
   2.9700000e+02   9.6693105e+03
   2.9800000e+02   9.6404082e+03
   2.9900000e+02   9.6127080e+03
   3.0000000e+02   9.5862012e+03
   3.0100000e+02   9.5493076e+03
   3.0200000e+02   9.5132666e+03
   3.0300000e+02   9.4780703e+03
   3.0400000e+02   9.4437100e+03
   3.0500000e+02   9.4101748e+03
   3.0600000e+02   9.3774561e+03
   3.0700000e+02   9.3455420e+03
   3.0800000e+02   9.3144209e+03
   3.0900000e+02   9.2840811e+03
   3.1000000e+02   9.2545098e+03
   3.1100000e+02   9.2256934e+03
   3.1200000e+02   9.1976182e+03
   3.1300000e+02   9.1702705e+03
   3.1400000e+02   9.1436357e+03
   3.1500000e+02   9.1176992e+03
   3.1600000e+02   9.0924463e+03
   3.1700000e+02   9.0678613e+03
   3.1800000e+02   9.0439287e+03
   3.1900000e+02   9.0206338e+03
   3.2000000e+02   8.9979609e+03
   3.2100000e+02   8.9758945e+03
   3.2200000e+02   8.9544180e+03
   3.2300000e+02   8.9335166e+03
   3.2400000e+02   8.9131758e+03
   3.2500000e+02   8.8933799e+03
   3.2600000e+02   8.8741123e+03
   3.2700000e+02   8.8553613e+03
   3.2800000e+02   8.8371094e+03
   3.2900000e+02   8.8193457e+03
   3.3000000e+02   8.8020537e+03
   3.3100000e+02   8.7784902e+03
   3.3200000e+02   8.7553066e+03
   3.3300000e+02   8.7324941e+03
   3.3400000e+02   8.7100479e+03
   3.3500000e+02   8.6879619e+03
   3.3600000e+02   8.6662314e+03
   3.3700000e+02   8.6448525e+03
   3.3800000e+02   8.6238213e+03
   3.3900000e+02   8.6031348e+03
   3.4000000e+02   8.5827920e+03
   3.4100000e+02   8.5627920e+03
   3.4200000e+02   8.5431328e+03
   3.4300000e+02   8.5238174e+03
   3.4400000e+02   8.5048447e+03
   3.4500000e+02   8.4862197e+03
   3.4600000e+02   8.4679434e+03
   3.4700000e+02   8.4500225e+03
   3.4800000e+02   8.4324600e+03
   3.4900000e+02   8.4152627e+03
   3.5000000e+02   8.3984385e+03
   3.5100000e+02   8.3819941e+03
   3.5200000e+02   8.3659404e+03
   3.5300000e+02   8.3502852e+03
   3.5400000e+02   8.3350420e+03
   3.5500000e+02   8.3202207e+03
   3.5600000e+02   8.3058350e+03
   3.5700000e+02   8.2918984e+03
   3.5800000e+02   8.2784258e+03
   3.5900000e+02   8.2654346e+03
   7.8673565e-08   8.2529395e+03
   1.0000001e+00   8.2349990e+03
   2.0000000e+00   8.2176484e+03
   3.0000000e+00   8.2009102e+03
   4.0000000e+00   8.1848120e+03
   5.0000000e+00   8.1693784e+03
   6.0000000e+00   8.1546367e+03
   7.0000000e+00   8.1406152e+03
   8.0000000e+00   8.1273418e+03
   9.0000000e+00   8.1148462e+03
   1.0000000e+01   8.1031577e+03
   1.1000000e+01   8.0923071e+03
   1.2000000e+01   8.0823247e+03
   1.3000000e+01   8.0732417e+03
   1.4000000e+01   8.0650898e+03
   1.5000000e+01   8.0579004e+03
   1.6000000e+01   8.0517061e+03
   1.7000000e+01   8.0465386e+03
   1.8000000e+01   8.0424297e+03
   1.9000000e+01   8.0394121e+03
   2.0000000e+01   8.0375176e+03
   2.1000000e+01   8.0367778e+03
   2.2000000e+01   8.0372246e+03
   2.3000000e+01   8.0388882e+03
   2.4000000e+01   8.0417998e+03
   2.5000000e+01   8.0459888e+03
   2.6000000e+01   8.0514849e+03
   2.7000000e+01   8.0583169e+03
   2.8000000e+01   8.0665117e+03
   2.9000000e+01   8.0760962e+03
   3.0000000e+01   8.0870962e+03
   3.1000000e+01   8.0849634e+03
   3.2000000e+01   8.0846982e+03
   3.3000000e+01   8.0863345e+03
   3.4000000e+01   8.0899038e+03
   3.5000000e+01   8.0954351e+03
   3.6000000e+01   8.1029570e+03
   3.7000000e+01   8.1124941e+03
   3.8000000e+01   8.1240693e+03
   3.9000000e+01   8.1377031e+03
   4.0000000e+01   8.1534136e+03
   4.1000000e+01   8.1712158e+03
   4.2000000e+01   8.1911226e+03
   4.3000000e+01   8.2131436e+03
   4.4000000e+01   8.2372871e+03
   4.5000000e+01   8.2635557e+03
   4.6000000e+01   8.2919531e+03
   4.7000000e+01   8.3224766e+03
   4.8000000e+01   8.3551230e+03
   4.9000000e+01   8.3898857e+03
   5.0000000e+01   8.4267549e+03
   5.1000000e+01   8.4657178e+03
   5.2000000e+01   8.5067617e+03
   5.3000000e+01   8.5498672e+03
   5.4000000e+01   8.5950146e+03
   5.5000000e+01   8.6421826e+03
   5.6000000e+01   8.6913467e+03
   5.7000000e+01   8.7424785e+03
   5.8000000e+01   8.7955488e+03
   5.9000000e+01   8.8505283e+03
   6.0000000e+01   8.9073828e+03
   6.1000000e+01   8.9812568e+03
   6.2000000e+01   9.0557334e+03
   6.3000000e+01   9.1307920e+03
   6.4000000e+01   9.2064111e+03
   6.5000000e+01   9.2825713e+03
   6.6000000e+01   9.3592520e+03
   6.7000000e+01   9.4364297e+03
   6.8000000e+01   9.5140850e+03
   6.9000000e+01   9.5921943e+03
   7.0000000e+01   9.6707373e+03
   7.1000000e+01   9.7496895e+03
   7.2000000e+01   9.8290303e+03
   7.3000000e+01   9.9087354e+03
   7.4000000e+01   9.9887813e+03
   7.5000000e+01   1.0069146e+04
   7.6000000e+01   1.0149807e+04
   7.7000000e+01   1.0230737e+04
   7.8000000e+01   1.0311916e+04
   7.9000000e+01   1.0393318e+04
   8.0000000e+01   1.0474920e+04
   8.1000000e+01   1.0556696e+04
   8.2000000e+01   1.0638624e+04
   8.3000000e+01   1.0720678e+04
   8.4000000e+01   1.0802834e+04
   8.5000000e+01   1.0885067e+04
   8.6000000e+01   1.0967354e+04
   8.7000000e+01   1.1049669e+04
   8.8000000e+01   1.1131987e+04
   8.9000000e+01   1.1214284e+04
   9.0000000e+01   1.1296536e+04
   9.1000000e+01   1.1352322e+04
   9.2000000e+01   1.1408068e+04
   9.3000000e+01   1.1463751e+04
   9.4000000e+01   1.1519351e+04
   9.5000000e+01   1.1574846e+04
   9.6000000e+01   1.1630216e+04
   9.7000000e+01   1.1685439e+04
   9.8000000e+01   1.1740499e+04
   9.9000000e+01   1.1795372e+04
   1.0000000e+02   1.1850040e+04
   1.0100000e+02   1.1904483e+04
   1.0200000e+02   1.1958684e+04
   1.0300000e+02   1.2012622e+04
   1.0400000e+02   1.2066279e+04
   1.0500000e+02   1.2119639e+04
   1.0600000e+02   1.2172682e+04
   1.0700000e+02   1.2225391e+04
   1.0800000e+02   1.2277750e+04
   1.0900000e+02   1.2329742e+04
   1.1000000e+02   1.2381351e+04
   1.1100000e+02   1.2432561e+04
   1.1200000e+02   1.2483356e+04
   1.1300000e+02   1.2533723e+04
   1.1400000e+02   1.2583646e+04
   1.1500000e+02   1.2633110e+04
   1.1600000e+02   1.2682104e+04
   1.1700000e+02   1.2730612e+04
   1.1800000e+02   1.2778625e+04
   1.1900000e+02   1.2826127e+04
   1.2000000e+02   1.2873108e+04
   1.2100000e+02   1.2933369e+04
   1.2200000e+02   1.2993109e+04
   1.2300000e+02   1.3052298e+04
   1.2400000e+02   1.3110904e+04
   1.2500000e+02   1.3168898e+04
   1.2600000e+02   1.3226251e+04
   1.2700000e+02   1.3282935e+04
   1.2800000e+02   1.3338920e+04
   1.2900000e+02   1.3394180e+04
   1.3000000e+02   1.3448687e+04
   1.3100000e+02   1.3502414e+04
   1.3200000e+02   1.3555337e+04
   1.3300000e+02   1.3607429e+04
   1.3400000e+02   1.3658666e+04
   1.3500000e+02   1.3709023e+04
   1.3600000e+02   1.3758479e+04
   1.3700000e+02   1.3807008e+04
   1.3800000e+02   1.3854590e+04
   1.3900000e+02   1.3901201e+04
   1.4000000e+02   1.3946823e+04
   1.4100000e+02   1.3991434e+04
   1.4200000e+02   1.4035013e+04
   1.4300000e+02   1.4077542e+04
   1.4400000e+02   1.4119004e+04
   1.4500000e+02   1.4159379e+04
   1.4600000e+02   1.4198650e+04
   1.4700000e+02   1.4236803e+04
   1.4800000e+02   1.4273818e+04
   1.4900000e+02   1.4309684e+04
   1.5000000e+02   1.4344384e+04
   1.5100000e+02   1.4377900e+04
   1.5200000e+02   1.4410225e+04
   1.5300000e+02   1.4441344e+04
   1.5400000e+02   1.4471246e+04
   1.5500000e+02   1.4499920e+04
   1.5600000e+02   1.4527355e+04
   1.5700000e+02   1.4553542e+04
   1.5800000e+02   1.4578470e+04
   1.5900000e+02   1.4602132e+04
   1.6000000e+02   1.4624520e+04
   1.6100000e+02   1.4645626e+04
   1.6200000e+02   1.4665444e+04
   1.6300000e+02   1.4683969e+04
   1.6400000e+02   1.4701194e+04
   1.6500000e+02   1.4717116e+04
   1.6600000e+02   1.4731731e+04
   1.6700000e+02   1.4745035e+04
   1.6800000e+02   1.4757026e+04
   1.6900000e+02   1.4767703e+04
   1.7000000e+02   1.4777063e+04
   1.7100000e+02   1.4785107e+04
   1.7200000e+02   1.4791835e+04
   1.7300000e+02   1.4797247e+04
   1.7400000e+02   1.4801346e+04
   1.7500000e+02   1.4804133e+04
   1.7600000e+02   1.4805610e+04
   1.7700000e+02   1.4805783e+04
   1.7800000e+02   1.4804654e+04
   1.7900000e+02   1.4802229e+04
   1.8000000e+02   1.4798514e+04
   1.8100000e+02   1.4793509e+04
   1.8200000e+02   1.4787227e+04
   1.8300000e+02   1.4779674e+04
   1.8400000e+02   1.4770857e+04
   1.8500000e+02   1.4760787e+04
   1.8600000e+02   1.4749472e+04
   1.8700000e+02   1.4736922e+04
   1.8800000e+02   1.4723146e+04
   1.8900000e+02   1.4708158e+04
   1.9000000e+02   1.4691968e+04
   1.9100000e+02   1.4674588e+04
   1.9200000e+02   1.4656031e+04
   1.9300000e+02   1.4636313e+04
   1.9400000e+02   1.4615444e+04
   1.9500000e+02   1.4593441e+04
   1.9600000e+02   1.4570319e+04
   1.9700000e+02   1.4546095e+04
   1.9800000e+02   1.4520783e+04
   1.9900000e+02   1.4494401e+04
   2.0000000e+02   1.4466967e+04
   2.0100000e+02   1.4438498e+04
   2.0200000e+02   1.4409013e+04
   2.0300000e+02   1.4378531e+04
   2.0400000e+02   1.4347072e+04
   2.0500000e+02   1.4314655e+04
   2.0600000e+02   1.4281303e+04
   2.0700000e+02   1.4247033e+04
   2.0800000e+02   1.4211870e+04
   2.0900000e+02   1.4175835e+04
   2.1000000e+02   1.4138949e+04
   2.1100000e+02   1.4114329e+04
   2.1200000e+02   1.4088756e+04
   2.1300000e+02   1.4062235e+04
   2.1400000e+02   1.4034773e+04
   2.1500000e+02   1.4006380e+04
   2.1600000e+02   1.3977062e+04
   2.1700000e+02   1.3946827e+04
   2.1800000e+02   1.3915687e+04
   2.1900000e+02   1.3883648e+04
   2.2000000e+02   1.3850725e+04
   2.2100000e+02   1.3816926e+04
   2.2200000e+02   1.3782263e+04
   2.2300000e+02   1.3746747e+04
   2.2400000e+02   1.3710393e+04
   2.2500000e+02   1.3673211e+04
   2.2600000e+02   1.3635216e+04
   2.2700000e+02   1.3596422e+04
   2.2800000e+02   1.3556843e+04
   2.2900000e+02   1.3516492e+04
   2.3000000e+02   1.3475388e+04
   2.3100000e+02   1.3433542e+04
   2.3200000e+02   1.3390974e+04
   2.3300000e+02   1.3347696e+04
   2.3400000e+02   1.3303729e+04
   2.3500000e+02   1.3259089e+04
   2.3600000e+02   1.3213791e+04
   2.3700000e+02   1.3167855e+04
   2.3800000e+02   1.3121300e+04
   2.3900000e+02   1.3074143e+04
   2.4000000e+02   1.3026402e+04
   2.4100000e+02   1.2957295e+04
   2.4200000e+02   1.2887716e+04
   2.4300000e+02   1.2817689e+04
   2.4400000e+02   1.2747239e+04
   2.4500000e+02   1.2676389e+04
   2.4600000e+02   1.2605162e+04
   2.4700000e+02   1.2533582e+04
   2.4800000e+02   1.2461673e+04
   2.4900000e+02   1.2389458e+04
   2.5000000e+02   1.2316962e+04
   2.5100000e+02   1.2244206e+04
   2.5200000e+02   1.2171216e+04
   2.5300000e+02   1.2098014e+04
   2.5400000e+02   1.2024623e+04
   2.5500000e+02   1.1951067e+04
   2.5600000e+02   1.1877368e+04
   2.5700000e+02   1.1803550e+04
   2.5800000e+02   1.1729634e+04
   2.5900000e+02   1.1655644e+04
   2.6000000e+02   1.1581601e+04
   2.6100000e+02   1.1507527e+04
   2.6200000e+02   1.1433445e+04
   2.6300000e+02   1.1359377e+04
   2.6400000e+02   1.1285342e+04
   2.6500000e+02   1.1211363e+04
   2.6600000e+02   1.1137460e+04
   2.6700000e+02   1.1063653e+04
   2.6800000e+02   1.0989963e+04
   2.6900000e+02   1.0916410e+04
   2.7000000e+02   1.0843014e+04
   2.7100000e+02   1.0782482e+04
   2.7200000e+02   1.0722953e+04
   2.7300000e+02   1.0664449e+04
   2.7400000e+02   1.0606993e+04
   2.7500000e+02   1.0550607e+04
   2.7600000e+02   1.0495313e+04
   2.7700000e+02   1.0441128e+04
   2.7800000e+02   1.0388072e+04
   2.7900000e+02   1.0336162e+04
   2.8000000e+02   1.0285413e+04
   2.8100000e+02   1.0235842e+04
   2.8200000e+02   1.0187459e+04
   2.8300000e+02   1.0140279e+04
   2.8400000e+02   1.0094311e+04
   2.8500000e+02   1.0049564e+04
   2.8600000e+02   1.0006049e+04
   2.8700000e+02   9.9637676e+03
   2.8800000e+02   9.9227295e+03
   2.8900000e+02   9.8829355e+03
   2.9000000e+02   9.8443887e+03
   2.9100000e+02   9.8070898e+03
   2.9200000e+02   9.7710391e+03
   2.9300000e+02   9.7362344e+03
   2.9400000e+02   9.7026709e+03
   2.9500000e+02   9.6703467e+03
   2.9600000e+02   9.6392529e+03
   2.9700000e+02   9.6093838e+03
   2.9800000e+02   9.5807305e+03
   2.9900000e+02   9.5532832e+03
   3.0000000e+02   9.5270293e+03
   3.0100000e+02   9.4903740e+03
   3.0200000e+02   9.4545762e+03
   3.0300000e+02   9.4196270e+03
   3.0400000e+02   9.3855166e+03
   3.0500000e+02   9.3522354e+03
   3.0600000e+02   9.3197744e+03
   3.0700000e+02   9.2881211e+03
   3.0800000e+02   9.2572637e+03
   3.0900000e+02   9.2271914e+03
   3.1000000e+02   9.1978896e+03
   3.1100000e+02   9.1693457e+03
   3.1200000e+02   9.1415459e+03
   3.1300000e+02   9.1144756e+03
   3.1400000e+02   9.0881211e+03
   3.1500000e+02   9.0624658e+03
   3.1600000e+02   9.0374961e+03
   3.1700000e+02   9.0131963e+03
   3.1800000e+02   8.9895508e+03
   3.1900000e+02   8.9665439e+03
   3.2000000e+02   8.9441602e+03
   3.2100000e+02   8.9223838e+03
   3.2200000e+02   8.9011982e+03
   3.2300000e+02   8.8805879e+03
   3.2400000e+02   8.8605381e+03
   3.2500000e+02   8.8410342e+03
   3.2600000e+02   8.8220586e+03
   3.2700000e+02   8.8035986e+03
   3.2800000e+02   8.7856387e+03
   3.2900000e+02   8.7681650e+03
   3.3000000e+02   8.7511641e+03
   3.3100000e+02   8.7275918e+03
   3.3200000e+02   8.7043984e+03
   3.3300000e+02   8.6815752e+03
   3.3400000e+02   8.6591182e+03
   3.3500000e+02   8.6370205e+03
   3.3600000e+02   8.6152764e+03
   3.3700000e+02   8.5938838e+03
   3.3800000e+02   8.5728369e+03
   3.3900000e+02   8.5521348e+03
   3.4000000e+02   8.5317744e+03
   3.4100000e+02   8.5117559e+03
   3.4200000e+02   8.4920771e+03
   3.4300000e+02   8.4727393e+03
   3.4400000e+02   8.4537451e+03
   3.4500000e+02   8.4350957e+03
   3.4600000e+02   8.4167949e+03
   3.4700000e+02   8.3988477e+03
   3.4800000e+02   8.3812568e+03
   3.4900000e+02   8.3640313e+03
   3.5000000e+02   8.3471768e+03
   3.5100000e+02   8.3307012e+03
   3.5200000e+02   8.3146133e+03
   3.5300000e+02   8.2989248e+03
   3.5400000e+02   8.2836455e+03
   3.5500000e+02   8.2687881e+03
   3.5600000e+02   8.2543652e+03
   3.5700000e+02   8.2403906e+03
   3.5800000e+02   8.2268799e+03
   3.5900000e+02   8.2138477e+03
   1.0486701e-07   8.2013115e+03
