   0.0000000e+00   3.0616108e-19
   1.0000000e+00   1.4490376e-03
   2.0000000e+00   2.2093141e-03
   3.0000000e+00   2.9711460e-03
   4.0000000e+00   3.7359986e-03
   5.0000000e+00   4.5038061e-03
   6.0000000e+00   5.2743987e-03
   7.0000000e+00   6.0476414e-03
   8.0000000e+00   6.8233055e-03
   9.0000000e+00   7.6013622e-03
   1.0000000e+01   8.3814897e-03
   1.1000000e+01   9.1631524e-03
   1.2000000e+01   9.9460799e-03
   1.3000000e+01   1.0730018e-02
   1.4000000e+01   1.1514599e-02
   1.5000000e+01   1.2299484e-02
   1.6000000e+01   1.3085135e-02
   1.7000000e+01   1.3871591e-02
   1.8000000e+01   1.4658988e-02
   1.9000000e+01   1.5447194e-02
   2.0000000e+01   1.6236717e-02
   2.1000000e+01   1.7028000e-02
   2.2000000e+01   1.7821165e-02
   2.3000000e+01   1.8616188e-02
   2.4000000e+01   1.9413035e-02
   2.5000000e+01   2.0211698e-02
   2.6000000e+01   2.1012194e-02
   2.7000000e+01   2.1814236e-02
   2.8000000e+01   2.2617625e-02
   2.9000000e+01   2.3422321e-02
   3.0000000e+01   2.4228401e-02
   3.1000000e+01   2.5070487e-02
   3.2000000e+01   2.5915904e-02
   3.3000000e+01   2.6764629e-02
   3.4000000e+01   2.7616780e-02
   3.5000000e+01   2.8472293e-02
   3.6000000e+01   2.9331125e-02
   3.7000000e+01   3.0193217e-02
   3.8000000e+01   3.1058442e-02
   3.9000000e+01   3.1926602e-02
   4.0000000e+01   3.2797650e-02
   4.1000000e+01   3.3671573e-02
   4.2000000e+01   3.4548342e-02
   4.3000000e+01   3.5427872e-02
   4.4000000e+01   3.6310159e-02
   4.5000000e+01   3.7195083e-02
   4.6000000e+01   3.8082495e-02
   4.7000000e+01   3.8972348e-02
   4.8000000e+01   3.9864738e-02
   4.9000000e+01   4.0759660e-02
   5.0000000e+01   4.1657064e-02
   5.1000000e+01   4.2556912e-02
   5.2000000e+01   4.3459173e-02
   5.3000000e+01   4.4363718e-02
   5.4000000e+01   4.5270469e-02
   5.5000000e+01   4.6179362e-02
   5.6000000e+01   4.7090352e-02
   5.7000000e+01   4.8003424e-02
   5.8000000e+01   4.8918515e-02
   5.9000000e+01   4.9835548e-02
   6.0000000e+01   5.0754476e-02
   6.1000000e+01   5.1716227e-02
   6.2000000e+01   5.2681193e-02
   6.3000000e+01   5.3649336e-02
   6.4000000e+01   5.4620624e-02
   6.5000000e+01   5.5595055e-02
   6.6000000e+01   5.6572620e-02
   6.7000000e+01   5.7553262e-02
   6.8000000e+01   5.8536921e-02
   6.9000000e+01   5.9523530e-02
   7.0000000e+01   6.0513008e-02
   7.1000000e+01   6.1505295e-02
   7.2000000e+01   6.2500380e-02
   7.3000000e+01   6.3498244e-02
   7.4000000e+01   6.4498819e-02
   7.5000000e+01   6.5502040e-02
   7.6000000e+01   6.6507876e-02
   7.7000000e+01   6.7516319e-02
   7.8000000e+01   6.8527333e-02
   7.9000000e+01   6.9540925e-02
   8.0000000e+01   7.0557036e-02
   8.1000000e+01   7.1575642e-02
   8.2000000e+01   7.2596662e-02
   8.3000000e+01   7.3620073e-02
   8.4000000e+01   7.4645758e-02
   8.5000000e+01   7.5673684e-02
   8.6000000e+01   7.6703794e-02
   8.7000000e+01   7.7736050e-02
   8.8000000e+01   7.8770444e-02
   8.9000000e+01   7.9806946e-02
   9.0000000e+01   8.0845512e-02
   9.1000000e+01   8.1993796e-02
   9.2000000e+01   8.3146550e-02
   9.3000000e+01   8.4303722e-02
   9.4000000e+01   8.5465282e-02
   9.5000000e+01   8.6631157e-02
   9.6000000e+01   8.7801330e-02
   9.7000000e+01   8.8975742e-02
   9.8000000e+01   9.0154372e-02
   9.9000000e+01   9.1337159e-02
   1.0000000e+02   9.2524096e-02
   1.0100000e+02   9.3715154e-02
   1.0200000e+02   9.4910316e-02
   1.0300000e+02   9.6109554e-02
   1.0400000e+02   9.7312845e-02
   1.0500000e+02   9.8520167e-02
   1.0600000e+02   9.9731497e-02
   1.0700000e+02   1.0094678e-01
   1.0800000e+02   1.0216606e-01
   1.0900000e+02   1.0338929e-01
   1.1000000e+02   1.0461646e-01
   1.1100000e+02   1.0584756e-01
   1.1200000e+02   1.0708258e-01
   1.1300000e+02   1.0832151e-01
   1.1400000e+02   1.0956430e-01
   1.1500000e+02   1.1081092e-01
   1.1600000e+02   1.1206138e-01
   1.1700000e+02   1.1331564e-01
   1.1800000e+02   1.1457366e-01
   1.1900000e+02   1.1583542e-01
   1.2000000e+02   1.1710091e-01
   1.2100000e+02   1.1821824e-01
   1.2200000e+02   1.1933614e-01
   1.2300000e+02   1.2045461e-01
   1.2400000e+02   1.2157361e-01
   1.2500000e+02   1.2269314e-01
   1.2600000e+02   1.2381314e-01
   1.2700000e+02   1.2493362e-01
   1.2800000e+02   1.2605454e-01
   1.2900000e+02   1.2717593e-01
   1.3000000e+02   1.2829773e-01
   1.3100000e+02   1.2941994e-01
   1.3200000e+02   1.3054253e-01
   1.3300000e+02   1.3166550e-01
   1.3400000e+02   1.3278879e-01
   1.3500000e+02   1.3391241e-01
   1.3600000e+02   1.3503638e-01
   1.3700000e+02   1.3616064e-01
   1.3800000e+02   1.3728522e-01
   1.3900000e+02   1.3841005e-01
   1.4000000e+02   1.3953516e-01
   1.4100000e+02   1.4066051e-01
   1.4200000e+02   1.4178614e-01
   1.4300000e+02   1.4291203e-01
   1.4400000e+02   1.4403792e-01
   1.4500000e+02   1.4516373e-01
   1.4600000e+02   1.4628947e-01
   1.4700000e+02   1.4741507e-01
   1.4800000e+02   1.4854050e-01
   1.4900000e+02   1.4966570e-01
   1.5000000e+02   1.5079065e-01
   1.5100000e+02   1.5117955e-01
   1.5200000e+02   1.5156245e-01
   1.5300000e+02   1.5193939e-01
   1.5400000e+02   1.5231045e-01
   1.5500000e+02   1.5267569e-01
   1.5600000e+02   1.5303516e-01
   1.5700000e+02   1.5338892e-01
   1.5800000e+02   1.5373701e-01
   1.5900000e+02   1.5407948e-01
   1.6000000e+02   1.5441637e-01
   1.6100000e+02   1.5474771e-01
   1.6200000e+02   1.5507355e-01
   1.6300000e+02   1.5539391e-01
   1.6400000e+02   1.5570886e-01
   1.6500000e+02   1.5601844e-01
   1.6600000e+02   1.5632266e-01
   1.6700000e+02   1.5662156e-01
   1.6800000e+02   1.5691520e-01
   1.6900000e+02   1.5720361e-01
   1.7000000e+02   1.5748684e-01
   1.7100000e+02   1.5776488e-01
   1.7200000e+02   1.5803778e-01
   1.7300000e+02   1.5830560e-01
   1.7400000e+02   1.5856835e-01
   1.7500000e+02   1.5882605e-01
   1.7600000e+02   1.5907876e-01
   1.7700000e+02   1.5932652e-01
   1.7800000e+02   1.5956934e-01
   1.7900000e+02   1.5980728e-01
   1.8000000e+02   1.6004033e-01
   1.8100000e+02   1.5966569e-01
   1.8200000e+02   1.5928565e-01
   1.8300000e+02   1.5890040e-01
   1.8400000e+02   1.5850997e-01
   1.8500000e+02   1.5811451e-01
   1.8600000e+02   1.5771404e-01
   1.8700000e+02   1.5730862e-01
   1.8800000e+02   1.5689835e-01
   1.8900000e+02   1.5648325e-01
   1.9000000e+02   1.5606339e-01
   1.9100000e+02   1.5563883e-01
   1.9200000e+02   1.5520965e-01
   1.9300000e+02   1.5477584e-01
   1.9400000e+02   1.5433754e-01
   1.9500000e+02   1.5389475e-01
   1.9600000e+02   1.5344755e-01
   1.9700000e+02   1.5299600e-01
   1.9800000e+02   1.5254015e-01
   1.9900000e+02   1.5208001e-01
   2.0000000e+02   1.5161569e-01
   2.0100000e+02   1.5114719e-01
   2.0200000e+02   1.5067458e-01
   2.0300000e+02   1.5019791e-01
   2.0400000e+02   1.4971721e-01
   2.0500000e+02   1.4923251e-01
   2.0600000e+02   1.4874390e-01
   2.0700000e+02   1.4825140e-01
   2.0800000e+02   1.4775506e-01
   2.0900000e+02   1.4725490e-01
   2.1000000e+02   1.4675097e-01
   2.1100000e+02   1.4599639e-01
   2.1200000e+02   1.4523397e-01
   2.1300000e+02   1.4446381e-01
   2.1400000e+02   1.4368591e-01
   2.1500000e+02   1.4290038e-01
   2.1600000e+02   1.4210722e-01
   2.1700000e+02   1.4130655e-01
   2.1800000e+02   1.4049837e-01
   2.1900000e+02   1.3968275e-01
   2.2000000e+02   1.3885976e-01
   2.2100000e+02   1.3802940e-01
   2.2200000e+02   1.3719177e-01
   2.2300000e+02   1.3634691e-01
   2.2400000e+02   1.3549486e-01
   2.2500000e+02   1.3463566e-01
   2.2600000e+02   1.3376941e-01
   2.2700000e+02   1.3289611e-01
   2.2800000e+02   1.3201584e-01
   2.2900000e+02   1.3112861e-01
   2.3000000e+02   1.3023451e-01
   2.3100000e+02   1.2933357e-01
   2.3200000e+02   1.2842582e-01
   2.3300000e+02   1.2751134e-01
   2.3400000e+02   1.2659015e-01
   2.3500000e+02   1.2566231e-01
   2.3600000e+02   1.2472787e-01
   2.3700000e+02   1.2378689e-01
   2.3800000e+02   1.2283941e-01
   2.3900000e+02   1.2188546e-01
   2.4000000e+02   1.2092511e-01
   2.4100000e+02   1.2038280e-01
   2.4200000e+02   1.1983653e-01
   2.4300000e+02   1.1928632e-01
   2.4400000e+02   1.1873223e-01
   2.4500000e+02   1.1817426e-01
   2.4600000e+02   1.1761248e-01
   2.4700000e+02   1.1704689e-01
   2.4800000e+02   1.1647752e-01
   2.4900000e+02   1.1590442e-01
   2.5000000e+02   1.1532760e-01
   2.5100000e+02   1.1474711e-01
   2.5200000e+02   1.1416297e-01
   2.5300000e+02   1.1357521e-01
   2.5400000e+02   1.1298385e-01
   2.5500000e+02   1.1238892e-01
   2.5600000e+02   1.1179046e-01
   2.5700000e+02   1.1118849e-01
   2.5800000e+02   1.1058303e-01
   2.5900000e+02   1.0997411e-01
   2.6000000e+02   1.0936176e-01
   2.6100000e+02   1.0874600e-01
   2.6200000e+02   1.0812686e-01
   2.6300000e+02   1.0750438e-01
   2.6400000e+02   1.0687856e-01
   2.6500000e+02   1.0624946e-01
   2.6600000e+02   1.0561708e-01
   2.6700000e+02   1.0498147e-01
   2.6800000e+02   1.0434265e-01
   2.6900000e+02   1.0370064e-01
   2.7000000e+02   1.0305548e-01
   2.7100000e+02   1.0276108e-01
   2.7200000e+02   1.0246470e-01
   2.7300000e+02   1.0216632e-01
   2.7400000e+02   1.0186597e-01
   2.7500000e+02   1.0156367e-01
   2.7600000e+02   1.0125943e-01
   2.7700000e+02   1.0095327e-01
   2.7800000e+02   1.0064520e-01
   2.7900000e+02   1.0033523e-01
   2.8000000e+02   1.0002339e-01
   2.8100000e+02   9.9709675e-02
   2.8200000e+02   9.9394113e-02
   2.8300000e+02   9.9076718e-02
   2.8400000e+02   9.8757498e-02
   2.8500000e+02   9.8436475e-02
   2.8600000e+02   9.8113663e-02
   2.8700000e+02   9.7789079e-02
   2.8800000e+02   9.7462736e-02
   2.8900000e+02   9.7134642e-02
   2.9000000e+02   9.6804820e-02
   2.9100000e+02   9.6473277e-02
   2.9200000e+02   9.6140042e-02
   2.9300000e+02   9.5805116e-02
   2.9400000e+02   9.5468514e-02
   2.9500000e+02   9.5130257e-02
   2.9600000e+02   9.4790339e-02
   2.9700000e+02   9.4448805e-02
   2.9800000e+02   9.4105639e-02
   2.9900000e+02   9.3760870e-02
   3.0000000e+02   9.3414500e-02
   3.0100000e+02   9.3369499e-02
   3.0200000e+02   9.3323573e-02
   3.0300000e+02   9.3276717e-02
   3.0400000e+02   9.3228936e-02
   3.0500000e+02   9.3180247e-02
   3.0600000e+02   9.3130641e-02
   3.0700000e+02   9.3080141e-02
   3.0800000e+02   9.3028747e-02
   3.0900000e+02   9.2976466e-02
   3.1000000e+02   9.2923298e-02
   3.1100000e+02   9.2869252e-02
   3.1200000e+02   9.2814349e-02
   3.1300000e+02   9.2758574e-02
   3.1400000e+02   9.2701942e-02
   3.1500000e+02   9.2644460e-02
   3.1600000e+02   9.2586130e-02
   3.1700000e+02   9.2526972e-02
   3.1800000e+02   9.2466965e-02
   3.1900000e+02   9.2406146e-02
   3.2000000e+02   9.2344493e-02
   3.2100000e+02   9.2282034e-02
   3.2200000e+02   9.2218764e-02
   3.2300000e+02   9.2154689e-02
   3.2400000e+02   9.2089824e-02
   3.2500000e+02   9.2024155e-02
   3.2600000e+02   9.1957711e-02
   3.2700000e+02   9.1890484e-02
   3.2800000e+02   9.1822483e-02
   3.2900000e+02   9.1753714e-02
   3.3000000e+02   9.1684185e-02
   3.3100000e+02   9.1945544e-02
   3.3200000e+02   9.2206687e-02
   3.3300000e+02   9.2467614e-02
   3.3400000e+02   9.2728339e-02
   3.3500000e+02   9.2988841e-02
   3.3600000e+02   9.3249135e-02
   3.3700000e+02   9.3509227e-02
   3.3800000e+02   9.3769111e-02
   3.3900000e+02   9.4028778e-02
   3.4000000e+02   9.4288237e-02
   3.4100000e+02   9.4547510e-02
   3.4200000e+02   9.4806567e-02
   3.4300000e+02   9.5065422e-02
   3.4400000e+02   9.5324077e-02
   3.4500000e+02   9.5582530e-02
   3.4600000e+02   9.5840782e-02
   3.4700000e+02   9.6098840e-02
   3.4800000e+02   9.6356697e-02
   3.4900000e+02   9.6614368e-02
   3.5000000e+02   9.6871845e-02
   3.5100000e+02   9.7129114e-02
   3.5200000e+02   9.7386204e-02
   3.5300000e+02   9.7643100e-02
   3.5400000e+02   9.7899802e-02
   3.5500000e+02   9.8156318e-02
   3.5600000e+02   9.8412648e-02
   3.5700000e+02   9.8668791e-02
   3.5800000e+02   9.8924749e-02
   3.5900000e+02   9.9180527e-02
   7.1133672e-07   9.9436127e-02
   1.0000007e+00   9.9995986e-02
   2.0000007e+00   1.0055606e-01
   3.0000007e+00   1.0111634e-01
   4.0000010e+00   1.0167683e-01
   5.0000010e+00   1.0223752e-01
   6.0000010e+00   1.0279842e-01
   7.0000010e+00   1.0335952e-01
   8.0000010e+00   1.0392082e-01
   9.0000010e+00   1.0448231e-01
   1.0000001e+01   1.0504399e-01
   1.1000001e+01   1.0560588e-01
   1.2000001e+01   1.0616795e-01
   1.3000001e+01   1.0673022e-01
   1.4000001e+01   1.0729267e-01
   1.5000001e+01   1.0785531e-01
   1.6000000e+01   1.0841811e-01
   1.7000000e+01   1.0898112e-01
   1.8000000e+01   1.0954429e-01
   1.9000000e+01   1.1010765e-01
   2.0000000e+01   1.1067118e-01
   2.1000000e+01   1.1123489e-01
   2.2000000e+01   1.1179877e-01
   2.3000000e+01   1.1236282e-01
   2.4000000e+01   1.1292703e-01
   2.5000000e+01   1.1349141e-01
   2.6000000e+01   1.1405595e-01
   2.7000000e+01   1.1462066e-01
   2.8000000e+01   1.1518552e-01
   2.9000000e+01   1.1575054e-01
   3.0000000e+01   1.1631573e-01
   3.1000000e+01   1.1705367e-01
   3.2000000e+01   1.1779197e-01
   3.3000000e+01   1.1853065e-01
   3.4000000e+01   1.1926969e-01
   3.5000000e+01   1.2000910e-01
   3.6000000e+01   1.2074888e-01
   3.7000000e+01   1.2148902e-01
   3.8000000e+01   1.2222951e-01
   3.9000000e+01   1.2297035e-01
   4.0000000e+01   1.2371155e-01
   4.1000000e+01   1.2445309e-01
   4.2000000e+01   1.2519498e-01
   4.3000000e+01   1.2593722e-01
   4.4000000e+01   1.2667979e-01
   4.5000000e+01   1.2742271e-01
   4.6000000e+01   1.2816595e-01
   4.7000000e+01   1.2890953e-01
   4.8000000e+01   1.2965344e-01
   4.9000000e+01   1.3039766e-01
   5.0000000e+01   1.3114223e-01
   5.1000000e+01   1.3188709e-01
   5.2000000e+01   1.3263230e-01
   5.3000000e+01   1.3337782e-01
   5.4000000e+01   1.3412365e-01
   5.5000000e+01   1.3486980e-01
   5.6000000e+01   1.3561627e-01
   5.7000000e+01   1.3636304e-01
   5.8000000e+01   1.3711010e-01
   5.9000000e+01   1.3785748e-01
   6.0000000e+01   1.3860518e-01
   6.1000000e+01   1.3955453e-01
   6.2000000e+01   1.4050469e-01
   6.3000000e+01   1.4145562e-01
   6.4000000e+01   1.4240733e-01
   6.5000000e+01   1.4335983e-01
   6.6000000e+01   1.4431308e-01
   6.7000000e+01   1.4526710e-01
   6.8000000e+01   1.4622189e-01
   6.9000000e+01   1.4717743e-01
   7.0000000e+01   1.4813371e-01
   7.1000000e+01   1.4909074e-01
   7.2000000e+01   1.5004852e-01
   7.3000000e+01   1.5100706e-01
   7.4000000e+01   1.5196632e-01
   7.5000000e+01   1.5292631e-01
   7.6000000e+01   1.5388703e-01
   7.7000000e+01   1.5484849e-01
   7.8000000e+01   1.5581065e-01
   7.9000000e+01   1.5677354e-01
   8.0000000e+01   1.5773714e-01
   8.1000000e+01   1.5870145e-01
   8.2000000e+01   1.5966645e-01
   8.3000000e+01   1.6063218e-01
   8.4000000e+01   1.6159859e-01
   8.5000000e+01   1.6256569e-01
   8.6000000e+01   1.6353351e-01
   8.7000000e+01   1.6450199e-01
   8.8000000e+01   1.6547117e-01
   8.9000000e+01   1.6644102e-01
   9.0000000e+01   1.6741155e-01
   9.1000000e+01   1.6883849e-01
   9.2000000e+01   1.7026708e-01
   9.3000000e+01   1.7169732e-01
   9.4000000e+01   1.7312922e-01
   9.5000000e+01   1.7456275e-01
   9.6000000e+01   1.7599793e-01
   9.7000000e+01   1.7743474e-01
   9.8000000e+01   1.7887320e-01
   9.9000000e+01   1.8031327e-01
   1.0000000e+02   1.8175498e-01
   1.0100000e+02   1.8319830e-01
   1.0200000e+02   1.8464327e-01
   1.0300000e+02   1.8608983e-01
   1.0400000e+02   1.8753803e-01
   1.0500000e+02   1.8898784e-01
   1.0600000e+02   1.9043924e-01
   1.0700000e+02   1.9189228e-01
   1.0800000e+02   1.9334692e-01
   1.0900000e+02   1.9480316e-01
   1.1000000e+02   1.9626103e-01
   1.1100000e+02   1.9772045e-01
   1.1200000e+02   1.9918138e-01
   1.1300000e+02   2.0064382e-01
   1.1400000e+02   2.0210777e-01
   1.1500000e+02   2.0357320e-01
   1.1600000e+02   2.0504011e-01
   1.1700000e+02   2.0650849e-01
   1.1800000e+02   2.0797832e-01
   1.1900000e+02   2.0944959e-01
   1.2000000e+02   2.1092229e-01
   1.2100000e+02   2.1175256e-01
   1.2200000e+02   2.1258420e-01
   1.2300000e+02   2.1341728e-01
   1.2400000e+02   2.1425179e-01
   1.2500000e+02   2.1508771e-01
   1.2600000e+02   2.1592511e-01
   1.2700000e+02   2.1676400e-01
   1.2800000e+02   2.1760437e-01
   1.2900000e+02   2.1844622e-01
   1.3000000e+02   2.1928962e-01
   1.3100000e+02   2.2013453e-01
   1.3200000e+02   2.2098099e-01
   1.3300000e+02   2.2182900e-01
   1.3400000e+02   2.2267860e-01
   1.3500000e+02   2.2352977e-01
   1.3600000e+02   2.2438255e-01
   1.3700000e+02   2.2523692e-01
   1.3800000e+02   2.2609293e-01
   1.3900000e+02   2.2695057e-01
   1.4000000e+02   2.2780985e-01
   1.4100000e+02   2.2867081e-01
   1.4200000e+02   2.2953342e-01
   1.4300000e+02   2.3039770e-01
   1.4400000e+02   2.3126370e-01
   1.4500000e+02   2.3213139e-01
   1.4600000e+02   2.3300080e-01
   1.4700000e+02   2.3387194e-01
   1.4800000e+02   2.3474482e-01
   1.4900000e+02   2.3561944e-01
   1.5000000e+02   2.3649581e-01
   1.5100000e+02   2.3635983e-01
   1.5200000e+02   2.3622374e-01
   1.5300000e+02   2.3608752e-01
   1.5400000e+02   2.3595117e-01
   1.5500000e+02   2.3581471e-01
   1.5600000e+02   2.3567811e-01
   1.5700000e+02   2.3554139e-01
   1.5800000e+02   2.3540452e-01
   1.5900000e+02   2.3526753e-01
   1.6000000e+02   2.3513043e-01
   1.6100000e+02   2.3499317e-01
   1.6200000e+02   2.3485579e-01
   1.6300000e+02   2.3471828e-01
   1.6400000e+02   2.3458064e-01
   1.6500000e+02   2.3444286e-01
   1.6600000e+02   2.3430493e-01
   1.6700000e+02   2.3416688e-01
   1.6800000e+02   2.3402870e-01
   1.6900000e+02   2.3389038e-01
   1.7000000e+02   2.3375192e-01
   1.7100000e+02   2.3361331e-01
   1.7200000e+02   2.3347458e-01
   1.7300000e+02   2.3333570e-01
   1.7400000e+02   2.3319669e-01
   1.7500000e+02   2.3305754e-01
   1.7600000e+02   2.3291825e-01
   1.7700000e+02   2.3277880e-01
   1.7800000e+02   2.3263922e-01
   1.7900000e+02   2.3249951e-01
   1.8000000e+02   2.3235965e-01
   1.8100000e+02   2.3126678e-01
   1.8200000e+02   2.3017068e-01
   1.8300000e+02   2.2907135e-01
   1.8400000e+02   2.2796880e-01
   1.8500000e+02   2.2686300e-01
   1.8600000e+02   2.2575395e-01
   1.8700000e+02   2.2464170e-01
   1.8800000e+02   2.2352621e-01
   1.8900000e+02   2.2240749e-01
   1.9000000e+02   2.2128558e-01
   1.9100000e+02   2.2016041e-01
   1.9200000e+02   2.1903203e-01
   1.9300000e+02   2.1790087e-01
   1.9400000e+02   2.1676691e-01
   1.9500000e+02   2.1563007e-01
   1.9600000e+02   2.1449025e-01
   1.9700000e+02   2.1334738e-01
   1.9800000e+02   2.1220137e-01
   1.9900000e+02   2.1105215e-01
   2.0000000e+02   2.0989962e-01
   2.0100000e+02   2.0874369e-01
   2.0200000e+02   2.0758429e-01
   2.0300000e+02   2.0642133e-01
   2.0400000e+02   2.0525472e-01
   2.0500000e+02   2.0408438e-01
   2.0600000e+02   2.0291023e-01
   2.0700000e+02   2.0173216e-01
   2.0800000e+02   2.0055009e-01
   2.0900000e+02   1.9936395e-01
   2.1000000e+02   1.9817364e-01
   2.1100000e+02   1.9672829e-01
   2.1200000e+02   1.9528210e-01
   2.1300000e+02   1.9383505e-01
   2.1400000e+02   1.9238716e-01
   2.1500000e+02   1.9093840e-01
   2.1600000e+02   1.8948880e-01
   2.1700000e+02   1.8803836e-01
   2.1800000e+02   1.8658711e-01
   2.1900000e+02   1.8513501e-01
   2.2000000e+02   1.8368207e-01
   2.2100000e+02   1.8222833e-01
   2.2200000e+02   1.8077376e-01
   2.2300000e+02   1.7931840e-01
   2.2400000e+02   1.7786221e-01
   2.2500000e+02   1.7640524e-01
   2.2600000e+02   1.7494746e-01
   2.2700000e+02   1.7348889e-01
   2.2800000e+02   1.7202951e-01
   2.2900000e+02   1.7056938e-01
   2.3000000e+02   1.6910844e-01
   2.3100000e+02   1.6764672e-01
   2.3200000e+02   1.6618425e-01
   2.3300000e+02   1.6472100e-01
   2.3400000e+02   1.6325699e-01
   2.3500000e+02   1.6179219e-01
   2.3600000e+02   1.6032666e-01
   2.3700000e+02   1.5886037e-01
   2.3800000e+02   1.5739334e-01
   2.3900000e+02   1.5592554e-01
   2.4000000e+02   1.5445702e-01
   2.4100000e+02   1.5351738e-01
   2.4200000e+02   1.5257701e-01
   2.4300000e+02   1.5163594e-01
   2.4400000e+02   1.5069413e-01
   2.4500000e+02   1.4975160e-01
   2.4600000e+02   1.4880836e-01
   2.4700000e+02   1.4786440e-01
   2.4800000e+02   1.4691974e-01
   2.4900000e+02   1.4597435e-01
   2.5000000e+02   1.4502826e-01
   2.5100000e+02   1.4408149e-01
   2.5200000e+02   1.4313400e-01
   2.5300000e+02   1.4218581e-01
   2.5400000e+02   1.4123693e-01
   2.5500000e+02   1.4028735e-01
   2.5600000e+02   1.3933708e-01
   2.5700000e+02   1.3838613e-01
   2.5800000e+02   1.3743450e-01
   2.5900000e+02   1.3648216e-01
   2.6000000e+02   1.3552918e-01
   2.6100000e+02   1.3457550e-01
   2.6200000e+02   1.3362114e-01
   2.6300000e+02   1.3266611e-01
   2.6400000e+02   1.3171043e-01
   2.6500000e+02   1.3075407e-01
   2.6600000e+02   1.2979703e-01
   2.6700000e+02   1.2883934e-01
   2.6800000e+02   1.2788101e-01
   2.6900000e+02   1.2692200e-01
   2.7000000e+02   1.2596233e-01
   2.7100000e+02   1.2546031e-01
   2.7200000e+02   1.2495793e-01
   2.7300000e+02   1.2445521e-01
   2.7400000e+02   1.2395214e-01
   2.7500000e+02   1.2344873e-01
   2.7600000e+02   1.2294498e-01
   2.7700000e+02   1.2244089e-01
   2.7800000e+02   1.2193647e-01
   2.7900000e+02   1.2143171e-01
   2.8000000e+02   1.2092661e-01
   2.8100000e+02   1.2042118e-01
   2.8200000e+02   1.1991541e-01
   2.8300000e+02   1.1940932e-01
   2.8400000e+02   1.1890289e-01
   2.8500000e+02   1.1839613e-01
   2.8600000e+02   1.1788905e-01
   2.8700000e+02   1.1738165e-01
   2.8800000e+02   1.1687391e-01
   2.8900000e+02   1.1636585e-01
   2.9000000e+02   1.1585747e-01
   2.9100000e+02   1.1534876e-01
   2.9200000e+02   1.1483973e-01
   2.9300000e+02   1.1433039e-01
   2.9400000e+02   1.1382073e-01
   2.9500000e+02   1.1331075e-01
   2.9600000e+02   1.1280045e-01
   2.9700000e+02   1.1228985e-01
   2.9800000e+02   1.1177891e-01
   2.9900000e+02   1.1126769e-01
   3.0000000e+02   1.1075613e-01
   3.0100000e+02   1.1060312e-01
   3.0200000e+02   1.1044997e-01
   3.0300000e+02   1.1029667e-01
   3.0400000e+02   1.1014321e-01
   3.0500000e+02   1.0998962e-01
   3.0600000e+02   1.0983588e-01
   3.0700000e+02   1.0968199e-01
   3.0800000e+02   1.0952795e-01
   3.0900000e+02   1.0937378e-01
   3.1000000e+02   1.0921945e-01
   3.1100000e+02   1.0906500e-01
   3.1200000e+02   1.0891039e-01
   3.1300000e+02   1.0875564e-01
   3.1400000e+02   1.0860076e-01
   3.1500000e+02   1.0844573e-01
   3.1600000e+02   1.0829056e-01
   3.1700000e+02   1.0813525e-01
   3.1800000e+02   1.0797980e-01
   3.1900000e+02   1.0782423e-01
   3.2000000e+02   1.0766850e-01
   3.2100000e+02   1.0751265e-01
   3.2200000e+02   1.0735665e-01
   3.2300000e+02   1.0720052e-01
   3.2400000e+02   1.0704426e-01
   3.2500000e+02   1.0688785e-01
   3.2600000e+02   1.0673132e-01
   3.2700000e+02   1.0657465e-01
   3.2800000e+02   1.0641786e-01
   3.2900000e+02   1.0626092e-01
   3.3000000e+02   1.0610385e-01
   3.3100000e+02   1.0632631e-01
   3.3200000e+02   1.0654878e-01
   3.3300000e+02   1.0677127e-01
   3.3400000e+02   1.0699377e-01
   3.3500000e+02   1.0721629e-01
   3.3600000e+02   1.0743882e-01
   3.3700000e+02   1.0766137e-01
   3.3800000e+02   1.0788394e-01
   3.3900000e+02   1.0810652e-01
   3.4000000e+02   1.0832912e-01
   3.4100000e+02   1.0855173e-01
   3.4200000e+02   1.0877436e-01
   3.4300000e+02   1.0899701e-01
   3.4400000e+02   1.0921968e-01
   3.4500000e+02   1.0944235e-01
   3.4600000e+02   1.0966505e-01
   3.4700000e+02   1.0988776e-01
   3.4800000e+02   1.1011050e-01
   3.4900000e+02   1.1033326e-01
   3.5000000e+02   1.1055602e-01
   3.5100000e+02   1.1077881e-01
   3.5200000e+02   1.1100161e-01
   3.5300000e+02   1.1122444e-01
   3.5400000e+02   1.1144727e-01
   3.5500000e+02   1.1167013e-01
   3.5600000e+02   1.1189301e-01
   3.5700000e+02   1.1211590e-01
   3.5800000e+02   1.1233881e-01
   3.5900000e+02   1.1256174e-01
   1.4226848e-06   1.1278469e-01
