   0.0000000e+00   1.4065700e+04
   1.0000000e+00   1.5250878e+04
   2.0000000e+00   1.5234766e+04
   3.0000000e+00   1.5220684e+04
   4.0000000e+00   1.5207353e+04
   5.0000000e+00   1.5194780e+04
   6.0000000e+00   1.5182978e+04
   7.0000000e+00   1.5171955e+04
   8.0000000e+00   1.5161725e+04
   9.0000000e+00   1.5152295e+04
   1.0000000e+01   1.5143681e+04
   1.1000000e+01   1.5135898e+04
   1.2000000e+01   1.5128959e+04
   1.3000000e+01   1.5122877e+04
   1.4000000e+01   1.5117666e+04
   1.5000000e+01   1.5113339e+04
   1.6000000e+01   1.5109900e+04
   1.7000000e+01   1.5107358e+04
   1.8000000e+01   1.5105721e+04
   1.9000000e+01   1.5104997e+04
   2.0000000e+01   1.5105190e+04
   2.1000000e+01   1.5106302e+04
   2.2000000e+01   1.5108341e+04
   2.3000000e+01   1.5111314e+04
   2.4000000e+01   1.5115230e+04
   2.5000000e+01   1.5120100e+04
   2.6000000e+01   1.5125927e+04
   2.7000000e+01   1.5132724e+04
   2.8000000e+01   1.5140502e+04
   2.9000000e+01   1.5149270e+04
   3.0000000e+01   1.5159032e+04
   3.1000000e+01   1.5170119e+04
   3.2000000e+01   1.5182204e+04
   3.3000000e+01   1.5195297e+04
   3.4000000e+01   1.5209399e+04
   3.5000000e+01   1.5224521e+04
   3.6000000e+01   1.5240664e+04
   3.7000000e+01   1.5257836e+04
   3.8000000e+01   1.5276040e+04
   3.9000000e+01   1.5295285e+04
   4.0000000e+01   1.5315573e+04
   4.1000000e+01   1.5336907e+04
   4.2000000e+01   1.5359289e+04
   4.3000000e+01   1.5382720e+04
   4.4000000e+01   1.5407204e+04
   4.5000000e+01   1.5432740e+04
   4.6000000e+01   1.5459331e+04
   4.7000000e+01   1.5486978e+04
   4.8000000e+01   1.5515676e+04
   4.9000000e+01   1.5545422e+04
   5.0000000e+01   1.5576215e+04
   5.1000000e+01   1.5608052e+04
   5.2000000e+01   1.5640928e+04
   5.3000000e+01   1.5674840e+04
   5.4000000e+01   1.5709782e+04
   5.5000000e+01   1.5745750e+04
   5.6000000e+01   1.5782736e+04
   5.7000000e+01   1.5820733e+04
   5.8000000e+01   1.5859734e+04
   5.9000000e+01   1.5899730e+04
   6.0000000e+01   1.5940711e+04
   6.1000000e+01   1.5982484e+04
   6.2000000e+01   1.6025230e+04
   6.3000000e+01   1.6068936e+04
   6.4000000e+01   1.6113586e+04
   6.5000000e+01   1.6159170e+04
   6.6000000e+01   1.6205674e+04
   6.7000000e+01   1.6253083e+04
   6.8000000e+01   1.6301382e+04
   6.9000000e+01   1.6350559e+04
   7.0000000e+01   1.6400594e+04
   7.1000000e+01   1.6451477e+04
   7.2000000e+01   1.6503186e+04
   7.3000000e+01   1.6555703e+04
   7.4000000e+01   1.6609012e+04
   7.5000000e+01   1.6663090e+04
   7.6000000e+01   1.6717922e+04
   7.7000000e+01   1.6773480e+04
   7.8000000e+01   1.6829748e+04
   7.9000000e+01   1.6886705e+04
   8.0000000e+01   1.6944328e+04
   8.1000000e+01   1.7002594e+04
   8.2000000e+01   1.7061480e+04
   8.3000000e+01   1.7120965e+04
   8.4000000e+01   1.7181021e+04
   8.5000000e+01   1.7241633e+04
   8.6000000e+01   1.7302766e+04
   8.7000000e+01   1.7364404e+04
   8.8000000e+01   1.7426514e+04
   8.9000000e+01   1.7489078e+04
   9.0000000e+01   1.7552064e+04
   9.1000000e+01   1.7614988e+04
   9.2000000e+01   1.7678295e+04
   9.3000000e+01   1.7741957e+04
   9.4000000e+01   1.7805947e+04
   9.5000000e+01   1.7870242e+04
   9.6000000e+01   1.7934811e+04
   9.7000000e+01   1.7999625e+04
   9.8000000e+01   1.8064658e+04
   9.9000000e+01   1.8129885e+04
   1.0000000e+02   1.8195273e+04
   1.0100000e+02   1.8260809e+04
   1.0200000e+02   1.8326469e+04
   1.0300000e+02   1.8392211e+04
   1.0400000e+02   1.8458006e+04
   1.0500000e+02   1.8523828e+04
   1.0600000e+02   1.8589648e+04
   1.0700000e+02   1.8655441e+04
   1.0800000e+02   1.8721174e+04
   1.0900000e+02   1.8786820e+04
   1.1000000e+02   1.8852344e+04
   1.1100000e+02   1.8917721e+04
   1.1200000e+02   1.8982924e+04
   1.1300000e+02   1.9047920e+04
   1.1400000e+02   1.9112684e+04
   1.1500000e+02   1.9177188e+04
   1.1600000e+02   1.9241402e+04
   1.1700000e+02   1.9305301e+04
   1.1800000e+02   1.9368854e+04
   1.1900000e+02   1.9432035e+04
   1.2000000e+02   1.9494818e+04
   1.2100000e+02   1.9554574e+04
   1.2200000e+02   1.9613844e+04
   1.2300000e+02   1.9672604e+04
   1.2400000e+02   1.9730824e+04
   1.2500000e+02   1.9788480e+04
   1.2600000e+02   1.9845547e+04
   1.2700000e+02   1.9902000e+04
   1.2800000e+02   1.9957809e+04
   1.2900000e+02   2.0012953e+04
   1.3000000e+02   2.0067406e+04
   1.3100000e+02   2.0121145e+04
   1.3200000e+02   2.0174143e+04
   1.3300000e+02   2.0226375e+04
   1.3400000e+02   2.0277822e+04
   1.3500000e+02   2.0328457e+04
   1.3600000e+02   2.0378260e+04
   1.3700000e+02   2.0427205e+04
   1.3800000e+02   2.0475270e+04
   1.3900000e+02   2.0522434e+04
   1.4000000e+02   2.0568676e+04
   1.4100000e+02   2.0613975e+04
   1.4200000e+02   2.0658307e+04
   1.4300000e+02   2.0701676e+04
   1.4400000e+02   2.0744049e+04
   1.4500000e+02   2.0785410e+04
   1.4600000e+02   2.0825740e+04
   1.4700000e+02   2.0865020e+04
   1.4800000e+02   2.0903234e+04
   1.4900000e+02   2.0940367e+04
   1.5000000e+02   2.0976402e+04
   1.5100000e+02   2.1011756e+04
   1.5200000e+02   2.1046008e+04
   1.5300000e+02   2.1079166e+04
   1.5400000e+02   2.1111213e+04
   1.5500000e+02   2.1142113e+04
   1.5600000e+02   2.1171859e+04
   1.5700000e+02   2.1200434e+04
   1.5800000e+02   2.1227830e+04
   1.5900000e+02   2.1254037e+04
   1.6000000e+02   2.1279039e+04
   1.6100000e+02   2.1302830e+04
   1.6200000e+02   2.1325404e+04
   1.6300000e+02   2.1346744e+04
   1.6400000e+02   2.1366850e+04
   1.6500000e+02   2.1385705e+04
   1.6600000e+02   2.1403311e+04
   1.6700000e+02   2.1419656e+04
   1.6800000e+02   2.1434734e+04
   1.6900000e+02   2.1448541e+04
   1.7000000e+02   2.1461068e+04
   1.7100000e+02   2.1472316e+04
   1.7200000e+02   2.1482275e+04
   1.7300000e+02   2.1490945e+04
   1.7400000e+02   2.1498320e+04
   1.7500000e+02   2.1504402e+04
   1.7600000e+02   2.1509184e+04
   1.7700000e+02   2.1512666e+04
   1.7800000e+02   2.1514848e+04
   1.7900000e+02   2.1515729e+04
   1.8000000e+02   2.1515305e+04
   1.8100000e+02   2.1514207e+04
   1.8200000e+02   2.1511957e+04
   1.8300000e+02   2.1508436e+04
   1.8400000e+02   2.1503646e+04
   1.8500000e+02   2.1497594e+04
   1.8600000e+02   2.1490277e+04
   1.8700000e+02   2.1481707e+04
   1.8800000e+02   2.1471883e+04
   1.8900000e+02   2.1460809e+04
   1.9000000e+02   2.1448496e+04
   1.9100000e+02   2.1434947e+04
   1.9200000e+02   2.1420170e+04
   1.9300000e+02   2.1404170e+04
   1.9400000e+02   2.1386957e+04
   1.9500000e+02   2.1368539e+04
   1.9600000e+02   2.1348920e+04
   1.9700000e+02   2.1328115e+04
   1.9800000e+02   2.1306133e+04
   1.9900000e+02   2.1282979e+04
   2.0000000e+02   2.1258668e+04
   2.0100000e+02   2.1233207e+04
   2.0200000e+02   2.1206613e+04
   2.0300000e+02   2.1178893e+04
   2.0400000e+02   2.1150061e+04
   2.0500000e+02   2.1120129e+04
   2.0600000e+02   2.1089113e+04
   2.0700000e+02   2.1057023e+04
   2.0800000e+02   2.1023873e+04
   2.0900000e+02   2.0989680e+04
   2.1000000e+02   2.0954457e+04
   2.1100000e+02   2.0913445e+04
   2.1200000e+02   2.0871486e+04
   2.1300000e+02   2.0828600e+04
   2.1400000e+02   2.0784805e+04
   2.1500000e+02   2.0740117e+04
   2.1600000e+02   2.0694557e+04
   2.1700000e+02   2.0648143e+04
   2.1800000e+02   2.0600898e+04
   2.1900000e+02   2.0552838e+04
   2.2000000e+02   2.0503984e+04
   2.2100000e+02   2.0454357e+04
   2.2200000e+02   2.0403979e+04
   2.2300000e+02   2.0352867e+04
   2.2400000e+02   2.0301049e+04
   2.2500000e+02   2.0248543e+04
   2.2600000e+02   2.0195371e+04
   2.2700000e+02   2.0141555e+04
   2.2800000e+02   2.0087121e+04
   2.2900000e+02   2.0032088e+04
   2.3000000e+02   1.9976482e+04
   2.3100000e+02   1.9920324e+04
   2.3200000e+02   1.9863639e+04
   2.3300000e+02   1.9806447e+04
   2.3400000e+02   1.9748777e+04
   2.3500000e+02   1.9690652e+04
   2.3600000e+02   1.9632096e+04
   2.3700000e+02   1.9573129e+04
   2.3800000e+02   1.9513783e+04
   2.3900000e+02   1.9454076e+04
   2.4000000e+02   1.9394037e+04
   2.4100000e+02   1.9331307e+04
   2.4200000e+02   1.9268232e+04
   2.4300000e+02   1.9204838e+04
   2.4400000e+02   1.9141148e+04
   2.4500000e+02   1.9077184e+04
   2.4600000e+02   1.9012973e+04
   2.4700000e+02   1.8948539e+04
   2.4800000e+02   1.8883904e+04
   2.4900000e+02   1.8819094e+04
   2.5000000e+02   1.8754133e+04
   2.5100000e+02   1.8689043e+04
   2.5200000e+02   1.8623850e+04
   2.5300000e+02   1.8558578e+04
   2.5400000e+02   1.8493248e+04
   2.5500000e+02   1.8427887e+04
   2.5600000e+02   1.8362518e+04
   2.5700000e+02   1.8297164e+04
   2.5800000e+02   1.8231848e+04
   2.5900000e+02   1.8166592e+04
   2.6000000e+02   1.8101424e+04
   2.6100000e+02   1.8036361e+04
   2.6200000e+02   1.7971428e+04
   2.6300000e+02   1.7906648e+04
   2.6400000e+02   1.7842047e+04
   2.6500000e+02   1.7777637e+04
   2.6600000e+02   1.7713449e+04
   2.6700000e+02   1.7649500e+04
   2.6800000e+02   1.7585814e+04
   2.6900000e+02   1.7522408e+04
   2.7000000e+02   1.7459307e+04
   2.7100000e+02   1.7395166e+04
   2.7200000e+02   1.7331305e+04
   2.7300000e+02   1.7267740e+04
   2.7400000e+02   1.7204492e+04
   2.7500000e+02   1.7141576e+04
   2.7600000e+02   1.7079012e+04
   2.7700000e+02   1.7016818e+04
   2.7800000e+02   1.6955010e+04
   2.7900000e+02   1.6893607e+04
   2.8000000e+02   1.6832625e+04
   2.8100000e+02   1.6772082e+04
   2.8200000e+02   1.6711990e+04
   2.8300000e+02   1.6652363e+04
   2.8400000e+02   1.6593223e+04
   2.8500000e+02   1.6534580e+04
   2.8600000e+02   1.6476447e+04
   2.8700000e+02   1.6418842e+04
   2.8800000e+02   1.6361775e+04
   2.8900000e+02   1.6305261e+04
   2.9000000e+02   1.6249309e+04
   2.9100000e+02   1.6193934e+04
   2.9200000e+02   1.6139143e+04
   2.9300000e+02   1.6084951e+04
   2.9400000e+02   1.6031367e+04
   2.9500000e+02   1.5978400e+04
   2.9600000e+02   1.5926062e+04
   2.9700000e+02   1.5874358e+04
   2.9800000e+02   1.5823302e+04
   2.9900000e+02   1.5772897e+04
   3.0000000e+02   1.5723153e+04
   3.0100000e+02   1.5672913e+04
   3.0200000e+02   1.5623291e+04
   3.0300000e+02   1.5574292e+04
   3.0400000e+02   1.5525923e+04
   3.0500000e+02   1.5478190e+04
   3.0600000e+02   1.5431101e+04
   3.0700000e+02   1.5384660e+04
   3.0800000e+02   1.5338871e+04
   3.0900000e+02   1.5293740e+04
   3.1000000e+02   1.5249271e+04
   3.1100000e+02   1.5205468e+04
   3.1200000e+02   1.5162335e+04
   3.1300000e+02   1.5119875e+04
   3.1400000e+02   1.5078092e+04
   3.1500000e+02   1.5036987e+04
   3.1600000e+02   1.4996565e+04
   3.1700000e+02   1.4956828e+04
   3.1800000e+02   1.4917777e+04
   3.1900000e+02   1.4879415e+04
   3.2000000e+02   1.4841742e+04
   3.2100000e+02   1.4804762e+04
   3.2200000e+02   1.4768473e+04
   3.2300000e+02   1.4732880e+04
   3.2400000e+02   1.4697980e+04
   3.2500000e+02   1.4663777e+04
   3.2600000e+02   1.4630271e+04
   3.2700000e+02   1.4597462e+04
   3.2800000e+02   1.4565351e+04
   3.2900000e+02   1.4533937e+04
   3.3000000e+02   1.4503223e+04
   3.3100000e+02   1.4471621e+04
   3.3200000e+02   1.4440684e+04
   3.3300000e+02   1.4410413e+04
   3.3400000e+02   1.4380811e+04
   3.3500000e+02   1.4351877e+04
   3.3600000e+02   1.4323616e+04
   3.3700000e+02   1.4296030e+04
   3.3800000e+02   1.4269122e+04
   3.3900000e+02   1.4242895e+04
   3.4000000e+02   1.4217350e+04
   3.4100000e+02   1.4192491e+04
   3.4200000e+02   1.4168320e+04
   3.4300000e+02   1.4144843e+04
   3.4400000e+02   1.4122060e+04
   3.4500000e+02   1.4099976e+04
   3.4600000e+02   1.4078594e+04
   3.4700000e+02   1.4057917e+04
   3.4800000e+02   1.4037952e+04
   3.4900000e+02   1.4018701e+04
   3.5000000e+02   1.4000168e+04
   3.5100000e+02   1.3982358e+04
   3.5200000e+02   1.3965276e+04
   3.5300000e+02   1.3948927e+04
   3.5400000e+02   1.3933316e+04
   3.5500000e+02   1.3918447e+04
   3.5600000e+02   1.3904328e+04
   3.5700000e+02   1.3890964e+04
   3.5800000e+02   1.3878359e+04
   3.5900000e+02   1.3866522e+04
   7.1133672e-07   1.3855457e+04
   1.0000007e+00   1.3843434e+04
   2.0000007e+00   1.3832208e+04
   3.0000007e+00   1.3821790e+04
   4.0000010e+00   1.3812187e+04
   5.0000010e+00   1.3803408e+04
   6.0000010e+00   1.3795463e+04
   7.0000010e+00   1.3788361e+04
   8.0000010e+00   1.3782112e+04
   9.0000010e+00   1.3776725e+04
   1.0000001e+01   1.3772210e+04
   1.1000001e+01   1.3768575e+04
   1.2000001e+01   1.3765832e+04
   1.3000001e+01   1.3763989e+04
   1.4000001e+01   1.3763058e+04
   1.5000001e+01   1.3763046e+04
   1.6000000e+01   1.3763964e+04
   1.7000000e+01   1.3765821e+04
   1.8000000e+01   1.3768628e+04
   1.9000000e+01   1.3772393e+04
   2.0000000e+01   1.3777125e+04
   2.1000000e+01   1.3782835e+04
   2.2000000e+01   1.3789530e+04
   2.3000000e+01   1.3797221e+04
   2.4000000e+01   1.3805914e+04
   2.5000000e+01   1.3815620e+04
   2.6000000e+01   1.3826345e+04
   2.7000000e+01   1.3838098e+04
   2.8000000e+01   1.3850885e+04
   2.9000000e+01   1.3864715e+04
   3.0000000e+01   1.3879594e+04
   3.1000000e+01   1.3894482e+04
   3.2000000e+01   1.3910454e+04
   3.3000000e+01   1.3927518e+04
   3.4000000e+01   1.3945678e+04
   3.5000000e+01   1.3964940e+04
   3.6000000e+01   1.3985309e+04
   3.7000000e+01   1.4006788e+04
   3.8000000e+01   1.4029383e+04
   3.9000000e+01   1.4053095e+04
   4.0000000e+01   1.4077927e+04
   4.1000000e+01   1.4103880e+04
   4.2000000e+01   1.4130957e+04
   4.3000000e+01   1.4159158e+04
   4.4000000e+01   1.4188483e+04
   4.5000000e+01   1.4218930e+04
   4.6000000e+01   1.4250499e+04
   4.7000000e+01   1.4283187e+04
   4.8000000e+01   1.4316992e+04
   4.9000000e+01   1.4351909e+04
   5.0000000e+01   1.4387936e+04
   5.1000000e+01   1.4425065e+04
   5.2000000e+01   1.4463293e+04
   5.3000000e+01   1.4502611e+04
   5.4000000e+01   1.4543015e+04
   5.5000000e+01   1.4584493e+04
   5.6000000e+01   1.4627039e+04
   5.7000000e+01   1.4670644e+04
   5.8000000e+01   1.4715294e+04
   5.9000000e+01   1.4760982e+04
   6.0000000e+01   1.4807694e+04
   6.1000000e+01   1.4854546e+04
   6.2000000e+01   1.4902430e+04
   6.3000000e+01   1.4951332e+04
   6.4000000e+01   1.5001236e+04
   6.5000000e+01   1.5052130e+04
   6.6000000e+01   1.5103995e+04
   6.7000000e+01   1.5156816e+04
   6.8000000e+01   1.5210573e+04
   6.9000000e+01   1.5265252e+04
   7.0000000e+01   1.5320831e+04
   7.1000000e+01   1.5377292e+04
   7.2000000e+01   1.5434615e+04
   7.3000000e+01   1.5492777e+04
   7.4000000e+01   1.5551762e+04
   7.5000000e+01   1.5611542e+04
   7.6000000e+01   1.5672099e+04
   7.7000000e+01   1.5733408e+04
   7.8000000e+01   1.5795446e+04
   7.9000000e+01   1.5858190e+04
   8.0000000e+01   1.5921615e+04
   8.1000000e+01   1.5985695e+04
   8.2000000e+01   1.6050407e+04
   8.3000000e+01   1.6115724e+04
   8.4000000e+01   1.6181618e+04
   8.5000000e+01   1.6248065e+04
   8.6000000e+01   1.6315038e+04
   8.7000000e+01   1.6382510e+04
   8.8000000e+01   1.6450451e+04
   8.9000000e+01   1.6518836e+04
   9.0000000e+01   1.6587635e+04
   9.1000000e+01   1.6654891e+04
   9.2000000e+01   1.6722563e+04
   9.3000000e+01   1.6790619e+04
   9.4000000e+01   1.6859033e+04
   9.5000000e+01   1.6927770e+04
   9.6000000e+01   1.6996803e+04
   9.7000000e+01   1.7066102e+04
   9.8000000e+01   1.7135635e+04
   9.9000000e+01   1.7205371e+04
   1.0000000e+02   1.7275283e+04
   1.0100000e+02   1.7345340e+04
   1.0200000e+02   1.7415506e+04
   1.0300000e+02   1.7485754e+04
   1.0400000e+02   1.7556053e+04
   1.0500000e+02   1.7626375e+04
   1.0600000e+02   1.7696684e+04
   1.0700000e+02   1.7766951e+04
   1.0800000e+02   1.7837148e+04
   1.0900000e+02   1.7907242e+04
   1.1000000e+02   1.7977178e+04
   1.1100000e+02   1.8046936e+04
   1.1200000e+02   1.8116498e+04
   1.1300000e+02   1.8185832e+04
   1.1400000e+02   1.8254912e+04
   1.1500000e+02   1.8323705e+04
   1.1600000e+02   1.8392182e+04
   1.1700000e+02   1.8460314e+04
   1.1800000e+02   1.8528072e+04
   1.1900000e+02   1.8595430e+04
   1.2000000e+02   1.8662352e+04
   1.2100000e+02   1.8728244e+04
   1.2200000e+02   1.8793602e+04
   1.2300000e+02   1.8858396e+04
   1.2400000e+02   1.8922602e+04
   1.2500000e+02   1.8986197e+04
   1.2600000e+02   1.9049150e+04
   1.2700000e+02   1.9111441e+04
   1.2800000e+02   1.9173043e+04
   1.2900000e+02   1.9233930e+04
   1.3000000e+02   1.9294082e+04
   1.3100000e+02   1.9353473e+04
   1.3200000e+02   1.9412078e+04
   1.3300000e+02   1.9469875e+04
   1.3400000e+02   1.9526844e+04
   1.3500000e+02   1.9582959e+04
   1.3600000e+02   1.9638199e+04
   1.3700000e+02   1.9692541e+04
   1.3800000e+02   1.9745967e+04
   1.3900000e+02   1.9798457e+04
   1.4000000e+02   1.9849984e+04
   1.4100000e+02   1.9900535e+04
   1.4200000e+02   1.9950088e+04
   1.4300000e+02   1.9998623e+04
   1.4400000e+02   2.0046121e+04
   1.4500000e+02   2.0092564e+04
   1.4600000e+02   2.0137938e+04
   1.4700000e+02   2.0182219e+04
   1.4800000e+02   2.0225395e+04
   1.4900000e+02   2.0267447e+04
   1.5000000e+02   2.0308359e+04
   1.5100000e+02   2.0349100e+04
   1.5200000e+02   2.0388645e+04
   1.5300000e+02   2.0426980e+04
   1.5400000e+02   2.0464092e+04
   1.5500000e+02   2.0499971e+04
   1.5600000e+02   2.0534605e+04
   1.5700000e+02   2.0567984e+04
   1.5800000e+02   2.0600096e+04
   1.5900000e+02   2.0630932e+04
   1.6000000e+02   2.0660482e+04
   1.6100000e+02   2.0688740e+04
   1.6200000e+02   2.0715693e+04
   1.6300000e+02   2.0741338e+04
   1.6400000e+02   2.0765664e+04
   1.6500000e+02   2.0788664e+04
   1.6600000e+02   2.0810334e+04
   1.6700000e+02   2.0830668e+04
   1.6800000e+02   2.0849658e+04
   1.6900000e+02   2.0867301e+04
   1.7000000e+02   2.0883592e+04
   1.7100000e+02   2.0898527e+04
   1.7200000e+02   2.0912102e+04
   1.7300000e+02   2.0924314e+04
   1.7400000e+02   2.0935164e+04
   1.7500000e+02   2.0944645e+04
   1.7600000e+02   2.0952760e+04
   1.7700000e+02   2.0959504e+04
   1.7800000e+02   2.0964879e+04
   1.7900000e+02   2.0968896e+04
   1.8000000e+02   2.0971514e+04
   1.8100000e+02   2.0972719e+04
   1.8200000e+02   2.0972605e+04
   1.8300000e+02   2.0971178e+04
   1.8400000e+02   2.0968439e+04
   1.8500000e+02   2.0964396e+04
   1.8600000e+02   2.0959055e+04
   1.8700000e+02   2.0952420e+04
   1.8800000e+02   2.0944498e+04
   1.8900000e+02   2.0935297e+04
   1.9000000e+02   2.0924824e+04
   1.9100000e+02   2.0913088e+04
   1.9200000e+02   2.0900488e+04
   1.9300000e+02   2.0886654e+04
   1.9400000e+02   2.0871531e+04
   1.9500000e+02   2.0855131e+04
   1.9600000e+02   2.0837459e+04
   1.9700000e+02   2.0818531e+04
   1.9800000e+02   2.0798357e+04
   1.9900000e+02   2.0776951e+04
   2.0000000e+02   2.0754322e+04
   2.0100000e+02   2.0730486e+04
   2.0200000e+02   2.0705457e+04
   2.0300000e+02   2.0679246e+04
   2.0400000e+02   2.0651873e+04
   2.0500000e+02   2.0623348e+04
   2.0600000e+02   2.0593686e+04
   2.0700000e+02   2.0562908e+04
   2.0800000e+02   2.0531027e+04
   2.0900000e+02   2.0498059e+04
   2.1000000e+02   2.0464025e+04
   2.1100000e+02   2.0427359e+04
   2.1200000e+02   2.0389732e+04
   2.1300000e+02   2.0351162e+04
   2.1400000e+02   2.0311666e+04
   2.1500000e+02   2.0271262e+04
   2.1600000e+02   2.0229973e+04
   2.1700000e+02   2.0187814e+04
   2.1800000e+02   2.0144807e+04
   2.1900000e+02   2.0100973e+04
   2.2000000e+02   2.0056332e+04
   2.2100000e+02   2.0010904e+04
   2.2200000e+02   1.9964711e+04
   2.2300000e+02   1.9917777e+04
   2.2400000e+02   1.9870119e+04
   2.2500000e+02   1.9821762e+04
   2.2600000e+02   1.9772729e+04
   2.2700000e+02   1.9723037e+04
   2.2800000e+02   1.9672719e+04
   2.2900000e+02   1.9621789e+04
   2.3000000e+02   1.9570273e+04
   2.3100000e+02   1.9518195e+04
   2.3200000e+02   1.9465580e+04
   2.3300000e+02   1.9412451e+04
   2.3400000e+02   1.9358828e+04
   2.3500000e+02   1.9304744e+04
   2.3600000e+02   1.9250213e+04
   2.3700000e+02   1.9195268e+04
   2.3800000e+02   1.9139930e+04
   2.3900000e+02   1.9084223e+04
   2.4000000e+02   1.9028172e+04
   2.4100000e+02   1.8967971e+04
   2.4200000e+02   1.8907420e+04
   2.4300000e+02   1.8846543e+04
   2.4400000e+02   1.8785369e+04
   2.4500000e+02   1.8723916e+04
   2.4600000e+02   1.8662213e+04
   2.4700000e+02   1.8600283e+04
   2.4800000e+02   1.8538152e+04
   2.4900000e+02   1.8475842e+04
   2.5000000e+02   1.8413381e+04
   2.5100000e+02   1.8350791e+04
   2.5200000e+02   1.8288094e+04
   2.5300000e+02   1.8225320e+04
   2.5400000e+02   1.8162490e+04
   2.5500000e+02   1.8099629e+04
   2.5600000e+02   1.8036758e+04
   2.5700000e+02   1.7973906e+04
   2.5800000e+02   1.7911094e+04
   2.5900000e+02   1.7848344e+04
   2.6000000e+02   1.7785682e+04
   2.6100000e+02   1.7723129e+04
   2.6200000e+02   1.7660709e+04
   2.6300000e+02   1.7598445e+04
   2.6400000e+02   1.7536361e+04
   2.6500000e+02   1.7474477e+04
   2.6600000e+02   1.7412814e+04
   2.6700000e+02   1.7351398e+04
   2.6800000e+02   1.7290246e+04
   2.6900000e+02   1.7229381e+04
   2.7000000e+02   1.7168822e+04
   2.7100000e+02   1.7106395e+04
   2.7200000e+02   1.7044242e+04
   2.7300000e+02   1.6982387e+04
   2.7400000e+02   1.6920844e+04
   2.7500000e+02   1.6859633e+04
   2.7600000e+02   1.6798773e+04
   2.7700000e+02   1.6738283e+04
   2.7800000e+02   1.6678176e+04
   2.7900000e+02   1.6618477e+04
   2.8000000e+02   1.6559195e+04
   2.8100000e+02   1.6500350e+04
   2.8200000e+02   1.6441959e+04
   2.8300000e+02   1.6384033e+04
   2.8400000e+02   1.6326593e+04
   2.8500000e+02   1.6269649e+04
   2.8600000e+02   1.6213218e+04
   2.8700000e+02   1.6157312e+04
   2.8800000e+02   1.6101943e+04
   2.8900000e+02   1.6047126e+04
   2.9000000e+02   1.5992874e+04
   2.9100000e+02   1.5939196e+04
   2.9200000e+02   1.5886106e+04
   2.9300000e+02   1.5833614e+04
   2.9400000e+02   1.5781729e+04
   2.9500000e+02   1.5730463e+04
   2.9600000e+02   1.5679825e+04
   2.9700000e+02   1.5629823e+04
   2.9800000e+02   1.5580466e+04
   2.9900000e+02   1.5531763e+04
   3.0000000e+02   1.5483720e+04
   3.0100000e+02   1.5434560e+04
   3.0200000e+02   1.5386016e+04
   3.0300000e+02   1.5338096e+04
   3.0400000e+02   1.5290807e+04
   3.0500000e+02   1.5244155e+04
   3.0600000e+02   1.5198147e+04
   3.0700000e+02   1.5152785e+04
   3.0800000e+02   1.5108078e+04
   3.0900000e+02   1.5064028e+04
   3.1000000e+02   1.5020641e+04
   3.1100000e+02   1.4977919e+04
   3.1200000e+02   1.4935866e+04
   3.1300000e+02   1.4894488e+04
   3.1400000e+02   1.4853786e+04
   3.1500000e+02   1.4813762e+04
   3.1600000e+02   1.4774420e+04
   3.1700000e+02   1.4735762e+04
   3.1800000e+02   1.4697790e+04
   3.1900000e+02   1.4660505e+04
   3.2000000e+02   1.4623909e+04
   3.2100000e+02   1.4588003e+04
   3.2200000e+02   1.4552790e+04
   3.2300000e+02   1.4518277e+04
   3.2400000e+02   1.4484461e+04
   3.2500000e+02   1.4451339e+04
   3.2600000e+02   1.4418912e+04
   3.2700000e+02   1.4387181e+04
   3.2800000e+02   1.4356146e+04
   3.2900000e+02   1.4325806e+04
   3.3000000e+02   1.4296164e+04
   3.3100000e+02   1.4265027e+04
   3.3200000e+02   1.4234557e+04
   3.3300000e+02   1.4204752e+04
   3.3400000e+02   1.4175617e+04
   3.3500000e+02   1.4147153e+04
   3.3600000e+02   1.4119363e+04
   3.3700000e+02   1.4092250e+04
   3.3800000e+02   1.4065815e+04
   3.3900000e+02   1.4040062e+04
   3.4000000e+02   1.4014991e+04
   3.4100000e+02   1.3990608e+04
   3.4200000e+02   1.3966915e+04
   3.4300000e+02   1.3943914e+04
   3.4400000e+02   1.3921609e+04
   3.4500000e+02   1.3900004e+04
   3.4600000e+02   1.3879102e+04
   3.4700000e+02   1.3858906e+04
   3.4800000e+02   1.3839421e+04
   3.4900000e+02   1.3820650e+04
   3.5000000e+02   1.3802600e+04
   3.5100000e+02   1.3785272e+04
   3.5200000e+02   1.3768673e+04
   3.5300000e+02   1.3752812e+04
   3.5400000e+02   1.3737693e+04
   3.5500000e+02   1.3723319e+04
   3.5600000e+02   1.3709695e+04
   3.5700000e+02   1.3696826e+04
   3.5800000e+02   1.3684719e+04
   3.5900000e+02   1.3673379e+04
   1.4226848e-06   1.3662813e+04
