   0.0000000e+00   1.4213634e-18
   1.0000000e+00   4.6157095e-04
   2.0000000e+00   1.5968303e-03
   3.0000000e+00   2.7495136e-03
   4.0000000e+00   3.9169625e-03
   5.0000000e+00   5.0987299e-03
   6.0000000e+00   6.2946519e-03
   7.0000000e+00   7.5045130e-03
   8.0000000e+00   8.7286178e-03
   9.0000000e+00   9.9670906e-03
   1.0000000e+01   1.1220430e-02
   1.1000000e+01   1.2488892e-02
   1.2000000e+01   1.3772829e-02
   1.3000000e+01   1.5072018e-02
   1.4000000e+01   1.6386867e-02
   1.5000000e+01   1.7716531e-02
   1.6000000e+01   1.9060543e-02
   1.7000000e+01   2.0419102e-02
   1.8000000e+01   2.1791749e-02
   1.9000000e+01   2.3177873e-02
   2.0000000e+01   2.4577489e-02
   2.1000000e+01   2.5990630e-02
   2.2000000e+01   2.7417278e-02
   2.3000000e+01   2.8857281e-02
   2.4000000e+01   3.0310405e-02
   2.5000000e+01   3.1776659e-02
   2.6000000e+01   3.3255797e-02
   2.7000000e+01   3.4747720e-02
   2.8000000e+01   3.6252223e-02
   2.9000000e+01   3.7769314e-02
   3.0000000e+01   3.9298847e-02
   3.1000000e+01   4.1253924e-02
   3.2000000e+01   4.3246392e-02
   3.3000000e+01   4.5275833e-02
   3.4000000e+01   4.7341965e-02
   3.5000000e+01   4.9444553e-02
   3.6000000e+01   5.1583253e-02
   3.7000000e+01   5.3757794e-02
   3.8000000e+01   5.5967920e-02
   3.9000000e+01   5.8213264e-02
   4.0000000e+01   6.0493417e-02
   4.1000000e+01   6.2807947e-02
   4.2000000e+01   6.5156482e-02
   4.3000000e+01   6.7538761e-02
   4.4000000e+01   6.9954447e-02
   4.5000000e+01   7.2403215e-02
   4.6000000e+01   7.4884795e-02
   4.7000000e+01   7.7398911e-02
   4.8000000e+01   7.9945236e-02
   4.9000000e+01   8.2523517e-02
   5.0000000e+01   8.5133448e-02
   5.1000000e+01   8.7774701e-02
   5.2000000e+01   9.0447299e-02
   5.3000000e+01   9.3151018e-02
   5.4000000e+01   9.5885605e-02
   5.5000000e+01   9.8650798e-02
   5.6000000e+01   1.0144633e-01
   5.7000000e+01   1.0427193e-01
   5.8000000e+01   1.0712734e-01
   5.9000000e+01   1.1001233e-01
   6.0000000e+01   1.1292667e-01
   6.1000000e+01   1.1587952e-01
   6.2000000e+01   1.1885476e-01
   6.3000000e+01   1.2185410e-01
   6.4000000e+01   1.2487940e-01
   6.5000000e+01   1.2793247e-01
   6.6000000e+01   1.3101521e-01
   6.7000000e+01   1.3412949e-01
   6.8000000e+01   1.3727725e-01
   6.9000000e+01   1.4046036e-01
   7.0000000e+01   1.4368083e-01
   7.1000000e+01   1.4694063e-01
   7.2000000e+01   1.5024179e-01
   7.3000000e+01   1.5358631e-01
   7.4000000e+01   1.5697622e-01
   7.5000000e+01   1.6041356e-01
   7.6000000e+01   1.6390041e-01
   7.7000000e+01   1.6743889e-01
   7.8000000e+01   1.7103116e-01
   7.9000000e+01   1.7467937e-01
   8.0000000e+01   1.7838579e-01
   8.1000000e+01   1.8215263e-01
   8.2000000e+01   1.8598209e-01
   8.3000000e+01   1.8987635e-01
   8.4000000e+01   1.9383769e-01
   8.5000000e+01   1.9786833e-01
   8.6000000e+01   2.0197065e-01
   8.7000000e+01   2.0614696e-01
   8.8000000e+01   2.1039964e-01
   8.9000000e+01   2.1473114e-01
   9.0000000e+01   2.1914388e-01
   9.1000000e+01   2.2758743e-01
   9.2000000e+01   2.3609160e-01
   9.3000000e+01   2.4465385e-01
   9.4000000e+01   2.5327167e-01
   9.5000000e+01   2.6194254e-01
   9.6000000e+01   2.7066386e-01
   9.7000000e+01   2.7943310e-01
   9.8000000e+01   2.8824705e-01
   9.9000000e+01   2.9710171e-01
   1.0000000e+02   3.0598679e-01
   1.0100000e+02   3.1487685e-01
   1.0200000e+02   3.2377383e-01
   1.0300000e+02   3.3267969e-01
   1.0400000e+02   3.4159631e-01
   1.0500000e+02   3.5052297e-01
   1.0600000e+02   3.5946113e-01
   1.0700000e+02   3.6841205e-01
   1.0800000e+02   3.7737703e-01
   1.0900000e+02   3.8635725e-01
   1.1000000e+02   3.9537024e-01
   1.1100000e+02   4.0441570e-01
   1.1200000e+02   4.1348758e-01
   1.1300000e+02   4.2258075e-01
   1.1400000e+02   4.3168986e-01
   1.1500000e+02   4.4080958e-01
   1.1600000e+02   4.4993436e-01
   1.1700000e+02   4.5905858e-01
   1.1800000e+02   4.6816725e-01
   1.1900000e+02   4.7723615e-01
   1.2000000e+02   4.8625690e-01
   1.2100000e+02   4.9001917e-01
   1.2200000e+02   4.9363101e-01
   1.2300000e+02   4.9709535e-01
   1.2400000e+02   5.0041533e-01
   1.2500000e+02   5.0359386e-01
   1.2600000e+02   5.0663394e-01
   1.2700000e+02   5.0953841e-01
   1.2800000e+02   5.1230717e-01
   1.2900000e+02   5.1491797e-01
   1.3000000e+02   5.1737797e-01
   1.3100000e+02   5.1969486e-01
   1.3200000e+02   5.2187622e-01
   1.3300000e+02   5.2392912e-01
   1.3400000e+02   5.2586025e-01
   1.3500000e+02   5.2767605e-01
   1.3600000e+02   5.2938229e-01
   1.3700000e+02   5.3098482e-01
   1.3800000e+02   5.3248888e-01
   1.3900000e+02   5.3389966e-01
   1.4000000e+02   5.3522235e-01
   1.4100000e+02   5.3646117e-01
   1.4200000e+02   5.3762013e-01
   1.4300000e+02   5.3869832e-01
   1.4400000e+02   5.3970212e-01
   1.4500000e+02   5.4063743e-01
   1.4600000e+02   5.4150897e-01
   1.4700000e+02   5.4232085e-01
   1.4800000e+02   5.4307765e-01
   1.4900000e+02   5.4378355e-01
   1.5000000e+02   5.4444259e-01
   1.5100000e+02   5.4423016e-01
   1.5200000e+02   5.4401058e-01
   1.5300000e+02   5.4378420e-01
   1.5400000e+02   5.4355162e-01
   1.5500000e+02   5.4331309e-01
   1.5600000e+02   5.4306895e-01
   1.5700000e+02   5.4281968e-01
   1.5800000e+02   5.4256558e-01
   1.5900000e+02   5.4230696e-01
   1.6000000e+02   5.4204381e-01
   1.6100000e+02   5.4177618e-01
   1.6200000e+02   5.4150420e-01
   1.6300000e+02   5.4122800e-01
   1.6400000e+02   5.4094774e-01
   1.6500000e+02   5.4066360e-01
   1.6600000e+02   5.4037571e-01
   1.6700000e+02   5.4008412e-01
   1.6800000e+02   5.3978902e-01
   1.6900000e+02   5.3949052e-01
   1.7000000e+02   5.3918874e-01
   1.7100000e+02   5.3888381e-01
   1.7200000e+02   5.3857589e-01
   1.7300000e+02   5.3826493e-01
   1.7400000e+02   5.3795123e-01
   1.7500000e+02   5.3763461e-01
   1.7600000e+02   5.3731537e-01
   1.7700000e+02   5.3699368e-01
   1.7800000e+02   5.3666949e-01
   1.7900000e+02   5.3634304e-01
   1.8000000e+02   5.3601444e-01
   1.8100000e+02   5.3498036e-01
   1.8200000e+02   5.3397936e-01
   1.8300000e+02   5.3301013e-01
   1.8400000e+02   5.3207099e-01
   1.8500000e+02   5.3116089e-01
   1.8600000e+02   5.3027833e-01
   1.8700000e+02   5.2942216e-01
   1.8800000e+02   5.2859116e-01
   1.8900000e+02   5.2778423e-01
   1.9000000e+02   5.2700049e-01
   1.9100000e+02   5.2623904e-01
   1.9200000e+02   5.2549893e-01
   1.9300000e+02   5.2477932e-01
   1.9400000e+02   5.2407926e-01
   1.9500000e+02   5.2339804e-01
   1.9600000e+02   5.2273482e-01
   1.9700000e+02   5.2208889e-01
   1.9800000e+02   5.2145946e-01
   1.9900000e+02   5.2084500e-01
   2.0000000e+02   5.2024156e-01
   2.0100000e+02   5.1964790e-01
   2.0200000e+02   5.1906335e-01
   2.0300000e+02   5.1848704e-01
   2.0400000e+02   5.1791835e-01
   2.0500000e+02   5.1735651e-01
   2.0600000e+02   5.1680106e-01
   2.0700000e+02   5.1625133e-01
   2.0800000e+02   5.1570690e-01
   2.0900000e+02   5.1516718e-01
   2.1000000e+02   5.1463199e-01
   2.1100000e+02   5.1042688e-01
   2.1200000e+02   5.0625789e-01
   2.1300000e+02   5.0212401e-01
   2.1400000e+02   4.9802443e-01
   2.1500000e+02   4.9395820e-01
   2.1600000e+02   4.8992449e-01
   2.1700000e+02   4.8592243e-01
   2.1800000e+02   4.8195118e-01
   2.1900000e+02   4.7800994e-01
   2.2000000e+02   4.7409788e-01
   2.2100000e+02   4.7021425e-01
   2.2200000e+02   4.6635818e-01
   2.2300000e+02   4.6252903e-01
   2.2400000e+02   4.5872599e-01
   2.2500000e+02   4.5494831e-01
   2.2600000e+02   4.5119533e-01
   2.2700000e+02   4.4746628e-01
   2.2800000e+02   4.4376054e-01
   2.2900000e+02   4.4007742e-01
   2.3000000e+02   4.3641627e-01
   2.3100000e+02   4.3277648e-01
   2.3200000e+02   4.2915735e-01
   2.3300000e+02   4.2555836e-01
   2.3400000e+02   4.2197886e-01
   2.3500000e+02   4.1841832e-01
   2.3600000e+02   4.1487619e-01
   2.3700000e+02   4.1135356e-01
   2.3800000e+02   4.0785119e-01
   2.3900000e+02   4.0436864e-01
   2.4000000e+02   4.0090567e-01
   2.4100000e+02   3.9358875e-01
   2.4200000e+02   3.8624731e-01
   2.4300000e+02   3.7888217e-01
   2.4400000e+02   3.7149417e-01
   2.4500000e+02   3.6408409e-01
   2.4600000e+02   3.5665283e-01
   2.4700000e+02   3.4920111e-01
   2.4800000e+02   3.4172970e-01
   2.4900000e+02   3.3423930e-01
   2.5000000e+02   3.2673073e-01
   2.5100000e+02   3.1920457e-01
   2.5200000e+02   3.1166157e-01
   2.5300000e+02   3.0410239e-01
   2.5400000e+02   2.9652765e-01
   2.5500000e+02   2.8893799e-01
   2.5600000e+02   2.8133413e-01
   2.5700000e+02   2.7371675e-01
   2.5800000e+02   2.6608640e-01
   2.5900000e+02   2.5844359e-01
   2.6000000e+02   2.5078878e-01
   2.6100000e+02   2.4312250e-01
   2.6200000e+02   2.3544522e-01
   2.6300000e+02   2.2775736e-01
   2.6400000e+02   2.2005939e-01
   2.6500000e+02   2.1235174e-01
   2.6600000e+02   2.0463483e-01
   2.6700000e+02   1.9690907e-01
   2.6800000e+02   1.8917485e-01
   2.6900000e+02   1.8143255e-01
   2.7000000e+02   1.7368251e-01
   2.7100000e+02   1.7305364e-01
   2.7200000e+02   1.7242005e-01
   2.7300000e+02   1.7178172e-01
   2.7400000e+02   1.7113851e-01
   2.7500000e+02   1.7049038e-01
   2.7600000e+02   1.6983722e-01
   2.7700000e+02   1.6917898e-01
   2.7800000e+02   1.6851559e-01
   2.7900000e+02   1.6784696e-01
   2.8000000e+02   1.6717303e-01
   2.8100000e+02   1.6649370e-01
   2.8200000e+02   1.6580890e-01
   2.8300000e+02   1.6511853e-01
   2.8400000e+02   1.6442256e-01
   2.8500000e+02   1.6372085e-01
   2.8600000e+02   1.6301335e-01
   2.8700000e+02   1.6229999e-01
   2.8800000e+02   1.6158067e-01
   2.8900000e+02   1.6085535e-01
   2.9000000e+02   1.6012394e-01
   2.9100000e+02   1.5938638e-01
   2.9200000e+02   1.5864259e-01
   2.9300000e+02   1.5789248e-01
   2.9400000e+02   1.5713601e-01
   2.9500000e+02   1.5637308e-01
   2.9600000e+02   1.5560363e-01
   2.9700000e+02   1.5482759e-01
   2.9800000e+02   1.5404488e-01
   2.9900000e+02   1.5325545e-01
   3.0000000e+02   1.5245922e-01
   3.0100000e+02   1.5164272e-01
   3.0200000e+02   1.5082225e-01
   3.0300000e+02   1.4999785e-01
   3.0400000e+02   1.4916953e-01
   3.0500000e+02   1.4833732e-01
   3.0600000e+02   1.4750125e-01
   3.0700000e+02   1.4666134e-01
   3.0800000e+02   1.4581762e-01
   3.0900000e+02   1.4497012e-01
   3.1000000e+02   1.4411885e-01
   3.1100000e+02   1.4326386e-01
   3.1200000e+02   1.4240517e-01
   3.1300000e+02   1.4154278e-01
   3.1400000e+02   1.4067674e-01
   3.1500000e+02   1.3980706e-01
   3.1600000e+02   1.3893378e-01
   3.1700000e+02   1.3805690e-01
   3.1800000e+02   1.3717648e-01
   3.1900000e+02   1.3629250e-01
   3.2000000e+02   1.3540502e-01
   3.2100000e+02   1.3451405e-01
   3.2200000e+02   1.3361961e-01
   3.2300000e+02   1.3272172e-01
   3.2400000e+02   1.3182040e-01
   3.2500000e+02   1.3091569e-01
   3.2600000e+02   1.3000759e-01
   3.2700000e+02   1.2909615e-01
   3.2800000e+02   1.2818138e-01
   3.2900000e+02   1.2726331e-01
   3.3000000e+02   1.2634194e-01
   3.3100000e+02   1.2667476e-01
   3.3200000e+02   1.2700707e-01
   3.3300000e+02   1.2733889e-01
   3.3400000e+02   1.2767020e-01
   3.3500000e+02   1.2800102e-01
   3.3600000e+02   1.2833133e-01
   3.3700000e+02   1.2866117e-01
   3.3800000e+02   1.2899052e-01
   3.3900000e+02   1.2931935e-01
   3.4000000e+02   1.2964773e-01
   3.4100000e+02   1.2997563e-01
   3.4200000e+02   1.3030304e-01
   3.4300000e+02   1.3062996e-01
   3.4400000e+02   1.3095643e-01
   3.4500000e+02   1.3128240e-01
   3.4600000e+02   1.3160793e-01
   3.4700000e+02   1.3193299e-01
   3.4800000e+02   1.3225757e-01
   3.4900000e+02   1.3258168e-01
   3.5000000e+02   1.3290536e-01
   3.5100000e+02   1.3322857e-01
   3.5200000e+02   1.3355133e-01
   3.5300000e+02   1.3387364e-01
   3.5400000e+02   1.3419551e-01
   3.5500000e+02   1.3451692e-01
   3.5600000e+02   1.3483790e-01
   3.5700000e+02   1.3515842e-01
   3.5800000e+02   1.3547851e-01
   3.5900000e+02   1.3579819e-01
   7.1133672e-07   1.3611741e-01
   1.0000007e+00   1.3789217e-01
   2.0000007e+00   1.3966912e-01
   3.0000007e+00   1.4144824e-01
   4.0000010e+00   1.4322950e-01
   5.0000010e+00   1.4501292e-01
   6.0000010e+00   1.4679845e-01
   7.0000010e+00   1.4858609e-01
   8.0000010e+00   1.5037586e-01
   9.0000010e+00   1.5216771e-01
   1.0000001e+01   1.5396164e-01
   1.1000001e+01   1.5575767e-01
   1.2000001e+01   1.5755574e-01
   1.3000001e+01   1.5935588e-01
   1.4000001e+01   1.6115804e-01
   1.5000001e+01   1.6296226e-01
   1.6000000e+01   1.6476847e-01
   1.7000000e+01   1.6657671e-01
   1.8000000e+01   1.6838697e-01
   1.9000000e+01   1.7019919e-01
   2.0000000e+01   1.7201339e-01
   2.1000000e+01   1.7382956e-01
   2.2000000e+01   1.7564771e-01
   2.3000000e+01   1.7746778e-01
   2.4000000e+01   1.7928980e-01
   2.5000000e+01   1.8111375e-01
   2.6000000e+01   1.8293963e-01
   2.7000000e+01   1.8476743e-01
   2.8000000e+01   1.8659711e-01
   2.9000000e+01   1.8842870e-01
   3.0000000e+01   1.9026217e-01
   3.1000000e+01   1.9226740e-01
   3.2000000e+01   1.9427873e-01
   3.3000000e+01   1.9629620e-01
   3.4000000e+01   1.9831993e-01
   3.5000000e+01   2.0034994e-01
   3.6000000e+01   2.0238638e-01
   3.7000000e+01   2.0442927e-01
   3.8000000e+01   2.0647871e-01
   3.9000000e+01   2.0853478e-01
   4.0000000e+01   2.1059753e-01
   4.1000000e+01   2.1266708e-01
   4.2000000e+01   2.1474349e-01
   4.3000000e+01   2.1682683e-01
   4.4000000e+01   2.1891718e-01
   4.5000000e+01   2.2101462e-01
   4.6000000e+01   2.2311921e-01
   4.7000000e+01   2.2523105e-01
   4.8000000e+01   2.2735021e-01
   4.9000000e+01   2.2947675e-01
   5.0000000e+01   2.3161076e-01
   5.1000000e+01   2.3375231e-01
   5.2000000e+01   2.3590149e-01
   5.3000000e+01   2.3805834e-01
   5.4000000e+01   2.4022299e-01
   5.5000000e+01   2.4239548e-01
   5.6000000e+01   2.4457589e-01
   5.7000000e+01   2.4676429e-01
   5.8000000e+01   2.4896078e-01
   5.9000000e+01   2.5116539e-01
   6.0000000e+01   2.5337824e-01
   6.1000000e+01   2.6370242e-01
   6.2000000e+01   2.7401832e-01
   6.3000000e+01   2.8432572e-01
   6.4000000e+01   2.9462451e-01
   6.5000000e+01   3.0491444e-01
   6.6000000e+01   3.1519535e-01
   6.7000000e+01   3.2546711e-01
   6.8000000e+01   3.3572951e-01
   6.9000000e+01   3.4598243e-01
   7.0000000e+01   3.5622573e-01
   7.1000000e+01   3.6645922e-01
   7.2000000e+01   3.7668279e-01
   7.3000000e+01   3.8689631e-01
   7.4000000e+01   3.9709958e-01
   7.5000000e+01   4.0729254e-01
   7.6000000e+01   4.1747504e-01
   7.7000000e+01   4.2764696e-01
   7.8000000e+01   4.3780822e-01
   7.9000000e+01   4.4795862e-01
   8.0000000e+01   4.5809805e-01
   8.1000000e+01   4.6822649e-01
   8.2000000e+01   4.7834378e-01
   8.3000000e+01   4.8844978e-01
   8.4000000e+01   4.9854442e-01
   8.5000000e+01   5.0862765e-01
   8.6000000e+01   5.1869923e-01
   8.7000000e+01   5.2875924e-01
   8.8000000e+01   5.3880745e-01
   8.9000000e+01   5.4884380e-01
   9.0000000e+01   5.5886823e-01
   9.1000000e+01   5.5922788e-01
   9.2000000e+01   5.5958509e-01
   9.3000000e+01   5.5994010e-01
   9.4000000e+01   5.6029284e-01
   9.5000000e+01   5.6064349e-01
   9.6000000e+01   5.6099206e-01
   9.7000000e+01   5.6133860e-01
   9.8000000e+01   5.6168324e-01
   9.9000000e+01   5.6202602e-01
   1.0000000e+02   5.6236702e-01
   1.0100000e+02   5.6270623e-01
   1.0200000e+02   5.6304377e-01
   1.0300000e+02   5.6337970e-01
   1.0400000e+02   5.6371403e-01
   1.0500000e+02   5.6404686e-01
   1.0600000e+02   5.6437814e-01
   1.0700000e+02   5.6470799e-01
   1.0800000e+02   5.6503648e-01
   1.0900000e+02   5.6536359e-01
   1.1000000e+02   5.6568944e-01
   1.1100000e+02   5.6601393e-01
   1.1200000e+02   5.6633723e-01
   1.1300000e+02   5.6665933e-01
   1.1400000e+02   5.6698030e-01
   1.1500000e+02   5.6730008e-01
   1.1600000e+02   5.6761879e-01
   1.1700000e+02   5.6793642e-01
   1.1800000e+02   5.6825304e-01
   1.1900000e+02   5.6856859e-01
   1.2000000e+02   5.6888318e-01
   1.2100000e+02   5.6881124e-01
   1.2200000e+02   5.6873947e-01
   1.2300000e+02   5.6866789e-01
   1.2400000e+02   5.6859648e-01
   1.2500000e+02   5.6852520e-01
   1.2600000e+02   5.6845409e-01
   1.2700000e+02   5.6838322e-01
   1.2800000e+02   5.6831247e-01
   1.2900000e+02   5.6824189e-01
   1.3000000e+02   5.6817156e-01
   1.3100000e+02   5.6810135e-01
   1.3200000e+02   5.6803131e-01
   1.3300000e+02   5.6796145e-01
   1.3400000e+02   5.6789178e-01
   1.3500000e+02   5.6782228e-01
   1.3600000e+02   5.6775296e-01
   1.3700000e+02   5.6768376e-01
   1.3800000e+02   5.6761479e-01
   1.3900000e+02   5.6754601e-01
   1.4000000e+02   5.6747741e-01
   1.4100000e+02   5.6740898e-01
   1.4200000e+02   5.6734067e-01
   1.4300000e+02   5.6727260e-01
   1.4400000e+02   5.6720465e-01
   1.4500000e+02   5.6713694e-01
   1.4600000e+02   5.6706935e-01
   1.4700000e+02   5.6700194e-01
   1.4800000e+02   5.6693476e-01
   1.4900000e+02   5.6686771e-01
   1.5000000e+02   5.6680089e-01
   1.5100000e+02   5.6636214e-01
   1.5200000e+02   5.6592345e-01
   1.5300000e+02   5.6548482e-01
   1.5400000e+02   5.6504619e-01
   1.5500000e+02   5.6460768e-01
   1.5600000e+02   5.6416911e-01
   1.5700000e+02   5.6373072e-01
   1.5800000e+02   5.6329226e-01
   1.5900000e+02   5.6285393e-01
   1.6000000e+02   5.6241560e-01
   1.6100000e+02   5.6197733e-01
   1.6200000e+02   5.6153911e-01
   1.6300000e+02   5.6110096e-01
   1.6400000e+02   5.6066287e-01
   1.6500000e+02   5.6022477e-01
   1.6600000e+02   5.5978680e-01
   1.6700000e+02   5.5934888e-01
   1.6800000e+02   5.5891103e-01
   1.6900000e+02   5.5847317e-01
   1.7000000e+02   5.5803543e-01
   1.7100000e+02   5.5759770e-01
   1.7200000e+02   5.5716008e-01
   1.7300000e+02   5.5672252e-01
   1.7400000e+02   5.5628496e-01
   1.7500000e+02   5.5584753e-01
   1.7600000e+02   5.5541015e-01
   1.7700000e+02   5.5497277e-01
   1.7800000e+02   5.5453551e-01
   1.7900000e+02   5.5409831e-01
   1.8000000e+02   5.5366117e-01
   1.8100000e+02   5.5309457e-01
   1.8200000e+02   5.5252731e-01
   1.8300000e+02   5.5195946e-01
   1.8400000e+02   5.5139095e-01
   1.8500000e+02   5.5082178e-01
   1.8600000e+02   5.5025196e-01
   1.8700000e+02   5.4968154e-01
   1.8800000e+02   5.4911041e-01
   1.8900000e+02   5.4853868e-01
   1.9000000e+02   5.4796630e-01
   1.9100000e+02   5.4739326e-01
   1.9200000e+02   5.4681963e-01
   1.9300000e+02   5.4624528e-01
   1.9400000e+02   5.4567033e-01
   1.9500000e+02   5.4509467e-01
   1.9600000e+02   5.4451841e-01
   1.9700000e+02   5.4394156e-01
   1.9800000e+02   5.4336399e-01
   1.9900000e+02   5.4278582e-01
   2.0000000e+02   5.4220688e-01
   2.0100000e+02   5.4162741e-01
   2.0200000e+02   5.4104728e-01
   2.0300000e+02   5.4046649e-01
   2.0400000e+02   5.3988510e-01
   2.0500000e+02   5.3930295e-01
   2.0600000e+02   5.3872025e-01
   2.0700000e+02   5.3813684e-01
   2.0800000e+02   5.3755283e-01
   2.0900000e+02   5.3696817e-01
   2.1000000e+02   5.3638279e-01
   2.1100000e+02   5.3407639e-01
   2.1200000e+02   5.3177679e-01
   2.1300000e+02   5.2948391e-01
   2.1400000e+02   5.2719772e-01
   2.1500000e+02   5.2491832e-01
   2.1600000e+02   5.2264565e-01
   2.1700000e+02   5.2037972e-01
   2.1800000e+02   5.1812047e-01
   2.1900000e+02   5.1586801e-01
   2.2000000e+02   5.1362222e-01
   2.2100000e+02   5.1138324e-01
   2.2200000e+02   5.0915092e-01
   2.2300000e+02   5.0692534e-01
   2.2400000e+02   5.0470650e-01
   2.2500000e+02   5.0249434e-01
   2.2600000e+02   5.0028896e-01
   2.2700000e+02   4.9809030e-01
   2.2800000e+02   4.9589831e-01
   2.2900000e+02   4.9371305e-01
   2.3000000e+02   4.9153453e-01
   2.3100000e+02   4.8936269e-01
   2.3200000e+02   4.8719758e-01
   2.3300000e+02   4.8503917e-01
   2.3400000e+02   4.8288748e-01
   2.3500000e+02   4.8074248e-01
   2.3600000e+02   4.7860420e-01
   2.3700000e+02   4.7647262e-01
   2.3800000e+02   4.7434771e-01
   2.3900000e+02   4.7222951e-01
   2.4000000e+02   4.7011802e-01
   2.4100000e+02   4.6318313e-01
   2.4200000e+02   4.5625809e-01
   2.4300000e+02   4.4934297e-01
   2.4400000e+02   4.4243783e-01
   2.4500000e+02   4.3554264e-01
   2.4600000e+02   4.2865747e-01
   2.4700000e+02   4.2178240e-01
   2.4800000e+02   4.1491741e-01
   2.4900000e+02   4.0806255e-01
   2.5000000e+02   4.0121785e-01
   2.5100000e+02   3.9438337e-01
   2.5200000e+02   3.8755909e-01
   2.5300000e+02   3.8074508e-01
   2.5400000e+02   3.7394142e-01
   2.5500000e+02   3.6714810e-01
   2.5600000e+02   3.6036515e-01
   2.5700000e+02   3.5359260e-01
   2.5800000e+02   3.4683055e-01
   2.5900000e+02   3.4007898e-01
   2.6000000e+02   3.3333793e-01
   2.6100000e+02   3.2660750e-01
   2.6200000e+02   3.1988764e-01
   2.6300000e+02   3.1317845e-01
   2.6400000e+02   3.0647948e-01
   2.6500000e+02   2.9978874e-01
   2.6600000e+02   2.9310599e-01
   2.6700000e+02   2.8643101e-01
   2.6800000e+02   2.7976361e-01
   2.6900000e+02   2.7310351e-01
   2.7000000e+02   2.6645052e-01
   2.7100000e+02   2.6393920e-01
   2.7200000e+02   2.6141188e-01
   2.7300000e+02   2.5886884e-01
   2.7400000e+02   2.5631034e-01
   2.7500000e+02   2.5373662e-01
   2.7600000e+02   2.5114790e-01
   2.7700000e+02   2.4854447e-01
   2.7800000e+02   2.4592653e-01
   2.7900000e+02   2.4329434e-01
   2.8000000e+02   2.4064814e-01
   2.8100000e+02   2.3798810e-01
   2.8200000e+02   2.3531452e-01
   2.8300000e+02   2.3262756e-01
   2.8400000e+02   2.2992747e-01
   2.8500000e+02   2.2721446e-01
   2.8600000e+02   2.2448872e-01
   2.8700000e+02   2.2175047e-01
   2.8800000e+02   2.1899992e-01
   2.8900000e+02   2.1623728e-01
   2.9000000e+02   2.1346273e-01
   2.9100000e+02   2.1067646e-01
   2.9200000e+02   2.0787866e-01
   2.9300000e+02   2.0506956e-01
   2.9400000e+02   2.0224930e-01
   2.9500000e+02   1.9941808e-01
   2.9600000e+02   1.9657609e-01
   2.9700000e+02   1.9372347e-01
   2.9800000e+02   1.9086044e-01
   2.9900000e+02   1.8798715e-01
   3.0000000e+02   1.8510376e-01
   3.0100000e+02   1.8385234e-01
   3.0200000e+02   1.8259969e-01
   3.0300000e+02   1.8134581e-01
   3.0400000e+02   1.8009073e-01
   3.0500000e+02   1.7883441e-01
   3.0600000e+02   1.7757688e-01
   3.0700000e+02   1.7631815e-01
   3.0800000e+02   1.7505822e-01
   3.0900000e+02   1.7379707e-01
   3.1000000e+02   1.7253473e-01
   3.1100000e+02   1.7127119e-01
   3.1200000e+02   1.7000644e-01
   3.1300000e+02   1.6874051e-01
   3.1400000e+02   1.6747339e-01
   3.1500000e+02   1.6620506e-01
   3.1600000e+02   1.6493557e-01
   3.1700000e+02   1.6366488e-01
   3.1800000e+02   1.6239303e-01
   3.1900000e+02   1.6111998e-01
   3.2000000e+02   1.5984577e-01
   3.2100000e+02   1.5857036e-01
   3.2200000e+02   1.5729380e-01
   3.2300000e+02   1.5601607e-01
   3.2400000e+02   1.5473716e-01
   3.2500000e+02   1.5345709e-01
   3.2600000e+02   1.5217586e-01
   3.2700000e+02   1.5089348e-01
   3.2800000e+02   1.4960994e-01
   3.2900000e+02   1.4832523e-01
   3.3000000e+02   1.4703938e-01
   3.3100000e+02   1.4730503e-01
   3.3200000e+02   1.4757065e-01
   3.3300000e+02   1.4783625e-01
   3.3400000e+02   1.4810184e-01
   3.3500000e+02   1.4836739e-01
   3.3600000e+02   1.4863291e-01
   3.3700000e+02   1.4889842e-01
   3.3800000e+02   1.4916390e-01
   3.3900000e+02   1.4942937e-01
   3.4000000e+02   1.4969480e-01
   3.4100000e+02   1.4996022e-01
   3.4200000e+02   1.5022562e-01
   3.4300000e+02   1.5049100e-01
   3.4400000e+02   1.5075636e-01
   3.4500000e+02   1.5102169e-01
   3.4600000e+02   1.5128699e-01
   3.4700000e+02   1.5155229e-01
   3.4800000e+02   1.5181756e-01
   3.4900000e+02   1.5208280e-01
   3.5000000e+02   1.5234804e-01
   3.5100000e+02   1.5261325e-01
   3.5200000e+02   1.5287843e-01
   3.5300000e+02   1.5314361e-01
   3.5400000e+02   1.5340877e-01
   3.5500000e+02   1.5367390e-01
   3.5600000e+02   1.5393901e-01
   3.5700000e+02   1.5420410e-01
   3.5800000e+02   1.5446918e-01
   3.5900000e+02   1.5473424e-01
   1.4226848e-06   1.5499929e-01
