   0.0000000e+00   1.4987409e+04
   1.0000000e+00   2.8400861e+04
   2.0000000e+00   2.8399947e+04
   3.0000000e+00   2.8400617e+04
   4.0000000e+00   2.8403273e+04
   5.0000000e+00   2.8407885e+04
   6.0000000e+00   2.8414457e+04
   7.0000000e+00   2.8422994e+04
   8.0000000e+00   2.8433500e+04
   9.0000000e+00   2.8445955e+04
   1.0000000e+01   2.8460363e+04
   1.1000000e+01   2.8476717e+04
   1.2000000e+01   2.8494658e+04
   1.3000000e+01   2.8514570e+04
   1.4000000e+01   2.8536445e+04
   1.5000000e+01   2.8560281e+04
   1.6000000e+01   2.8586074e+04
   1.7000000e+01   2.8613842e+04
   1.8000000e+01   2.8643883e+04
   1.9000000e+01   2.8675875e+04
   2.0000000e+01   2.8710055e+04
   2.1000000e+01   2.8746332e+04
   2.2000000e+01   2.8784508e+04
   2.3000000e+01   2.8824438e+04
   2.4000000e+01   2.8866588e+04
   2.5000000e+01   2.8910174e+04
   2.6000000e+01   2.8955609e+04
   2.7000000e+01   2.9002867e+04
   2.8000000e+01   2.9051947e+04
   2.9000000e+01   2.9102834e+04
   3.0000000e+01   2.9155523e+04
   3.1000000e+01   2.9211770e+04
   3.2000000e+01   2.9269590e+04
   3.3000000e+01   2.9329508e+04
   3.4000000e+01   2.9391342e+04
   3.5000000e+01   2.9454873e+04
   3.6000000e+01   2.9520102e+04
   3.7000000e+01   2.9587035e+04
   3.8000000e+01   2.9655631e+04
   3.9000000e+01   2.9725873e+04
   4.0000000e+01   2.9797820e+04
   4.1000000e+01   2.9871654e+04
   4.2000000e+01   2.9947193e+04
   4.3000000e+01   3.0024316e+04
   4.4000000e+01   3.0102957e+04
   4.5000000e+01   3.0183146e+04
   4.6000000e+01   3.0264746e+04
   4.7000000e+01   3.0347830e+04
   4.8000000e+01   3.0432898e+04
   4.9000000e+01   3.0519414e+04
   5.0000000e+01   3.0607340e+04
   5.1000000e+01   3.0696746e+04
   5.2000000e+01   3.0787555e+04
   5.3000000e+01   3.0879801e+04
   5.4000000e+01   3.0973516e+04
   5.5000000e+01   3.1068498e+04
   5.6000000e+01   3.1164730e+04
   5.7000000e+01   3.1262381e+04
   5.8000000e+01   3.1361248e+04
   5.9000000e+01   3.1461355e+04
   6.0000000e+01   3.1562672e+04
   6.1000000e+01   3.1658947e+04
   6.2000000e+01   3.1756313e+04
   6.3000000e+01   3.1854709e+04
   6.4000000e+01   3.1954043e+04
   6.5000000e+01   3.2054615e+04
   6.6000000e+01   3.2156104e+04
   6.7000000e+01   3.2258451e+04
   6.8000000e+01   3.2361588e+04
   6.9000000e+01   3.2465422e+04
   7.0000000e+01   3.2569896e+04
   7.1000000e+01   3.2674955e+04
   7.2000000e+01   3.2780547e+04
   7.3000000e+01   3.2886797e+04
   7.4000000e+01   3.2993609e+04
   7.5000000e+01   3.3100863e+04
   7.6000000e+01   3.3208566e+04
   7.7000000e+01   3.3316449e+04
   7.8000000e+01   3.3424434e+04
   7.9000000e+01   3.3532453e+04
   8.0000000e+01   3.3640402e+04
   8.1000000e+01   3.3748258e+04
   8.2000000e+01   3.3855910e+04
   8.3000000e+01   3.3963215e+04
   8.4000000e+01   3.4070074e+04
   8.5000000e+01   3.4176449e+04
   8.6000000e+01   3.4282254e+04
   8.7000000e+01   3.4387461e+04
   8.8000000e+01   3.4491969e+04
   8.9000000e+01   3.4595719e+04
   9.0000000e+01   3.4698402e+04
   9.1000000e+01   3.4739629e+04
   9.2000000e+01   3.4780422e+04
   9.3000000e+01   3.4820742e+04
   9.4000000e+01   3.4860551e+04
   9.5000000e+01   3.4899824e+04
   9.6000000e+01   3.4938598e+04
   9.7000000e+01   3.4977633e+04
   9.8000000e+01   3.5017750e+04
   9.9000000e+01   3.5060082e+04
   1.0000000e+02   3.5110824e+04
   1.0100000e+02   3.5160715e+04
   1.0200000e+02   3.5209703e+04
   1.0300000e+02   3.5257832e+04
   1.0400000e+02   3.5308469e+04
   1.0500000e+02   3.5358551e+04
   1.0600000e+02   3.5408000e+04
   1.0700000e+02   3.5456855e+04
   1.0800000e+02   3.5505055e+04
   1.0900000e+02   3.5546652e+04
   1.1000000e+02   3.5587496e+04
   1.1100000e+02   3.5629719e+04
   1.1200000e+02   3.5672141e+04
   1.1300000e+02   3.5715066e+04
   1.1400000e+02   3.5758441e+04
   1.1500000e+02   3.5802320e+04
   1.1600000e+02   3.5846742e+04
   1.1700000e+02   3.5901445e+04
   1.1800000e+02   3.5976074e+04
   1.1900000e+02   3.6053469e+04
   1.2000000e+02   3.6133547e+04
   1.2100000e+02   3.6288336e+04
   1.2200000e+02   3.6440625e+04
   1.2300000e+02   3.6590430e+04
   1.2400000e+02   3.6737762e+04
   1.2500000e+02   3.6882633e+04
   1.2600000e+02   3.7025059e+04
   1.2700000e+02   3.7168266e+04
   1.2800000e+02   3.7334980e+04
   1.2900000e+02   3.7495742e+04
   1.3000000e+02   3.7649984e+04
   1.3100000e+02   3.7797871e+04
   1.3200000e+02   3.7939855e+04
   1.3300000e+02   3.8076313e+04
   1.3400000e+02   3.8207594e+04
   1.3500000e+02   3.8334000e+04
   1.3600000e+02   3.8455797e+04
   1.3700000e+02   3.8573215e+04
   1.3800000e+02   3.8686449e+04
   1.3900000e+02   3.8795477e+04
   1.4000000e+02   3.8900777e+04
   1.4100000e+02   3.9002863e+04
   1.4200000e+02   3.9105496e+04
   1.4300000e+02   3.9203480e+04
   1.4400000e+02   3.9296871e+04
   1.4500000e+02   3.9386887e+04
   1.4600000e+02   3.9473762e+04
   1.4700000e+02   3.9556949e+04
   1.4800000e+02   3.9636590e+04
   1.4900000e+02   3.9712852e+04
   1.5000000e+02   3.9785891e+04
   1.5100000e+02   3.9844680e+04
   1.5200000e+02   3.9901309e+04
   1.5300000e+02   3.9955785e+04
   1.5400000e+02   4.0008102e+04
   1.5500000e+02   4.0058250e+04
   1.5600000e+02   4.0106305e+04
   1.5700000e+02   4.0152188e+04
   1.5800000e+02   4.0195879e+04
   1.5900000e+02   4.0237676e+04
   1.6000000e+02   4.0277617e+04
   1.6100000e+02   4.0315430e+04
   1.6200000e+02   4.0351098e+04
   1.6300000e+02   4.0384602e+04
   1.6400000e+02   4.0415953e+04
   1.6500000e+02   4.0445176e+04
   1.6600000e+02   4.0472230e+04
   1.6700000e+02   4.0497070e+04
   1.6800000e+02   4.0519680e+04
   1.6900000e+02   4.0540055e+04
   1.7000000e+02   4.0558180e+04
   1.7100000e+02   4.0574051e+04
   1.7200000e+02   4.0587660e+04
   1.7300000e+02   4.0599020e+04
   1.7400000e+02   4.0608156e+04
   1.7500000e+02   4.0614988e+04
   1.7600000e+02   4.0619512e+04
   1.7700000e+02   4.0621723e+04
   1.7800000e+02   4.0621613e+04
   1.7900000e+02   4.0619184e+04
   1.8000000e+02   4.0614441e+04
   1.8100000e+02   4.0581738e+04
   1.8200000e+02   4.0548074e+04
   1.8300000e+02   4.0513367e+04
   1.8400000e+02   4.0477539e+04
   1.8500000e+02   4.0440520e+04
   1.8600000e+02   4.0402254e+04
   1.8700000e+02   4.0362672e+04
   1.8800000e+02   4.0321723e+04
   1.8900000e+02   4.0279176e+04
   1.9000000e+02   4.0235074e+04
   1.9100000e+02   4.0189414e+04
   1.9200000e+02   4.0142152e+04
   1.9300000e+02   4.0093266e+04
   1.9400000e+02   4.0042715e+04
   1.9500000e+02   3.9990484e+04
   1.9600000e+02   3.9936539e+04
   1.9700000e+02   3.9880867e+04
   1.9800000e+02   3.9824758e+04
   1.9900000e+02   3.9771520e+04
   2.0000000e+02   3.9716820e+04
   2.0100000e+02   3.9660391e+04
   2.0200000e+02   3.9602203e+04
   2.0300000e+02   3.9542215e+04
   2.0400000e+02   3.9480418e+04
   2.0500000e+02   3.9416777e+04
   2.0600000e+02   3.9351289e+04
   2.0700000e+02   3.9283930e+04
   2.0800000e+02   3.9214695e+04
   2.0900000e+02   3.9143578e+04
   2.1000000e+02   3.9070574e+04
   2.1100000e+02   3.9018945e+04
   2.1200000e+02   3.8965887e+04
   2.1300000e+02   3.8911406e+04
   2.1400000e+02   3.8855488e+04
   2.1500000e+02   3.8798141e+04
   2.1600000e+02   3.8739363e+04
   2.1700000e+02   3.8679156e+04
   2.1800000e+02   3.8617523e+04
   2.1900000e+02   3.8554473e+04
   2.2000000e+02   3.8490012e+04
   2.2100000e+02   3.8424148e+04
   2.2200000e+02   3.8356895e+04
   2.2300000e+02   3.8288262e+04
   2.2400000e+02   3.8218266e+04
   2.2500000e+02   3.8146910e+04
   2.2600000e+02   3.8074223e+04
   2.2700000e+02   3.8000211e+04
   2.2800000e+02   3.7924898e+04
   2.2900000e+02   3.7848301e+04
   2.3000000e+02   3.7770445e+04
   2.3100000e+02   3.7691340e+04
   2.3200000e+02   3.7611016e+04
   2.3300000e+02   3.7529492e+04
   2.3400000e+02   3.7446785e+04
   2.3500000e+02   3.7362926e+04
   2.3600000e+02   3.7275758e+04
   2.3700000e+02   3.7185973e+04
   2.3800000e+02   3.7095008e+04
   2.3900000e+02   3.7002918e+04
   2.4000000e+02   3.6909734e+04
   2.4100000e+02   3.6857004e+04
   2.4200000e+02   3.6803086e+04
   2.4300000e+02   3.6748035e+04
   2.4400000e+02   3.6691914e+04
   2.4500000e+02   3.6634770e+04
   2.4600000e+02   3.6576664e+04
   2.4700000e+02   3.6517656e+04
   2.4800000e+02   3.6457797e+04
   2.4900000e+02   3.6397141e+04
   2.5000000e+02   3.6335746e+04
   2.5100000e+02   3.6273664e+04
   2.5200000e+02   3.6210949e+04
   2.5300000e+02   3.6147660e+04
   2.5400000e+02   3.6083844e+04
   2.5500000e+02   3.6019418e+04
   2.5600000e+02   3.5954477e+04
   2.5700000e+02   3.5889195e+04
   2.5800000e+02   3.5823637e+04
   2.5900000e+02   3.5757848e+04
   2.6000000e+02   3.5691879e+04
   2.6100000e+02   3.5625785e+04
   2.6200000e+02   3.5559617e+04
   2.6300000e+02   3.5493434e+04
   2.6400000e+02   3.5427277e+04
   2.6500000e+02   3.5361207e+04
   2.6600000e+02   3.5295266e+04
   2.6700000e+02   3.5229508e+04
   2.6800000e+02   3.5163984e+04
   2.6900000e+02   3.5098742e+04
   2.7000000e+02   3.5033832e+04
   2.7100000e+02   3.4906313e+04
   2.7200000e+02   3.4778887e+04
   2.7300000e+02   3.4651590e+04
   2.7400000e+02   3.4524473e+04
   2.7500000e+02   3.4397563e+04
   2.7600000e+02   3.4270906e+04
   2.7700000e+02   3.4144539e+04
   2.7800000e+02   3.4018504e+04
   2.7900000e+02   3.3892836e+04
   2.8000000e+02   3.3767582e+04
   2.8100000e+02   3.3642773e+04
   2.8200000e+02   3.3518449e+04
   2.8300000e+02   3.3394645e+04
   2.8400000e+02   3.3271410e+04
   2.8500000e+02   3.3148766e+04
   2.8600000e+02   3.3026758e+04
   2.8700000e+02   3.2905430e+04
   2.8800000e+02   3.2784809e+04
   2.8900000e+02   3.2664939e+04
   2.9000000e+02   3.2545854e+04
   2.9100000e+02   3.2427584e+04
   2.9200000e+02   3.2310174e+04
   2.9300000e+02   3.2193656e+04
   2.9400000e+02   3.2078064e+04
   2.9500000e+02   3.1963436e+04
   2.9600000e+02   3.1849801e+04
   2.9700000e+02   3.1737197e+04
   2.9800000e+02   3.1625658e+04
   2.9900000e+02   3.1515217e+04
   3.0000000e+02   3.1405904e+04
   3.0100000e+02   3.1294211e+04
   3.0200000e+02   3.1183719e+04
   3.0300000e+02   3.1074457e+04
   3.0400000e+02   3.0966461e+04
   3.0500000e+02   3.0859758e+04
   3.0600000e+02   3.0754377e+04
   3.0700000e+02   3.0650346e+04
   3.0800000e+02   3.0547697e+04
   3.0900000e+02   3.0446455e+04
   3.1000000e+02   3.0346648e+04
   3.1100000e+02   3.0248307e+04
   3.1200000e+02   3.0151453e+04
   3.1300000e+02   3.0056117e+04
   3.1400000e+02   2.9962330e+04
   3.1500000e+02   2.9870111e+04
   3.1600000e+02   2.9779480e+04
   3.1700000e+02   2.9690467e+04
   3.1800000e+02   2.9603092e+04
   3.1900000e+02   2.9517377e+04
   3.2000000e+02   2.9433346e+04
   3.2100000e+02   2.9351020e+04
   3.2200000e+02   2.9270422e+04
   3.2300000e+02   2.9191568e+04
   3.2400000e+02   2.9114480e+04
   3.2500000e+02   2.9039178e+04
   3.2600000e+02   2.8965686e+04
   3.2700000e+02   2.8894016e+04
   3.2800000e+02   2.8824188e+04
   3.2900000e+02   2.8756223e+04
   3.3000000e+02   2.8690133e+04
   3.3100000e+02   2.8625506e+04
   3.3200000e+02   2.8562740e+04
   3.3300000e+02   2.8501852e+04
   3.3400000e+02   2.8442854e+04
   3.3500000e+02   2.8385766e+04
   3.3600000e+02   2.8330596e+04
   3.3700000e+02   2.8277365e+04
   3.3800000e+02   2.8226082e+04
   3.3900000e+02   2.8176764e+04
   3.4000000e+02   2.8129420e+04
   3.4100000e+02   2.8084064e+04
   3.4200000e+02   2.8040705e+04
   3.4300000e+02   2.7999355e+04
   3.4400000e+02   2.7960029e+04
   3.4500000e+02   2.7922730e+04
   3.4600000e+02   2.7887473e+04
   3.4700000e+02   2.7854262e+04
   3.4800000e+02   2.7823107e+04
   3.4900000e+02   2.7794020e+04
   3.5000000e+02   2.7767000e+04
   3.5100000e+02   2.7742061e+04
   3.5200000e+02   2.7719203e+04
   3.5300000e+02   2.7698438e+04
   3.5400000e+02   2.7679764e+04
   3.5500000e+02   2.7663189e+04
   3.5600000e+02   2.7648721e+04
   3.5700000e+02   2.7636355e+04
   3.5800000e+02   2.7626102e+04
   3.5900000e+02   2.7617957e+04
   7.1133672e-07   2.7611926e+04
   1.0000007e+00   2.7607469e+04
   2.0000007e+00   2.7605143e+04
   3.0000007e+00   2.7604949e+04
   4.0000010e+00   2.7606889e+04
   5.0000010e+00   2.7610967e+04
   6.0000010e+00   2.7617178e+04
   7.0000010e+00   2.7625527e+04
   8.0000010e+00   2.7636012e+04
   9.0000010e+00   2.7648631e+04
   1.0000001e+01   2.7663383e+04
   1.1000001e+01   2.7680266e+04
   1.2000001e+01   2.7699277e+04
   1.3000001e+01   2.7720414e+04
   1.4000001e+01   2.7743670e+04
   1.5000001e+01   2.7769041e+04
   1.6000000e+01   2.7796521e+04
   1.7000000e+01   2.7826109e+04
   1.8000000e+01   2.7857793e+04
   1.9000000e+01   2.7891568e+04
   2.0000000e+01   2.7927428e+04
   2.1000000e+01   2.7965361e+04
   2.2000000e+01   2.8005361e+04
   2.3000000e+01   2.8047416e+04
   2.4000000e+01   2.8091516e+04
   2.5000000e+01   2.8137654e+04
   2.6000000e+01   2.8185822e+04
   2.7000000e+01   2.8236002e+04
   2.8000000e+01   2.8288178e+04
   2.9000000e+01   2.8342338e+04
   3.0000000e+01   2.8398471e+04
   3.1000000e+01   2.8455707e+04
   3.2000000e+01   2.8514902e+04
   3.3000000e+01   2.8576041e+04
   3.4000000e+01   2.8639105e+04
   3.5000000e+01   2.8704082e+04
   3.6000000e+01   2.8770949e+04
   3.7000000e+01   2.8839691e+04
   3.8000000e+01   2.8910289e+04
   3.9000000e+01   2.8982723e+04
   4.0000000e+01   2.9056971e+04
   4.1000000e+01   2.9133014e+04
   4.2000000e+01   2.9210830e+04
   4.3000000e+01   2.9290396e+04
   4.4000000e+01   2.9371693e+04
   4.5000000e+01   2.9454693e+04
   4.6000000e+01   2.9539377e+04
   4.7000000e+01   2.9625717e+04
   4.8000000e+01   2.9713689e+04
   4.9000000e+01   2.9803268e+04
   5.0000000e+01   2.9894426e+04
   5.1000000e+01   2.9987139e+04
   5.2000000e+01   3.0081377e+04
   5.3000000e+01   3.0177115e+04
   5.4000000e+01   3.0274324e+04
   5.5000000e+01   3.0372973e+04
   5.6000000e+01   3.0473035e+04
   5.7000000e+01   3.0574479e+04
   5.8000000e+01   3.0677273e+04
   5.9000000e+01   3.0781389e+04
   6.0000000e+01   3.0886795e+04
   6.1000000e+01   3.0956305e+04
   6.2000000e+01   3.1027822e+04
   6.3000000e+01   3.1101314e+04
   6.4000000e+01   3.1176738e+04
   6.5000000e+01   3.1254061e+04
   6.6000000e+01   3.1333236e+04
   6.7000000e+01   3.1414229e+04
   6.8000000e+01   3.1496996e+04
   6.9000000e+01   3.1581494e+04
   7.0000000e+01   3.1667682e+04
   7.1000000e+01   3.1755514e+04
   7.2000000e+01   3.1844951e+04
   7.3000000e+01   3.1935947e+04
   7.4000000e+01   3.2028459e+04
   7.5000000e+01   3.2122436e+04
   7.6000000e+01   3.2217836e+04
   7.7000000e+01   3.2314613e+04
   7.8000000e+01   3.2412721e+04
   7.9000000e+01   3.2512111e+04
   8.0000000e+01   3.2612736e+04
   8.1000000e+01   3.2714551e+04
   8.2000000e+01   3.2817500e+04
   8.3000000e+01   3.2921543e+04
   8.4000000e+01   3.3026633e+04
   8.5000000e+01   3.3132715e+04
   8.6000000e+01   3.3239738e+04
   8.7000000e+01   3.3347660e+04
   8.8000000e+01   3.3456426e+04
   8.9000000e+01   3.3565992e+04
   9.0000000e+01   3.3676305e+04
   9.1000000e+01   3.3805656e+04
   9.2000000e+01   3.3934980e+04
   9.3000000e+01   3.4064258e+04
   9.4000000e+01   3.4193434e+04
   9.5000000e+01   3.4322477e+04
   9.6000000e+01   3.4451340e+04
   9.7000000e+01   3.4579992e+04
   9.8000000e+01   3.4708383e+04
   9.9000000e+01   3.4836480e+04
   1.0000000e+02   3.4964246e+04
   1.0100000e+02   3.5091637e+04
   1.0200000e+02   3.5218609e+04
   1.0300000e+02   3.5345133e+04
   1.0400000e+02   3.5471160e+04
   1.0500000e+02   3.5596660e+04
   1.0600000e+02   3.5721582e+04
   1.0700000e+02   3.5845902e+04
   1.0800000e+02   3.5969570e+04
   1.0900000e+02   3.6092551e+04
   1.1000000e+02   3.6214813e+04
   1.1100000e+02   3.6336309e+04
   1.1200000e+02   3.6457004e+04
   1.1300000e+02   3.6576859e+04
   1.1400000e+02   3.6695844e+04
   1.1500000e+02   3.6813914e+04
   1.1600000e+02   3.6931039e+04
   1.1700000e+02   3.7047172e+04
   1.1800000e+02   3.7162289e+04
   1.1900000e+02   3.7276348e+04
   1.2000000e+02   3.7389316e+04
   1.2100000e+02   3.7499207e+04
   1.2200000e+02   3.7607938e+04
   1.2300000e+02   3.7715469e+04
   1.2400000e+02   3.7821766e+04
   1.2500000e+02   3.7926797e+04
   1.2600000e+02   3.8030531e+04
   1.2700000e+02   3.8132930e+04
   1.2800000e+02   3.8233965e+04
   1.2900000e+02   3.8333605e+04
   1.3000000e+02   3.8431816e+04
   1.3100000e+02   3.8528570e+04
   1.3200000e+02   3.8623832e+04
   1.3300000e+02   3.8717574e+04
   1.3400000e+02   3.8809766e+04
   1.3500000e+02   3.8900383e+04
   1.3600000e+02   3.8989387e+04
   1.3700000e+02   3.9076754e+04
   1.3800000e+02   3.9162461e+04
   1.3900000e+02   3.9246477e+04
   1.4000000e+02   3.9328773e+04
   1.4100000e+02   3.9409324e+04
   1.4200000e+02   3.9488105e+04
   1.4300000e+02   3.9565094e+04
   1.4400000e+02   3.9640266e+04
   1.4500000e+02   3.9713590e+04
   1.4600000e+02   3.9785047e+04
   1.4700000e+02   3.9854617e+04
   1.4800000e+02   3.9922270e+04
   1.4900000e+02   3.9987992e+04
   1.5000000e+02   4.0051762e+04
   1.5100000e+02   4.0110902e+04
   1.5200000e+02   4.0168055e+04
   1.5300000e+02   4.0223195e+04
   1.5400000e+02   4.0276309e+04
   1.5500000e+02   4.0327379e+04
   1.5600000e+02   4.0376383e+04
   1.5700000e+02   4.0423305e+04
   1.5800000e+02   4.0468129e+04
   1.5900000e+02   4.0510848e+04
   1.6000000e+02   4.0551438e+04
   1.6100000e+02   4.0589887e+04
   1.6200000e+02   4.0626184e+04
   1.6300000e+02   4.0660313e+04
   1.6400000e+02   4.0692266e+04
   1.6500000e+02   4.0722027e+04
   1.6600000e+02   4.0749590e+04
   1.6700000e+02   4.0774945e+04
   1.6800000e+02   4.0798078e+04
   1.6900000e+02   4.0818980e+04
   1.7000000e+02   4.0837652e+04
   1.7100000e+02   4.0854074e+04
   1.7200000e+02   4.0868254e+04
   1.7300000e+02   4.0880172e+04
   1.7400000e+02   4.0889832e+04
   1.7500000e+02   4.0897230e+04
   1.7600000e+02   4.0902352e+04
   1.7700000e+02   4.0905207e+04
   1.7800000e+02   4.0905789e+04
   1.7900000e+02   4.0904090e+04
   1.8000000e+02   4.0900117e+04
   1.8100000e+02   4.0889773e+04
   1.8200000e+02   4.0877172e+04
   1.8300000e+02   4.0862309e+04
   1.8400000e+02   4.0845188e+04
   1.8500000e+02   4.0825813e+04
   1.8600000e+02   4.0804184e+04
   1.8700000e+02   4.0780309e+04
   1.8800000e+02   4.0754188e+04
   1.8900000e+02   4.0725832e+04
   1.9000000e+02   4.0695242e+04
   1.9100000e+02   4.0662430e+04
   1.9200000e+02   4.0627398e+04
   1.9300000e+02   4.0590160e+04
   1.9400000e+02   4.0550719e+04
   1.9500000e+02   4.0509090e+04
   1.9600000e+02   4.0465277e+04
   1.9700000e+02   4.0419297e+04
   1.9800000e+02   4.0371160e+04
   1.9900000e+02   4.0320879e+04
   2.0000000e+02   4.0268461e+04
   2.0100000e+02   4.0213926e+04
   2.0200000e+02   4.0157285e+04
   2.0300000e+02   4.0098555e+04
   2.0400000e+02   4.0037750e+04
   2.0500000e+02   3.9974891e+04
   2.0600000e+02   3.9909988e+04
   2.0700000e+02   3.9843063e+04
   2.0800000e+02   3.9774129e+04
   2.0900000e+02   3.9703215e+04
   2.1000000e+02   3.9630328e+04
   2.1100000e+02   3.9567484e+04
   2.1200000e+02   3.9502656e+04
   2.1300000e+02   3.9435859e+04
   2.1400000e+02   3.9367117e+04
   2.1500000e+02   3.9296457e+04
   2.1600000e+02   3.9223898e+04
   2.1700000e+02   3.9149465e+04
   2.1800000e+02   3.9073184e+04
   2.1900000e+02   3.8995082e+04
   2.2000000e+02   3.8915176e+04
   2.2100000e+02   3.8833504e+04
   2.2200000e+02   3.8750082e+04
   2.2300000e+02   3.8664945e+04
   2.2400000e+02   3.8578117e+04
   2.2500000e+02   3.8489633e+04
   2.2600000e+02   3.8399512e+04
   2.2700000e+02   3.8307789e+04
   2.2800000e+02   3.8214496e+04
   2.2900000e+02   3.8119656e+04
   2.3000000e+02   3.8023305e+04
   2.3100000e+02   3.7925473e+04
   2.3200000e+02   3.7826195e+04
   2.3300000e+02   3.7725496e+04
   2.3400000e+02   3.7623418e+04
   2.3500000e+02   3.7519984e+04
   2.3600000e+02   3.7415234e+04
   2.3700000e+02   3.7309199e+04
   2.3800000e+02   3.7201914e+04
   2.3900000e+02   3.7093418e+04
   2.4000000e+02   3.6983734e+04
   2.4100000e+02   3.6913969e+04
   2.4200000e+02   3.6843367e+04
   2.4300000e+02   3.6771965e+04
   2.4400000e+02   3.6699809e+04
   2.4500000e+02   3.6626926e+04
   2.4600000e+02   3.6553355e+04
   2.4700000e+02   3.6479137e+04
   2.4800000e+02   3.6404309e+04
   2.4900000e+02   3.6328906e+04
   2.5000000e+02   3.6252969e+04
   2.5100000e+02   3.6176535e+04
   2.5200000e+02   3.6099645e+04
   2.5300000e+02   3.6022336e+04
   2.5400000e+02   3.5944645e+04
   2.5500000e+02   3.5866613e+04
   2.5600000e+02   3.5788281e+04
   2.5700000e+02   3.5709688e+04
   2.5800000e+02   3.5630867e+04
   2.5900000e+02   3.5551867e+04
   2.6000000e+02   3.5472723e+04
   2.6100000e+02   3.5393469e+04
   2.6200000e+02   3.5314152e+04
   2.6300000e+02   3.5234918e+04
   2.6400000e+02   3.5156168e+04
   2.6500000e+02   3.5077531e+04
   2.6600000e+02   3.4999039e+04
   2.6700000e+02   3.4920746e+04
   2.6800000e+02   3.4842684e+04
   2.6900000e+02   3.4764891e+04
   2.7000000e+02   3.4687414e+04
   2.7100000e+02   3.4564922e+04
   2.7200000e+02   3.4442645e+04
   2.7300000e+02   3.4320621e+04
   2.7400000e+02   3.4198898e+04
   2.7500000e+02   3.4077512e+04
   2.7600000e+02   3.3956500e+04
   2.7700000e+02   3.3835902e+04
   2.7800000e+02   3.3715766e+04
   2.7900000e+02   3.3596117e+04
   2.8000000e+02   3.3477008e+04
   2.8100000e+02   3.3358473e+04
   2.8200000e+02   3.3240551e+04
   2.8300000e+02   3.3123277e+04
   2.8400000e+02   3.3006695e+04
   2.8500000e+02   3.2890840e+04
   2.8600000e+02   3.2775754e+04
   2.8700000e+02   3.2661467e+04
   2.8800000e+02   3.2548023e+04
   2.8900000e+02   3.2435457e+04
   2.9000000e+02   3.2323805e+04
   2.9100000e+02   3.2213102e+04
   2.9200000e+02   3.2103387e+04
   2.9300000e+02   3.1994693e+04
   2.9400000e+02   3.1887057e+04
   2.9500000e+02   3.1780512e+04
   2.9600000e+02   3.1675092e+04
   2.9700000e+02   3.1570832e+04
   2.9800000e+02   3.1467766e+04
   2.9900000e+02   3.1365928e+04
   3.0000000e+02   3.1265348e+04
   3.0100000e+02   3.1154629e+04
   3.0200000e+02   3.1045121e+04
   3.0300000e+02   3.0936855e+04
   3.0400000e+02   3.0829859e+04
   3.0500000e+02   3.0724166e+04
   3.0600000e+02   3.0619805e+04
   3.0700000e+02   3.0516820e+04
   3.0800000e+02   3.0415230e+04
   3.0900000e+02   3.0315057e+04
   3.1000000e+02   3.0216328e+04
   3.1100000e+02   3.0119072e+04
   3.1200000e+02   3.0023316e+04
   3.1300000e+02   2.9929084e+04
   3.1400000e+02   2.9836404e+04
   3.1500000e+02   2.9745299e+04
   3.1600000e+02   2.9655795e+04
   3.1700000e+02   2.9567916e+04
   3.1800000e+02   2.9481686e+04
   3.1900000e+02   2.9397123e+04
   3.2000000e+02   2.9314256e+04
   3.2100000e+02   2.9233105e+04
   3.2200000e+02   2.9153689e+04
   3.2300000e+02   2.9076029e+04
   3.2400000e+02   2.9000150e+04
   3.2500000e+02   2.8926064e+04
   3.2600000e+02   2.8853795e+04
   3.2700000e+02   2.8783359e+04
   3.2800000e+02   2.8714775e+04
   3.2900000e+02   2.8648061e+04
   3.3000000e+02   2.8583230e+04
   3.3100000e+02   2.8518748e+04
   3.3200000e+02   2.8456129e+04
   3.3300000e+02   2.8395393e+04
   3.3400000e+02   2.8336555e+04
   3.3500000e+02   2.8279629e+04
   3.3600000e+02   2.8224631e+04
   3.3700000e+02   2.8171574e+04
   3.3800000e+02   2.8120475e+04
   3.3900000e+02   2.8071344e+04
   3.4000000e+02   2.8024193e+04
   3.4100000e+02   2.7979035e+04
   3.4200000e+02   2.7935885e+04
   3.4300000e+02   2.7894748e+04
   3.4400000e+02   2.7855639e+04
   3.4500000e+02   2.7818564e+04
   3.4600000e+02   2.7783537e+04
   3.4700000e+02   2.7750564e+04
   3.4800000e+02   2.7719654e+04
   3.4900000e+02   2.7690813e+04
   3.5000000e+02   2.7664049e+04
   3.5100000e+02   2.7639367e+04
   3.5200000e+02   2.7616779e+04
   3.5300000e+02   2.7596285e+04
   3.5400000e+02   2.7577891e+04
   3.5500000e+02   2.7561602e+04
   3.5600000e+02   2.7547422e+04
   3.5700000e+02   2.7535354e+04
   3.5800000e+02   2.7525402e+04
   3.5900000e+02   2.7517564e+04
   1.4226848e-06   2.7511848e+04
