   0.0000000e+00   5.5825039e+01
   1.0000000e+00   2.2460434e+01
   2.0000000e+00   2.2273149e+01
   3.0000000e+00   2.2065922e+01
   4.0000000e+00   2.1848856e+01
   5.0000000e+00   2.1622030e+01
   6.0000000e+00   2.1385519e+01
   7.0000000e+00   2.1139399e+01
   8.0000000e+00   2.0883753e+01
   9.0000000e+00   2.0618681e+01
   1.0000000e+01   2.0344286e+01
   1.1000000e+01   2.0060680e+01
   1.2000000e+01   1.9767986e+01
   1.3000000e+01   1.9466333e+01
   1.4000000e+01   1.9155863e+01
   1.5000000e+01   1.8836721e+01
   1.6000000e+01   1.8509069e+01
   1.7000000e+01   1.8173073e+01
   1.8000000e+01   1.7828905e+01
   1.9000000e+01   1.7476753e+01
   2.0000000e+01   1.7116810e+01
   2.1000000e+01   1.6749281e+01
   2.2000000e+01   1.6374371e+01
   2.3000000e+01   1.5992301e+01
   2.4000000e+01   1.5603294e+01
   2.5000000e+01   1.5207588e+01
   2.6000000e+01   1.4805425e+01
   2.7000000e+01   1.4397053e+01
   2.8000000e+01   1.3982727e+01
   2.9000000e+01   1.3562711e+01
   3.0000000e+01   1.3137271e+01
   3.1000000e+01   1.2645411e+01
   3.2000000e+01   1.2148002e+01
   3.3000000e+01   1.1645354e+01
   3.4000000e+01   1.1137786e+01
   3.5000000e+01   1.0625618e+01
   3.6000000e+01   1.0109175e+01
   3.7000000e+01   9.5887852e+00
   3.8000000e+01   9.0647831e+00
   3.9000000e+01   8.5375013e+00
   4.0000000e+01   8.0072756e+00
   4.1000000e+01   7.4744406e+00
   4.2000000e+01   6.9393334e+00
   4.3000000e+01   6.4022889e+00
   4.4000000e+01   5.8636403e+00
   4.5000000e+01   5.3237190e+00
   4.6000000e+01   4.7828541e+00
   4.7000000e+01   4.2413702e+00
   4.8000000e+01   3.6995885e+00
   4.9000000e+01   3.1578255e+00
   5.0000000e+01   2.6163914e+00
   5.1000000e+01   2.0755913e+00
   5.2000000e+01   1.5357236e+00
   5.3000000e+01   9.9707919e-01
   5.4000000e+01   4.5994157e-01
   5.5000000e+01  -7.5413451e-02
   5.6000000e+01  -6.0871905e-01
   5.7000000e+01  -1.1397164e+00
   5.8000000e+01  -1.6681556e+00
   5.9000000e+01  -2.1937962e+00
   6.0000000e+01  -2.7164078e+00
   6.1000000e+01  -3.0427945e+00
   6.2000000e+01  -3.3656485e+00
   6.3000000e+01  -3.6848388e+00
   6.4000000e+01  -4.0002403e+00
   6.5000000e+01  -4.3117352e+00
   6.6000000e+01  -4.6162934e+00
   6.7000000e+01  -4.9161768e+00
   6.8000000e+01  -5.2121501e+00
   6.9000000e+01  -5.5041227e+00
   7.0000000e+01  -5.7920032e+00
   7.1000000e+01  -6.0757084e+00
   7.2000000e+01  -6.3551593e+00
   7.3000000e+01  -6.6302824e+00
   7.4000000e+01  -6.9010100e+00
   7.5000000e+01  -7.1672788e+00
   7.6000000e+01  -7.4290309e+00
   7.7000000e+01  -7.6862125e+00
   7.8000000e+01  -7.9387755e+00
   7.9000000e+01  -8.1866751e+00
   8.0000000e+01  -8.4298697e+00
   8.1000000e+01  -8.6683273e+00
   8.2000000e+01  -8.9020119e+00
   8.3000000e+01  -9.1308994e+00
   8.4000000e+01  -9.3549633e+00
   8.5000000e+01  -9.5741844e+00
   8.6000000e+01  -9.7885456e+00
   8.7000000e+01  -9.9980316e+00
   8.8000000e+01  -1.0202633e+01
   8.9000000e+01  -1.0402340e+01
   9.0000000e+01  -1.0597148e+01
   9.1000000e+01  -1.0529312e+01
   9.2000000e+01  -1.0459338e+01
   9.3000000e+01  -1.0387168e+01
   9.4000000e+01  -1.0312744e+01
   9.5000000e+01  -1.0236011e+01
   9.6000000e+01  -1.0156910e+01
   9.7000000e+01  -1.0075387e+01
   9.8000000e+01  -9.9913864e+00
   9.9000000e+01  -9.9048538e+00
   1.0000000e+02  -9.8157339e+00
   1.0100000e+02  -9.7239742e+00
   1.0200000e+02  -9.6295195e+00
   1.0300000e+02  -9.5323181e+00
   1.0400000e+02  -9.4323168e+00
   1.0500000e+02  -9.3294640e+00
   1.0600000e+02  -9.2237062e+00
   1.0700000e+02  -9.1149950e+00
   1.0800000e+02  -9.0032768e+00
   1.0900000e+02  -8.8885012e+00
   1.1000000e+02  -8.7706194e+00
   1.1100000e+02  -8.6495790e+00
   1.1200000e+02  -8.5253201e+00
   1.1300000e+02  -8.3977985e+00
   1.1400000e+02  -8.2669764e+00
   1.1500000e+02  -8.1327133e+00
   1.1600000e+02  -7.9950013e+00
   1.1700000e+02  -7.8539181e+00
   1.1800000e+02  -7.7094169e+00
   1.1900000e+02  -7.5614481e+00
   1.2000000e+02  -7.4099641e+00
   1.2100000e+02  -7.5956440e+00
   1.2200000e+02  -7.7757435e+00
   1.2300000e+02  -7.9503107e+00
   1.2400000e+02  -8.1193953e+00
   1.2500000e+02  -8.2830439e+00
   1.2600000e+02  -8.4413052e+00
   1.2700000e+02  -8.5942287e+00
   1.2800000e+02  -8.7418604e+00
   1.2900000e+02  -8.8842468e+00
   1.3000000e+02  -9.0214367e+00
   1.3100000e+02  -9.1534767e+00
   1.3200000e+02  -9.2804108e+00
   1.3300000e+02  -9.4022856e+00
   1.3400000e+02  -9.5191460e+00
   1.3500000e+02  -9.6310349e+00
   1.3600000e+02  -9.7379961e+00
   1.3700000e+02  -9.8400726e+00
   1.3800000e+02  -9.9373055e+00
   1.3900000e+02  -1.0029736e+01
   1.4000000e+02  -1.0117405e+01
   1.4100000e+02  -1.0200350e+01
   1.4200000e+02  -1.0278610e+01
   1.4300000e+02  -1.0352222e+01
   1.4400000e+02  -1.0421224e+01
   1.4500000e+02  -1.0485650e+01
   1.4600000e+02  -1.0545535e+01
   1.4700000e+02  -1.0600912e+01
   1.4800000e+02  -1.0651814e+01
   1.4900000e+02  -1.0698274e+01
   1.5000000e+02  -1.0740319e+01
   1.5100000e+02  -1.0778093e+01
   1.5200000e+02  -1.0811511e+01
   1.5300000e+02  -1.0840601e+01
   1.5400000e+02  -1.0865388e+01
   1.5500000e+02  -1.0885899e+01
   1.5600000e+02  -1.0902157e+01
   1.5700000e+02  -1.0914187e+01
   1.5800000e+02  -1.0922011e+01
   1.5900000e+02  -1.0925651e+01
   1.6000000e+02  -1.0925125e+01
   1.6100000e+02  -1.0920454e+01
   1.6200000e+02  -1.0911656e+01
   1.6300000e+02  -1.0898749e+01
   1.6400000e+02  -1.0881749e+01
   1.6500000e+02  -1.0860671e+01
   1.6600000e+02  -1.0835529e+01
   1.6700000e+02  -1.0806337e+01
   1.6800000e+02  -1.0773108e+01
   1.6900000e+02  -1.0735852e+01
   1.7000000e+02  -1.0694582e+01
   1.7100000e+02  -1.0649305e+01
   1.7200000e+02  -1.0600031e+01
   1.7300000e+02  -1.0546766e+01
   1.7400000e+02  -1.0489520e+01
   1.7500000e+02  -1.0428297e+01
   1.7600000e+02  -1.0363103e+01
   1.7700000e+02  -1.0293941e+01
   1.7800000e+02  -1.0220815e+01
   1.7900000e+02  -1.0143729e+01
   1.8000000e+02  -1.0062682e+01
   1.8100000e+02  -9.9791660e+00
   1.8200000e+02  -9.8916903e+00
   1.8300000e+02  -9.8002577e+00
   1.8400000e+02  -9.7048664e+00
   1.8500000e+02  -9.6055155e+00
   1.8600000e+02  -9.5022001e+00
   1.8700000e+02  -9.3949213e+00
   1.8800000e+02  -9.2836733e+00
   1.8900000e+02  -9.1684513e+00
   1.9000000e+02  -9.0492525e+00
   1.9100000e+02  -8.9260712e+00
   1.9200000e+02  -8.7988997e+00
   1.9300000e+02  -8.6677341e+00
   1.9400000e+02  -8.5325651e+00
   1.9500000e+02  -8.3933859e+00
   1.9600000e+02  -8.2501898e+00
   1.9700000e+02  -8.1029673e+00
   1.9800000e+02  -7.9517097e+00
   1.9900000e+02  -7.7964087e+00
   2.0000000e+02  -7.6370540e+00
   2.0100000e+02  -7.4736366e+00
   2.0200000e+02  -7.3061457e+00
   2.0300000e+02  -7.1345725e+00
   2.0400000e+02  -6.9589052e+00
   2.0500000e+02  -6.7791343e+00
   2.0600000e+02  -6.5952492e+00
   2.0700000e+02  -6.4072394e+00
   2.0800000e+02  -6.2150936e+00
   2.0900000e+02  -6.0188022e+00
   2.1000000e+02  -5.8183546e+00
   2.1100000e+02  -5.9305754e+00
   2.1200000e+02  -6.0400028e+00
   2.1300000e+02  -6.1467209e+00
   2.1400000e+02  -6.2508159e+00
   2.1500000e+02  -6.3523712e+00
   2.1600000e+02  -6.4514704e+00
   2.1700000e+02  -6.5481968e+00
   2.1800000e+02  -6.6426344e+00
   2.1900000e+02  -6.7348642e+00
   2.2000000e+02  -6.8249698e+00
   2.2100000e+02  -6.9130325e+00
   2.2200000e+02  -6.9991350e+00
   2.2300000e+02  -7.0833578e+00
   2.2400000e+02  -7.1657839e+00
   2.2500000e+02  -7.2464943e+00
   2.2600000e+02  -7.3255711e+00
   2.2700000e+02  -7.4030962e+00
   2.2800000e+02  -7.4791503e+00
   2.2900000e+02  -7.5538168e+00
   2.3000000e+02  -7.6271768e+00
   2.3100000e+02  -7.6993132e+00
   2.3200000e+02  -7.7703090e+00
   2.3300000e+02  -7.8402457e+00
   2.3400000e+02  -7.9092088e+00
   2.3500000e+02  -7.9772806e+00
   2.3600000e+02  -8.0445461e+00
   2.3700000e+02  -8.1110888e+00
   2.3800000e+02  -8.1769943e+00
   2.3900000e+02  -8.2423496e+00
   2.4000000e+02  -8.3072395e+00
   2.4100000e+02  -8.1155224e+00
   2.4200000e+02  -7.9214664e+00
   2.4300000e+02  -7.7250118e+00
   2.4400000e+02  -7.5259943e+00
   2.4500000e+02  -7.3247471e+00
   2.4600000e+02  -7.1213050e+00
   2.4700000e+02  -6.9157023e+00
   2.4800000e+02  -6.7079759e+00
   2.4900000e+02  -6.4981637e+00
   2.5000000e+02  -6.2863059e+00
   2.5100000e+02  -6.0724454e+00
   2.5200000e+02  -5.8566284e+00
   2.5300000e+02  -5.6389041e+00
   2.5400000e+02  -5.4193177e+00
   2.5500000e+02  -5.1979218e+00
   2.5600000e+02  -4.9747696e+00
   2.5700000e+02  -4.7499170e+00
   2.5800000e+02  -4.5234232e+00
   2.5900000e+02  -4.2953491e+00
   2.6000000e+02  -4.0657597e+00
   2.6100000e+02  -3.8347211e+00
   2.6200000e+02  -3.6023035e+00
   2.6300000e+02  -3.3685787e+00
   2.6400000e+02  -3.1336222e+00
   2.6500000e+02  -2.8975127e+00
   2.6600000e+02  -2.6603312e+00
   2.6700000e+02  -2.4221625e+00
   2.6800000e+02  -2.1830943e+00
   2.6900000e+02  -1.9432170e+00
   2.7000000e+02  -1.7026252e+00
   2.7100000e+02  -1.2400362e+00
   2.7200000e+02  -7.7396572e-01
   2.7300000e+02  -3.0453303e-01
   2.7400000e+02   1.6813527e-01
   2.7500000e+02   6.4390594e-01
   2.7600000e+02   1.1226387e+00
   2.7700000e+02   1.6041870e+00
   2.7800000e+02   2.0883968e+00
   2.7900000e+02   2.5751078e+00
   2.8000000e+02   3.0641525e+00
   2.8100000e+02   3.5553575e+00
   2.8200000e+02   4.0485415e+00
   2.8300000e+02   4.5435190e+00
   2.8400000e+02   5.0400953e+00
   2.8500000e+02   5.5380712e+00
   2.8600000e+02   6.0372424e+00
   2.8700000e+02   6.5373969e+00
   2.8800000e+02   7.0383182e+00
   2.8900000e+02   7.5397844e+00
   2.9000000e+02   8.0415688e+00
   2.9100000e+02   8.5434370e+00
   2.9200000e+02   9.0451574e+00
   2.9300000e+02   9.5464849e+00
   2.9400000e+02   1.0047177e+01
   2.9500000e+02   1.0546988e+01
   2.9600000e+02   1.1045665e+01
   2.9700000e+02   1.1542953e+01
   2.9800000e+02   1.2038600e+01
   2.9900000e+02   1.2532346e+01
   3.0000000e+02   1.3023932e+01
   3.0100000e+02   1.3415325e+01
   3.0200000e+02   1.3803946e+01
   3.0300000e+02   1.4189576e+01
   3.0400000e+02   1.4571995e+01
   3.0500000e+02   1.4950980e+01
   3.0600000e+02   1.5326311e+01
   3.0700000e+02   1.5697766e+01
   3.0800000e+02   1.6065125e+01
   3.0900000e+02   1.6428164e+01
   3.1000000e+02   1.6786667e+01
   3.1100000e+02   1.7140411e+01
   3.1200000e+02   1.7489182e+01
   3.1300000e+02   1.7832764e+01
   3.1400000e+02   1.8170938e+01
   3.1500000e+02   1.8503494e+01
   3.1600000e+02   1.8830221e+01
   3.1700000e+02   1.9150915e+01
   3.1800000e+02   1.9465364e+01
   3.1900000e+02   1.9773373e+01
   3.2000000e+02   2.0074736e+01
   3.2100000e+02   2.0369259e+01
   3.2200000e+02   2.0656748e+01
   3.2300000e+02   2.0937017e+01
   3.2400000e+02   2.1209879e+01
   3.2500000e+02   2.1475151e+01
   3.2600000e+02   2.1732658e+01
   3.2700000e+02   2.1982224e+01
   3.2800000e+02   2.2223682e+01
   3.2900000e+02   2.2456865e+01
   3.3000000e+02   2.2681618e+01
   3.3100000e+02   2.2829432e+01
   3.3200000e+02   2.2968283e+01
   3.3300000e+02   2.3098026e+01
   3.3400000e+02   2.3218519e+01
   3.3500000e+02   2.3329628e+01
   3.3600000e+02   2.3431217e+01
   3.3700000e+02   2.3523159e+01
   3.3800000e+02   2.3605333e+01
   3.3900000e+02   2.3677618e+01
   3.4000000e+02   2.3739901e+01
   3.4100000e+02   2.3792074e+01
   3.4200000e+02   2.3834032e+01
   3.4300000e+02   2.3865677e+01
   3.4400000e+02   2.3886917e+01
   3.4500000e+02   2.3897665e+01
   3.4600000e+02   2.3897837e+01
   3.4700000e+02   2.3887360e+01
   3.4800000e+02   2.3866161e+01
   3.4900000e+02   2.3834181e+01
   3.5000000e+02   2.3791359e+01
   3.5100000e+02   2.3737646e+01
   3.5200000e+02   2.3673000e+01
   3.5300000e+02   2.3597380e+01
   3.5400000e+02   2.3510759e+01
   3.5500000e+02   2.3413115e+01
   3.5600000e+02   2.3304434e+01
   3.5700000e+02   2.3184706e+01
   3.5800000e+02   2.3053932e+01
   3.5900000e+02   2.2912127e+01
   2.6219766e-08   2.2759304e+01
