   0.0000000e+00   1.0161786e+04
   1.0000000e+00   1.0100629e+04
   2.0000000e+00   1.0089401e+04
   3.0000000e+00   1.0079354e+04
   4.0000000e+00   1.0069979e+04
   5.0000000e+00   1.0061297e+04
   6.0000000e+00   1.0053331e+04
   7.0000000e+00   1.0046104e+04
   8.0000000e+00   1.0039639e+04
   9.0000000e+00   1.0033959e+04
   1.0000000e+01   1.0029088e+04
   1.1000000e+01   1.0025052e+04
   1.2000000e+01   1.0021872e+04
   1.3000000e+01   1.0019574e+04
   1.4000000e+01   1.0018185e+04
   1.5000000e+01   1.0017727e+04
   1.6000000e+01   1.0018225e+04
   1.7000000e+01   1.0019705e+04
   1.8000000e+01   1.0022192e+04
   1.9000000e+01   1.0025710e+04
   2.0000000e+01   1.0030282e+04
   2.1000000e+01   1.0035934e+04
   2.2000000e+01   1.0042688e+04
   2.3000000e+01   1.0050568e+04
   2.4000000e+01   1.0059600e+04
   2.5000000e+01   1.0069803e+04
   2.6000000e+01   1.0081200e+04
   2.7000000e+01   1.0093813e+04
   2.8000000e+01   1.0107661e+04
   2.9000000e+01   1.0122766e+04
   3.0000000e+01   1.0139144e+04
   3.1000000e+01   1.0158518e+04
   3.2000000e+01   1.0179235e+04
   3.3000000e+01   1.0201320e+04
   3.4000000e+01   1.0224797e+04
   3.5000000e+01   1.0249686e+04
   3.6000000e+01   1.0276006e+04
   3.7000000e+01   1.0303776e+04
   3.8000000e+01   1.0333015e+04
   3.9000000e+01   1.0363735e+04
   4.0000000e+01   1.0395955e+04
   4.1000000e+01   1.0429685e+04
   4.2000000e+01   1.0464935e+04
   4.3000000e+01   1.0501716e+04
   4.4000000e+01   1.0540035e+04
   4.5000000e+01   1.0579899e+04
   4.6000000e+01   1.0621313e+04
   4.7000000e+01   1.0664279e+04
   4.8000000e+01   1.0708800e+04
   4.9000000e+01   1.0754872e+04
   5.0000000e+01   1.0802496e+04
   5.1000000e+01   1.0851666e+04
   5.2000000e+01   1.0902377e+04
   5.3000000e+01   1.0954622e+04
   5.4000000e+01   1.1008393e+04
   5.5000000e+01   1.1063677e+04
   5.6000000e+01   1.1120465e+04
   5.7000000e+01   1.1178740e+04
   5.8000000e+01   1.1238489e+04
   5.9000000e+01   1.1299694e+04
   6.0000000e+01   1.1362338e+04
   6.1000000e+01   1.1411818e+04
   6.2000000e+01   1.1462246e+04
   6.3000000e+01   1.1513594e+04
   6.4000000e+01   1.1565840e+04
   6.5000000e+01   1.1618955e+04
   6.6000000e+01   1.1672359e+04
   6.7000000e+01   1.1726472e+04
   6.8000000e+01   1.1781433e+04
   6.9000000e+01   1.1837214e+04
   7.0000000e+01   1.1893786e+04
   7.1000000e+01   1.1951121e+04
   7.2000000e+01   1.2009188e+04
   7.3000000e+01   1.2067957e+04
   7.4000000e+01   1.2127397e+04
   7.5000000e+01   1.2187479e+04
   7.6000000e+01   1.2248169e+04
   7.7000000e+01   1.2309437e+04
   7.8000000e+01   1.2371251e+04
   7.9000000e+01   1.2433579e+04
   8.0000000e+01   1.2496389e+04
   8.1000000e+01   1.2559647e+04
   8.2000000e+01   1.2623323e+04
   8.3000000e+01   1.2687383e+04
   8.4000000e+01   1.2751794e+04
   8.5000000e+01   1.2816523e+04
   8.6000000e+01   1.2881538e+04
   8.7000000e+01   1.2946807e+04
   8.8000000e+01   1.3012293e+04
   8.9000000e+01   1.3077967e+04
   9.0000000e+01   1.3143793e+04
   9.1000000e+01   1.3160931e+04
   9.2000000e+01   1.3178460e+04
   9.3000000e+01   1.3196355e+04
   9.4000000e+01   1.3214590e+04
   9.5000000e+01   1.3233136e+04
   9.6000000e+01   1.3251971e+04
   9.7000000e+01   1.3271065e+04
   9.8000000e+01   1.3290396e+04
   9.9000000e+01   1.3309936e+04
   1.0000000e+02   1.3329661e+04
   1.0100000e+02   1.3349547e+04
   1.0200000e+02   1.3369568e+04
   1.0300000e+02   1.3389703e+04
   1.0400000e+02   1.3409925e+04
   1.0500000e+02   1.3430212e+04
   1.0600000e+02   1.3450541e+04
   1.0700000e+02   1.3470888e+04
   1.0800000e+02   1.3491233e+04
   1.0900000e+02   1.3511552e+04
   1.1000000e+02   1.3531825e+04
   1.1100000e+02   1.3552030e+04
   1.1200000e+02   1.3572144e+04
   1.1300000e+02   1.3592146e+04
   1.1400000e+02   1.3612022e+04
   1.1500000e+02   1.3631730e+04
   1.1600000e+02   1.3651263e+04
   1.1700000e+02   1.3670631e+04
   1.1800000e+02   1.3689819e+04
   1.1900000e+02   1.3708808e+04
   1.2000000e+02   1.3727581e+04
   1.2100000e+02   1.3792450e+04
   1.2200000e+02   1.3856720e+04
   1.2300000e+02   1.3920361e+04
   1.2400000e+02   1.3983344e+04
   1.2500000e+02   1.4045637e+04
   1.2600000e+02   1.4107215e+04
   1.2700000e+02   1.4168046e+04
   1.2800000e+02   1.4228104e+04
   1.2900000e+02   1.4287363e+04
   1.3000000e+02   1.4345796e+04
   1.3100000e+02   1.4403375e+04
   1.3200000e+02   1.4460076e+04
   1.3300000e+02   1.4515873e+04
   1.3400000e+02   1.4570744e+04
   1.3500000e+02   1.4624662e+04
   1.3600000e+02   1.4677607e+04
   1.3700000e+02   1.4729554e+04
   1.3800000e+02   1.4780483e+04
   1.3900000e+02   1.4830371e+04
   1.4000000e+02   1.4879197e+04
   1.4100000e+02   1.4926942e+04
   1.4200000e+02   1.4973587e+04
   1.4300000e+02   1.5019112e+04
   1.4400000e+02   1.5063498e+04
   1.4500000e+02   1.5106729e+04
   1.4600000e+02   1.5148787e+04
   1.4700000e+02   1.5189656e+04
   1.4800000e+02   1.5229320e+04
   1.4900000e+02   1.5267764e+04
   1.5000000e+02   1.5304973e+04
   1.5100000e+02   1.5340910e+04
   1.5200000e+02   1.5375586e+04
   1.5300000e+02   1.5408987e+04
   1.5400000e+02   1.5441104e+04
   1.5500000e+02   1.5471921e+04
   1.5600000e+02   1.5501433e+04
   1.5700000e+02   1.5529626e+04
   1.5800000e+02   1.5556492e+04
   1.5900000e+02   1.5582022e+04
   1.6000000e+02   1.5606210e+04
   1.6100000e+02   1.5629046e+04
   1.6200000e+02   1.5650523e+04
   1.6300000e+02   1.5670639e+04
   1.6400000e+02   1.5689384e+04
   1.6500000e+02   1.5706756e+04
   1.6600000e+02   1.5722750e+04
   1.6700000e+02   1.5737364e+04
   1.6800000e+02   1.5750593e+04
   1.6900000e+02   1.5762436e+04
   1.7000000e+02   1.5772893e+04
   1.7100000e+02   1.5781960e+04
   1.7200000e+02   1.5789640e+04
   1.7300000e+02   1.5795932e+04
   1.7400000e+02   1.5800837e+04
   1.7500000e+02   1.5804356e+04
   1.7600000e+02   1.5806495e+04
   1.7700000e+02   1.5807253e+04
   1.7800000e+02   1.5806637e+04
   1.7900000e+02   1.5804648e+04
   1.8000000e+02   1.5801295e+04
   1.8100000e+02   1.5796859e+04
   1.8200000e+02   1.5791067e+04
   1.8300000e+02   1.5783924e+04
   1.8400000e+02   1.5775438e+04
   1.8500000e+02   1.5765619e+04
   1.8600000e+02   1.5754472e+04
   1.8700000e+02   1.5742009e+04
   1.8800000e+02   1.5728238e+04
   1.8900000e+02   1.5713172e+04
   1.9000000e+02   1.5696818e+04
   1.9100000e+02   1.5679193e+04
   1.9200000e+02   1.5660306e+04
   1.9300000e+02   1.5640169e+04
   1.9400000e+02   1.5618799e+04
   1.9500000e+02   1.5596206e+04
   1.9600000e+02   1.5572407e+04
   1.9700000e+02   1.5547416e+04
   1.9800000e+02   1.5521250e+04
   1.9900000e+02   1.5493924e+04
   2.0000000e+02   1.5465455e+04
   2.0100000e+02   1.5435860e+04
   2.0200000e+02   1.5405158e+04
   2.0300000e+02   1.5373365e+04
   2.0400000e+02   1.5340503e+04
   2.0500000e+02   1.5306589e+04
   2.0600000e+02   1.5271643e+04
   2.0700000e+02   1.5235685e+04
   2.0800000e+02   1.5198735e+04
   2.0900000e+02   1.5160817e+04
   2.1000000e+02   1.5121951e+04
   2.1100000e+02   1.5116069e+04
   2.1200000e+02   1.5108946e+04
   2.1300000e+02   1.5100592e+04
   2.1400000e+02   1.5091016e+04
   2.1500000e+02   1.5080230e+04
   2.1600000e+02   1.5068248e+04
   2.1700000e+02   1.5055080e+04
   2.1800000e+02   1.5040737e+04
   2.1900000e+02   1.5025236e+04
   2.2000000e+02   1.5008588e+04
   2.2100000e+02   1.4990809e+04
   2.2200000e+02   1.4971912e+04
   2.2300000e+02   1.4951913e+04
   2.2400000e+02   1.4930828e+04
   2.2500000e+02   1.4908673e+04
   2.2600000e+02   1.4885463e+04
   2.2700000e+02   1.4861218e+04
   2.2800000e+02   1.4835951e+04
   2.2900000e+02   1.4809685e+04
   2.3000000e+02   1.4782433e+04
   2.3100000e+02   1.4754216e+04
   2.3200000e+02   1.4725053e+04
   2.3300000e+02   1.4694963e+04
   2.3400000e+02   1.4663965e+04
   2.3500000e+02   1.4632079e+04
   2.3600000e+02   1.4599325e+04
   2.3700000e+02   1.4565726e+04
   2.3800000e+02   1.4531299e+04
   2.3900000e+02   1.4496068e+04
   2.4000000e+02   1.4460053e+04
   2.4100000e+02   1.4391990e+04
   2.4200000e+02   1.4323475e+04
   2.4300000e+02   1.4254507e+04
   2.4400000e+02   1.4185063e+04
   2.4500000e+02   1.4115249e+04
   2.4600000e+02   1.4045089e+04
   2.4700000e+02   1.3974607e+04
   2.4800000e+02   1.3903827e+04
   2.4900000e+02   1.3832776e+04
   2.5000000e+02   1.3761476e+04
   2.5100000e+02   1.3689951e+04
   2.5200000e+02   1.3618226e+04
   2.5300000e+02   1.3546325e+04
   2.5400000e+02   1.3474272e+04
   2.5500000e+02   1.3402090e+04
   2.5600000e+02   1.3329803e+04
   2.5700000e+02   1.3257433e+04
   2.5800000e+02   1.3185003e+04
   2.5900000e+02   1.3112537e+04
   2.6000000e+02   1.3040058e+04
   2.6100000e+02   1.2967587e+04
   2.6200000e+02   1.2895146e+04
   2.6300000e+02   1.2822759e+04
   2.6400000e+02   1.2750444e+04
   2.6500000e+02   1.2678227e+04
   2.6600000e+02   1.2606125e+04
   2.6700000e+02   1.2534160e+04
   2.6800000e+02   1.2462353e+04
   2.6900000e+02   1.2390724e+04
   2.7000000e+02   1.2319290e+04
   2.7100000e+02   1.2247973e+04
   2.7200000e+02   1.2177552e+04
   2.7300000e+02   1.2108052e+04
   2.7400000e+02   1.2039497e+04
   2.7500000e+02   1.1971909e+04
   2.7600000e+02   1.1905310e+04
   2.7700000e+02   1.1839722e+04
   2.7800000e+02   1.1775162e+04
   2.7900000e+02   1.1711650e+04
   2.8000000e+02   1.1649207e+04
   2.8100000e+02   1.1587846e+04
   2.8200000e+02   1.1527584e+04
   2.8300000e+02   1.1468436e+04
   2.8400000e+02   1.1410417e+04
   2.8500000e+02   1.1353537e+04
   2.8600000e+02   1.1297809e+04
   2.8700000e+02   1.1243242e+04
   2.8800000e+02   1.1189847e+04
   2.8900000e+02   1.1137631e+04
   2.9000000e+02   1.1086600e+04
   2.9100000e+02   1.1036760e+04
   2.9200000e+02   1.0988115e+04
   2.9300000e+02   1.0940670e+04
   2.9400000e+02   1.0894424e+04
   2.9500000e+02   1.0849380e+04
   2.9600000e+02   1.0805537e+04
   2.9700000e+02   1.0762894e+04
   2.9800000e+02   1.0721445e+04
   2.9900000e+02   1.0681191e+04
   3.0000000e+02   1.0642124e+04
   3.0100000e+02   1.0596495e+04
   3.0200000e+02   1.0551736e+04
   3.0300000e+02   1.0507841e+04
   3.0400000e+02   1.0464805e+04
   3.0500000e+02   1.0422624e+04
   3.0600000e+02   1.0381292e+04
   3.0700000e+02   1.0340803e+04
   3.0800000e+02   1.0301148e+04
   3.0900000e+02   1.0262322e+04
   3.1000000e+02   1.0224316e+04
   3.1100000e+02   1.0187121e+04
   3.1200000e+02   1.0150729e+04
   3.1300000e+02   1.0115129e+04
   3.1400000e+02   1.0080312e+04
   3.1500000e+02   1.0046266e+04
   3.1600000e+02   1.0012983e+04
   3.1700000e+02   9.9804502e+03
   3.1800000e+02   9.9486582e+03
   3.1900000e+02   9.9175947e+03
   3.2000000e+02   9.8872471e+03
   3.2100000e+02   9.8576055e+03
   3.2200000e+02   9.8286572e+03
   3.2300000e+02   9.8003916e+03
   3.2400000e+02   9.7727959e+03
   3.2500000e+02   9.7458594e+03
   3.2600000e+02   9.7195703e+03
   3.2700000e+02   9.6939160e+03
   3.2800000e+02   9.6688877e+03
   3.2900000e+02   9.6444717e+03
   3.3000000e+02   9.6206582e+03
   3.3100000e+02   9.5932764e+03
   3.3200000e+02   9.5663887e+03
   3.3300000e+02   9.5399902e+03
   3.3400000e+02   9.5140781e+03
   3.3500000e+02   9.4886484e+03
   3.3600000e+02   9.4636992e+03
   3.3700000e+02   9.4392275e+03
   3.3800000e+02   9.4152344e+03
   3.3900000e+02   9.3917168e+03
   3.4000000e+02   9.3686748e+03
   3.4100000e+02   9.3461104e+03
   3.4200000e+02   9.3240244e+03
   3.4300000e+02   9.3024180e+03
   3.4400000e+02   9.2812949e+03
   3.4500000e+02   9.2606592e+03
   3.4600000e+02   9.2405137e+03
   3.4700000e+02   9.2208652e+03
   3.4800000e+02   9.2017188e+03
   3.4900000e+02   9.1830820e+03
   3.5000000e+02   9.1649609e+03
   3.5100000e+02   9.1473662e+03
   3.5200000e+02   9.1303057e+03
   3.5300000e+02   9.1137891e+03
   3.5400000e+02   9.0978281e+03
   3.5500000e+02   9.0824355e+03
   3.5600000e+02   9.0676221e+03
   3.5700000e+02   9.0534023e+03
   3.5800000e+02   9.0397900e+03
   3.5900000e+02   9.0268008e+03
   2.6219766e-08   9.0144492e+03
