   0.0000000e+00   1.1611378e+02
   1.0000000e+00   2.4645370e+01
   2.0000000e+00   2.4605503e+01
   3.0000000e+00   2.4563360e+01
   4.0000000e+00   2.4518744e+01
   5.0000000e+00   2.4471695e+01
   6.0000000e+00   2.4422232e+01
   7.0000000e+00   2.4370377e+01
   8.0000000e+00   2.4316135e+01
   9.0000000e+00   2.4259537e+01
   1.0000000e+01   2.4200588e+01
   1.1000000e+01   2.4139307e+01
   1.2000000e+01   2.4075886e+01
   1.3000000e+01   2.4010162e+01
   1.4000000e+01   2.3942154e+01
   1.5000000e+01   2.3871914e+01
   1.6000000e+01   2.3799484e+01
   1.7000000e+01   2.3724880e+01
   1.8000000e+01   2.3648003e+01
   1.9000000e+01   2.3569056e+01
   2.0000000e+01   2.3487957e+01
   2.1000000e+01   2.3404770e+01
   2.2000000e+01   2.3319637e+01
   2.3000000e+01   2.3232662e+01
   2.4000000e+01   2.3143679e+01
   2.5000000e+01   2.3053080e+01
   2.6000000e+01   2.2960718e+01
   2.7000000e+01   2.2866646e+01
   2.8000000e+01   2.2770906e+01
   2.9000000e+01   2.2673542e+01
   3.0000000e+01   2.2574602e+01
   3.1000000e+01   2.2460711e+01
   3.2000000e+01   2.2344849e+01
   3.3000000e+01   2.2226847e+01
   3.4000000e+01   2.2106840e+01
   3.5000000e+01   2.1984976e+01
   3.6000000e+01   2.1861309e+01
   3.7000000e+01   2.1735888e+01
   3.8000000e+01   2.1608788e+01
   3.9000000e+01   2.1480068e+01
   4.0000000e+01   2.1349766e+01
   4.1000000e+01   2.1217871e+01
   4.2000000e+01   2.1084507e+01
   4.3000000e+01   2.0949781e+01
   4.4000000e+01   2.0813768e+01
   4.5000000e+01   2.0676508e+01
   4.6000000e+01   2.0538105e+01
   4.7000000e+01   2.0398586e+01
   4.8000000e+01   2.0257824e+01
   4.9000000e+01   2.0116064e+01
   5.0000000e+01   1.9973370e+01
   5.1000000e+01   1.9829741e+01
   5.2000000e+01   1.9685268e+01
   5.3000000e+01   1.9539989e+01
   5.4000000e+01   1.9393946e+01
   5.5000000e+01   1.9247244e+01
   5.6000000e+01   1.9099939e+01
   5.7000000e+01   1.8952023e+01
   5.8000000e+01   1.8803600e+01
   5.9000000e+01   1.8654711e+01
   6.0000000e+01   1.8505400e+01
   6.1000000e+01   1.8359550e+01
   6.2000000e+01   1.8213480e+01
   6.3000000e+01   1.8067204e+01
   6.4000000e+01   1.7920738e+01
   6.5000000e+01   1.7774008e+01
   6.6000000e+01   1.7627087e+01
   6.7000000e+01   1.7479979e+01
   6.8000000e+01   1.7332695e+01
   6.9000000e+01   1.7185251e+01
   7.0000000e+01   1.7037647e+01
   7.1000000e+01   1.6889887e+01
   7.2000000e+01   1.6741966e+01
   7.3000000e+01   1.6593849e+01
   7.4000000e+01   1.6445549e+01
   7.5000000e+01   1.6297075e+01
   7.6000000e+01   1.6148413e+01
   7.7000000e+01   1.5999601e+01
   7.8000000e+01   1.5850635e+01
   7.9000000e+01   1.5701501e+01
   8.0000000e+01   1.5552205e+01
   8.1000000e+01   1.5402736e+01
   8.2000000e+01   1.5253092e+01
   8.3000000e+01   1.5103275e+01
   8.4000000e+01   1.4953280e+01
   8.5000000e+01   1.4803091e+01
   8.6000000e+01   1.4652693e+01
   8.7000000e+01   1.4502069e+01
   8.8000000e+01   1.4351208e+01
   8.9000000e+01   1.4200091e+01
   9.0000000e+01   1.4048759e+01
   9.1000000e+01   1.3838225e+01
   9.2000000e+01   1.3627398e+01
   9.3000000e+01   1.3416348e+01
   9.4000000e+01   1.3205148e+01
   9.5000000e+01   1.2993872e+01
   9.6000000e+01   1.2782588e+01
   9.7000000e+01   1.2570877e+01
   9.8000000e+01   1.2358397e+01
   9.9000000e+01   1.2144873e+01
   1.0000000e+02   1.1928039e+01
   1.0100000e+02   1.1712368e+01
   1.0200000e+02   1.1497825e+01
   1.0300000e+02   1.1284286e+01
   1.0400000e+02   1.1069952e+01
   1.0500000e+02   1.0856443e+01
   1.0600000e+02   1.0643745e+01
   1.0700000e+02   1.0431828e+01
   1.0800000e+02   1.0220644e+01
   1.0900000e+02   1.0012192e+01
   1.1000000e+02   9.8038759e+00
   1.1100000e+02   9.5949306e+00
   1.1200000e+02   9.3860302e+00
   1.1300000e+02   9.1772776e+00
   1.1400000e+02   8.9687567e+00
   1.1500000e+02   8.7605543e+00
   1.1600000e+02   8.5527506e+00
   1.1700000e+02   8.3425856e+00
   1.1800000e+02   8.1275177e+00
   1.1900000e+02   7.9135857e+00
   1.2000000e+02   7.7010436e+00
   1.2100000e+02   7.5792460e+00
   1.2200000e+02   7.4625168e+00
   1.2300000e+02   7.3506875e+00
   1.2400000e+02   7.2435970e+00
   1.2500000e+02   7.1410918e+00
   1.2600000e+02   7.0430236e+00
   1.2700000e+02   6.9484096e+00
   1.2800000e+02   6.8515935e+00
   1.2900000e+02   6.7603812e+00
   1.3000000e+02   6.6746631e+00
   1.3100000e+02   6.5941458e+00
   1.3200000e+02   6.5184727e+00
   1.3300000e+02   6.4473171e+00
   1.3400000e+02   6.3803840e+00
   1.3500000e+02   6.3174028e+00
   1.3600000e+02   6.2581272e+00
   1.3700000e+02   6.2023330e+00
   1.3800000e+02   6.1498213e+00
   1.3900000e+02   6.1004648e+00
   1.4000000e+02   6.0539885e+00
   1.4100000e+02   6.0101771e+00
   1.4200000e+02   5.9681177e+00
   1.4300000e+02   5.9289193e+00
   1.4400000e+02   5.8923879e+00
   1.4500000e+02   5.8580532e+00
   1.4600000e+02   5.8257575e+00
   1.4700000e+02   5.7955894e+00
   1.4800000e+02   5.7673998e+00
   1.4900000e+02   5.7410526e+00
   1.5000000e+02   5.7164273e+00
   1.5100000e+02   5.7118444e+00
   1.5200000e+02   5.7079182e+00
   1.5300000e+02   5.7046351e+00
   1.5400000e+02   5.7019825e+00
   1.5500000e+02   5.6999469e+00
   1.5600000e+02   5.6985283e+00
   1.5700000e+02   5.6977067e+00
   1.5800000e+02   5.6974726e+00
   1.5900000e+02   5.6977353e+00
   1.6000000e+02   5.6984792e+00
   1.6100000e+02   5.6997752e+00
   1.6200000e+02   5.7016234e+00
   1.6300000e+02   5.7040210e+00
   1.6400000e+02   5.7069688e+00
   1.6500000e+02   5.7104688e+00
   1.6600000e+02   5.7145166e+00
   1.6700000e+02   5.7191067e+00
   1.6800000e+02   5.7242370e+00
   1.6900000e+02   5.7299066e+00
   1.7000000e+02   5.7361126e+00
   1.7100000e+02   5.7428546e+00
   1.7200000e+02   5.7501316e+00
   1.7300000e+02   5.7579384e+00
   1.7400000e+02   5.7662625e+00
   1.7500000e+02   5.7751265e+00
   1.7600000e+02   5.7845273e+00
   1.7700000e+02   5.7944636e+00
   1.7800000e+02   5.8049312e+00
   1.7900000e+02   5.8159275e+00
   1.8000000e+02   5.8274522e+00
   1.8100000e+02   5.8581605e+00
   1.8200000e+02   5.8885098e+00
   1.8300000e+02   5.9185438e+00
   1.8400000e+02   5.9483042e+00
   1.8500000e+02   5.9778314e+00
   1.8600000e+02   6.0071635e+00
   1.8700000e+02   6.0363355e+00
   1.8800000e+02   6.0653834e+00
   1.8900000e+02   6.0944138e+00
   1.9000000e+02   6.1234107e+00
   1.9100000e+02   6.1523881e+00
   1.9200000e+02   6.1813726e+00
   1.9300000e+02   6.2103887e+00
   1.9400000e+02   6.2394629e+00
   1.9500000e+02   6.2686167e+00
   1.9600000e+02   6.2978745e+00
   1.9700000e+02   6.3272562e+00
   1.9800000e+02   6.3564916e+00
   1.9900000e+02   6.3848648e+00
   2.0000000e+02   6.4134111e+00
   2.0100000e+02   6.4422216e+00
   2.0200000e+02   6.4713264e+00
   2.0300000e+02   6.5007524e+00
   2.0400000e+02   6.5305223e+00
   2.0500000e+02   6.5606580e+00
   2.0600000e+02   6.5911803e+00
   2.0700000e+02   6.6221070e+00
   2.0800000e+02   6.6534553e+00
   2.0900000e+02   6.6852412e+00
   2.1000000e+02   6.7174792e+00
   2.1100000e+02   6.8162031e+00
   2.1200000e+02   6.9148250e+00
   2.1300000e+02   7.0133739e+00
   2.1400000e+02   7.1118774e+00
   2.1500000e+02   7.2103624e+00
   2.1600000e+02   7.3088555e+00
   2.1700000e+02   7.4073830e+00
   2.1800000e+02   7.5059705e+00
   2.1900000e+02   7.6046429e+00
   2.2000000e+02   7.7034245e+00
   2.2100000e+02   7.8023396e+00
   2.2200000e+02   7.9014115e+00
   2.2300000e+02   8.0006628e+00
   2.2400000e+02   8.1001158e+00
   2.2500000e+02   8.1997929e+00
   2.2600000e+02   8.2997150e+00
   2.2700000e+02   8.3999014e+00
   2.2800000e+02   8.5003757e+00
   2.2900000e+02   8.6011534e+00
   2.3000000e+02   8.7022543e+00
   2.3100000e+02   8.8036957e+00
   2.3200000e+02   8.9054985e+00
   2.3300000e+02   9.0076771e+00
   2.3400000e+02   9.1102533e+00
   2.3500000e+02   9.2132406e+00
   2.3600000e+02   9.3173428e+00
   2.3700000e+02   9.4223509e+00
   2.3800000e+02   9.5278149e+00
   2.3900000e+02   9.6337376e+00
   2.4000000e+02   9.7401257e+00
   2.4100000e+02   9.9134016e+00
   2.4200000e+02   1.0088136e+01
   2.4300000e+02   1.0264315e+01
   2.4400000e+02   1.0441930e+01
   2.4500000e+02   1.0620968e+01
   2.4600000e+02   1.0801417e+01
   2.4700000e+02   1.0983264e+01
   2.4800000e+02   1.1166497e+01
   2.4900000e+02   1.1351103e+01
   2.5000000e+02   1.1537067e+01
   2.5100000e+02   1.1724378e+01
   2.5200000e+02   1.1913017e+01
   2.5300000e+02   1.2102972e+01
   2.5400000e+02   1.2294227e+01
   2.5500000e+02   1.2486839e+01
   2.5600000e+02   1.2680768e+01
   2.5700000e+02   1.2875928e+01
   2.5800000e+02   1.3072300e+01
   2.5900000e+02   1.3269864e+01
   2.6000000e+02   1.3468602e+01
   2.6100000e+02   1.3668493e+01
   2.6200000e+02   1.3869513e+01
   2.6300000e+02   1.4071642e+01
   2.6400000e+02   1.4274854e+01
   2.6500000e+02   1.4479127e+01
   2.6600000e+02   1.4684433e+01
   2.6700000e+02   1.4890748e+01
   2.6800000e+02   1.5098042e+01
   2.6900000e+02   1.5306289e+01
   2.7000000e+02   1.5515458e+01
   2.7100000e+02   1.5598674e+01
   2.7200000e+02   1.5682506e+01
   2.7300000e+02   1.5766942e+01
   2.7400000e+02   1.5851968e+01
   2.7500000e+02   1.5937570e+01
   2.7600000e+02   1.6023733e+01
   2.7700000e+02   1.6110443e+01
   2.7800000e+02   1.6197680e+01
   2.7900000e+02   1.6285429e+01
   2.8000000e+02   1.6373672e+01
   2.8100000e+02   1.6462395e+01
   2.8200000e+02   1.6551573e+01
   2.8300000e+02   1.6641193e+01
   2.8400000e+02   1.6731234e+01
   2.8500000e+02   1.6821674e+01
   2.8600000e+02   1.6912493e+01
   2.8700000e+02   1.7003668e+01
   2.8800000e+02   1.7095177e+01
   2.8900000e+02   1.7186998e+01
   2.9000000e+02   1.7279110e+01
   2.9100000e+02   1.7371481e+01
   2.9200000e+02   1.7464094e+01
   2.9300000e+02   1.7556917e+01
   2.9400000e+02   1.7649927e+01
   2.9500000e+02   1.7743099e+01
   2.9600000e+02   1.7836403e+01
   2.9700000e+02   1.7929810e+01
   2.9800000e+02   1.8023294e+01
   2.9900000e+02   1.8116823e+01
   3.0000000e+02   1.8210369e+01
   3.0100000e+02   1.8306364e+01
   3.0200000e+02   1.8402275e+01
   3.0300000e+02   1.8498060e+01
   3.0400000e+02   1.8593691e+01
   3.0500000e+02   1.8689127e+01
   3.0600000e+02   1.8784338e+01
   3.0700000e+02   1.8879282e+01
   3.0800000e+02   1.8973923e+01
   3.0900000e+02   1.9068224e+01
   3.1000000e+02   1.9162149e+01
   3.1100000e+02   1.9255655e+01
   3.1200000e+02   1.9348709e+01
   3.1300000e+02   1.9441267e+01
   3.1400000e+02   1.9533289e+01
   3.1500000e+02   1.9624735e+01
   3.1600000e+02   1.9715570e+01
   3.1700000e+02   1.9805750e+01
   3.1800000e+02   1.9895237e+01
   3.1900000e+02   1.9983990e+01
   3.2000000e+02   2.0071964e+01
   3.2100000e+02   2.0159124e+01
   3.2200000e+02   2.0245428e+01
   3.2300000e+02   2.0330833e+01
   3.2400000e+02   2.0415302e+01
   3.2500000e+02   2.0498791e+01
   3.2600000e+02   2.0581261e+01
   3.2700000e+02   2.0662672e+01
   3.2800000e+02   2.0742983e+01
   3.2900000e+02   2.0822155e+01
   3.3000000e+02   2.0900150e+01
   3.3100000e+02   2.0941233e+01
   3.3200000e+02   2.0980841e+01
   3.3300000e+02   2.1018938e+01
   3.3400000e+02   2.1055494e+01
   3.3500000e+02   2.1090483e+01
   3.3600000e+02   2.1123871e+01
   3.3700000e+02   2.1155630e+01
   3.3800000e+02   2.1185736e+01
   3.3900000e+02   2.1214159e+01
   3.4000000e+02   2.1240875e+01
   3.4100000e+02   2.1265862e+01
   3.4200000e+02   2.1289091e+01
   3.4300000e+02   2.1310545e+01
   3.4400000e+02   2.1330202e+01
   3.4500000e+02   2.1348040e+01
   3.4600000e+02   2.1364040e+01
   3.4700000e+02   2.1378191e+01
   3.4800000e+02   2.1390469e+01
   3.4900000e+02   2.1400864e+01
   3.5000000e+02   2.1409359e+01
   3.5100000e+02   2.1415947e+01
   3.5200000e+02   2.1420612e+01
   3.5300000e+02   2.1423349e+01
   3.5400000e+02   2.1424150e+01
   3.5500000e+02   2.1423006e+01
   3.5600000e+02   2.1419916e+01
   3.5700000e+02   2.1414873e+01
   3.5800000e+02   2.1407875e+01
   3.5900000e+02   2.1398926e+01
   7.1133672e-07   2.1388025e+01
   1.0000007e+00   2.1332268e+01
   2.0000007e+00   2.1274490e+01
   3.0000007e+00   2.1214706e+01
   4.0000010e+00   2.1152935e+01
   5.0000010e+00   2.1089197e+01
   6.0000010e+00   2.1023508e+01
   7.0000010e+00   2.0955894e+01
   8.0000010e+00   2.0886377e+01
   9.0000010e+00   2.0814980e+01
   1.0000001e+01   2.0741732e+01
   1.1000001e+01   2.0666656e+01
   1.2000001e+01   2.0589787e+01
   1.3000001e+01   2.0511148e+01
   1.4000001e+01   2.0430775e+01
   1.5000001e+01   2.0348698e+01
   1.6000000e+01   2.0264950e+01
   1.7000000e+01   2.0179567e+01
   1.8000000e+01   2.0092587e+01
   1.9000000e+01   2.0004040e+01
   2.0000000e+01   1.9913969e+01
   2.1000000e+01   1.9822409e+01
   2.2000000e+01   1.9729403e+01
   2.3000000e+01   1.9634987e+01
   2.4000000e+01   1.9539202e+01
   2.5000000e+01   1.9442091e+01
   2.6000000e+01   1.9343693e+01
   2.7000000e+01   1.9244055e+01
   2.8000000e+01   1.9143219e+01
   2.9000000e+01   1.9041225e+01
   3.0000000e+01   1.8938122e+01
   3.1000000e+01   1.8829208e+01
   3.2000000e+01   1.8719162e+01
   3.3000000e+01   1.8608027e+01
   3.4000000e+01   1.8495848e+01
   3.5000000e+01   1.8382666e+01
   3.6000000e+01   1.8268530e+01
   3.7000000e+01   1.8153486e+01
   3.8000000e+01   1.8037575e+01
   3.9000000e+01   1.7920843e+01
   4.0000000e+01   1.7803335e+01
   4.1000000e+01   1.7685097e+01
   4.2000000e+01   1.7566170e+01
   4.3000000e+01   1.7446602e+01
   4.4000000e+01   1.7326433e+01
   4.5000000e+01   1.7205709e+01
   4.6000000e+01   1.7084473e+01
   4.7000000e+01   1.6962767e+01
   4.8000000e+01   1.6840631e+01
   4.9000000e+01   1.6718113e+01
   5.0000000e+01   1.6595247e+01
   5.1000000e+01   1.6472078e+01
   5.2000000e+01   1.6348646e+01
   5.3000000e+01   1.6224987e+01
   5.4000000e+01   1.6101145e+01
   5.5000000e+01   1.5977152e+01
   5.6000000e+01   1.5853051e+01
   5.7000000e+01   1.5728874e+01
   5.8000000e+01   1.5604659e+01
   5.9000000e+01   1.5480443e+01
   6.0000000e+01   1.5356256e+01
   6.1000000e+01   1.5047894e+01
   6.2000000e+01   1.4740579e+01
   6.3000000e+01   1.4434377e+01
   6.4000000e+01   1.4129354e+01
   6.5000000e+01   1.3825576e+01
   6.6000000e+01   1.3523101e+01
   6.7000000e+01   1.3221991e+01
   6.8000000e+01   1.2922298e+01
   6.9000000e+01   1.2624080e+01
   7.0000000e+01   1.2327384e+01
   7.1000000e+01   1.2032261e+01
   7.2000000e+01   1.1738757e+01
   7.3000000e+01   1.1446915e+01
   7.4000000e+01   1.1156775e+01
   7.5000000e+01   1.0868379e+01
   7.6000000e+01   1.0581758e+01
   7.7000000e+01   1.0296951e+01
   7.8000000e+01   1.0013986e+01
   7.9000000e+01   9.7328930e+00
   8.0000000e+01   9.4537010e+00
   8.1000000e+01   9.1764317e+00
   8.2000000e+01   8.9011087e+00
   8.3000000e+01   8.6277523e+00
   8.4000000e+01   8.3563795e+00
   8.5000000e+01   8.0870094e+00
   8.6000000e+01   7.8196526e+00
   8.7000000e+01   7.5543227e+00
   8.8000000e+01   7.2910299e+00
   8.9000000e+01   7.0297818e+00
   9.0000000e+01   6.7705860e+00
   9.1000000e+01   6.7258701e+00
   9.2000000e+01   6.6816506e+00
   9.3000000e+01   6.6379318e+00
   9.4000000e+01   6.5947161e+00
   9.5000000e+01   6.5520067e+00
   9.6000000e+01   6.5098062e+00
   9.7000000e+01   6.4681163e+00
   9.8000000e+01   6.4269409e+00
   9.9000000e+01   6.3862810e+00
   1.0000000e+02   6.3461380e+00
   1.0100000e+02   6.3065147e+00
   1.0200000e+02   6.2674122e+00
   1.0300000e+02   6.2288322e+00
   1.0400000e+02   6.1907754e+00
   1.0500000e+02   6.1532426e+00
   1.0600000e+02   6.1162357e+00
   1.0700000e+02   6.0797548e+00
   1.0800000e+02   6.0437999e+00
   1.0900000e+02   6.0083723e+00
   1.1000000e+02   5.9734721e+00
   1.1100000e+02   5.9390993e+00
   1.1200000e+02   5.9052544e+00
   1.1300000e+02   5.8719368e+00
   1.1400000e+02   5.8391461e+00
   1.1500000e+02   5.8068824e+00
   1.1600000e+02   5.7751451e+00
   1.1700000e+02   5.7439342e+00
   1.1800000e+02   5.7132478e+00
   1.1900000e+02   5.6830864e+00
   1.2000000e+02   5.6534491e+00
   1.2100000e+02   5.6328845e+00
   1.2200000e+02   5.6127658e+00
   1.2300000e+02   5.5930943e+00
   1.2400000e+02   5.5738707e+00
   1.2500000e+02   5.5550952e+00
   1.2600000e+02   5.5367694e+00
   1.2700000e+02   5.5188937e+00
   1.2800000e+02   5.5014687e+00
   1.2900000e+02   5.4844942e+00
   1.3000000e+02   5.4679718e+00
   1.3100000e+02   5.4519010e+00
   1.3200000e+02   5.4362822e+00
   1.3300000e+02   5.4211159e+00
   1.3400000e+02   5.4064021e+00
   1.3500000e+02   5.3921399e+00
   1.3600000e+02   5.3783317e+00
   1.3700000e+02   5.3649750e+00
   1.3800000e+02   5.3520708e+00
   1.3900000e+02   5.3396196e+00
   1.4000000e+02   5.3276200e+00
   1.4100000e+02   5.3160729e+00
   1.4200000e+02   5.3049774e+00
   1.4300000e+02   5.2943339e+00
   1.4400000e+02   5.2841415e+00
   1.4500000e+02   5.2744002e+00
   1.4600000e+02   5.2651095e+00
   1.4700000e+02   5.2562695e+00
   1.4800000e+02   5.2478800e+00
   1.4900000e+02   5.2399397e+00
   1.5000000e+02   5.2324491e+00
   1.5100000e+02   5.2329493e+00
   1.5200000e+02   5.2338777e+00
   1.5300000e+02   5.2352347e+00
   1.5400000e+02   5.2370214e+00
   1.5500000e+02   5.2392387e+00
   1.5600000e+02   5.2418876e+00
   1.5700000e+02   5.2449684e+00
   1.5800000e+02   5.2484818e+00
   1.5900000e+02   5.2524300e+00
   1.6000000e+02   5.2568126e+00
   1.6100000e+02   5.2616305e+00
   1.6200000e+02   5.2668858e+00
   1.6300000e+02   5.2725778e+00
   1.6400000e+02   5.2787080e+00
   1.6500000e+02   5.2852778e+00
   1.6600000e+02   5.2922878e+00
   1.6700000e+02   5.2997384e+00
   1.6800000e+02   5.3076310e+00
   1.6900000e+02   5.3159666e+00
   1.7000000e+02   5.3247466e+00
   1.7100000e+02   5.3339705e+00
   1.7200000e+02   5.3436408e+00
   1.7300000e+02   5.3537579e+00
   1.7400000e+02   5.3643222e+00
   1.7500000e+02   5.3753357e+00
   1.7600000e+02   5.3867989e+00
   1.7700000e+02   5.3987131e+00
   1.7800000e+02   5.4110789e+00
   1.7900000e+02   5.4238977e+00
   1.8000000e+02   5.4371710e+00
   1.8100000e+02   5.4541378e+00
   1.8200000e+02   5.4715762e+00
   1.8300000e+02   5.4894876e+00
   1.8400000e+02   5.5078735e+00
   1.8500000e+02   5.5267367e+00
   1.8600000e+02   5.5460782e+00
   1.8700000e+02   5.5659003e+00
   1.8800000e+02   5.5862055e+00
   1.8900000e+02   5.6069946e+00
   1.9000000e+02   5.6282706e+00
   1.9100000e+02   5.6500340e+00
   1.9200000e+02   5.6722889e+00
   1.9300000e+02   5.6950355e+00
   1.9400000e+02   5.7182770e+00
   1.9500000e+02   5.7420144e+00
   1.9600000e+02   5.7662501e+00
   1.9700000e+02   5.7909870e+00
   1.9800000e+02   5.8162265e+00
   1.9900000e+02   5.8419700e+00
   2.0000000e+02   5.8682203e+00
   2.0100000e+02   5.8949804e+00
   2.0200000e+02   5.9222503e+00
   2.0300000e+02   5.9500337e+00
   2.0400000e+02   5.9783325e+00
   2.0500000e+02   6.0071478e+00
   2.0600000e+02   6.0364828e+00
   2.0700000e+02   6.0663390e+00
   2.0800000e+02   6.0967188e+00
   2.0900000e+02   6.1276240e+00
   2.1000000e+02   6.1590576e+00
   2.1100000e+02   6.2214537e+00
   2.1200000e+02   6.2843409e+00
   2.1300000e+02   6.3477268e+00
   2.1400000e+02   6.4116158e+00
   2.1500000e+02   6.4760146e+00
   2.1600000e+02   6.5409288e+00
   2.1700000e+02   6.6063643e+00
   2.1800000e+02   6.6723266e+00
   2.1900000e+02   6.7388215e+00
   2.2000000e+02   6.8058543e+00
   2.2100000e+02   6.8734307e+00
   2.2200000e+02   6.9415560e+00
   2.2300000e+02   7.0102348e+00
   2.2400000e+02   7.0794725e+00
   2.2500000e+02   7.1492748e+00
   2.2600000e+02   7.2196455e+00
   2.2700000e+02   7.2905903e+00
   2.2800000e+02   7.3621125e+00
   2.2900000e+02   7.4342179e+00
   2.3000000e+02   7.5069098e+00
   2.3100000e+02   7.5801930e+00
   2.3200000e+02   7.6540709e+00
   2.3300000e+02   7.7285476e+00
   2.3400000e+02   7.8036270e+00
   2.3500000e+02   7.8793125e+00
   2.3600000e+02   7.9556069e+00
   2.3700000e+02   8.0325136e+00
   2.3800000e+02   8.1100349e+00
   2.3900000e+02   8.1881752e+00
   2.4000000e+02   8.2669353e+00
   2.4100000e+02   8.4343948e+00
   2.4200000e+02   8.6025667e+00
   2.4300000e+02   8.7714558e+00
   2.4400000e+02   8.9410658e+00
   2.4500000e+02   9.1114006e+00
   2.4600000e+02   9.2824640e+00
   2.4700000e+02   9.4542589e+00
   2.4800000e+02   9.6267853e+00
   2.4900000e+02   9.8000450e+00
   2.5000000e+02   9.9740381e+00
   2.5100000e+02   1.0148765e+01
   2.5200000e+02   1.0324224e+01
   2.5300000e+02   1.0500413e+01
   2.5400000e+02   1.0677330e+01
   2.5500000e+02   1.0854972e+01
   2.5600000e+02   1.1033334e+01
   2.5700000e+02   1.1212411e+01
   2.5800000e+02   1.1392199e+01
   2.5900000e+02   1.1572688e+01
   2.6000000e+02   1.1753875e+01
   2.6100000e+02   1.1935747e+01
   2.6200000e+02   1.2118299e+01
   2.6300000e+02   1.2301474e+01
   2.6400000e+02   1.2485113e+01
   2.6500000e+02   1.2669420e+01
   2.6600000e+02   1.2854388e+01
   2.6700000e+02   1.3040007e+01
   2.6800000e+02   1.3226266e+01
   2.6900000e+02   1.3413154e+01
   2.7000000e+02   1.3600658e+01
   2.7100000e+02   1.3716950e+01
   2.7200000e+02   1.3834305e+01
   2.7300000e+02   1.3952706e+01
   2.7400000e+02   1.4072140e+01
   2.7500000e+02   1.4192589e+01
   2.7600000e+02   1.4314035e+01
   2.7700000e+02   1.4436463e+01
   2.7800000e+02   1.4559853e+01
   2.7900000e+02   1.4684184e+01
   2.8000000e+02   1.4809438e+01
   2.8100000e+02   1.4935593e+01
   2.8200000e+02   1.5062627e+01
   2.8300000e+02   1.5190518e+01
   2.8400000e+02   1.5319244e+01
   2.8500000e+02   1.5448778e+01
   2.8600000e+02   1.5579098e+01
   2.8700000e+02   1.5710175e+01
   2.8800000e+02   1.5841984e+01
   2.8900000e+02   1.5974497e+01
   2.9000000e+02   1.6107687e+01
   2.9100000e+02   1.6241520e+01
   2.9200000e+02   1.6375973e+01
   2.9300000e+02   1.6511009e+01
   2.9400000e+02   1.6646597e+01
   2.9500000e+02   1.6782705e+01
   2.9600000e+02   1.6919302e+01
   2.9700000e+02   1.7056349e+01
   2.9800000e+02   1.7193811e+01
   2.9900000e+02   1.7331654e+01
   3.0000000e+02   1.7469839e+01
   3.0100000e+02   1.7573666e+01
   3.0200000e+02   1.7677414e+01
   3.0300000e+02   1.7781057e+01
   3.0400000e+02   1.7884554e+01
   3.0500000e+02   1.7987873e+01
   3.0600000e+02   1.8090979e+01
   3.0700000e+02   1.8193823e+01
   3.0800000e+02   1.8296381e+01
   3.0900000e+02   1.8398611e+01
   3.1000000e+02   1.8500479e+01
   3.1100000e+02   1.8601944e+01
   3.1200000e+02   1.8702965e+01
   3.1300000e+02   1.8803507e+01
   3.1400000e+02   1.8903528e+01
   3.1500000e+02   1.9002989e+01
   3.1600000e+02   1.9101849e+01
   3.1700000e+02   1.9200068e+01
   3.1800000e+02   1.9297606e+01
   3.1900000e+02   1.9394419e+01
   3.2000000e+02   1.9490469e+01
   3.2100000e+02   1.9585716e+01
   3.2200000e+02   1.9680117e+01
   3.2300000e+02   1.9773628e+01
   3.2400000e+02   1.9866213e+01
   3.2500000e+02   1.9957827e+01
   3.2600000e+02   2.0048429e+01
   3.2700000e+02   2.0137983e+01
   3.2800000e+02   2.0226442e+01
   3.2900000e+02   2.0313770e+01
   3.3000000e+02   2.0399925e+01
   3.3100000e+02   2.0441689e+01
   3.3200000e+02   2.0481993e+01
   3.3300000e+02   2.0520803e+01
   3.3400000e+02   2.0558094e+01
   3.3500000e+02   2.0593832e+01
   3.3600000e+02   2.0627989e+01
   3.3700000e+02   2.0660534e+01
   3.3800000e+02   2.0691446e+01
   3.3900000e+02   2.0720694e+01
   3.4000000e+02   2.0748255e+01
   3.4100000e+02   2.0774103e+01
   3.4200000e+02   2.0798214e+01
   3.4300000e+02   2.0820570e+01
   3.4400000e+02   2.0841146e+01
   3.4500000e+02   2.0859922e+01
   3.4600000e+02   2.0876884e+01
   3.4700000e+02   2.0892012e+01
   3.4800000e+02   2.0905291e+01
   3.4900000e+02   2.0916704e+01
   3.5000000e+02   2.0926239e+01
   3.5100000e+02   2.0933884e+01
   3.5200000e+02   2.0939629e+01
   3.5300000e+02   2.0943464e+01
   3.5400000e+02   2.0945381e+01
   3.5500000e+02   2.0945375e+01
   3.5600000e+02   2.0943441e+01
   3.5700000e+02   2.0939575e+01
   3.5800000e+02   2.0933777e+01
   3.5900000e+02   2.0926043e+01
   1.4226848e-06   2.0916374e+01
