   0.0000000e+00   1.2037170e-02
   1.0000000e+00   3.7212908e-02
   2.0000000e+00   3.7358008e-02
   3.0000000e+00   3.7498504e-02
   4.0000000e+00   3.7639171e-02
   5.0000000e+00   3.7780032e-02
   6.0000000e+00   3.7921082e-02
   7.0000000e+00   3.8062319e-02
   8.0000000e+00   3.8203750e-02
   9.0000000e+00   3.8345363e-02
   1.0000000e+01   3.8487155e-02
   1.1000000e+01   3.8629118e-02
   1.2000000e+01   3.8771257e-02
   1.3000000e+01   3.8913563e-02
   1.4000000e+01   3.9056033e-02
   1.5000000e+01   3.9198667e-02
   1.6000000e+01   3.9341465e-02
   1.7000000e+01   3.9484426e-02
   1.8000000e+01   3.9627559e-02
   1.9000000e+01   3.9770849e-02
   2.0000000e+01   3.9914310e-02
   2.1000000e+01   4.0059101e-02
   2.2000000e+01   4.0204391e-02
   2.3000000e+01   4.0349960e-02
   2.4000000e+01   4.0495813e-02
   2.5000000e+01   4.0641937e-02
   2.6000000e+01   4.0788338e-02
   2.7000000e+01   4.0935010e-02
   2.8000000e+01   4.1081950e-02
   2.9000000e+01   4.1229159e-02
   3.0000000e+01   4.1376635e-02
   3.1000000e+01   4.1666262e-02
   3.2000000e+01   4.1956715e-02
   3.3000000e+01   4.2247988e-02
   3.4000000e+01   4.2540073e-02
   3.5000000e+01   4.2832959e-02
   3.6000000e+01   4.3126635e-02
   3.7000000e+01   4.3421097e-02
   3.8000000e+01   4.3716334e-02
   3.9000000e+01   4.4012338e-02
   4.0000000e+01   4.4309102e-02
   4.1000000e+01   4.4606615e-02
   4.2000000e+01   4.4904869e-02
   4.3000000e+01   4.5203865e-02
   4.4000000e+01   4.5503579e-02
   4.5000000e+01   4.5804013e-02
   4.6000000e+01   4.6105161e-02
   4.7000000e+01   4.6407010e-02
   4.8000000e+01   4.6709713e-02
   4.9000000e+01   4.7013156e-02
   5.0000000e+01   4.7317300e-02
   5.1000000e+01   4.7624119e-02
   5.2000000e+01   4.7931954e-02
   5.3000000e+01   4.8240650e-02
   5.4000000e+01   4.8550189e-02
   5.5000000e+01   4.8860561e-02
   5.6000000e+01   4.9171757e-02
   5.7000000e+01   4.9483873e-02
   5.8000000e+01   4.9796764e-02
   5.9000000e+01   5.0110333e-02
   6.0000000e+01   5.0424576e-02
   6.1000000e+01   5.0539400e-02
   6.2000000e+01   5.0652854e-02
   6.3000000e+01   5.0764881e-02
   6.4000000e+01   5.0874770e-02
   6.5000000e+01   5.0981954e-02
   6.6000000e+01   5.1085837e-02
   6.7000000e+01   5.1185798e-02
   6.8000000e+01   5.1281191e-02
   6.9000000e+01   5.1371191e-02
   7.0000000e+01   5.1455170e-02
   7.1000000e+01   5.1532377e-02
   7.2000000e+01   5.1602025e-02
   7.3000000e+01   5.1663302e-02
   7.4000000e+01   5.1715352e-02
   7.5000000e+01   5.1757291e-02
   7.6000000e+01   5.1788297e-02
   7.7000000e+01   5.1807310e-02
   7.8000000e+01   5.1813293e-02
   7.9000000e+01   5.1806021e-02
   8.0000000e+01   5.1783577e-02
   8.1000000e+01   5.1744569e-02
   8.2000000e+01   5.1687788e-02
   8.3000000e+01   5.1611964e-02
   8.4000000e+01   5.1515754e-02
   8.5000000e+01   5.1397774e-02
   8.6000000e+01   5.1256593e-02
   8.7000000e+01   5.1090639e-02
   8.8000000e+01   5.0898299e-02
   8.9000000e+01   5.0677884e-02
   9.0000000e+01   5.0425265e-02
   9.1000000e+01   4.8638400e-02
   9.2000000e+01   4.6828844e-02
   9.3000000e+01   4.4995997e-02
   9.4000000e+01   4.3139197e-02
   9.5000000e+01   4.1257709e-02
   9.6000000e+01   3.9350718e-02
   9.7000000e+01   3.7449453e-02
   9.8000000e+01   3.5581697e-02
   9.9000000e+01   3.3782762e-02
   1.0000000e+02   3.2248504e-02
   1.0100000e+02   3.0683791e-02
   1.0200000e+02   2.9087335e-02
   1.0300000e+02   2.7464708e-02
   1.0400000e+02   2.5936367e-02
   1.0500000e+02   2.4394469e-02
   1.0600000e+02   2.2837911e-02
   1.0700000e+02   2.1266628e-02
   1.0800000e+02   1.9682568e-02
   1.0900000e+02   1.7902903e-02
   1.1000000e+02   1.6116096e-02
   1.1100000e+02   1.4391281e-02
   1.1200000e+02   1.2689225e-02
   1.1300000e+02   1.1012626e-02
   1.1400000e+02   9.3651861e-03
   1.1500000e+02   7.7511007e-03
   1.1600000e+02   6.1750878e-03
   1.1700000e+02   4.9411077e-03
   1.1800000e+02   4.3591280e-03
   1.1900000e+02   3.8805481e-03
   1.2000000e+02   3.5027529e-03
   1.2100000e+02   5.1357001e-03
   1.2200000e+02   6.7086797e-03
   1.2300000e+02   8.2241371e-03
   1.2400000e+02   9.6843885e-03
   1.2500000e+02   1.1091626e-02
   1.2600000e+02   1.2447931e-02
   1.2700000e+02   1.3854985e-02
   1.2800000e+02   1.6027631e-02
   1.2900000e+02   1.8043967e-02
   1.3000000e+02   1.9887822e-02
   1.3100000e+02   2.1565998e-02
   1.3200000e+02   2.3093855e-02
   1.3300000e+02   2.4485271e-02
   1.3400000e+02   2.5752677e-02
   1.3500000e+02   2.6907207e-02
   1.3600000e+02   2.7958889e-02
   1.3700000e+02   2.8916750e-02
   1.3800000e+02   2.9787790e-02
   1.3900000e+02   3.0572258e-02
   1.4000000e+02   3.1287402e-02
   1.4100000e+02   3.1948369e-02
   1.4200000e+02   3.2673508e-02
   1.4300000e+02   3.3301290e-02
   1.4400000e+02   3.3837516e-02
   1.4500000e+02   3.4324005e-02
   1.4600000e+02   3.4769364e-02
   1.4700000e+02   3.5153560e-02
   1.4800000e+02   3.5483152e-02
   1.4900000e+02   3.5764474e-02
   1.5000000e+02   3.6003068e-02
   1.5100000e+02   3.5799831e-02
   1.5200000e+02   3.5590831e-02
   1.5300000e+02   3.5376601e-02
   1.5400000e+02   3.5157643e-02
   1.5500000e+02   3.4934416e-02
   1.5600000e+02   3.4707323e-02
   1.5700000e+02   3.4476727e-02
   1.5800000e+02   3.4242973e-02
   1.5900000e+02   3.4016974e-02
   1.6000000e+02   3.3800628e-02
   1.6100000e+02   3.3584982e-02
   1.6200000e+02   3.3369701e-02
   1.6300000e+02   3.3154711e-02
   1.6400000e+02   3.2939944e-02
   1.6500000e+02   3.2725330e-02
   1.6600000e+02   3.2510825e-02
   1.6700000e+02   3.2296371e-02
   1.6800000e+02   3.2081932e-02
   1.6900000e+02   3.1867471e-02
   1.7000000e+02   3.1652946e-02
   1.7100000e+02   3.1438343e-02
   1.7200000e+02   3.1223631e-02
   1.7300000e+02   3.1009257e-02
   1.7400000e+02   3.0796671e-02
   1.7500000e+02   3.0582981e-02
   1.7600000e+02   3.0368203e-02
   1.7700000e+02   3.0152436e-02
   1.7800000e+02   2.9935764e-02
   1.7900000e+02   2.9718271e-02
   1.8000000e+02   2.9500024e-02
   1.8100000e+02   2.8435135e-02
   1.8200000e+02   2.7413314e-02
   1.8300000e+02   2.6431888e-02
   1.8400000e+02   2.5488369e-02
   1.8500000e+02   2.4580428e-02
   1.8600000e+02   2.3705898e-02
   1.8700000e+02   2.2862747e-02
   1.8800000e+02   2.2049084e-02
   1.8900000e+02   2.1254543e-02
   1.9000000e+02   2.0482311e-02
   1.9100000e+02   1.9732578e-02
   1.9200000e+02   1.9003952e-02
   1.9300000e+02   1.8295137e-02
   1.9400000e+02   1.7604914e-02
   1.9500000e+02   1.6932130e-02
   1.9600000e+02   1.6275709e-02
   1.9700000e+02   1.5634637e-02
   1.9800000e+02   1.5048927e-02
   1.9900000e+02   1.4621895e-02
   2.0000000e+02   1.4218006e-02
   2.0100000e+02   1.3827763e-02
   2.0200000e+02   1.3449288e-02
   2.0300000e+02   1.3081109e-02
   2.0400000e+02   1.2721905e-02
   2.0500000e+02   1.2370476e-02
   2.0600000e+02   1.2025753e-02
   2.0700000e+02   1.1686766e-02
   2.0800000e+02   1.1352648e-02
   2.0900000e+02   1.1022628e-02
   2.1000000e+02   1.0695982e-02
   2.1100000e+02   1.0866580e-02
   2.1200000e+02   1.1052704e-02
   2.1300000e+02   1.1253516e-02
   2.1400000e+02   1.1468225e-02
   2.1500000e+02   1.1696075e-02
   2.1600000e+02   1.1936340e-02
   2.1700000e+02   1.2188333e-02
   2.1800000e+02   1.2451396e-02
   2.1900000e+02   1.2724906e-02
   2.2000000e+02   1.3008283e-02
   2.2100000e+02   1.3300960e-02
   2.2200000e+02   1.3602385e-02
   2.2300000e+02   1.3912032e-02
   2.2400000e+02   1.4229419e-02
   2.2500000e+02   1.4554072e-02
   2.2600000e+02   1.4885534e-02
   2.2700000e+02   1.5223365e-02
   2.2800000e+02   1.5567149e-02
   2.2900000e+02   1.5916485e-02
   2.3000000e+02   1.6271155e-02
   2.3100000e+02   1.6630743e-02
   2.3200000e+02   1.6994810e-02
   2.3300000e+02   1.7363019e-02
   2.3400000e+02   1.7734913e-02
   2.3500000e+02   1.8110167e-02
   2.3600000e+02   1.8419815e-02
   2.3700000e+02   1.8684691e-02
   2.3800000e+02   1.8949067e-02
   2.3900000e+02   1.9213535e-02
   2.4000000e+02   1.9478142e-02
   2.4100000e+02   2.0725153e-02
   2.4200000e+02   2.1956349e-02
   2.4300000e+02   2.3172310e-02
   2.4400000e+02   2.4373604e-02
   2.4500000e+02   2.5560772e-02
   2.4600000e+02   2.6734341e-02
   2.4700000e+02   2.7894814e-02
   2.4800000e+02   2.9042685e-02
   2.4900000e+02   3.0178426e-02
   2.5000000e+02   3.1302493e-02
   2.5100000e+02   3.2415323e-02
   2.5200000e+02   3.3517338e-02
   2.5300000e+02   3.4608953e-02
   2.5400000e+02   3.5690561e-02
   2.5500000e+02   3.6757402e-02
   2.5600000e+02   3.7811529e-02
   2.5700000e+02   3.8857870e-02
   2.5800000e+02   3.9896779e-02
   2.5900000e+02   4.0928639e-02
   2.6000000e+02   4.1953817e-02
   2.6100000e+02   4.2972665e-02
   2.6200000e+02   4.3985542e-02
   2.6300000e+02   4.4992786e-02
   2.6400000e+02   4.5994729e-02
   2.6500000e+02   4.6991698e-02
   2.6600000e+02   4.7984011e-02
   2.6700000e+02   4.8971981e-02
   2.6800000e+02   4.9955912e-02
   2.6900000e+02   5.0936095e-02
   2.7000000e+02   5.1912829e-02
   2.7100000e+02   5.1767830e-02
   2.7200000e+02   5.1622026e-02
   2.7300000e+02   5.1475428e-02
   2.7400000e+02   5.1328037e-02
   2.7500000e+02   5.1179860e-02
   2.7600000e+02   5.1030904e-02
   2.7700000e+02   5.0881170e-02
   2.7800000e+02   5.0730668e-02
   2.7900000e+02   5.0579399e-02
   2.8000000e+02   5.0427373e-02
   2.8100000e+02   5.0274596e-02
   2.8200000e+02   5.0121065e-02
   2.8300000e+02   4.9966786e-02
   2.8400000e+02   4.9811773e-02
   2.8500000e+02   4.9656026e-02
   2.8600000e+02   4.9499545e-02
   2.8700000e+02   4.9342345e-02
   2.8800000e+02   4.9184423e-02
   2.8900000e+02   4.9025785e-02
   2.9000000e+02   4.8866436e-02
   2.9100000e+02   4.8706383e-02
   2.9200000e+02   4.8545633e-02
   2.9300000e+02   4.8384190e-02
   2.9400000e+02   4.8222050e-02
   2.9500000e+02   4.8059229e-02
   2.9600000e+02   4.7895726e-02
   2.9700000e+02   4.7731552e-02
   2.9800000e+02   4.7566704e-02
   2.9900000e+02   4.7401197e-02
   3.0000000e+02   4.7235023e-02
   3.0100000e+02   4.6952453e-02
   3.0200000e+02   4.6669800e-02
   3.0300000e+02   4.6387061e-02
   3.0400000e+02   4.6104241e-02
   3.0500000e+02   4.5821339e-02
   3.0600000e+02   4.5538355e-02
   3.0700000e+02   4.5255292e-02
   3.0800000e+02   4.4972148e-02
   3.0900000e+02   4.4688925e-02
   3.1000000e+02   4.4405624e-02
   3.1100000e+02   4.4122245e-02
   3.1200000e+02   4.3838788e-02
   3.1300000e+02   4.3555252e-02
   3.1400000e+02   4.3271642e-02
   3.1500000e+02   4.2987958e-02
   3.1600000e+02   4.2704195e-02
   3.1700000e+02   4.2420357e-02
   3.1800000e+02   4.2136449e-02
   3.1900000e+02   4.1852467e-02
   3.2000000e+02   4.1568410e-02
   3.2100000e+02   4.1284282e-02
   3.2200000e+02   4.1000079e-02
   3.2300000e+02   4.0715810e-02
   3.2400000e+02   4.0431466e-02
   3.2500000e+02   4.0147055e-02
   3.2600000e+02   3.9862573e-02
   3.2700000e+02   3.9578021e-02
   3.2800000e+02   3.9293401e-02
   3.2900000e+02   3.9008711e-02
   3.3000000e+02   3.8723957e-02
   3.3100000e+02   3.8650308e-02
   3.3200000e+02   3.8576644e-02
   3.3300000e+02   3.8502961e-02
   3.3400000e+02   3.8429260e-02
   3.3500000e+02   3.8355548e-02
   3.3600000e+02   3.8281813e-02
   3.3700000e+02   3.8208064e-02
   3.3800000e+02   3.8134299e-02
   3.3900000e+02   3.8060520e-02
   3.4000000e+02   3.7986726e-02
   3.4100000e+02   3.7912909e-02
   3.4200000e+02   3.7839081e-02
   3.4300000e+02   3.7765235e-02
   3.4400000e+02   3.7691377e-02
   3.4500000e+02   3.7617501e-02
   3.4600000e+02   3.7543613e-02
   3.4700000e+02   3.7469707e-02
   3.4800000e+02   3.7395786e-02
   3.4900000e+02   3.7321851e-02
   3.5000000e+02   3.7247900e-02
   3.5100000e+02   3.7173934e-02
   3.5200000e+02   3.7099957e-02
   3.5300000e+02   3.7025966e-02
   3.5400000e+02   3.6951955e-02
   3.5500000e+02   3.6877934e-02
   3.5600000e+02   3.6803897e-02
   3.5700000e+02   3.6729846e-02
   3.5800000e+02   3.6655784e-02
   3.5900000e+02   3.6581703e-02
   7.1133672e-07   3.6507614e-02
   1.0000007e+00   3.6680911e-02
   2.0000007e+00   3.6854293e-02
   3.0000007e+00   3.7027761e-02
   4.0000010e+00   3.7201311e-02
   5.0000010e+00   3.7374943e-02
   6.0000010e+00   3.7548661e-02
   7.0000010e+00   3.7722461e-02
   8.0000010e+00   3.7896339e-02
   9.0000010e+00   3.8070295e-02
   1.0000001e+01   3.8244333e-02
   1.1000001e+01   3.8418453e-02
   1.2000001e+01   3.8592663e-02
   1.3000001e+01   3.8766943e-02
   1.4000001e+01   3.8941305e-02
   1.5000001e+01   3.9115742e-02
   1.6000000e+01   3.9290253e-02
   1.7000000e+01   3.9464843e-02
   1.8000000e+01   3.9639506e-02
   1.9000000e+01   3.9814245e-02
   2.0000000e+01   3.9989058e-02
   2.1000000e+01   4.0163945e-02
   2.2000000e+01   4.0338904e-02
   2.3000000e+01   4.0513936e-02
   2.4000000e+01   4.0689040e-02
   2.5000000e+01   4.0864222e-02
   2.6000000e+01   4.1039467e-02
   2.7000000e+01   4.1214790e-02
   2.8000000e+01   4.1390181e-02
   2.9000000e+01   4.1565642e-02
   3.0000000e+01   4.1741174e-02
   3.1000000e+01   4.1923486e-02
   3.2000000e+01   4.2106796e-02
   3.3000000e+01   4.2291116e-02
   3.4000000e+01   4.2476445e-02
   3.5000000e+01   4.2662784e-02
   3.6000000e+01   4.2850144e-02
   3.7000000e+01   4.3038517e-02
   3.8000000e+01   4.3227911e-02
   3.9000000e+01   4.3418325e-02
   4.0000000e+01   4.3609768e-02
   4.1000000e+01   4.3802243e-02
   4.2000000e+01   4.3995745e-02
   4.3000000e+01   4.4190284e-02
   4.4000000e+01   4.4385858e-02
   4.5000000e+01   4.4582475e-02
   4.6000000e+01   4.4780128e-02
   4.7000000e+01   4.4978831e-02
   4.8000000e+01   4.5178581e-02
   4.9000000e+01   4.5379378e-02
   5.0000000e+01   4.5581233e-02
   5.1000000e+01   4.5784138e-02
   5.2000000e+01   4.5988105e-02
   5.3000000e+01   4.6193130e-02
   5.4000000e+01   4.6399221e-02
   5.5000000e+01   4.6606369e-02
   5.6000000e+01   4.6814594e-02
   5.7000000e+01   4.7023885e-02
   5.8000000e+01   4.7234248e-02
   5.9000000e+01   4.7445685e-02
   6.0000000e+01   4.7658201e-02
   6.1000000e+01   4.7713265e-02
   6.2000000e+01   4.7768429e-02
   6.3000000e+01   4.7823653e-02
   6.4000000e+01   4.7878906e-02
   6.5000000e+01   4.7934148e-02
   6.6000000e+01   4.7989350e-02
   6.7000000e+01   4.8044477e-02
   6.8000000e+01   4.8099495e-02
   6.9000000e+01   4.8154380e-02
   7.0000000e+01   4.8209105e-02
   7.1000000e+01   4.8263635e-02
   7.2000000e+01   4.8317946e-02
   7.3000000e+01   4.8372023e-02
   7.4000000e+01   4.8425835e-02
   7.5000000e+01   4.8479356e-02
   7.6000000e+01   4.8532572e-02
   7.7000000e+01   4.8585452e-02
   7.8000000e+01   4.8637986e-02
   7.9000000e+01   4.8690151e-02
   8.0000000e+01   4.8741926e-02
   8.1000000e+01   4.8793297e-02
   8.2000000e+01   4.8844244e-02
   8.3000000e+01   4.8894752e-02
   8.4000000e+01   4.8944809e-02
   8.5000000e+01   4.8994392e-02
   8.6000000e+01   4.9043491e-02
   8.7000000e+01   4.9092095e-02
   8.8000000e+01   4.9140185e-02
   8.9000000e+01   4.9187753e-02
   9.0000000e+01   4.9234781e-02
   9.1000000e+01   4.9219381e-02
   9.2000000e+01   4.9203649e-02
   9.3000000e+01   4.9187608e-02
   9.4000000e+01   4.9171261e-02
   9.5000000e+01   4.9154636e-02
   9.6000000e+01   4.9137741e-02
   9.7000000e+01   4.9120590e-02
   9.8000000e+01   4.9103197e-02
   9.9000000e+01   4.9085576e-02
   1.0000000e+02   4.9067739e-02
   1.0100000e+02   4.9049698e-02
   1.0200000e+02   4.9031466e-02
   1.0300000e+02   4.9013052e-02
   1.0400000e+02   4.8994467e-02
   1.0500000e+02   4.8975717e-02
   1.0600000e+02   4.8956815e-02
   1.0700000e+02   4.8937775e-02
   1.0800000e+02   4.8918597e-02
   1.0900000e+02   4.8899297e-02
   1.1000000e+02   4.8879873e-02
   1.1100000e+02   4.8860345e-02
   1.1200000e+02   4.8840713e-02
   1.1300000e+02   4.8820984e-02
   1.1400000e+02   4.8801169e-02
   1.1500000e+02   4.8781268e-02
   1.1600000e+02   4.8761293e-02
   1.1700000e+02   4.8741244e-02
   1.1800000e+02   4.8721138e-02
   1.1900000e+02   4.8700970e-02
   1.2000000e+02   4.8680745e-02
   1.2100000e+02   4.8575263e-02
   1.2200000e+02   4.8469957e-02
   1.2300000e+02   4.8364822e-02
   1.2400000e+02   4.8259862e-02
   1.2500000e+02   4.8155069e-02
   1.2600000e+02   4.8050448e-02
   1.2700000e+02   4.7946002e-02
   1.2800000e+02   4.7841720e-02
   1.2900000e+02   4.7737613e-02
   1.3000000e+02   4.7633678e-02
   1.3100000e+02   4.7529910e-02
   1.3200000e+02   4.7426309e-02
   1.3300000e+02   4.7322880e-02
   1.3400000e+02   4.7219619e-02
   1.3500000e+02   4.7116529e-02
   1.3600000e+02   4.7013607e-02
   1.3700000e+02   4.6910852e-02
   1.3800000e+02   4.6808265e-02
   1.3900000e+02   4.6705849e-02
   1.4000000e+02   4.6603601e-02
   1.4100000e+02   4.6501517e-02
   1.4200000e+02   4.6399605e-02
   1.4300000e+02   4.6297859e-02
   1.4400000e+02   4.6196278e-02
   1.4500000e+02   4.6094868e-02
   1.4600000e+02   4.5993622e-02
   1.4700000e+02   4.5892544e-02
   1.4800000e+02   4.5791630e-02
   1.4900000e+02   4.5690883e-02
   1.5000000e+02   4.5590300e-02
   1.5100000e+02   4.5384962e-02
   1.5200000e+02   4.5179937e-02
   1.5300000e+02   4.4975229e-02
   1.5400000e+02   4.4770837e-02
   1.5500000e+02   4.4566758e-02
   1.5600000e+02   4.4362996e-02
   1.5700000e+02   4.4159550e-02
   1.5800000e+02   4.3956421e-02
   1.5900000e+02   4.3753605e-02
   1.6000000e+02   4.3551110e-02
   1.6100000e+02   4.3348931e-02
   1.6200000e+02   4.3147061e-02
   1.6300000e+02   4.2945512e-02
   1.6400000e+02   4.2744279e-02
   1.6500000e+02   4.2543359e-02
   1.6600000e+02   4.2342752e-02
   1.6700000e+02   4.2142462e-02
   1.6800000e+02   4.1942485e-02
   1.6900000e+02   4.1742824e-02
   1.7000000e+02   4.1543473e-02
   1.7100000e+02   4.1344434e-02
   1.7200000e+02   4.1145712e-02
   1.7300000e+02   4.0947303e-02
   1.7400000e+02   4.0749207e-02
   1.7500000e+02   4.0551420e-02
   1.7600000e+02   4.0353946e-02
   1.7700000e+02   4.0156785e-02
   1.7800000e+02   3.9959934e-02
   1.7900000e+02   3.9763395e-02
   1.8000000e+02   3.9567165e-02
   1.8100000e+02   3.9233852e-02
   1.8200000e+02   3.8901262e-02
   1.8300000e+02   3.8569394e-02
   1.8400000e+02   3.8238242e-02
   1.8500000e+02   3.7907813e-02
   1.8600000e+02   3.7578098e-02
   1.8700000e+02   3.7249099e-02
   1.8800000e+02   3.6920816e-02
   1.8900000e+02   3.6593236e-02
   1.9000000e+02   3.6266372e-02
   1.9100000e+02   3.5940208e-02
   1.9200000e+02   3.5614751e-02
   1.9300000e+02   3.5289995e-02
   1.9400000e+02   3.4965940e-02
   1.9500000e+02   3.4642577e-02
   1.9600000e+02   3.4319915e-02
   1.9700000e+02   3.3997945e-02
   1.9800000e+02   3.3676665e-02
   1.9900000e+02   3.3356078e-02
   2.0000000e+02   3.3036172e-02
   2.0100000e+02   3.2716956e-02
   2.0200000e+02   3.2398425e-02
   2.0300000e+02   3.2080572e-02
   2.0400000e+02   3.1763397e-02
   2.0500000e+02   3.1446904e-02
   2.0600000e+02   3.1131081e-02
   2.0700000e+02   3.0815935e-02
   2.0800000e+02   3.0501457e-02
   2.0900000e+02   3.0187646e-02
   2.1000000e+02   2.9874504e-02
   2.1100000e+02   2.9834310e-02
   2.1200000e+02   2.9792204e-02
   2.1300000e+02   2.9748194e-02
   2.1400000e+02   2.9702278e-02
   2.1500000e+02   2.9654458e-02
   2.1600000e+02   2.9604740e-02
   2.1700000e+02   2.9553125e-02
   2.1800000e+02   2.9499615e-02
   2.1900000e+02   2.9444212e-02
   2.2000000e+02   2.9386921e-02
   2.2100000e+02   2.9327741e-02
   2.2200000e+02   2.9266680e-02
   2.2300000e+02   2.9203735e-02
   2.2400000e+02   2.9138915e-02
   2.2500000e+02   2.9072218e-02
   2.2600000e+02   2.9003648e-02
   2.2700000e+02   2.8933210e-02
   2.2800000e+02   2.8860902e-02
   2.2900000e+02   2.8786734e-02
   2.3000000e+02   2.8710702e-02
   2.3100000e+02   2.8632816e-02
   2.3200000e+02   2.8553072e-02
   2.3300000e+02   2.8471477e-02
   2.3400000e+02   2.8388035e-02
   2.3500000e+02   2.8302748e-02
   2.3600000e+02   2.8215615e-02
   2.3700000e+02   2.8126644e-02
   2.3800000e+02   2.8035838e-02
   2.3900000e+02   2.7943196e-02
   2.4000000e+02   2.7848726e-02
   2.4100000e+02   2.8670356e-02
   2.4200000e+02   2.9491365e-02
   2.4300000e+02   3.0311739e-02
   2.4400000e+02   3.1131467e-02
   2.4500000e+02   3.1950530e-02
   2.4600000e+02   3.2768916e-02
   2.4700000e+02   3.3586614e-02
   2.4800000e+02   3.4403611e-02
   2.4900000e+02   3.5219889e-02
   2.5000000e+02   3.6035437e-02
   2.5100000e+02   3.6850236e-02
   2.5200000e+02   3.7664279e-02
   2.5300000e+02   3.8477547e-02
   2.5400000e+02   3.9290022e-02
   2.5500000e+02   4.0101692e-02
   2.5600000e+02   4.0912546e-02
   2.5700000e+02   4.1722566e-02
   2.5800000e+02   4.2531732e-02
   2.5900000e+02   4.3340039e-02
   2.6000000e+02   4.4147462e-02
   2.6100000e+02   4.4953987e-02
   2.6200000e+02   4.5759600e-02
   2.6300000e+02   4.6567578e-02
   2.6400000e+02   4.7389410e-02
   2.6500000e+02   4.8211895e-02
   2.6600000e+02   4.9034979e-02
   2.6700000e+02   4.9858663e-02
   2.6800000e+02   5.0682936e-02
   2.6900000e+02   5.1507797e-02
   2.7000000e+02   5.2333236e-02
   2.7100000e+02   5.2179419e-02
   2.7200000e+02   5.2025199e-02
   2.7300000e+02   5.1870588e-02
   2.7400000e+02   5.1715598e-02
   2.7500000e+02   5.1560231e-02
   2.7600000e+02   5.1404495e-02
   2.7700000e+02   5.1248398e-02
   2.7800000e+02   5.1091950e-02
   2.7900000e+02   5.0935149e-02
   2.8000000e+02   5.0778013e-02
   2.8100000e+02   5.0620541e-02
   2.8200000e+02   5.0462741e-02
   2.8300000e+02   5.0304621e-02
   2.8400000e+02   5.0146185e-02
   2.8500000e+02   4.9987439e-02
   2.8600000e+02   4.9828388e-02
   2.8700000e+02   4.9669046e-02
   2.8800000e+02   4.9509410e-02
   2.8900000e+02   4.9349487e-02
   2.9000000e+02   4.9189284e-02
   2.9100000e+02   4.9028803e-02
   2.9200000e+02   4.8868056e-02
   2.9300000e+02   4.8707042e-02
   2.9400000e+02   4.8545770e-02
   2.9500000e+02   4.8384238e-02
   2.9600000e+02   4.8222460e-02
   2.9700000e+02   4.8060436e-02
   2.9800000e+02   4.7898170e-02
   2.9900000e+02   4.7735672e-02
   3.0000000e+02   4.7572937e-02
   3.0100000e+02   4.7280032e-02
   3.0200000e+02   4.6987087e-02
   3.0300000e+02   4.6694107e-02
   3.0400000e+02   4.6401087e-02
   3.0500000e+02   4.6108037e-02
   3.0600000e+02   4.5814946e-02
   3.0700000e+02   4.5521822e-02
   3.0800000e+02   4.5228664e-02
   3.0900000e+02   4.4935465e-02
   3.1000000e+02   4.4642232e-02
   3.1100000e+02   4.4348963e-02
   3.1200000e+02   4.4055659e-02
   3.1300000e+02   4.3762319e-02
   3.1400000e+02   4.3468941e-02
   3.1500000e+02   4.3175533e-02
   3.1600000e+02   4.2882085e-02
   3.1700000e+02   4.2588606e-02
   3.1800000e+02   4.2295087e-02
   3.1900000e+02   4.2001534e-02
   3.2000000e+02   4.1707948e-02
   3.2100000e+02   4.1414328e-02
   3.2200000e+02   4.1120667e-02
   3.2300000e+02   4.0826976e-02
   3.2400000e+02   4.0533248e-02
   3.2500000e+02   4.0239487e-02
   3.2600000e+02   3.9945692e-02
   3.2700000e+02   3.9651860e-02
   3.2800000e+02   3.9357994e-02
   3.2900000e+02   3.9064094e-02
   3.3000000e+02   3.8770158e-02
   3.3100000e+02   3.8695201e-02
   3.3200000e+02   3.8620245e-02
   3.3300000e+02   3.8545288e-02
   3.3400000e+02   3.8470328e-02
   3.3500000e+02   3.8395368e-02
   3.3600000e+02   3.8320407e-02
   3.3700000e+02   3.8245447e-02
   3.3800000e+02   3.8170479e-02
   3.3900000e+02   3.8095519e-02
   3.4000000e+02   3.8020551e-02
   3.4100000e+02   3.7945587e-02
   3.4200000e+02   3.7870619e-02
   3.4300000e+02   3.7795655e-02
   3.4400000e+02   3.7720684e-02
   3.4500000e+02   3.7645716e-02
   3.4600000e+02   3.7570745e-02
   3.4700000e+02   3.7495773e-02
   3.4800000e+02   3.7420802e-02
   3.4900000e+02   3.7345827e-02
   3.5000000e+02   3.7270855e-02
   3.5100000e+02   3.7195884e-02
   3.5200000e+02   3.7120905e-02
   3.5300000e+02   3.7045926e-02
   3.5400000e+02   3.6970951e-02
   3.5500000e+02   3.6895972e-02
   3.5600000e+02   3.6820993e-02
   3.5700000e+02   3.6746014e-02
   3.5800000e+02   3.6671035e-02
   3.5900000e+02   3.6596052e-02
   1.4226848e-06   3.6521070e-02
