   0.0000000e+00   8.6599579e+01
   1.0000000e+00   1.5661202e+01
   2.0000000e+00   1.5624927e+01
   3.0000000e+00   1.5569071e+01
   4.0000000e+00   1.5509757e+01
   5.0000000e+00   1.5447912e+01
   6.0000000e+00   1.5384439e+01
   7.0000000e+00   1.5319233e+01
   8.0000000e+00   1.5251553e+01
   9.0000000e+00   1.5182140e+01
   1.0000000e+01   1.5112835e+01
   1.1000000e+01   1.5043351e+01
   1.2000000e+01   1.4972717e+01
   1.3000000e+01   1.4901348e+01
   1.4000000e+01   1.4830013e+01
   1.5000000e+01   1.4757989e+01
   1.6000000e+01   1.4685640e+01
   1.7000000e+01   1.4612311e+01
   1.8000000e+01   1.4537510e+01
   1.9000000e+01   1.4461119e+01
   2.0000000e+01   1.4384219e+01
   2.1000000e+01   1.4306727e+01
   2.2000000e+01   1.4229026e+01
   2.3000000e+01   1.4150501e+01
   2.4000000e+01   1.4070719e+01
   2.5000000e+01   1.3990197e+01
   2.6000000e+01   1.3910049e+01
   2.7000000e+01   1.3829989e+01
   2.8000000e+01   1.3749193e+01
   2.9000000e+01   1.3667788e+01
   3.0000000e+01   1.3585988e+01
   3.1000000e+01   1.3523226e+01
   3.2000000e+01   1.3458925e+01
   3.3000000e+01   1.3393154e+01
   3.4000000e+01   1.3325992e+01
   3.5000000e+01   1.3257224e+01
   3.6000000e+01   1.3187272e+01
   3.7000000e+01   1.3116327e+01
   3.8000000e+01   1.3044264e+01
   3.9000000e+01   1.2971146e+01
   4.0000000e+01   1.2897036e+01
   4.1000000e+01   1.2821717e+01
   4.2000000e+01   1.2745300e+01
   4.3000000e+01   1.2667789e+01
   4.4000000e+01   1.2589563e+01
   4.5000000e+01   1.2510871e+01
   4.6000000e+01   1.2431552e+01
   4.7000000e+01   1.2351390e+01
   4.8000000e+01   1.2270464e+01
   4.9000000e+01   1.2188790e+01
   5.0000000e+01   1.2106180e+01
   5.1000000e+01   1.2022948e+01
   5.2000000e+01   1.1939127e+01
   5.3000000e+01   1.1854518e+01
   5.4000000e+01   1.1769705e+01
   5.5000000e+01   1.1684455e+01
   5.6000000e+01   1.1598316e+01
   5.7000000e+01   1.1511582e+01
   5.8000000e+01   1.1425108e+01
   5.9000000e+01   1.1339486e+01
   6.0000000e+01   1.1253979e+01
   6.1000000e+01   1.1152887e+01
   6.2000000e+01   1.1051843e+01
   6.3000000e+01   1.0951168e+01
   6.4000000e+01   1.0850657e+01
   6.5000000e+01   1.0750069e+01
   6.6000000e+01   1.0649702e+01
   6.7000000e+01   1.0549629e+01
   6.8000000e+01   1.0449606e+01
   6.9000000e+01   1.0350184e+01
   7.0000000e+01   1.0251482e+01
   7.1000000e+01   1.0153209e+01
   7.2000000e+01   1.0055437e+01
   7.3000000e+01   9.9579048e+00
   7.4000000e+01   9.8606424e+00
   7.5000000e+01   9.7636843e+00
   7.6000000e+01   9.6670647e+00
   7.7000000e+01   9.5708046e+00
   7.8000000e+01   9.4748478e+00
   7.9000000e+01   9.3795986e+00
   8.0000000e+01   9.2850847e+00
   8.1000000e+01   9.1906681e+00
   8.2000000e+01   9.0964937e+00
   8.3000000e+01   9.0029287e+00
   8.4000000e+01   8.9098082e+00
   8.5000000e+01   8.8171568e+00
   8.6000000e+01   8.7249994e+00
   8.7000000e+01   8.6331215e+00
   8.8000000e+01   8.5414858e+00
   8.9000000e+01   8.4506493e+00
   9.0000000e+01   8.3606882e+00
   9.1000000e+01   8.2798214e+00
   9.2000000e+01   8.1989679e+00
   9.3000000e+01   8.1187344e+00
   9.4000000e+01   8.0386620e+00
   9.5000000e+01   7.9586687e+00
   9.6000000e+01   7.8793445e+00
   9.7000000e+01   7.8007002e+00
   9.8000000e+01   7.7227545e+00
   9.9000000e+01   7.6455235e+00
   1.0000000e+02   7.5685592e+00
   1.0100000e+02   7.4917970e+00
   1.0200000e+02   7.4157953e+00
   1.0300000e+02   7.3405623e+00
   1.0400000e+02   7.2661138e+00
   1.0500000e+02   7.1924629e+00
   1.0600000e+02   7.1196237e+00
   1.0700000e+02   7.0471530e+00
   1.0800000e+02   6.9745569e+00
   1.0900000e+02   6.9018507e+00
   1.1000000e+02   6.8292708e+00
   1.1100000e+02   6.7572918e+00
   1.1200000e+02   6.6859388e+00
   1.1300000e+02   6.6149836e+00
   1.1400000e+02   6.5444412e+00
   1.1500000e+02   6.4745388e+00
   1.1600000e+02   6.4050837e+00
   1.1700000e+02   6.3356414e+00
   1.1800000e+02   6.2663379e+00
   1.1900000e+02   6.1971927e+00
   1.2000000e+02   6.1288915e+00
   1.2100000e+02   6.0475121e+00
   1.2200000e+02   5.9670038e+00
   1.2300000e+02   5.8871818e+00
   1.2400000e+02   5.8076425e+00
   1.2500000e+02   5.7287874e+00
   1.2600000e+02   5.6509948e+00
   1.2700000e+02   5.5740395e+00
   1.2800000e+02   5.4979568e+00
   1.2900000e+02   5.4229617e+00
   1.3000000e+02   5.3490548e+00
   1.3100000e+02   5.2760539e+00
   1.3200000e+02   5.2037845e+00
   1.3300000e+02   5.1322575e+00
   1.3400000e+02   5.0616522e+00
   1.3500000e+02   4.9921393e+00
   1.3600000e+02   4.9234166e+00
   1.3700000e+02   4.8553514e+00
   1.3800000e+02   4.7879939e+00
   1.3900000e+02   4.7215238e+00
   1.4000000e+02   4.6559410e+00
   1.4100000e+02   4.5911012e+00
   1.4200000e+02   4.5268512e+00
   1.4300000e+02   4.4633684e+00
   1.4400000e+02   4.4009466e+00
   1.4500000e+02   4.3395901e+00
   1.4600000e+02   4.2791476e+00
   1.4700000e+02   4.2194901e+00
   1.4800000e+02   4.1606255e+00
   1.4900000e+02   4.1027060e+00
   1.5000000e+02   4.0458593e+00
   1.5100000e+02   3.9898353e+00
   1.5200000e+02   3.9350257e+00
   1.5300000e+02   3.8814270e+00
   1.5400000e+02   3.8290374e+00
   1.5500000e+02   3.7778561e+00
   1.5600000e+02   3.7278814e+00
   1.5700000e+02   3.6790113e+00
   1.5800000e+02   3.6310503e+00
   1.5900000e+02   3.5842423e+00
   1.6000000e+02   3.5385892e+00
   1.6100000e+02   3.4940903e+00
   1.6200000e+02   3.4507458e+00
   1.6300000e+02   3.4085536e+00
   1.6400000e+02   3.3673785e+00
   1.6500000e+02   3.3270121e+00
   1.6600000e+02   3.2878668e+00
   1.6700000e+02   3.2499387e+00
   1.6800000e+02   3.2132208e+00
   1.6900000e+02   3.1777060e+00
   1.7000000e+02   3.1433876e+00
   1.7100000e+02   3.1102586e+00
   1.7200000e+02   3.0783117e+00
   1.7300000e+02   3.0474765e+00
   1.7400000e+02   3.0177641e+00
   1.7500000e+02   2.9892063e+00
   1.7600000e+02   2.9617949e+00
   1.7700000e+02   2.9355214e+00
   1.7800000e+02   2.9103785e+00
   1.7900000e+02   2.8863580e+00
   1.8000000e+02   2.8634531e+00
   1.8100000e+02   2.8446968e+00
   1.8200000e+02   2.8262594e+00
   1.8300000e+02   2.8085494e+00
   1.8400000e+02   2.7920530e+00
   1.8500000e+02   2.7767560e+00
   1.8600000e+02   2.7626402e+00
   1.8700000e+02   2.7496896e+00
   1.8800000e+02   2.7378893e+00
   1.8900000e+02   2.7272232e+00
   1.9000000e+02   2.7176759e+00
   1.9100000e+02   2.7092309e+00
   1.9200000e+02   2.7018726e+00
   1.9300000e+02   2.6955850e+00
   1.9400000e+02   2.6903510e+00
   1.9500000e+02   2.6861553e+00
   1.9600000e+02   2.6829824e+00
   1.9700000e+02   2.6808124e+00
   1.9800000e+02   2.6795783e+00
   1.9900000e+02   2.6793351e+00
   2.0000000e+02   2.6796973e+00
   2.0100000e+02   2.6808786e+00
   2.0200000e+02   2.6829739e+00
   2.0300000e+02   2.6859703e+00
   2.0400000e+02   2.6898572e+00
   2.0500000e+02   2.6946230e+00
   2.0600000e+02   2.7002566e+00
   2.0700000e+02   2.7067463e+00
   2.0800000e+02   2.7140806e+00
   2.0900000e+02   2.7222486e+00
   2.1000000e+02   2.7312396e+00
   2.1100000e+02   2.7449226e+00
   2.1200000e+02   2.7596195e+00
   2.1300000e+02   2.7753129e+00
   2.1400000e+02   2.7919879e+00
   2.1500000e+02   2.8096292e+00
   2.1600000e+02   2.8348384e+00
   2.1700000e+02   2.8633127e+00
   2.1800000e+02   2.8929002e+00
   2.1900000e+02   2.9235525e+00
   2.2000000e+02   2.9552193e+00
   2.2100000e+02   2.9879353e+00
   2.2200000e+02   3.0216911e+00
   2.2300000e+02   3.0564165e+00
   2.2400000e+02   3.0919068e+00
   2.2500000e+02   3.1284347e+00
   2.2600000e+02   3.1660128e+00
   2.2700000e+02   3.2046323e+00
   2.2800000e+02   3.2442794e+00
   2.2900000e+02   3.2849414e+00
   2.3000000e+02   3.3266056e+00
   2.3100000e+02   3.3692577e+00
   2.3200000e+02   3.4128838e+00
   2.3300000e+02   3.4574661e+00
   2.3400000e+02   3.5029891e+00
   2.3500000e+02   3.5494373e+00
   2.3600000e+02   3.5967956e+00
   2.3700000e+02   3.6450503e+00
   2.3800000e+02   3.6941864e+00
   2.3900000e+02   3.7441883e+00
   2.4000000e+02   3.7950404e+00
   2.4100000e+02   3.8457594e+00
   2.4200000e+02   3.8973720e+00
   2.4300000e+02   3.9500713e+00
   2.4400000e+02   4.0036082e+00
   2.4500000e+02   4.0579696e+00
   2.4600000e+02   4.1131411e+00
   2.4700000e+02   4.1691103e+00
   2.4800000e+02   4.2258644e+00
   2.4900000e+02   4.2833896e+00
   2.5000000e+02   4.3416719e+00
   2.5100000e+02   4.4006972e+00
   2.5200000e+02   4.4604096e+00
   2.5300000e+02   4.5207529e+00
   2.5400000e+02   4.5818081e+00
   2.5500000e+02   4.6435585e+00
   2.5600000e+02   4.7059860e+00
   2.5700000e+02   4.7690730e+00
   2.5800000e+02   4.8328009e+00
   2.5900000e+02   4.8971524e+00
   2.6000000e+02   4.9621086e+00
   2.6100000e+02   5.0276489e+00
   2.6200000e+02   5.0937548e+00
   2.6300000e+02   5.1604047e+00
   2.6400000e+02   5.2275786e+00
   2.6500000e+02   5.2952547e+00
   2.6600000e+02   5.3634124e+00
   2.6700000e+02   5.4320297e+00
   2.6800000e+02   5.5010834e+00
   2.6900000e+02   5.5705509e+00
   2.7000000e+02   5.6404090e+00
   2.7100000e+02   5.7113070e+00
   2.7200000e+02   5.7823195e+00
   2.7300000e+02   5.8534465e+00
   2.7400000e+02   5.9246659e+00
   2.7500000e+02   5.9959579e+00
   2.7600000e+02   6.0672975e+00
   2.7700000e+02   6.1386628e+00
   2.7800000e+02   6.2100310e+00
   2.7900000e+02   6.2813787e+00
   2.8000000e+02   6.3526826e+00
   2.8100000e+02   6.4239178e+00
   2.8200000e+02   6.4950595e+00
   2.8300000e+02   6.5660720e+00
   2.8400000e+02   6.6369452e+00
   2.8500000e+02   6.7076550e+00
   2.8600000e+02   6.7781749e+00
   2.8700000e+02   6.8484788e+00
   2.8800000e+02   6.9185414e+00
   2.8900000e+02   6.9883347e+00
   2.9000000e+02   7.0578318e+00
   2.9100000e+02   7.1270051e+00
   2.9200000e+02   7.1958270e+00
   2.9300000e+02   7.2642698e+00
   2.9400000e+02   7.3323050e+00
   2.9500000e+02   7.3999047e+00
   2.9600000e+02   7.4670391e+00
   2.9700000e+02   7.5336795e+00
   2.9800000e+02   7.5997968e+00
   2.9900000e+02   7.6653609e+00
   3.0000000e+02   7.7303424e+00
   3.0100000e+02   7.7945261e+00
   3.0200000e+02   7.8580127e+00
   3.0300000e+02   7.9207435e+00
   3.0400000e+02   7.9826884e+00
   3.0500000e+02   8.0438156e+00
   3.0600000e+02   8.1040945e+00
   3.0700000e+02   8.1634932e+00
   3.0800000e+02   8.2219810e+00
   3.0900000e+02   8.2795267e+00
   3.1000000e+02   8.3360987e+00
   3.1100000e+02   8.3916664e+00
   3.1200000e+02   8.4461985e+00
   3.1300000e+02   8.4996643e+00
   3.1400000e+02   8.5520363e+00
   3.1500000e+02   8.6032858e+00
   3.1600000e+02   8.6533775e+00
   3.1700000e+02   8.7022820e+00
   3.1800000e+02   8.7499676e+00
   3.1900000e+02   8.7964067e+00
   3.2000000e+02   8.8415699e+00
   3.2100000e+02   8.8854275e+00
   3.2200000e+02   8.9279518e+00
   3.2300000e+02   8.9691143e+00
   3.2400000e+02   9.0088873e+00
   3.2500000e+02   9.0472431e+00
   3.2600000e+02   9.0841570e+00
   3.2700000e+02   9.1196012e+00
   3.2800000e+02   9.1535521e+00
   3.2900000e+02   9.1859846e+00
   3.3000000e+02   9.2168760e+00
   3.3100000e+02   9.2326727e+00
   3.3200000e+02   9.2467899e+00
   3.3300000e+02   9.2592087e+00
   3.3400000e+02   9.2699089e+00
   3.3500000e+02   9.2788734e+00
   3.3600000e+02   9.2860861e+00
   3.3700000e+02   9.2915287e+00
   3.3800000e+02   9.2951870e+00
   3.3900000e+02   9.2970467e+00
   3.4000000e+02   9.2970943e+00
   3.4100000e+02   9.2953167e+00
   3.4200000e+02   9.2917061e+00
   3.4300000e+02   9.2862501e+00
   3.4400000e+02   9.2789402e+00
   3.4500000e+02   9.2697687e+00
   3.4600000e+02   9.2587299e+00
   3.4700000e+02   9.2458172e+00
   3.4800000e+02   9.2310257e+00
   3.4900000e+02   9.2143536e+00
   3.5000000e+02   9.1957989e+00
   3.5100000e+02   9.1753597e+00
   3.5200000e+02   9.1530371e+00
   3.5300000e+02   9.1288338e+00
   3.5400000e+02   9.1027498e+00
   3.5500000e+02   9.0747919e+00
   3.5600000e+02   9.0449648e+00
   3.5700000e+02   9.0132742e+00
   3.5800000e+02   8.9797297e+00
   3.5900000e+02   8.9443398e+00
   2.6219766e-08   8.9071131e+00
