   0.0000000e+00   0.0000000e+00
   1.0000000e+00   5.2776432e-04
   2.0000000e+00   1.9718283e-03
   3.0000000e+00   3.4219343e-03
   4.0000000e+00   4.8919762e-03
   5.0000000e+00   6.3425214e-03
   6.0000000e+00   7.7676442e-03
   7.0000000e+00   9.1771819e-03
   8.0000000e+00   1.0593977e-02
   9.0000000e+00   1.1977898e-02
   1.0000000e+01   1.3290353e-02
   1.1000000e+01   1.4567380e-02
   1.2000000e+01   1.5822738e-02
   1.3000000e+01   1.7034555e-02
   1.4000000e+01   1.8190708e-02
   1.5000000e+01   1.9326026e-02
   1.6000000e+01   2.0407580e-02
   1.7000000e+01   2.1480508e-02
   1.8000000e+01   2.2535812e-02
   1.9000000e+01   2.3584524e-02
   2.0000000e+01   2.4583057e-02
   2.1000000e+01   2.5562996e-02
   2.2000000e+01   2.6492713e-02
   2.3000000e+01   2.7414875e-02
   2.4000000e+01   2.8320050e-02
   2.5000000e+01   2.9197315e-02
   2.6000000e+01   3.0015692e-02
   2.7000000e+01   3.0805880e-02
   2.8000000e+01   3.1579502e-02
   2.9000000e+01   3.2326575e-02
   3.0000000e+01   3.3047136e-02
   3.1000000e+01   3.3802915e-02
   3.2000000e+01   3.4544323e-02
   3.3000000e+01   3.5271365e-02
   3.4000000e+01   3.5984043e-02
   3.5000000e+01   3.6692560e-02
   3.6000000e+01   3.7377510e-02
   3.7000000e+01   3.8048506e-02
   3.8000000e+01   3.8705867e-02
   3.9000000e+01   3.9349645e-02
   4.0000000e+01   3.9980054e-02
   4.1000000e+01   4.0607013e-02
   4.2000000e+01   4.1221052e-02
   4.3000000e+01   4.1831844e-02
   4.4000000e+01   4.2420287e-02
   4.5000000e+01   4.2995736e-02
   4.6000000e+01   4.3558370e-02
   4.7000000e+01   4.4118036e-02
   4.8000000e+01   4.4665426e-02
   4.9000000e+01   4.5210127e-02
   5.0000000e+01   4.5752406e-02
   5.1000000e+01   4.6282683e-02
   5.2000000e+01   4.6810482e-02
   5.3000000e+01   4.7336057e-02
   5.4000000e+01   4.7840249e-02
   5.5000000e+01   4.8351355e-02
   5.6000000e+01   4.8860401e-02
   5.7000000e+01   4.9367286e-02
   5.8000000e+01   4.9843304e-02
   5.9000000e+01   5.0297584e-02
   6.0000000e+01   5.0749678e-02
   6.1000000e+01   5.1076252e-02
   6.2000000e+01   5.1390518e-02
   6.3000000e+01   5.1692437e-02
   6.4000000e+01   5.1991668e-02
   6.5000000e+01   5.2288447e-02
   6.6000000e+01   5.2573469e-02
   6.7000000e+01   5.2856095e-02
   6.8000000e+01   5.3136528e-02
   6.9000000e+01   5.3396206e-02
   7.0000000e+01   5.3653684e-02
   7.1000000e+01   5.3900052e-02
   7.2000000e+01   5.4144561e-02
   7.3000000e+01   5.4387439e-02
   7.4000000e+01   5.4628711e-02
   7.5000000e+01   5.4868404e-02
   7.6000000e+01   5.5106558e-02
   7.7000000e+01   5.5343185e-02
   7.8000000e+01   5.5578344e-02
   7.9000000e+01   5.5802897e-02
   8.0000000e+01   5.6028884e-02
   8.1000000e+01   5.6265347e-02
   8.2000000e+01   5.6503318e-02
   8.3000000e+01   5.6742936e-02
   8.4000000e+01   5.6984231e-02
   8.5000000e+01   5.7227220e-02
   8.6000000e+01   5.7471916e-02
   8.7000000e+01   5.7727322e-02
   8.8000000e+01   5.7984531e-02
   8.9000000e+01   5.8234744e-02
   9.0000000e+01   5.8486931e-02
   9.1000000e+01   5.8710456e-02
   9.2000000e+01   5.8936518e-02
   9.3000000e+01   5.9165381e-02
   9.4000000e+01   5.9414890e-02
   9.5000000e+01   5.9667405e-02
   9.6000000e+01   5.9923206e-02
   9.7000000e+01   6.0182333e-02
   9.8000000e+01   6.0444839e-02
   9.9000000e+01   6.0710791e-02
   1.0000000e+02   6.0997963e-02
   1.0100000e+02   6.1288804e-02
   1.0200000e+02   6.1583586e-02
   1.0300000e+02   6.1882347e-02
   1.0400000e+02   6.2185131e-02
   1.0500000e+02   6.2491991e-02
   1.0600000e+02   6.2802970e-02
   1.0700000e+02   6.3135743e-02
   1.0800000e+02   6.3490465e-02
   1.0900000e+02   6.3867509e-02
   1.1000000e+02   6.4258501e-02
   1.1100000e+02   6.4655215e-02
   1.1200000e+02   6.5066397e-02
   1.1300000e+02   6.5492131e-02
   1.1400000e+02   6.5932594e-02
   1.1500000e+02   6.6379510e-02
   1.1600000e+02   6.6849850e-02
   1.1700000e+02   6.7343697e-02
   1.1800000e+02   6.7853235e-02
   1.1900000e+02   6.8370499e-02
   1.2000000e+02   6.8895563e-02
   1.2100000e+02   6.9420643e-02
   1.2200000e+02   6.9952033e-02
   1.2300000e+02   7.0505828e-02
   1.2400000e+02   7.1081884e-02
   1.2500000e+02   7.1664810e-02
   1.2600000e+02   7.2254650e-02
   1.2700000e+02   7.2859131e-02
   1.2800000e+02   7.3470727e-02
   1.2900000e+02   7.4089468e-02
   1.3000000e+02   7.4715294e-02
   1.3100000e+02   7.5355731e-02
   1.3200000e+02   7.6010644e-02
   1.3300000e+02   7.6680042e-02
   1.3400000e+02   7.7356830e-02
   1.3500000e+02   7.8040957e-02
   1.3600000e+02   7.8732371e-02
   1.3700000e+02   7.9438075e-02
   1.3800000e+02   8.0157958e-02
   1.3900000e+02   8.0884941e-02
   1.4000000e+02   8.1625760e-02
   1.4100000e+02   8.2380243e-02
   1.4200000e+02   8.3154954e-02
   1.4300000e+02   8.3936848e-02
   1.4400000e+02   8.4725775e-02
   1.4500000e+02   8.5521661e-02
   1.4600000e+02   8.6330704e-02
   1.4700000e+02   8.7152824e-02
   1.4800000e+02   8.7987818e-02
   1.4900000e+02   8.8829651e-02
   1.5000000e+02   8.9678131e-02
   1.5100000e+02   9.0482235e-02
   1.5200000e+02   9.1293111e-02
   1.5300000e+02   9.2110693e-02
   1.5400000e+02   9.2934839e-02
   1.5500000e+02   9.3765438e-02
   1.5600000e+02   9.4602369e-02
   1.5700000e+02   9.5445596e-02
   1.5800000e+02   9.6294977e-02
   1.5900000e+02   9.7150236e-02
   1.6000000e+02   9.8011263e-02
   1.6100000e+02   9.8877922e-02
   1.6200000e+02   9.9750087e-02
   1.6300000e+02   1.0062762e-01
   1.6400000e+02   1.0151049e-01
   1.6500000e+02   1.0239857e-01
   1.6600000e+02   1.0329166e-01
   1.6700000e+02   1.0418969e-01
   1.6800000e+02   1.0509258e-01
   1.6900000e+02   1.0600027e-01
   1.7000000e+02   1.0691267e-01
   1.7100000e+02   1.0782973e-01
   1.7200000e+02   1.0875136e-01
   1.7300000e+02   1.0967755e-01
   1.7400000e+02   1.1060820e-01
   1.7500000e+02   1.1154323e-01
   1.7600000e+02   1.1248267e-01
   1.7700000e+02   1.1342643e-01
   1.7800000e+02   1.1437449e-01
   1.7900000e+02   1.1532678e-01
   1.8000000e+02   1.1628325e-01
   1.8100000e+02   1.1719403e-01
   1.8200000e+02   1.1811013e-01
   1.8300000e+02   1.1903131e-01
   1.8400000e+02   1.1995745e-01
   1.8500000e+02   1.2088861e-01
   1.8600000e+02   1.2182487e-01
   1.8700000e+02   1.2276622e-01
   1.8800000e+02   1.2371265e-01
   1.8900000e+02   1.2466420e-01
   1.9000000e+02   1.2562093e-01
   1.9100000e+02   1.2658288e-01
   1.9200000e+02   1.2755010e-01
   1.9300000e+02   1.2852263e-01
   1.9400000e+02   1.2950058e-01
   1.9500000e+02   1.3048400e-01
   1.9600000e+02   1.3147292e-01
   1.9700000e+02   1.3246734e-01
   1.9800000e+02   1.3346738e-01
   1.9900000e+02   1.3447303e-01
   2.0000000e+02   1.3548437e-01
   2.0100000e+02   1.3650133e-01
   2.0200000e+02   1.3752404e-01
   2.0300000e+02   1.3855244e-01
   2.0400000e+02   1.3958654e-01
   2.0500000e+02   1.4062627e-01
   2.0600000e+02   1.4167166e-01
   2.0700000e+02   1.4272271e-01
   2.0800000e+02   1.4377938e-01
   2.0900000e+02   1.4484167e-01
   2.1000000e+02   1.4590953e-01
   2.1100000e+02   1.4672640e-01
   2.1200000e+02   1.4754532e-01
   2.1300000e+02   1.4836636e-01
   2.1400000e+02   1.4918965e-01
   2.1500000e+02   1.5001522e-01
   2.1600000e+02   1.5056370e-01
   2.1700000e+02   1.5110385e-01
   2.1800000e+02   1.5163839e-01
   2.1900000e+02   1.5216742e-01
   2.2000000e+02   1.5269093e-01
   2.2100000e+02   1.5320890e-01
   2.2200000e+02   1.5372127e-01
   2.2300000e+02   1.5422809e-01
   2.2400000e+02   1.5472935e-01
   2.2500000e+02   1.5522493e-01
   2.2600000e+02   1.5571488e-01
   2.2700000e+02   1.5619920e-01
   2.2800000e+02   1.5667801e-01
   2.2900000e+02   1.5715136e-01
   2.3000000e+02   1.5761927e-01
   2.3100000e+02   1.5808181e-01
   2.3200000e+02   1.5853913e-01
   2.3300000e+02   1.5899140e-01
   2.3400000e+02   1.5943870e-01
   2.3500000e+02   1.5988114e-01
   2.3600000e+02   1.6031884e-01
   2.3700000e+02   1.6075180e-01
   2.3800000e+02   1.6118012e-01
   2.3900000e+02   1.6160390e-01
   2.4000000e+02   1.6202322e-01
   2.4100000e+02   1.6228375e-01
   2.4200000e+02   1.6253743e-01
   2.4300000e+02   1.6278428e-01
   2.4400000e+02   1.6302443e-01
   2.4500000e+02   1.6325790e-01
   2.4600000e+02   1.6348472e-01
   2.4700000e+02   1.6370493e-01
   2.4800000e+02   1.6391847e-01
   2.4900000e+02   1.6412537e-01
   2.5000000e+02   1.6432562e-01
   2.5100000e+02   1.6451925e-01
   2.5200000e+02   1.6470629e-01
   2.5300000e+02   1.6488676e-01
   2.5400000e+02   1.6506071e-01
   2.5500000e+02   1.6522820e-01
   2.5600000e+02   1.6538924e-01
   2.5700000e+02   1.6554391e-01
   2.5800000e+02   1.6569227e-01
   2.5900000e+02   1.6583437e-01
   2.6000000e+02   1.6597025e-01
   2.6100000e+02   1.6609997e-01
   2.6200000e+02   1.6622362e-01
   2.6300000e+02   1.6634125e-01
   2.6400000e+02   1.6645293e-01
   2.6500000e+02   1.6655873e-01
   2.6600000e+02   1.6665871e-01
   2.6700000e+02   1.6675293e-01
   2.6800000e+02   1.6684149e-01
   2.6900000e+02   1.6692445e-01
   2.7000000e+02   1.6700187e-01
   2.7100000e+02   1.6712844e-01
   2.7200000e+02   1.6725428e-01
   2.7300000e+02   1.6737927e-01
   2.7400000e+02   1.6750336e-01
   2.7500000e+02   1.6762649e-01
   2.7600000e+02   1.6774866e-01
   2.7700000e+02   1.6786988e-01
   2.7800000e+02   1.6799003e-01
   2.7900000e+02   1.6810909e-01
   2.8000000e+02   1.6822694e-01
   2.8100000e+02   1.6834363e-01
   2.8200000e+02   1.6845909e-01
   2.8300000e+02   1.6857320e-01
   2.8400000e+02   1.6868593e-01
   2.8500000e+02   1.6879719e-01
   2.8600000e+02   1.6890694e-01
   2.8700000e+02   1.6901509e-01
   2.8800000e+02   1.6912164e-01
   2.8900000e+02   1.6922650e-01
   2.9000000e+02   1.6932966e-01
   2.9100000e+02   1.6943103e-01
   2.9200000e+02   1.6953059e-01
   2.9300000e+02   1.6962828e-01
   2.9400000e+02   1.6972405e-01
   2.9500000e+02   1.6981784e-01
   2.9600000e+02   1.6990963e-01
   2.9700000e+02   1.6999936e-01
   2.9800000e+02   1.7008699e-01
   2.9900000e+02   1.7017248e-01
   3.0000000e+02   1.7025578e-01
   3.0100000e+02   1.7037190e-01
   3.0200000e+02   1.7048879e-01
   3.0300000e+02   1.7060646e-01
   3.0400000e+02   1.7072488e-01
   3.0500000e+02   1.7084402e-01
   3.0600000e+02   1.7096384e-01
   3.0700000e+02   1.7108428e-01
   3.0800000e+02   1.7120536e-01
   3.0900000e+02   1.7132698e-01
   3.1000000e+02   1.7144914e-01
   3.1100000e+02   1.7157179e-01
   3.1200000e+02   1.7169493e-01
   3.1300000e+02   1.7181848e-01
   3.1400000e+02   1.7194244e-01
   3.1500000e+02   1.7206676e-01
   3.1600000e+02   1.7219147e-01
   3.1700000e+02   1.7231651e-01
   3.1800000e+02   1.7244190e-01
   3.1900000e+02   1.7256761e-01
   3.2000000e+02   1.7269358e-01
   3.2100000e+02   1.7281984e-01
   3.2200000e+02   1.7294632e-01
   3.2300000e+02   1.7307307e-01
   3.2400000e+02   1.7320006e-01
   3.2500000e+02   1.7332722e-01
   3.2600000e+02   1.7345460e-01
   3.2700000e+02   1.7358215e-01
   3.2800000e+02   1.7370985e-01
   3.2900000e+02   1.7383771e-01
   3.3000000e+02   1.7396568e-01
   3.3100000e+02   1.7455614e-01
   3.3200000e+02   1.7514777e-01
   3.3300000e+02   1.7574051e-01
   3.3400000e+02   1.7633437e-01
   3.3500000e+02   1.7692928e-01
   3.3600000e+02   1.7752522e-01
   3.3700000e+02   1.7812218e-01
   3.3800000e+02   1.7872009e-01
   3.3900000e+02   1.7931892e-01
   3.4000000e+02   1.7991866e-01
   3.4100000e+02   1.8051927e-01
   3.4200000e+02   1.8112071e-01
   3.4300000e+02   1.8172295e-01
   3.4400000e+02   1.8232596e-01
   3.4500000e+02   1.8292974e-01
   3.4600000e+02   1.8353420e-01
   3.4700000e+02   1.8413937e-01
   3.4800000e+02   1.8474521e-01
   3.4900000e+02   1.8535164e-01
   3.5000000e+02   1.8595871e-01
   3.5100000e+02   1.8656637e-01
   3.5200000e+02   1.8717456e-01
   3.5300000e+02   1.8778332e-01
   3.5400000e+02   1.8839258e-01
   3.5500000e+02   1.8900232e-01
   3.5600000e+02   1.8961254e-01
   3.5700000e+02   1.9022317e-01
   3.5800000e+02   1.9083424e-01
   3.5900000e+02   1.9144571e-01
   2.6219766e-08   1.9205758e-01
