   0.0000000e+00   1.4719971e+04
   1.0000000e+00   2.4052672e+04
   2.0000000e+00   2.4025971e+04
   3.0000000e+00   2.4011346e+04
   4.0000000e+00   2.3998334e+04
   5.0000000e+00   2.3987371e+04
   6.0000000e+00   2.3978049e+04
   7.0000000e+00   2.3970199e+04
   8.0000000e+00   2.3963721e+04
   9.0000000e+00   2.3959188e+04
   1.0000000e+01   2.3956438e+04
   1.1000000e+01   2.3954734e+04
   1.2000000e+01   2.3954355e+04
   1.3000000e+01   2.3955617e+04
   1.4000000e+01   2.3958355e+04
   1.5000000e+01   2.3962143e+04
   1.6000000e+01   2.3967611e+04
   1.7000000e+01   2.3974021e+04
   1.8000000e+01   2.3981947e+04
   1.9000000e+01   2.3991189e+04
   2.0000000e+01   2.4002205e+04
   2.1000000e+01   2.4014234e+04
   2.2000000e+01   2.4027869e+04
   2.3000000e+01   2.4042406e+04
   2.4000000e+01   2.4058396e+04
   2.5000000e+01   2.4075801e+04
   2.6000000e+01   2.4094715e+04
   2.7000000e+01   2.4114527e+04
   2.8000000e+01   2.4135492e+04
   2.9000000e+01   2.4157807e+04
   3.0000000e+01   2.4181336e+04
   3.1000000e+01   2.4192736e+04
   3.2000000e+01   2.4205691e+04
   3.3000000e+01   2.4220176e+04
   3.4000000e+01   2.4236154e+04
   3.5000000e+01   2.4253518e+04
   3.6000000e+01   2.4272516e+04
   3.7000000e+01   2.4292777e+04
   3.8000000e+01   2.4314400e+04
   3.9000000e+01   2.4337355e+04
   4.0000000e+01   2.4361613e+04
   4.1000000e+01   2.4387068e+04
   4.2000000e+01   2.4413918e+04
   4.3000000e+01   2.4441912e+04
   4.4000000e+01   2.4471324e+04
   4.5000000e+01   2.4501748e+04
   4.6000000e+01   2.4533301e+04
   4.7000000e+01   2.4565883e+04
   4.8000000e+01   2.4599705e+04
   4.9000000e+01   2.4634512e+04
   5.0000000e+01   2.4670445e+04
   5.1000000e+01   2.4707555e+04
   5.2000000e+01   2.4745574e+04
   5.3000000e+01   2.4784652e+04
   5.4000000e+01   2.4824912e+04
   5.5000000e+01   2.4865750e+04
   5.6000000e+01   2.4907758e+04
   5.7000000e+01   2.4950736e+04
   5.8000000e+01   2.4994871e+04
   5.9000000e+01   2.5039484e+04
   6.0000000e+01   2.5084582e+04
   6.1000000e+01   2.5145787e+04
   6.2000000e+01   2.5207982e+04
   6.3000000e+01   2.5270936e+04
   6.4000000e+01   2.5334541e+04
   6.5000000e+01   2.5398979e+04
   6.6000000e+01   2.5464291e+04
   6.7000000e+01   2.5530170e+04
   6.8000000e+01   2.5596801e+04
   6.9000000e+01   2.5664289e+04
   7.0000000e+01   2.5732020e+04
   7.1000000e+01   2.5800475e+04
   7.2000000e+01   2.5869334e+04
   7.3000000e+01   2.5938797e+04
   7.4000000e+01   2.6008850e+04
   7.5000000e+01   2.6079463e+04
   7.6000000e+01   2.6150611e+04
   7.7000000e+01   2.6222283e+04
   7.8000000e+01   2.6294525e+04
   7.9000000e+01   2.6367270e+04
   8.0000000e+01   2.6440139e+04
   8.1000000e+01   2.6513400e+04
   8.2000000e+01   2.6587184e+04
   8.3000000e+01   2.6661176e+04
   8.4000000e+01   2.6735525e+04
   8.5000000e+01   2.6810207e+04
   8.6000000e+01   2.6885197e+04
   8.7000000e+01   2.6960410e+04
   8.8000000e+01   2.7036143e+04
   8.9000000e+01   2.7112174e+04
   9.0000000e+01   2.7188162e+04
   9.1000000e+01   2.7255117e+04
   9.2000000e+01   2.7322674e+04
   9.3000000e+01   2.7390287e+04
   9.4000000e+01   2.7457820e+04
   9.5000000e+01   2.7525879e+04
   9.6000000e+01   2.7593924e+04
   9.7000000e+01   2.7661934e+04
   9.8000000e+01   2.7729885e+04
   9.9000000e+01   2.7797754e+04
   1.0000000e+02   2.7865398e+04
   1.0100000e+02   2.7933410e+04
   1.0200000e+02   2.8001262e+04
   1.0300000e+02   2.8068932e+04
   1.0400000e+02   2.8136398e+04
   1.0500000e+02   2.8203633e+04
   1.0600000e+02   2.8270611e+04
   1.0700000e+02   2.8337199e+04
   1.0800000e+02   2.8403854e+04
   1.0900000e+02   2.8470549e+04
   1.1000000e+02   2.8537313e+04
   1.1100000e+02   2.8603936e+04
   1.1200000e+02   2.8670115e+04
   1.1300000e+02   2.8736061e+04
   1.1400000e+02   2.8801742e+04
   1.1500000e+02   2.8867186e+04
   1.1600000e+02   2.8932039e+04
   1.1700000e+02   2.8996725e+04
   1.1800000e+02   2.9061365e+04
   1.1900000e+02   2.9126215e+04
   1.2000000e+02   2.9190543e+04
   1.2100000e+02   2.9269682e+04
   1.2200000e+02   2.9348490e+04
   1.2300000e+02   2.9426631e+04
   1.2400000e+02   2.9504514e+04
   1.2500000e+02   2.9582203e+04
   1.2600000e+02   2.9659277e+04
   1.2700000e+02   2.9735699e+04
   1.2800000e+02   2.9811660e+04
   1.2900000e+02   2.9886916e+04
   1.3000000e+02   2.9961445e+04
   1.3100000e+02   3.0035174e+04
   1.3200000e+02   3.0108285e+04
   1.3300000e+02   3.0180746e+04
   1.3400000e+02   3.0252574e+04
   1.3500000e+02   3.0323561e+04
   1.3600000e+02   3.0394041e+04
   1.3700000e+02   3.0463908e+04
   1.3800000e+02   3.0533090e+04
   1.3900000e+02   3.0601594e+04
   1.4000000e+02   3.0669174e+04
   1.4100000e+02   3.0735982e+04
   1.4200000e+02   3.0801949e+04
   1.4300000e+02   3.0867307e+04
   1.4400000e+02   3.0931688e+04
   1.4500000e+02   3.0995066e+04
   1.4600000e+02   3.1057387e+04
   1.4700000e+02   3.1118793e+04
   1.4800000e+02   3.1179256e+04
   1.4900000e+02   3.1238787e+04
   1.5000000e+02   3.1297207e+04
   1.5100000e+02   3.1356475e+04
   1.5200000e+02   3.1414389e+04
   1.5300000e+02   3.1470934e+04
   1.5400000e+02   3.1526090e+04
   1.5500000e+02   3.1579842e+04
   1.5600000e+02   3.1632170e+04
   1.5700000e+02   3.1683172e+04
   1.5800000e+02   3.1733084e+04
   1.5900000e+02   3.1781594e+04
   1.6000000e+02   3.1828682e+04
   1.6100000e+02   3.1874334e+04
   1.6200000e+02   3.1918531e+04
   1.6300000e+02   3.1961262e+04
   1.6400000e+02   3.2002684e+04
   1.6500000e+02   3.2043068e+04
   1.6600000e+02   3.2081846e+04
   1.6700000e+02   3.2119002e+04
   1.6800000e+02   3.2154527e+04
   1.6900000e+02   3.2188418e+04
   1.7000000e+02   3.2220664e+04
   1.7100000e+02   3.2251260e+04
   1.7200000e+02   3.2280197e+04
   1.7300000e+02   3.2307535e+04
   1.7400000e+02   3.2333258e+04
   1.7500000e+02   3.2357307e+04
   1.7600000e+02   3.2379688e+04
   1.7700000e+02   3.2400389e+04
   1.7800000e+02   3.2419418e+04
   1.7900000e+02   3.2436764e+04
   1.8000000e+02   3.2452430e+04
   1.8100000e+02   3.2464059e+04
   1.8200000e+02   3.2475055e+04
   1.8300000e+02   3.2484840e+04
   1.8400000e+02   3.2492725e+04
   1.8500000e+02   3.2498719e+04
   1.8600000e+02   3.2502826e+04
   1.8700000e+02   3.2505061e+04
   1.8800000e+02   3.2505436e+04
   1.8900000e+02   3.2503959e+04
   1.9000000e+02   3.2500650e+04
   1.9100000e+02   3.2495514e+04
   1.9200000e+02   3.2488561e+04
   1.9300000e+02   3.2479809e+04
   1.9400000e+02   3.2469270e+04
   1.9500000e+02   3.2456955e+04
   1.9600000e+02   3.2442883e+04
   1.9700000e+02   3.2427076e+04
   1.9800000e+02   3.2409598e+04
   1.9900000e+02   3.2390395e+04
   2.0000000e+02   3.2369992e+04
   2.0100000e+02   3.2348088e+04
   2.0200000e+02   3.2324545e+04
   2.0300000e+02   3.2299381e+04
   2.0400000e+02   3.2272619e+04
   2.0500000e+02   3.2244260e+04
   2.0600000e+02   3.2214326e+04
   2.0700000e+02   3.2182830e+04
   2.0800000e+02   3.2149789e+04
   2.0900000e+02   3.2115219e+04
   2.1000000e+02   3.2079139e+04
   2.1100000e+02   3.2045766e+04
   2.1200000e+02   3.2010750e+04
   2.1300000e+02   3.1974111e+04
   2.1400000e+02   3.1935873e+04
   2.1500000e+02   3.1896061e+04
   2.1600000e+02   3.1856162e+04
   2.1700000e+02   3.1812057e+04
   2.1800000e+02   3.1766531e+04
   2.1900000e+02   3.1719656e+04
   2.2000000e+02   3.1671508e+04
   2.2100000e+02   3.1622053e+04
   2.2200000e+02   3.1571307e+04
   2.2300000e+02   3.1519381e+04
   2.2400000e+02   3.1466553e+04
   2.2500000e+02   3.1412463e+04
   2.2600000e+02   3.1357111e+04
   2.2700000e+02   3.1300518e+04
   2.2800000e+02   3.1242709e+04
   2.2900000e+02   3.1183707e+04
   2.3000000e+02   3.1123541e+04
   2.3100000e+02   3.1062238e+04
   2.3200000e+02   3.0999826e+04
   2.3300000e+02   3.0936328e+04
   2.3400000e+02   3.0871777e+04
   2.3500000e+02   3.0806201e+04
   2.3600000e+02   3.0739619e+04
   2.3700000e+02   3.0672068e+04
   2.3800000e+02   3.0603572e+04
   2.3900000e+02   3.0534160e+04
   2.4000000e+02   3.0463859e+04
   2.4100000e+02   3.0399779e+04
   2.4200000e+02   3.0334834e+04
   2.4300000e+02   3.0268854e+04
   2.4400000e+02   3.0202084e+04
   2.4500000e+02   3.0134555e+04
   2.4600000e+02   3.0066291e+04
   2.4700000e+02   2.9997316e+04
   2.4800000e+02   2.9927658e+04
   2.4900000e+02   2.9857344e+04
   2.5000000e+02   2.9786396e+04
   2.5100000e+02   2.9714850e+04
   2.5200000e+02   2.9642771e+04
   2.5300000e+02   2.9570238e+04
   2.5400000e+02   2.9497162e+04
   2.5500000e+02   2.9423574e+04
   2.5600000e+02   2.9349498e+04
   2.5700000e+02   2.9274965e+04
   2.5800000e+02   2.9199998e+04
   2.5900000e+02   2.9124629e+04
   2.6000000e+02   2.9048887e+04
   2.6100000e+02   2.8972793e+04
   2.6200000e+02   2.8896383e+04
   2.6300000e+02   2.8819682e+04
   2.6400000e+02   2.8742719e+04
   2.6500000e+02   2.8665521e+04
   2.6600000e+02   2.8588117e+04
   2.6700000e+02   2.8510533e+04
   2.6800000e+02   2.8432797e+04
   2.6900000e+02   2.8354938e+04
   2.7000000e+02   2.8276982e+04
   2.7100000e+02   2.8196438e+04
   2.7200000e+02   2.8115961e+04
   2.7300000e+02   2.8035557e+04
   2.7400000e+02   2.7955248e+04
   2.7500000e+02   2.7875057e+04
   2.7600000e+02   2.7795012e+04
   2.7700000e+02   2.7715139e+04
   2.7800000e+02   2.7635461e+04
   2.7900000e+02   2.7556002e+04
   2.8000000e+02   2.7476791e+04
   2.8100000e+02   2.7397848e+04
   2.8200000e+02   2.7319197e+04
   2.8300000e+02   2.7240873e+04
   2.8400000e+02   2.7162887e+04
   2.8500000e+02   2.7085264e+04
   2.8600000e+02   2.7008023e+04
   2.8700000e+02   2.6931197e+04
   2.8800000e+02   2.6854801e+04
   2.8900000e+02   2.6778859e+04
   2.9000000e+02   2.6703396e+04
   2.9100000e+02   2.6628434e+04
   2.9200000e+02   2.6553996e+04
   2.9300000e+02   2.6480107e+04
   2.9400000e+02   2.6406785e+04
   2.9500000e+02   2.6334051e+04
   2.9600000e+02   2.6261928e+04
   2.9700000e+02   2.6190436e+04
   2.9800000e+02   2.6119600e+04
   2.9900000e+02   2.6049441e+04
   3.0000000e+02   2.5979977e+04
   3.0100000e+02   2.5910328e+04
   3.0200000e+02   2.5841373e+04
   3.0300000e+02   2.5773150e+04
   3.0400000e+02   2.5705676e+04
   3.0500000e+02   2.5638973e+04
   3.0600000e+02   2.5573059e+04
   3.0700000e+02   2.5507955e+04
   3.0800000e+02   2.5443676e+04
   3.0900000e+02   2.5380246e+04
   3.1000000e+02   2.5317680e+04
   3.1100000e+02   2.5255998e+04
   3.1200000e+02   2.5195217e+04
   3.1300000e+02   2.5135355e+04
   3.1400000e+02   2.5076426e+04
   3.1500000e+02   2.5018447e+04
   3.1600000e+02   2.4961438e+04
   3.1700000e+02   2.4905412e+04
   3.1800000e+02   2.4850387e+04
   3.1900000e+02   2.4796379e+04
   3.2000000e+02   2.4743406e+04
   3.2100000e+02   2.4691479e+04
   3.2200000e+02   2.4640615e+04
   3.2300000e+02   2.4590826e+04
   3.2400000e+02   2.4542131e+04
   3.2500000e+02   2.4494541e+04
   3.2600000e+02   2.4448072e+04
   3.2700000e+02   2.4402736e+04
   3.2800000e+02   2.4358545e+04
   3.2900000e+02   2.4315512e+04
   3.3000000e+02   2.4273648e+04
   3.3100000e+02   2.4229627e+04
   3.3200000e+02   2.4186801e+04
   3.3300000e+02   2.4145180e+04
   3.3400000e+02   2.4104779e+04
   3.3500000e+02   2.4065607e+04
   3.3600000e+02   2.4027676e+04
   3.3700000e+02   2.3990992e+04
   3.3800000e+02   2.3955570e+04
   3.3900000e+02   2.3921420e+04
   3.4000000e+02   2.3888547e+04
   3.4100000e+02   2.3856963e+04
   3.4200000e+02   2.3826680e+04
   3.4300000e+02   2.3797697e+04
   3.4400000e+02   2.3770029e+04
   3.4500000e+02   2.3743682e+04
   3.4600000e+02   2.3718664e+04
   3.4700000e+02   2.3694984e+04
   3.4800000e+02   2.3672646e+04
   3.4900000e+02   2.3651658e+04
   3.5000000e+02   2.3632023e+04
   3.5100000e+02   2.3613750e+04
   3.5200000e+02   2.3596842e+04
   3.5300000e+02   2.3581305e+04
   3.5400000e+02   2.3567145e+04
   3.5500000e+02   2.3554365e+04
   3.5600000e+02   2.3542969e+04
   3.5700000e+02   2.3532963e+04
   3.5800000e+02   2.3524350e+04
   3.5900000e+02   2.3517129e+04
   2.6219766e-08   2.3511305e+04
