   0.0000000e+00   5.2483287e-02
   1.0000000e+00   5.4110888e-02
   2.0000000e+00   5.3338911e-02
   3.0000000e+00   5.3078543e-02
   4.0000000e+00   5.2839521e-02
   5.0000000e+00   5.2627802e-02
   6.0000000e+00   5.2422073e-02
   7.0000000e+00   5.2217718e-02
   8.0000000e+00   5.2018423e-02
   9.0000000e+00   5.1836297e-02
   1.0000000e+01   5.1649496e-02
   1.1000000e+01   5.1436886e-02
   1.2000000e+01   5.1216781e-02
   1.3000000e+01   5.0995886e-02
   1.4000000e+01   5.0762039e-02
   1.5000000e+01   5.0508197e-02
   1.6000000e+01   5.0252393e-02
   1.7000000e+01   4.9976554e-02
   1.8000000e+01   4.9704395e-02
   1.9000000e+01   4.9430750e-02
   2.0000000e+01   4.9161222e-02
   2.1000000e+01   4.8871942e-02
   2.2000000e+01   4.8579589e-02
   2.3000000e+01   4.8266657e-02
   2.4000000e+01   4.7956008e-02
   2.5000000e+01   4.7642257e-02
   2.6000000e+01   4.7319137e-02
   2.7000000e+01   4.6969321e-02
   2.8000000e+01   4.6609282e-02
   2.9000000e+01   4.6245184e-02
   3.0000000e+01   4.5871250e-02
   3.1000000e+01   4.4815369e-02
   3.2000000e+01   4.3774009e-02
   3.3000000e+01   4.2746164e-02
   3.4000000e+01   4.1730519e-02
   3.5000000e+01   4.0725809e-02
   3.6000000e+01   3.9737560e-02
   3.7000000e+01   3.8751990e-02
   3.8000000e+01   3.7774183e-02
   3.9000000e+01   3.6803313e-02
   4.0000000e+01   3.5838433e-02
   4.1000000e+01   3.4878731e-02
   4.2000000e+01   3.3930756e-02
   4.3000000e+01   3.2986797e-02
   4.4000000e+01   3.2053567e-02
   4.5000000e+01   3.1115467e-02
   4.6000000e+01   3.0178880e-02
   4.7000000e+01   2.9243179e-02
   4.8000000e+01   2.8315863e-02
   4.9000000e+01   2.7388697e-02
   5.0000000e+01   2.6469288e-02
   5.1000000e+01   2.5557579e-02
   5.2000000e+01   2.4644768e-02
   5.3000000e+01   2.3738831e-02
   5.4000000e+01   2.2839760e-02
   5.5000000e+01   2.1929523e-02
   5.6000000e+01   2.1033803e-02
   5.7000000e+01   2.0144178e-02
   5.8000000e+01   1.9260341e-02
   5.9000000e+01   1.8354027e-02
   6.0000000e+01   1.7433045e-02
   6.1000000e+01   1.7187696e-02
   6.2000000e+01   1.6949167e-02
   6.3000000e+01   1.6707361e-02
   6.4000000e+01   1.6461391e-02
   6.5000000e+01   1.6220933e-02
   6.6000000e+01   1.5985996e-02
   6.7000000e+01   1.5745886e-02
   6.8000000e+01   1.5510552e-02
   6.9000000e+01   1.5280027e-02
   7.0000000e+01   1.5032142e-02
   7.1000000e+01   1.4787969e-02
   7.2000000e+01   1.4536444e-02
   7.3000000e+01   1.4288370e-02
   7.4000000e+01   1.4043878e-02
   7.5000000e+01   1.3802875e-02
   7.6000000e+01   1.3565266e-02
   7.7000000e+01   1.3331484e-02
   7.8000000e+01   1.3104942e-02
   7.9000000e+01   1.2880730e-02
   8.0000000e+01   1.2645975e-02
   8.1000000e+01   1.2417189e-02
   8.2000000e+01   1.2199244e-02
   8.3000000e+01   1.1978642e-02
   8.4000000e+01   1.1763127e-02
   8.5000000e+01   1.1552754e-02
   8.6000000e+01   1.1347579e-02
   8.7000000e+01   1.1147655e-02
   8.8000000e+01   1.0965290e-02
   8.9000000e+01   1.0788518e-02
   9.0000000e+01   1.0605199e-02
   9.1000000e+01   1.0060931e-02
   9.2000000e+01   9.5439181e-03
   9.3000000e+01   9.0295691e-03
   9.4000000e+01   8.5182311e-03
   9.5000000e+01   8.0342283e-03
   9.6000000e+01   7.5533004e-03
   9.7000000e+01   7.0757912e-03
   9.8000000e+01   6.6017262e-03
   9.9000000e+01   6.1311433e-03
   1.0000000e+02   5.6640827e-03
   1.0100000e+02   5.2242745e-03
   1.0200000e+02   4.7880430e-03
   1.0300000e+02   4.3557100e-03
   1.0400000e+02   3.9272779e-03
   1.0500000e+02   3.5027617e-03
   1.0600000e+02   3.0821778e-03
   1.0700000e+02   2.6655414e-03
   1.0800000e+02   2.2757815e-03
   1.0900000e+02   1.9127699e-03
   1.1000000e+02   1.5766333e-03
   1.1100000e+02   1.2562451e-03
   1.1200000e+02   9.4086584e-04
   1.1300000e+02   6.4153381e-04
   1.1400000e+02   3.5810750e-04
   1.1500000e+02   9.0537760e-05
   1.1600000e+02  -1.7175899e-04
   1.1700000e+02  -4.0780139e-04
   1.1800000e+02  -6.1323104e-04
   1.1900000e+02  -7.7811658e-04
   1.2000000e+02  -9.3499833e-04
   1.2100000e+02  -3.8940326e-04
   1.2200000e+02   1.7239049e-04
   1.2300000e+02   7.3996530e-04
   1.2400000e+02   1.3335566e-03
   1.2500000e+02   1.9528328e-03
   1.2600000e+02   2.5793018e-03
   1.2700000e+02   3.2146026e-03
   1.2800000e+02   3.8665016e-03
   1.2900000e+02   4.5243320e-03
   1.3000000e+02   5.1880339e-03
   1.3100000e+02   5.8574602e-03
   1.3200000e+02   6.5416582e-03
   1.3300000e+02   7.2402162e-03
   1.3400000e+02   7.9529043e-03
   1.3500000e+02   8.6709727e-03
   1.3600000e+02   9.4102845e-03
   1.3700000e+02   1.0168882e-02
   1.3800000e+02   1.0944272e-02
   1.3900000e+02   1.1736056e-02
   1.4000000e+02   1.2535395e-02
   1.4100000e+02   1.3350262e-02
   1.4200000e+02   1.4180167e-02
   1.4300000e+02   1.5032680e-02
   1.4400000e+02   1.5891898e-02
   1.4500000e+02   1.6757468e-02
   1.4600000e+02   1.7629154e-02
   1.4700000e+02   1.8514015e-02
   1.4800000e+02   1.9411642e-02
   1.4900000e+02   2.0321514e-02
   1.5000000e+02   2.1236409e-02
   1.5100000e+02   2.2235606e-02
   1.5200000e+02   2.3231313e-02
   1.5300000e+02   2.4223300e-02
   1.5400000e+02   2.5211366e-02
   1.5500000e+02   2.6195250e-02
   1.5600000e+02   2.7174702e-02
   1.5700000e+02   2.8155092e-02
   1.5800000e+02   2.9147521e-02
   1.5900000e+02   3.0137859e-02
   1.6000000e+02   3.1125667e-02
   1.6100000e+02   3.2110643e-02
   1.6200000e+02   3.3092480e-02
   1.6300000e+02   3.4070890e-02
   1.6400000e+02   3.5053454e-02
   1.6500000e+02   3.6052212e-02
   1.6600000e+02   3.7042540e-02
   1.6700000e+02   3.8024202e-02
   1.6800000e+02   3.8997117e-02
   1.6900000e+02   3.9961189e-02
   1.7000000e+02   4.0916353e-02
   1.7100000e+02   4.1862518e-02
   1.7200000e+02   4.2799626e-02
   1.7300000e+02   4.3731313e-02
   1.7400000e+02   4.4656508e-02
   1.7500000e+02   4.5572873e-02
   1.7600000e+02   4.6480335e-02
   1.7700000e+02   4.7378905e-02
   1.7800000e+02   4.8268538e-02
   1.7900000e+02   4.9149189e-02
   1.8000000e+02   5.0020836e-02
   1.8100000e+02   5.0766144e-02
   1.8200000e+02   5.1548388e-02
   1.8300000e+02   5.2342333e-02
   1.8400000e+02   5.3117756e-02
   1.8500000e+02   5.3874921e-02
   1.8600000e+02   5.4614257e-02
   1.8700000e+02   5.5336215e-02
   1.8800000e+02   5.6041162e-02
   1.8900000e+02   5.6729477e-02
   1.9000000e+02   5.7401553e-02
   1.9100000e+02   5.8057800e-02
   1.9200000e+02   5.8698621e-02
   1.9300000e+02   5.9324399e-02
   1.9400000e+02   5.9935525e-02
   1.9500000e+02   6.0532421e-02
   1.9600000e+02   6.1115440e-02
   1.9700000e+02   6.1685305e-02
   1.9800000e+02   6.2245376e-02
   1.9900000e+02   6.2791921e-02
   2.0000000e+02   6.3348070e-02
   2.0100000e+02   6.3900106e-02
   2.0200000e+02   6.4441659e-02
   2.0300000e+02   6.4973012e-02
   2.0400000e+02   6.5494351e-02
   2.0500000e+02   6.6005893e-02
   2.0600000e+02   6.6507809e-02
   2.0700000e+02   6.7000315e-02
   2.0800000e+02   6.7483597e-02
   2.0900000e+02   6.7957863e-02
   2.1000000e+02   6.8423271e-02
   2.1100000e+02   6.9007993e-02
   2.1200000e+02   6.9576494e-02
   2.1300000e+02   7.0129231e-02
   2.1400000e+02   7.0666529e-02
   2.1500000e+02   7.1188763e-02
   2.1600000e+02   7.1696281e-02
   2.1700000e+02   7.2066113e-02
   2.1800000e+02   7.2423600e-02
   2.1900000e+02   7.2771117e-02
   2.2000000e+02   7.3111281e-02
   2.2100000e+02   7.3441699e-02
   2.2200000e+02   7.3762529e-02
   2.2300000e+02   7.4077532e-02
   2.2400000e+02   7.4398398e-02
   2.2500000e+02   7.4708626e-02
   2.2600000e+02   7.5007156e-02
   2.2700000e+02   7.5294033e-02
   2.2800000e+02   7.5569548e-02
   2.2900000e+02   7.5834006e-02
   2.3000000e+02   7.6087676e-02
   2.3100000e+02   7.6330855e-02
   2.3200000e+02   7.6563820e-02
   2.3300000e+02   7.6786868e-02
   2.3400000e+02   7.7000320e-02
   2.3500000e+02   7.7204466e-02
   2.3600000e+02   7.7399567e-02
   2.3700000e+02   7.7585891e-02
   2.3800000e+02   7.7763714e-02
   2.3900000e+02   7.7933282e-02
   2.4000000e+02   7.8094840e-02
   2.4100000e+02   7.8519307e-02
   2.4200000e+02   7.8934051e-02
   2.4300000e+02   7.9328530e-02
   2.4400000e+02   7.9715073e-02
   2.4500000e+02   8.0093794e-02
   2.4600000e+02   8.0464803e-02
   2.4700000e+02   8.0828182e-02
   2.4800000e+02   8.1184052e-02
   2.4900000e+02   8.1532478e-02
   2.5000000e+02   8.1873581e-02
   2.5100000e+02   8.2207449e-02
   2.5200000e+02   8.2536303e-02
   2.5300000e+02   8.2862377e-02
   2.5400000e+02   8.3180651e-02
   2.5500000e+02   8.3491258e-02
   2.5600000e+02   8.3794303e-02
   2.5700000e+02   8.4089927e-02
   2.5800000e+02   8.4378265e-02
   2.5900000e+02   8.4659435e-02
   2.6000000e+02   8.4933564e-02
   2.6100000e+02   8.5200779e-02
   2.6200000e+02   8.5461207e-02
   2.6300000e+02   8.5714966e-02
   2.6400000e+02   8.5962191e-02
   2.6500000e+02   8.6203001e-02
   2.6600000e+02   8.6437516e-02
   2.6700000e+02   8.6665846e-02
   2.6800000e+02   8.6888120e-02
   2.6900000e+02   8.7104455e-02
   2.7000000e+02   8.7314971e-02
   2.7100000e+02   8.7423950e-02
   2.7200000e+02   8.7533280e-02
   2.7300000e+02   8.7642036e-02
   2.7400000e+02   8.7750182e-02
   2.7500000e+02   8.7857693e-02
   2.7600000e+02   8.7964557e-02
   2.7700000e+02   8.8070743e-02
   2.7800000e+02   8.8176250e-02
   2.7900000e+02   8.8281028e-02
   2.8000000e+02   8.8385075e-02
   2.8100000e+02   8.8488363e-02
   2.8200000e+02   8.8590913e-02
   2.8300000e+02   8.8693194e-02
   2.8400000e+02   8.8794574e-02
   2.8500000e+02   8.8895038e-02
   2.8600000e+02   8.8994563e-02
   2.8700000e+02   8.9093149e-02
   2.8800000e+02   8.9190766e-02
   2.8900000e+02   8.9287408e-02
   2.9000000e+02   8.9383073e-02
   2.9100000e+02   8.9477725e-02
   2.9200000e+02   8.9571364e-02
   2.9300000e+02   8.9663975e-02
   2.9400000e+02   8.9755557e-02
   2.9500000e+02   8.9846089e-02
   2.9600000e+02   8.9935564e-02
   2.9700000e+02   9.0023965e-02
   2.9800000e+02   9.0111293e-02
   2.9900000e+02   9.0197533e-02
   3.0000000e+02   9.0282686e-02
   3.0100000e+02   9.0333953e-02
   3.0200000e+02   9.0383083e-02
   3.0300000e+02   9.0430990e-02
   3.0400000e+02   9.0477690e-02
   3.0500000e+02   9.0523191e-02
   3.0600000e+02   9.0567499e-02
   3.0700000e+02   9.0610631e-02
   3.0800000e+02   9.0652585e-02
   3.0900000e+02   9.0693377e-02
   3.1000000e+02   9.0733021e-02
   3.1100000e+02   9.0771519e-02
   3.1200000e+02   9.0808883e-02
   3.1300000e+02   9.0845123e-02
   3.1400000e+02   9.0880200e-02
   3.1500000e+02   9.0913966e-02
   3.1600000e+02   9.0946615e-02
   3.1700000e+02   9.0978175e-02
   3.1800000e+02   9.1008633e-02
   3.1900000e+02   9.1038011e-02
   3.2000000e+02   9.1066316e-02
   3.2100000e+02   9.1093570e-02
   3.2200000e+02   9.1119774e-02
   3.2300000e+02   9.1144949e-02
   3.2400000e+02   9.1169097e-02
   3.2500000e+02   9.1192231e-02
   3.2600000e+02   9.1214366e-02
   3.2700000e+02   9.1235511e-02
   3.2800000e+02   9.1255665e-02
   3.2900000e+02   9.1274858e-02
   3.3000000e+02   9.1293089e-02
   3.3100000e+02   9.1301329e-02
   3.3200000e+02   9.1309324e-02
   3.3300000e+02   9.1317065e-02
   3.3400000e+02   9.1324553e-02
   3.3500000e+02   9.1331780e-02
   3.3600000e+02   9.1338754e-02
   3.3700000e+02   9.1345459e-02
   3.3800000e+02   9.1351904e-02
   3.3900000e+02   9.1358081e-02
   3.4000000e+02   9.1363996e-02
   3.4100000e+02   9.1369636e-02
   3.4200000e+02   9.1375008e-02
   3.4300000e+02   9.1380097e-02
   3.4400000e+02   9.1384917e-02
   3.4500000e+02   9.1389462e-02
   3.4600000e+02   9.1393739e-02
   3.4700000e+02   9.1397725e-02
   3.4800000e+02   9.1401435e-02
   3.4900000e+02   9.1404863e-02
   3.5000000e+02   9.1408022e-02
   3.5100000e+02   9.1410890e-02
   3.5200000e+02   9.1413476e-02
   3.5300000e+02   9.1415785e-02
   3.5400000e+02   9.1417827e-02
   3.5500000e+02   9.1419607e-02
   3.5600000e+02   9.1421083e-02
   3.5700000e+02   9.1422260e-02
   3.5800000e+02   9.1423146e-02
   3.5900000e+02   9.1423728e-02
   2.6219766e-08   9.1424040e-02
