   0.0000000e+00   8.3026045e-04
   1.0000000e+00   9.1567393e-03
   2.0000000e+00   9.1658467e-03
   3.0000000e+00   9.1695841e-03
   4.0000000e+00   9.1732899e-03
   5.0000000e+00   9.1769695e-03
   6.0000000e+00   9.1806222e-03
   7.0000000e+00   9.1842478e-03
   8.0000000e+00   9.1878483e-03
   9.0000000e+00   9.1914227e-03
   1.0000000e+01   9.1949729e-03
   1.1000000e+01   9.1984980e-03
   1.2000000e+01   9.2019988e-03
   1.3000000e+01   9.2054773e-03
   1.4000000e+01   9.2089316e-03
   1.5000000e+01   9.2123635e-03
   1.6000000e+01   9.2157740e-03
   1.7000000e+01   9.2191622e-03
   1.8000000e+01   9.2225289e-03
   1.9000000e+01   9.2258751e-03
   2.0000000e+01   9.2292009e-03
   2.1000000e+01   9.2325071e-03
   2.2000000e+01   9.2357937e-03
   2.3000000e+01   9.2390608e-03
   2.4000000e+01   9.2423093e-03
   2.5000000e+01   9.2455391e-03
   2.6000000e+01   9.2487512e-03
   2.7000000e+01   9.2519466e-03
   2.8000000e+01   9.2551233e-03
   2.9000000e+01   9.2582842e-03
   3.0000000e+01   9.2614284e-03
   3.1000000e+01   9.2771435e-03
   3.2000000e+01   9.2927581e-03
   3.3000000e+01   9.3082748e-03
   3.4000000e+01   9.3236938e-03
   3.5000000e+01   9.3389899e-03
   3.6000000e+01   9.3541220e-03
   3.7000000e+01   9.3691321e-03
   3.8000000e+01   9.3840212e-03
   3.9000000e+01   9.3987891e-03
   4.0000000e+01   9.4134398e-03
   4.1000000e+01   9.4279731e-03
   4.2000000e+01   9.4423918e-03
   4.3000000e+01   9.4566969e-03
   4.4000000e+01   9.4708893e-03
   4.5000000e+01   9.4849719e-03
   4.6000000e+01   9.4989454e-03
   4.7000000e+01   9.5128100e-03
   4.8000000e+01   9.5265694e-03
   4.9000000e+01   9.5402226e-03
   5.0000000e+01   9.5537733e-03
   5.1000000e+01   9.5672216e-03
   5.2000000e+01   9.5805693e-03
   5.3000000e+01   9.5938174e-03
   5.4000000e+01   9.6069667e-03
   5.5000000e+01   9.6200202e-03
   5.6000000e+01   9.6329786e-03
   5.7000000e+01   9.6458420e-03
   5.8000000e+01   9.6586123e-03
   5.9000000e+01   9.6712923e-03
   6.0000000e+01   9.6838810e-03
   6.1000000e+01   9.6996762e-03
   6.2000000e+01   9.7153811e-03
   6.3000000e+01   9.7309947e-03
   6.4000000e+01   9.7465198e-03
   6.5000000e+01   9.7619584e-03
   6.6000000e+01   9.7773103e-03
   6.7000000e+01   9.7925775e-03
   6.8000000e+01   9.8077608e-03
   6.9000000e+01   9.8228613e-03
   7.0000000e+01   9.8378817e-03
   7.1000000e+01   9.8528210e-03
   7.2000000e+01   9.8676812e-03
   7.3000000e+01   9.8824641e-03
   7.4000000e+01   9.8971697e-03
   7.5000000e+01   9.9118017e-03
   7.6000000e+01   9.9263573e-03
   7.7000000e+01   9.9408412e-03
   7.8000000e+01   9.9552516e-03
   7.9000000e+01   9.9695921e-03
   8.0000000e+01   9.9838628e-03
   8.1000000e+01   9.9980645e-03
   8.2000000e+01   1.0012198e-02
   8.3000000e+01   1.0026266e-02
   8.4000000e+01   1.0040267e-02
   8.5000000e+01   1.0054205e-02
   8.6000000e+01   1.0068078e-02
   8.7000000e+01   1.0081889e-02
   8.8000000e+01   1.0095638e-02
   8.9000000e+01   1.0109328e-02
   9.0000000e+01   1.0122957e-02
   9.1000000e+01   1.0133442e-02
   9.2000000e+01   1.0143832e-02
   9.3000000e+01   1.0154129e-02
   9.4000000e+01   1.0164334e-02
   9.5000000e+01   1.0174448e-02
   9.6000000e+01   1.0184473e-02
   9.7000000e+01   1.0194410e-02
   9.8000000e+01   1.0204260e-02
   9.9000000e+01   1.0214025e-02
   1.0000000e+02   1.0223706e-02
   1.0100000e+02   1.0233305e-02
   1.0200000e+02   1.0242824e-02
   1.0300000e+02   1.0252261e-02
   1.0400000e+02   1.0261619e-02
   1.0500000e+02   1.0270901e-02
   1.0600000e+02   1.0280105e-02
   1.0700000e+02   1.0289236e-02
   1.0800000e+02   1.0298293e-02
   1.0900000e+02   1.0307278e-02
   1.1000000e+02   1.0316190e-02
   1.1100000e+02   1.0325032e-02
   1.1200000e+02   1.0333807e-02
   1.1300000e+02   1.0342513e-02
   1.1400000e+02   1.0351152e-02
   1.1500000e+02   1.0359726e-02
   1.1600000e+02   1.0368236e-02
   1.1700000e+02   1.0376683e-02
   1.1800000e+02   1.0385066e-02
   1.1900000e+02   1.0393390e-02
   1.2000000e+02   1.0401652e-02
   1.2100000e+02   1.0405729e-02
   1.2200000e+02   1.0409866e-02
   1.2300000e+02   1.0414064e-02
   1.2400000e+02   1.0418322e-02
   1.2500000e+02   1.0422640e-02
   1.2600000e+02   1.0427017e-02
   1.2700000e+02   1.0431451e-02
   1.2800000e+02   1.0435943e-02
   1.2900000e+02   1.0440493e-02
   1.3000000e+02   1.0445099e-02
   1.3100000e+02   1.0449762e-02
   1.3200000e+02   1.0454480e-02
   1.3300000e+02   1.0459252e-02
   1.3400000e+02   1.0464080e-02
   1.3500000e+02   1.0468961e-02
   1.3600000e+02   1.0473896e-02
   1.3700000e+02   1.0478883e-02
   1.3800000e+02   1.0483923e-02
   1.3900000e+02   1.0489015e-02
   1.4000000e+02   1.0494159e-02
   1.4100000e+02   1.0499353e-02
   1.4200000e+02   1.0504597e-02
   1.4300000e+02   1.0509891e-02
   1.4400000e+02   1.0515235e-02
   1.4500000e+02   1.0520629e-02
   1.4600000e+02   1.0526070e-02
   1.4700000e+02   1.0531559e-02
   1.4800000e+02   1.0537096e-02
   1.4900000e+02   1.0542681e-02
   1.5000000e+02   1.0548310e-02
   1.5100000e+02   1.0549816e-02
   1.5200000e+02   1.0551387e-02
   1.5300000e+02   1.0553022e-02
   1.5400000e+02   1.0554722e-02
   1.5500000e+02   1.0556485e-02
   1.5600000e+02   1.0557951e-02
   1.5700000e+02   1.0559162e-02
   1.5800000e+02   1.0560444e-02
   1.5900000e+02   1.0561795e-02
   1.6000000e+02   1.0563216e-02
   1.6100000e+02   1.0564706e-02
   1.6200000e+02   1.0566263e-02
   1.6300000e+02   1.0567632e-02
   1.6400000e+02   1.0569029e-02
   1.6500000e+02   1.0570455e-02
   1.6600000e+02   1.0571806e-02
   1.6700000e+02   1.0573033e-02
   1.6800000e+02   1.0574332e-02
   1.6900000e+02   1.0575701e-02
   1.7000000e+02   1.0577139e-02
   1.7100000e+02   1.0578645e-02
   1.7200000e+02   1.0580220e-02
   1.7300000e+02   1.0581862e-02
   1.7400000e+02   1.0583571e-02
   1.7500000e+02   1.0585345e-02
   1.7600000e+02   1.0587184e-02
   1.7700000e+02   1.0589087e-02
   1.7800000e+02   1.0591053e-02
   1.7900000e+02   1.0593083e-02
   1.8000000e+02   1.0595174e-02
   1.8100000e+02   1.0592349e-02
   1.8200000e+02   1.0589657e-02
   1.8300000e+02   1.0587098e-02
   1.8400000e+02   1.0584670e-02
   1.8500000e+02   1.0582372e-02
   1.8600000e+02   1.0580200e-02
   1.8700000e+02   1.0578154e-02
   1.8800000e+02   1.0576233e-02
   1.8900000e+02   1.0574435e-02
   1.9000000e+02   1.0572758e-02
   1.9100000e+02   1.0571200e-02
   1.9200000e+02   1.0569762e-02
   1.9300000e+02   1.0568440e-02
   1.9400000e+02   1.0567235e-02
   1.9500000e+02   1.0566142e-02
   1.9600000e+02   1.0565164e-02
   1.9700000e+02   1.0564297e-02
   1.9800000e+02   1.0563538e-02
   1.9900000e+02   1.0562889e-02
   2.0000000e+02   1.0562348e-02
   2.0100000e+02   1.0561912e-02
   2.0200000e+02   1.0561582e-02
   2.0300000e+02   1.0561354e-02
   2.0400000e+02   1.0561229e-02
   2.0500000e+02   1.0561205e-02
   2.0600000e+02   1.0561280e-02
   2.0700000e+02   1.0561453e-02
   2.0800000e+02   1.0561724e-02
   2.0900000e+02   1.0562092e-02
   2.1000000e+02   1.0562554e-02
   2.1100000e+02   1.0553971e-02
   2.1200000e+02   1.0545429e-02
   2.1300000e+02   1.0536930e-02
   2.1400000e+02   1.0528470e-02
   2.1500000e+02   1.0520053e-02
   2.1600000e+02   1.0511674e-02
   2.1700000e+02   1.0503336e-02
   2.1800000e+02   1.0495037e-02
   2.1900000e+02   1.0486776e-02
   2.2000000e+02   1.0478555e-02
   2.2100000e+02   1.0470371e-02
   2.2200000e+02   1.0462225e-02
   2.2300000e+02   1.0454117e-02
   2.2400000e+02   1.0446046e-02
   2.2500000e+02   1.0438011e-02
   2.2600000e+02   1.0430013e-02
   2.2700000e+02   1.0422050e-02
   2.2800000e+02   1.0414124e-02
   2.2900000e+02   1.0406232e-02
   2.3000000e+02   1.0398376e-02
   2.3100000e+02   1.0390554e-02
   2.3200000e+02   1.0382766e-02
   2.3300000e+02   1.0375012e-02
   2.3400000e+02   1.0367292e-02
   2.3500000e+02   1.0359604e-02
   2.3600000e+02   1.0351950e-02
   2.3700000e+02   1.0344327e-02
   2.3800000e+02   1.0336738e-02
   2.3900000e+02   1.0329180e-02
   2.4000000e+02   1.0321654e-02
   2.4100000e+02   1.0304753e-02
   2.4200000e+02   1.0287908e-02
   2.4300000e+02   1.0271119e-02
   2.4400000e+02   1.0254388e-02
   2.4500000e+02   1.0237711e-02
   2.4600000e+02   1.0221090e-02
   2.4700000e+02   1.0204525e-02
   2.4800000e+02   1.0188012e-02
   2.4900000e+02   1.0171553e-02
   2.5000000e+02   1.0155149e-02
   2.5100000e+02   1.0138796e-02
   2.5200000e+02   1.0122495e-02
   2.5300000e+02   1.0106246e-02
   2.5400000e+02   1.0090047e-02
   2.5500000e+02   1.0073900e-02
   2.5600000e+02   1.0057803e-02
   2.5700000e+02   1.0041756e-02
   2.5800000e+02   1.0025757e-02
   2.5900000e+02   1.0009808e-02
   2.6000000e+02   9.9939071e-03
   2.6100000e+02   9.9780532e-03
   2.6200000e+02   9.9622468e-03
   2.6300000e+02   9.9464869e-03
   2.6400000e+02   9.9307746e-03
   2.6500000e+02   9.9151079e-03
   2.6600000e+02   9.8994859e-03
   2.6700000e+02   9.8839095e-03
   2.6800000e+02   9.8683788e-03
   2.6900000e+02   9.8528909e-03
   2.7000000e+02   9.8374477e-03
   2.7100000e+02   9.8148454e-03
   2.7200000e+02   9.7922618e-03
   2.7300000e+02   9.7696995e-03
   2.7400000e+02   9.7471578e-03
   2.7500000e+02   9.7246356e-03
   2.7600000e+02   9.7021330e-03
   2.7700000e+02   9.6796509e-03
   2.7800000e+02   9.6571874e-03
   2.7900000e+02   9.6347444e-03
   2.8000000e+02   9.6123200e-03
   2.8100000e+02   9.5899152e-03
   2.8200000e+02   9.5675280e-03
   2.8300000e+02   9.5451605e-03
   2.8400000e+02   9.5228115e-03
   2.8500000e+02   9.5004821e-03
   2.8600000e+02   9.4781695e-03
   2.8700000e+02   9.4558755e-03
   2.8800000e+02   9.4336001e-03
   2.8900000e+02   9.4113424e-03
   2.9000000e+02   9.3891025e-03
   2.9100000e+02   9.3668802e-03
   2.9200000e+02   9.3446756e-03
   2.9300000e+02   9.3224887e-03
   2.9400000e+02   9.3003185e-03
   2.9500000e+02   9.2781652e-03
   2.9600000e+02   9.2560295e-03
   2.9700000e+02   9.2339106e-03
   2.9800000e+02   9.2118084e-03
   2.9900000e+02   9.1897221e-03
   3.0000000e+02   9.1676535e-03
   3.0100000e+02   9.1473693e-03
   3.0200000e+02   9.1270991e-03
   3.0300000e+02   9.1068437e-03
   3.0400000e+02   9.0866024e-03
   3.0500000e+02   9.0663740e-03
   3.0600000e+02   9.0461606e-03
   3.0700000e+02   9.0259602e-03
   3.0800000e+02   9.0057738e-03
   3.0900000e+02   8.9856004e-03
   3.1000000e+02   8.9654410e-03
   3.1100000e+02   8.9452947e-03
   3.1200000e+02   8.9251613e-03
   3.1300000e+02   8.9050410e-03
   3.1400000e+02   8.8849338e-03
   3.1500000e+02   8.8648396e-03
   3.1600000e+02   8.8447584e-03
   3.1700000e+02   8.8246893e-03
   3.1800000e+02   8.8046333e-03
   3.1900000e+02   8.7845894e-03
   3.2000000e+02   8.7645594e-03
   3.2100000e+02   8.7445397e-03
   3.2200000e+02   8.7245340e-03
   3.2300000e+02   8.7045394e-03
   3.2400000e+02   8.6845569e-03
   3.2500000e+02   8.6645866e-03
   3.2600000e+02   8.6446283e-03
   3.2700000e+02   8.6246813e-03
   3.2800000e+02   8.6047463e-03
   3.2900000e+02   8.5848235e-03
   3.3000000e+02   8.5649118e-03
   3.3100000e+02   8.5550798e-03
   3.3200000e+02   8.5452506e-03
   3.3300000e+02   8.5354233e-03
   3.3400000e+02   8.5255979e-03
   3.3500000e+02   8.5157752e-03
   3.3600000e+02   8.5059553e-03
   3.3700000e+02   8.4961373e-03
   3.3800000e+02   8.4863203e-03
   3.3900000e+02   8.4765069e-03
   3.4000000e+02   8.4666945e-03
   3.4100000e+02   8.4568849e-03
   3.4200000e+02   8.4470771e-03
   3.4300000e+02   8.4372712e-03
   3.4400000e+02   8.4274672e-03
   3.4500000e+02   8.4176669e-03
   3.4600000e+02   8.4078675e-03
   3.4700000e+02   8.3980700e-03
   3.4800000e+02   8.3882743e-03
   3.4900000e+02   8.3784815e-03
   3.5000000e+02   8.3686905e-03
   3.5100000e+02   8.3589023e-03
   3.5200000e+02   8.3491150e-03
   3.5300000e+02   8.3393306e-03
   3.5400000e+02   8.3295470e-03
   3.5500000e+02   8.3197663e-03
   3.5600000e+02   8.3099874e-03
   3.5700000e+02   8.3002103e-03
   3.5800000e+02   8.2904361e-03
   3.5900000e+02   8.2806638e-03
   2.6219766e-08   8.2708923e-03
