   0.0000000e+00   2.5584951e-18
   1.0000000e+00   5.6308269e-04
   2.0000000e+00   1.1525884e-03
   3.0000000e+00   1.7514107e-03
   4.0000000e+00   2.3582701e-03
   5.0000000e+00   2.9729272e-03
   6.0000000e+00   3.5952886e-03
   7.0000000e+00   4.2252345e-03
   8.0000000e+00   4.8629194e-03
   9.0000000e+00   5.5084061e-03
   1.0000000e+01   6.1619640e-03
   1.1000000e+01   6.8237358e-03
   1.2000000e+01   7.4939239e-03
   1.3000000e+01   8.1724208e-03
   1.4000000e+01   8.8594668e-03
   1.5000000e+01   9.5546162e-03
   1.6000000e+01   1.0257627e-02
   1.7000000e+01   1.0968622e-02
   1.8000000e+01   1.1687360e-02
   1.9000000e+01   1.2413514e-02
   2.0000000e+01   1.3147103e-02
   2.1000000e+01   1.3888160e-02
   2.2000000e+01   1.4636653e-02
   2.3000000e+01   1.5392499e-02
   2.4000000e+01   1.6155574e-02
   2.5000000e+01   1.6925897e-02
   2.6000000e+01   1.7703338e-02
   2.7000000e+01   1.8487860e-02
   2.8000000e+01   1.9279348e-02
   2.9000000e+01   2.0077830e-02
   3.0000000e+01   2.0883244e-02
   3.1000000e+01   2.1890001e-02
   3.2000000e+01   2.2915136e-02
   3.3000000e+01   2.3958404e-02
   3.4000000e+01   2.5019644e-02
   3.5000000e+01   2.6098728e-02
   3.6000000e+01   2.7195457e-02
   3.7000000e+01   2.8309688e-02
   3.8000000e+01   2.9441278e-02
   3.9000000e+01   3.0590015e-02
   4.0000000e+01   3.1755663e-02
   4.1000000e+01   3.2937966e-02
   4.2000000e+01   3.4136694e-02
   4.3000000e+01   3.5351712e-02
   4.4000000e+01   3.6582824e-02
   4.5000000e+01   3.7829839e-02
   4.6000000e+01   3.9092615e-02
   4.7000000e+01   4.0370997e-02
   4.8000000e+01   4.1664794e-02
   4.9000000e+01   4.2973876e-02
   5.0000000e+01   4.4298086e-02
   5.1000000e+01   4.5637231e-02
   5.2000000e+01   4.6991147e-02
   5.3000000e+01   4.8359692e-02
   5.4000000e+01   4.9742691e-02
   5.5000000e+01   5.1139977e-02
   5.6000000e+01   5.2551363e-02
   5.7000000e+01   5.3976681e-02
   5.8000000e+01   5.5415753e-02
   5.9000000e+01   5.6868419e-02
   6.0000000e+01   5.8334555e-02
   6.1000000e+01   6.0289916e-02
   6.2000000e+01   6.2273052e-02
   6.3000000e+01   6.4283766e-02
   6.4000000e+01   6.6321827e-02
   6.5000000e+01   6.8387002e-02
   6.6000000e+01   7.0479088e-02
   6.7000000e+01   7.2597906e-02
   6.8000000e+01   7.4743263e-02
   6.9000000e+01   7.6914988e-02
   7.0000000e+01   7.9112932e-02
   7.1000000e+01   8.1336938e-02
   7.2000000e+01   8.3586849e-02
   7.3000000e+01   8.5862488e-02
   7.4000000e+01   8.8163696e-02
   7.5000000e+01   9.0490296e-02
   7.6000000e+01   9.2842132e-02
   7.7000000e+01   9.5219024e-02
   7.8000000e+01   9.7620822e-02
   7.9000000e+01   1.0004737e-01
   8.0000000e+01   1.0249852e-01
   8.1000000e+01   1.0497408e-01
   8.2000000e+01   1.0747392e-01
   8.3000000e+01   1.0999785e-01
   8.4000000e+01   1.1254574e-01
   8.5000000e+01   1.1511742e-01
   8.6000000e+01   1.1771275e-01
   8.7000000e+01   1.2033159e-01
   8.8000000e+01   1.2297377e-01
   8.9000000e+01   1.2563917e-01
   9.0000000e+01   1.2832764e-01
   9.1000000e+01   1.3255057e-01
   9.2000000e+01   1.3684379e-01
   9.3000000e+01   1.4120756e-01
   9.4000000e+01   1.4564212e-01
   9.5000000e+01   1.5014771e-01
   9.6000000e+01   1.5472455e-01
   9.7000000e+01   1.5937293e-01
   9.8000000e+01   1.6409306e-01
   9.9000000e+01   1.6888520e-01
   1.0000000e+02   1.7374960e-01
   1.0100000e+02   1.7868650e-01
   1.0200000e+02   1.8369623e-01
   1.0300000e+02   1.8877909e-01
   1.0400000e+02   1.9393532e-01
   1.0500000e+02   1.9916514e-01
   1.0600000e+02   2.0446877e-01
   1.0700000e+02   2.0984672e-01
   1.0800000e+02   2.1529999e-01
   1.0900000e+02   2.2082905e-01
   1.1000000e+02   2.2643429e-01
   1.1100000e+02   2.3211610e-01
   1.1200000e+02   2.3787493e-01
   1.1300000e+02   2.4371114e-01
   1.1400000e+02   2.4962519e-01
   1.1500000e+02   2.5561744e-01
   1.1600000e+02   2.6168835e-01
   1.1700000e+02   2.6783836e-01
   1.1800000e+02   2.7406791e-01
   1.1900000e+02   2.8037733e-01
   1.2000000e+02   2.8676715e-01
   1.2100000e+02   2.9327247e-01
   1.2200000e+02   2.9975593e-01
   1.2300000e+02   3.0620721e-01
   1.2400000e+02   3.1261712e-01
   1.2500000e+02   3.1898171e-01
   1.2600000e+02   3.2529888e-01
   1.2700000e+02   3.3156452e-01
   1.2800000e+02   3.3777443e-01
   1.2900000e+02   3.4392449e-01
   1.3000000e+02   3.5001078e-01
   1.3100000e+02   3.5602951e-01
   1.3200000e+02   3.6197710e-01
   1.3300000e+02   3.6785010e-01
   1.3400000e+02   3.7364519e-01
   1.3500000e+02   3.7935919e-01
   1.3600000e+02   3.8498905e-01
   1.3700000e+02   3.9053193e-01
   1.3800000e+02   3.9598492e-01
   1.3900000e+02   4.0134534e-01
   1.4000000e+02   4.0661067e-01
   1.4100000e+02   4.1177833e-01
   1.4200000e+02   4.1684598e-01
   1.4300000e+02   4.2181134e-01
   1.4400000e+02   4.2667452e-01
   1.4500000e+02   4.3143350e-01
   1.4600000e+02   4.3608436e-01
   1.4700000e+02   4.4062302e-01
   1.4800000e+02   4.4504559e-01
   1.4900000e+02   4.4934812e-01
   1.5000000e+02   4.5352662e-01
   1.5100000e+02   4.5382991e-01
   1.5200000e+02   4.5411468e-01
   1.5300000e+02   4.5438156e-01
   1.5400000e+02   4.5463118e-01
   1.5500000e+02   4.5486414e-01
   1.5600000e+02   4.5508102e-01
   1.5700000e+02   4.5528233e-01
   1.5800000e+02   4.5546862e-01
   1.5900000e+02   4.5564038e-01
   1.6000000e+02   4.5579809e-01
   1.6100000e+02   4.5594227e-01
   1.6200000e+02   4.5607331e-01
   1.6300000e+02   4.5619172e-01
   1.6400000e+02   4.5629781e-01
   1.6500000e+02   4.5639208e-01
   1.6600000e+02   4.5647484e-01
   1.6700000e+02   4.5654655e-01
   1.6800000e+02   4.5660749e-01
   1.6900000e+02   4.5665804e-01
   1.7000000e+02   4.5669854e-01
   1.7100000e+02   4.5672932e-01
   1.7200000e+02   4.5675066e-01
   1.7300000e+02   4.5676291e-01
   1.7400000e+02   4.5676628e-01
   1.7500000e+02   4.5676109e-01
   1.7600000e+02   4.5674762e-01
   1.7700000e+02   4.5672613e-01
   1.7800000e+02   4.5669684e-01
   1.7900000e+02   4.5666003e-01
   1.8000000e+02   4.5661590e-01
   1.8100000e+02   4.5497373e-01
   1.8200000e+02   4.5343378e-01
   1.8300000e+02   4.5199379e-01
   1.8400000e+02   4.5065168e-01
   1.8500000e+02   4.4940531e-01
   1.8600000e+02   4.4825140e-01
   1.8700000e+02   4.4718274e-01
   1.8800000e+02   4.4619507e-01
   1.8900000e+02   4.4528431e-01
   1.9000000e+02   4.4444677e-01
   1.9100000e+02   4.4367856e-01
   1.9200000e+02   4.4297597e-01
   1.9300000e+02   4.4233567e-01
   1.9400000e+02   4.4175443e-01
   1.9500000e+02   4.4122928e-01
   1.9600000e+02   4.4075733e-01
   1.9700000e+02   4.4033584e-01
   1.9800000e+02   4.3996227e-01
   1.9900000e+02   4.3962684e-01
   2.0000000e+02   4.3931997e-01
   2.0100000e+02   4.3903828e-01
   2.0200000e+02   4.3877912e-01
   2.0300000e+02   4.3853980e-01
   2.0400000e+02   4.3831807e-01
   2.0500000e+02   4.3811178e-01
   2.0600000e+02   4.3791896e-01
   2.0700000e+02   4.3773767e-01
   2.0800000e+02   4.3756542e-01
   2.0900000e+02   4.3740061e-01
   2.1000000e+02   4.3724188e-01
   2.1100000e+02   4.3069580e-01
   2.1200000e+02   4.2411786e-01
   2.1300000e+02   4.1751236e-01
   2.1400000e+02   4.1088322e-01
   2.1500000e+02   4.0423417e-01
   2.1600000e+02   3.9756870e-01
   2.1700000e+02   3.9089000e-01
   2.1800000e+02   3.8420114e-01
   2.1900000e+02   3.7750494e-01
   2.2000000e+02   3.7080407e-01
   2.2100000e+02   3.6410099e-01
   2.2200000e+02   3.5739809e-01
   2.2300000e+02   3.5069749e-01
   2.2400000e+02   3.4400135e-01
   2.2500000e+02   3.3731481e-01
   2.2600000e+02   3.3063886e-01
   2.2700000e+02   3.2397422e-01
   2.2800000e+02   3.1732178e-01
   2.2900000e+02   3.1068227e-01
   2.3000000e+02   3.0405644e-01
   2.3100000e+02   2.9744497e-01
   2.3200000e+02   2.9084852e-01
   2.3300000e+02   2.8426772e-01
   2.3400000e+02   2.7770320e-01
   2.3500000e+02   2.7115554e-01
   2.3600000e+02   2.6462522e-01
   2.3700000e+02   2.5811285e-01
   2.3800000e+02   2.5161886e-01
   2.3900000e+02   2.4514374e-01
   2.4000000e+02   2.3868795e-01
   2.4100000e+02   2.3550497e-01
   2.4200000e+02   2.3229472e-01
   2.4300000e+02   2.2905733e-01
   2.4400000e+02   2.2579291e-01
   2.4500000e+02   2.2250156e-01
   2.4600000e+02   2.1918343e-01
   2.4700000e+02   2.1583861e-01
   2.4800000e+02   2.1246725e-01
   2.4900000e+02   2.0906943e-01
   2.5000000e+02   2.0564526e-01
   2.5100000e+02   2.0219488e-01
   2.5200000e+02   1.9871837e-01
   2.5300000e+02   1.9521588e-01
   2.5400000e+02   1.9168748e-01
   2.5500000e+02   1.8813331e-01
   2.5600000e+02   1.8455347e-01
   2.5700000e+02   1.8094809e-01
   2.5800000e+02   1.7731728e-01
   2.5900000e+02   1.7366113e-01
   2.6000000e+02   1.6997975e-01
   2.6100000e+02   1.6627327e-01
   2.6200000e+02   1.6254176e-01
   2.6300000e+02   1.5878536e-01
   2.6400000e+02   1.5500416e-01
   2.6500000e+02   1.5119828e-01
   2.6600000e+02   1.4736781e-01
   2.6700000e+02   1.4351289e-01
   2.6800000e+02   1.3963358e-01
   2.6900000e+02   1.3573000e-01
   2.7000000e+02   1.3180219e-01
   2.7100000e+02   1.3054009e-01
   2.7200000e+02   1.2927173e-01
   2.7300000e+02   1.2799717e-01
   2.7400000e+02   1.2671645e-01
   2.7500000e+02   1.2542962e-01
   2.7600000e+02   1.2413670e-01
   2.7700000e+02   1.2283777e-01
   2.7800000e+02   1.2153287e-01
   2.7900000e+02   1.2022205e-01
   2.8000000e+02   1.1890532e-01
   2.8100000e+02   1.1758275e-01
   2.8200000e+02   1.1625437e-01
   2.8300000e+02   1.1492022e-01
   2.8400000e+02   1.1358034e-01
   2.8500000e+02   1.1223476e-01
   2.8600000e+02   1.1088353e-01
   2.8700000e+02   1.0952668e-01
   2.8800000e+02   1.0816426e-01
   2.8900000e+02   1.0679629e-01
   2.9000000e+02   1.0542282e-01
   2.9100000e+02   1.0404389e-01
   2.9200000e+02   1.0265953e-01
   2.9300000e+02   1.0126978e-01
   2.9400000e+02   9.9874683e-02
   2.9500000e+02   9.8474257e-02
   2.9600000e+02   9.7068548e-02
   2.9700000e+02   9.5657602e-02
   2.9800000e+02   9.4241433e-02
   2.9900000e+02   9.2820086e-02
   3.0000000e+02   9.1393597e-02
   3.0100000e+02   9.0909883e-02
   3.0200000e+02   9.0423949e-02
   3.0300000e+02   8.9935824e-02
   3.0400000e+02   8.9445509e-02
   3.0500000e+02   8.8953033e-02
   3.0600000e+02   8.8458404e-02
   3.0700000e+02   8.7961636e-02
   3.0800000e+02   8.7462738e-02
   3.0900000e+02   8.6961739e-02
   3.1000000e+02   8.6458646e-02
   3.1100000e+02   8.5953481e-02
   3.1200000e+02   8.5446239e-02
   3.1300000e+02   8.4936954e-02
   3.1400000e+02   8.4425636e-02
   3.1500000e+02   8.3912298e-02
   3.1600000e+02   8.3396956e-02
   3.1700000e+02   8.2879610e-02
   3.1800000e+02   8.2360297e-02
   3.1900000e+02   8.1839010e-02
   3.2000000e+02   8.1315771e-02
   3.2100000e+02   8.0790594e-02
   3.2200000e+02   8.0263495e-02
   3.2300000e+02   7.9734482e-02
   3.2400000e+02   7.9203568e-02
   3.2500000e+02   7.8670770e-02
   3.2600000e+02   7.8136101e-02
   3.2700000e+02   7.7599570e-02
   3.2800000e+02   7.7061199e-02
   3.2900000e+02   7.6520987e-02
   3.3000000e+02   7.5978965e-02
   3.3100000e+02   7.6142862e-02
   3.3200000e+02   7.6306395e-02
   3.3300000e+02   7.6469570e-02
   3.3400000e+02   7.6632388e-02
   3.3500000e+02   7.6794848e-02
   3.3600000e+02   7.6956950e-02
   3.3700000e+02   7.7118702e-02
   3.3800000e+02   7.7280104e-02
   3.3900000e+02   7.7441148e-02
   3.4000000e+02   7.7601850e-02
   3.4100000e+02   7.7762201e-02
   3.4200000e+02   7.7922218e-02
   3.4300000e+02   7.8081883e-02
   3.4400000e+02   7.8241207e-02
   3.4500000e+02   7.8400195e-02
   3.4600000e+02   7.8558847e-02
   3.4700000e+02   7.8717157e-02
   3.4800000e+02   7.8875147e-02
   3.4900000e+02   7.9032794e-02
   3.5000000e+02   7.9190113e-02
   3.5100000e+02   7.9347111e-02
   3.5200000e+02   7.9503782e-02
   3.5300000e+02   7.9660125e-02
   3.5400000e+02   7.9816148e-02
   3.5500000e+02   7.9971842e-02
   3.5600000e+02   8.0127232e-02
   3.5700000e+02   8.0282293e-02
   3.5800000e+02   8.0437049e-02
   3.5900000e+02   8.0591492e-02
   7.1133672e-07   8.0745608e-02
   1.0000007e+00   8.1681781e-02
   2.0000007e+00   8.2618885e-02
   3.0000007e+00   8.3556913e-02
   4.0000010e+00   8.4495850e-02
   5.0000010e+00   8.5435696e-02
   6.0000010e+00   8.6376436e-02
   7.0000010e+00   8.7318078e-02
   8.0000010e+00   8.8260598e-02
   9.0000010e+00   8.9204013e-02
   1.0000001e+01   9.0148292e-02
   1.1000001e+01   9.1093436e-02
   1.2000001e+01   9.2039444e-02
   1.3000001e+01   9.2986301e-02
   1.4000001e+01   9.3934007e-02
   1.5000001e+01   9.4882555e-02
   1.6000000e+01   9.5831931e-02
   1.7000000e+01   9.6782140e-02
   1.8000000e+01   9.7733162e-02
   1.9000000e+01   9.8685011e-02
   2.0000000e+01   9.9637657e-02
   2.1000000e+01   1.0059111e-01
   2.2000000e+01   1.0154536e-01
   2.3000000e+01   1.0250040e-01
   2.4000000e+01   1.0345623e-01
   2.5000000e+01   1.0441283e-01
   2.6000000e+01   1.0537022e-01
   2.7000000e+01   1.0632836e-01
   2.8000000e+01   1.0728727e-01
   2.9000000e+01   1.0824693e-01
   3.0000000e+01   1.0920735e-01
   3.1000000e+01   1.1127459e-01
   3.2000000e+01   1.1334447e-01
   3.3000000e+01   1.1541696e-01
   3.4000000e+01   1.1749205e-01
   3.5000000e+01   1.1956972e-01
   3.6000000e+01   1.2164997e-01
   3.7000000e+01   1.2373275e-01
   3.8000000e+01   1.2581807e-01
   3.9000000e+01   1.2790594e-01
   4.0000000e+01   1.2999628e-01
   4.1000000e+01   1.3208914e-01
   4.2000000e+01   1.3418445e-01
   4.3000000e+01   1.3628224e-01
   4.4000000e+01   1.3838248e-01
   4.5000000e+01   1.4048514e-01
   4.6000000e+01   1.4259022e-01
   4.7000000e+01   1.4469771e-01
   4.8000000e+01   1.4680760e-01
   4.9000000e+01   1.4891985e-01
   5.0000000e+01   1.5103446e-01
   5.1000000e+01   1.5315141e-01
   5.2000000e+01   1.5527071e-01
   5.3000000e+01   1.5739234e-01
   5.4000000e+01   1.5951626e-01
   5.5000000e+01   1.6164249e-01
   5.6000000e+01   1.6377099e-01
   5.7000000e+01   1.6590175e-01
   5.8000000e+01   1.6803478e-01
   5.9000000e+01   1.7017005e-01
   6.0000000e+01   1.7230755e-01
   6.1000000e+01   1.7829925e-01
   6.2000000e+01   1.8431108e-01
   6.3000000e+01   1.9034299e-01
   6.4000000e+01   1.9639498e-01
   6.5000000e+01   2.0246698e-01
   6.6000000e+01   2.0855896e-01
   6.7000000e+01   2.1467091e-01
   6.8000000e+01   2.2080275e-01
   6.9000000e+01   2.2695448e-01
   7.0000000e+01   2.3312603e-01
   7.1000000e+01   2.3931740e-01
   7.2000000e+01   2.4552853e-01
   7.3000000e+01   2.5175938e-01
   7.4000000e+01   2.5801006e-01
   7.5000000e+01   2.6428053e-01
   7.6000000e+01   2.7057078e-01
   7.7000000e+01   2.7688074e-01
   7.8000000e+01   2.8321049e-01
   7.9000000e+01   2.8955999e-01
   8.0000000e+01   2.9592922e-01
   8.1000000e+01   3.0231816e-01
   8.2000000e+01   3.0872676e-01
   8.3000000e+01   3.1515509e-01
   8.4000000e+01   3.2160309e-01
   8.5000000e+01   3.2807073e-01
   8.6000000e+01   3.3455804e-01
   8.7000000e+01   3.4106499e-01
   8.8000000e+01   3.4759155e-01
   8.9000000e+01   3.5413772e-01
   9.0000000e+01   3.6070350e-01
   9.1000000e+01   3.6567375e-01
   9.2000000e+01   3.7061948e-01
   9.3000000e+01   3.7554082e-01
   9.4000000e+01   3.8043776e-01
   9.5000000e+01   3.8531041e-01
   9.6000000e+01   3.9015874e-01
   9.7000000e+01   3.9498284e-01
   9.8000000e+01   3.9978278e-01
   9.9000000e+01   4.0455857e-01
   1.0000000e+02   4.0931025e-01
   1.0100000e+02   4.1403791e-01
   1.0200000e+02   4.1874155e-01
   1.0300000e+02   4.2342123e-01
   1.0400000e+02   4.2807701e-01
   1.0500000e+02   4.3270889e-01
   1.0600000e+02   4.3731695e-01
   1.0700000e+02   4.4190124e-01
   1.0800000e+02   4.4646180e-01
   1.0900000e+02   4.5099866e-01
   1.1000000e+02   4.5551187e-01
   1.1100000e+02   4.6000144e-01
   1.1200000e+02   4.6446747e-01
   1.1300000e+02   4.6890998e-01
   1.1400000e+02   4.7332898e-01
   1.1500000e+02   4.7772455e-01
   1.1600000e+02   4.8209670e-01
   1.1700000e+02   4.8644552e-01
   1.1800000e+02   4.9077097e-01
   1.1900000e+02   4.9507317e-01
   1.2000000e+02   4.9935210e-01
   1.2100000e+02   4.9904236e-01
   1.2200000e+02   4.9873257e-01
   1.2300000e+02   4.9842259e-01
   1.2400000e+02   4.9811250e-01
   1.2500000e+02   4.9780235e-01
   1.2600000e+02   4.9749207e-01
   1.2700000e+02   4.9718165e-01
   1.2800000e+02   4.9687114e-01
   1.2900000e+02   4.9656051e-01
   1.3000000e+02   4.9624979e-01
   1.3100000e+02   4.9593896e-01
   1.3200000e+02   4.9562803e-01
   1.3300000e+02   4.9531698e-01
   1.3400000e+02   4.9500582e-01
   1.3500000e+02   4.9469456e-01
   1.3600000e+02   4.9438319e-01
   1.3700000e+02   4.9407172e-01
   1.3800000e+02   4.9376014e-01
   1.3900000e+02   4.9344847e-01
   1.4000000e+02   4.9313670e-01
   1.4100000e+02   4.9282485e-01
   1.4200000e+02   4.9251288e-01
   1.4300000e+02   4.9220085e-01
   1.4400000e+02   4.9188867e-01
   1.4500000e+02   4.9157640e-01
   1.4600000e+02   4.9126405e-01
   1.4700000e+02   4.9095163e-01
   1.4800000e+02   4.9063906e-01
   1.4900000e+02   4.9032643e-01
   1.5000000e+02   4.9001372e-01
   1.5100000e+02   4.8969710e-01
   1.5200000e+02   4.8938057e-01
   1.5300000e+02   4.8906413e-01
   1.5400000e+02   4.8874769e-01
   1.5500000e+02   4.8843130e-01
   1.5600000e+02   4.8811498e-01
   1.5700000e+02   4.8779872e-01
   1.5800000e+02   4.8748255e-01
   1.5900000e+02   4.8716640e-01
   1.6000000e+02   4.8685032e-01
   1.6100000e+02   4.8653427e-01
   1.6200000e+02   4.8621830e-01
   1.6300000e+02   4.8590237e-01
   1.6400000e+02   4.8558649e-01
   1.6500000e+02   4.8527071e-01
   1.6600000e+02   4.8495492e-01
   1.6700000e+02   4.8463923e-01
   1.6800000e+02   4.8432356e-01
   1.6900000e+02   4.8400795e-01
   1.7000000e+02   4.8369244e-01
   1.7100000e+02   4.8337695e-01
   1.7200000e+02   4.8306152e-01
   1.7300000e+02   4.8274609e-01
   1.7400000e+02   4.8243079e-01
   1.7500000e+02   4.8211551e-01
   1.7600000e+02   4.8180032e-01
   1.7700000e+02   4.8148513e-01
   1.7800000e+02   4.8117000e-01
   1.7900000e+02   4.8085493e-01
   1.8000000e+02   4.8053995e-01
   1.8100000e+02   4.8026001e-01
   1.8200000e+02   4.7998029e-01
   1.8300000e+02   4.7970074e-01
   1.8400000e+02   4.7942138e-01
   1.8500000e+02   4.7914219e-01
   1.8600000e+02   4.7886318e-01
   1.8700000e+02   4.7858435e-01
   1.8800000e+02   4.7830570e-01
   1.8900000e+02   4.7802722e-01
   1.9000000e+02   4.7774893e-01
   1.9100000e+02   4.7747082e-01
   1.9200000e+02   4.7719288e-01
   1.9300000e+02   4.7691512e-01
   1.9400000e+02   4.7663754e-01
   1.9500000e+02   4.7636014e-01
   1.9600000e+02   4.7608292e-01
   1.9700000e+02   4.7580585e-01
   1.9800000e+02   4.7552899e-01
   1.9900000e+02   4.7525227e-01
   2.0000000e+02   4.7497576e-01
   2.0100000e+02   4.7469941e-01
   2.0200000e+02   4.7442323e-01
   2.0300000e+02   4.7414720e-01
   2.0400000e+02   4.7387138e-01
   2.0500000e+02   4.7359571e-01
   2.0600000e+02   4.7332025e-01
   2.0700000e+02   4.7304493e-01
   2.0800000e+02   4.7276980e-01
   2.0900000e+02   4.7249478e-01
   2.1000000e+02   4.7222000e-01
   2.1100000e+02   4.6899554e-01
   2.1200000e+02   4.6579057e-01
   2.1300000e+02   4.6260521e-01
   2.1400000e+02   4.5943967e-01
   2.1500000e+02   4.5629403e-01
   2.1600000e+02   4.5316851e-01
   2.1700000e+02   4.5006317e-01
   2.1800000e+02   4.4697824e-01
   2.1900000e+02   4.4391388e-01
   2.2000000e+02   4.4087017e-01
   2.2100000e+02   4.3784732e-01
   2.2200000e+02   4.3484545e-01
   2.2300000e+02   4.3186471e-01
   2.2400000e+02   4.2890534e-01
   2.2500000e+02   4.2596740e-01
   2.2600000e+02   4.2305112e-01
   2.2700000e+02   4.2015663e-01
   2.2800000e+02   4.1728410e-01
   2.2900000e+02   4.1443366e-01
   2.3000000e+02   4.1160554e-01
   2.3100000e+02   4.0879986e-01
   2.3200000e+02   4.0601677e-01
   2.3300000e+02   4.0325648e-01
   2.3400000e+02   4.0051913e-01
   2.3500000e+02   3.9780495e-01
   2.3600000e+02   3.9511403e-01
   2.3700000e+02   3.9244655e-01
   2.3800000e+02   3.8980278e-01
   2.3900000e+02   3.8718280e-01
   2.4000000e+02   3.8458681e-01
   2.4100000e+02   3.7772638e-01
   2.4200000e+02   3.7084693e-01
   2.4300000e+02   3.6394832e-01
   2.4400000e+02   3.5703033e-01
   2.4500000e+02   3.5009283e-01
   2.4600000e+02   3.4313563e-01
   2.4700000e+02   3.3615854e-01
   2.4800000e+02   3.2916138e-01
   2.4900000e+02   3.2214400e-01
   2.5000000e+02   3.1510618e-01
   2.5100000e+02   3.0804774e-01
   2.5200000e+02   3.0096853e-01
   2.5300000e+02   2.9386836e-01
   2.5400000e+02   2.8674701e-01
   2.5500000e+02   2.7960435e-01
   2.5600000e+02   2.7244011e-01
   2.5700000e+02   2.6525417e-01
   2.5800000e+02   2.5804630e-01
   2.5900000e+02   2.5081632e-01
   2.6000000e+02   2.4356404e-01
   2.6100000e+02   2.3628934e-01
   2.6200000e+02   2.2899204e-01
   2.6300000e+02   2.2167192e-01
   2.6400000e+02   2.1432872e-01
   2.6500000e+02   2.0696220e-01
   2.6600000e+02   1.9957209e-01
   2.6700000e+02   1.9215818e-01
   2.6800000e+02   1.8472016e-01
   2.6900000e+02   1.7725784e-01
   2.7000000e+02   1.6977093e-01
   2.7100000e+02   1.6785644e-01
   2.7200000e+02   1.6594027e-01
   2.7300000e+02   1.6402242e-01
   2.7400000e+02   1.6210292e-01
   2.7500000e+02   1.6018173e-01
   2.7600000e+02   1.5825890e-01
   2.7700000e+02   1.5633440e-01
   2.7800000e+02   1.5440825e-01
   2.7900000e+02   1.5248045e-01
   2.8000000e+02   1.5055102e-01
   2.8100000e+02   1.4861995e-01
   2.8200000e+02   1.4668724e-01
   2.8300000e+02   1.4475292e-01
   2.8400000e+02   1.4281698e-01
   2.8500000e+02   1.4087941e-01
   2.8600000e+02   1.3894023e-01
   2.8700000e+02   1.3699946e-01
   2.8800000e+02   1.3505708e-01
   2.8900000e+02   1.3311310e-01
   2.9000000e+02   1.3116753e-01
   2.9100000e+02   1.2922037e-01
   2.9200000e+02   1.2727164e-01
   2.9300000e+02   1.2532131e-01
   2.9400000e+02   1.2336943e-01
   2.9500000e+02   1.2141597e-01
   2.9600000e+02   1.1946096e-01
   2.9700000e+02   1.1750438e-01
   2.9800000e+02   1.1554624e-01
   2.9900000e+02   1.1358656e-01
   3.0000000e+02   1.1162534e-01
   3.0100000e+02   1.1090595e-01
   3.0200000e+02   1.1018603e-01
   3.0300000e+02   1.0946558e-01
   3.0400000e+02   1.0874457e-01
   3.0500000e+02   1.0802304e-01
   3.0600000e+02   1.0730097e-01
   3.0700000e+02   1.0657837e-01
   3.0800000e+02   1.0585524e-01
   3.0900000e+02   1.0513159e-01
   3.1000000e+02   1.0440741e-01
   3.1100000e+02   1.0368270e-01
   3.1200000e+02   1.0295746e-01
   3.1300000e+02   1.0223171e-01
   3.1400000e+02   1.0150544e-01
   3.1500000e+02   1.0077864e-01
   3.1600000e+02   1.0005132e-01
   3.1700000e+02   9.9323504e-02
   3.1800000e+02   9.8595157e-02
   3.1900000e+02   9.7866304e-02
   3.2000000e+02   9.7136930e-02
   3.2100000e+02   9.6407056e-02
   3.2200000e+02   9.5676675e-02
   3.2300000e+02   9.4945773e-02
   3.2400000e+02   9.4214380e-02
   3.2500000e+02   9.3482479e-02
   3.2600000e+02   9.2750072e-02
   3.2700000e+02   9.2017166e-02
   3.2800000e+02   9.1283754e-02
   3.2900000e+02   9.0549856e-02
   3.3000000e+02   8.9815453e-02
   3.3100000e+02   8.9927107e-02
   3.3200000e+02   9.0038732e-02
   3.3300000e+02   9.0150304e-02
   3.3400000e+02   9.0261839e-02
   3.3500000e+02   9.0373315e-02
   3.3600000e+02   9.0484768e-02
   3.3700000e+02   9.0596169e-02
   3.3800000e+02   9.0707518e-02
   3.3900000e+02   9.0818837e-02
   3.4000000e+02   9.0930112e-02
   3.4100000e+02   9.1041341e-02
   3.4200000e+02   9.1152534e-02
   3.4300000e+02   9.1263674e-02
   3.4400000e+02   9.1374785e-02
   3.4500000e+02   9.1485851e-02
   3.4600000e+02   9.1596872e-02
   3.4700000e+02   9.1707848e-02
   3.4800000e+02   9.1818787e-02
   3.4900000e+02   9.1929689e-02
   3.5000000e+02   9.2040546e-02
   3.5100000e+02   9.2151366e-02
   3.5200000e+02   9.2262141e-02
   3.5300000e+02   9.2372872e-02
   3.5400000e+02   9.2483573e-02
   3.5500000e+02   9.2594229e-02
   3.5600000e+02   9.2704847e-02
   3.5700000e+02   9.2815422e-02
   3.5800000e+02   9.2925958e-02
   3.5900000e+02   9.3036458e-02
   1.4226848e-06   9.3146913e-02
